"PCTChangeLT-1,_LTGT1.5_,,,weekBarLowChangeLT0,brokenToday,$$MayBuy-CheckChart(monthLow-minimumLast4DayDown),##(Check-chart-buy):month3High-InMinus,ReversalHighMonth3,",0.46715028156969624,1,1,0
"PCTDayChangeLT0,PCDayChange-0.5to0.5,_LTGT3.0_,,,buyMorningStar-HighLowerTail-(checkChart),",-0.026928508167718905,9,3,6
"PCDCGT0PCTChangeLT-3,,,,##MA-SMA200GT0SMA100LT0,",3.814301089705703,2,2,0
"PCTChangeGT3,_LTGT1.5_,,,%%HLTF:(GLOBAL-DOWN)sellHighLowerTail-Reversal-LastDayMarketUp,zigZagVolCrossedFromDown,",-0.18524453539072572,2,1,1
"PCTChangeGT2,_HTGT1.5__LTGT1.5__HTGTPCTDayChange_,,,##MAPositive_Uptrend(GT2),##MA-SMA200LT0SMA100GT0,",-2.2847441456202,1,0,1
"PCTChangeLT-2,,,,volBuyReversalLast2DayDown-VolDown,##(Check-chart-buy):YearHigh-InMinus,ReversalHighYear,",-0.8181832053444607,1,0,1
"PCTChangeGT2,,,,volumeUpsergedLast2n3n4DayDown,chisCheckConsolidationBreakoutLT(4.5),##(Check-chart):year2High-InPlus,",1.0116323680180699,1,1,0
"PCTChangeLT-1,year2Low,,,,weekBarLowChangeLT0,",-0.9541946669272445,8,2,6
"PCTChangeGT1,_HTGT1.5__HTGTPCTDayChange_,,,%%:sellUpTrend-month3High,",1.6823999214712102,5,4,1
"PCTChangeGT8,_HTGT3.0__LTGT3.0_,,,$$MayBuyContinue-CheckChart(inUpTrend-monthHigh)-lowTail,##lastDayHighGT5TodayGT1,",1.9262282574763052,1,1,0
"PCTChangeLT-1,_LTGT3.0_,,,%%HLTF:(GLOBAL-DOWN)sellHighLowerTail-Reversal-LastDayMarketUp,volSellContinueLast2DayDown-VolUp,chisDownTrend-Risky-nearHigh,",-6.639926159426611,1,0,1
"PCTChangeLT-3,,,,volumeUpsergedLast2n3n4DayUp,chisDownTrend-Risky-nearHigh,##(Check-chart-buy):month3High-InMinus,NearHighMonth3,",-0.4080700748181225,1,0,1
"PCTDayChangeLT0,PCDayChange-0.5to0.5,_LTGT1.5_,,,%%:checkSell:CupDownDoji-lastDayLT(-2)TodayDoji,%%HLTF:(GLOBAL-UP)buyHighLowerTail-LastDayMarketUp,",0.4660377300033728,2,1,1
"PCTChangeGT3,,,,volumeUpsergedLast2n3n4DayDown,volBuyContinueLast2DayUp-VolUp,chisCheckConsolidationBreakoutLT(4.5),weekBarHighChangeGT2,",1.2784149200136836,1,1,0
"PCTChangeGT1,_HTGT1.5__HTGTPCTDayChange_,,,(Test)(check-chart-2-3MidCapCross)MaySellCheckChart-Risky,sellPattern-LT-1.5-SMALT0,(SMA9LT0),",-1.0580675472555032,1,0,1
"PCTChangeLT-3,,,,volBuyVolumeUpsergedLast2n3DayUp,(GLOBALFUTDOWN-DOWNTRENDMARKET)checkSellConsolidationBreakDown-week2-lowNotReachedWeek3,week2BarLowChangeLT0,weekLowLTweek2Low,chisDownTrend-Risky-nearHigh,##(Check-chart-buy):month3High-InMinus,ReversalHighMonth3,",0.26309676313510333,1,1,0
"PCTChangeLT-1,year2Low,_LTGT1.5_,,,shortDownTrendBuyReversal-Month3Low-Doji-Last2DayLTToday,$$MayBuy-CheckChart(downTrend-mayReverseLast4DaysDown)-Risky,",-1.9318021438092903,1,0,1
"PCTChangeGT2,year2High,_HTGT1.5_,,,%%HLTF-Last2HighTail:(UPTREND)buy(DOWNTREND)sell:HighUpperTailPre-last2DayUp,",-0.08148816125827951,12,7,5
"PCTChangeGT3,_LTGT3.0_,,,%%HLTF:(SGXNIFTYUP)buyHighLowerTail-Continue,##lastDayHighGT5TodayGT1,",1.3543008086299257,1,1,0
"PCTChangeLT-1,,,,checkCupDown-inDownTrend-month3HighLTmonth3Low,bar_low,chisSellUpTrend-Risky-2,",-1.9981659661029434,1,0,1
"PCTChangeGT8,_HTGT1.5_,,,volBuyContinueLast2DayUp-VolUp,##(Check-chart):year2High-InPlus,",-4.111987854911462,1,0,1
"PCTChangeGT3,_HTGT1.5_,,,volumeUpsergedLast2n3n4DayDown,weekBarHighChangeGT2,brokenToday,",-1.7328567360161433,5,2,3
"PCTChangeLT-3,,,,chisSellFinalCandidate-(lastDayUp),##sellTenDaysMoreThanTen,##ML:BuyRisingMA-Risky-1,",-0.47324081205984503,1,0,1
"PCTChangeLT-0.5,year2High,_LTGT1.5_,,,%%HLTF:(SGXNIFTYUP)buyHighLowerTail-Continue,",-3.351443636230156,1,0,1
"PCTChangeLT-2,,,,chisSellFinalCandidate-4,chisBuyFinalContinue-2,",-3.468312008280146,1,0,1
"PCTChangeLT-3,_LTGT3.0_,,,chisSellDownTrend-nearHigh,##(Check-chart-buy):YearHigh-InMinus,NearHighYear,",-2.5103747102729423,1,0,1
"PCTChangeLT-3,,,,(GLOBALFUTDOWN-DOWNTRENDMARKET)checkSellConsolidationBreakDown-week2-lowNotReachedWeek3,week2BarLowChangeLT0,chisDownTrend-Risky-nearHigh,##DOWNTREND:sellYear2HighReversal(InDownTrend),##(Check-chart-buy):month3High-InMinus,ReversalHighMonth3,",-1.2131544461452073,2,1,1
"PCTChangeGT3,_HTGT1.5__HTGTPCTDayChange_,,,(Test)MaySell-CheckChart(downTrend-lastDayUp),",2.4793052860784157,1,1,0
"PCTChangeGT3,_LTGT3.0_,,,##MANegative_Downtrend_(GT2),##MA-SMA200LT0SMA100LT0,",0.8464841318570739,1,1,0
"PCTChangeGT3,_HTGT1.5_,,,chisCheckConsolidationBreakoutLT(4.5),weekBarHighChangeGT2,brokenToday,",0.364052683228004,2,2,0
"PCTChangeGT3,,,,##MANegative_Downtrend_(GT4.5),##MA-SMA200LT0SMA100LT0,",2.654541015625,1,1,0
"PCTChangeGT1,_HTGT1.5__LTGT1.5__HTGTPCTDayChange__LTGTPCTDayChange_,,,%%:checkSell:CupDownDoji,",-0.2710089015801943,1,0,1
"PCTChangeGT0.5,_HTGT1.5_,,,%%:sellDowntrend-lastDayUp-ReversalHighTail,",-1.1318761438708678,14,1,13
"PCTDayChangeLT0,_LTGT1.5_,,,(GLOBALFUTDOWN-DOWNTRENDMARKET)checkSellConsolidationBreakDown-week2-lowNotReachedWeek3,week2BarLowChangeLT0,(Test)MayBuyCheckChart-last3DayDown,",3.149119594640884,1,1,0
"PCTChangeLT-3,_HTGT1.5__LTGT1.5_,,,##MANegative_Downtrend_(LT-2),##MA-SMA200GT0SMA100LT0,##DOWNTREND:sellMonth3LowBreak,##last2DayLow(LT-3)-M3LLT0,",0.06103116527351944,1,1,0
"PCTChangeGT2,year2Low,,,,chisBuyDownTrend-Risky-2,",-4.17721905285799,1,0,1
"PCTChangeGT3,year2Low,,,,chisSellYear2LowLT-40-last4DayDown(triggerAfter-9:15),##buyTenDaysLessThanMinusTen,",-1.2047726161831216,4,1,3
"PCTChangeGT2,,,,volSellReversalLast2DayUp-VolDown,chisCheckConsolidationBreakoutLT(4.5),",0.20048648215076847,1,1,0
"PCTChangeLT-5,_HTGT3.0__LTGT1.5_,,,##MANegative_Downtrend_(LT-4.5),##MA-SMA200LT0SMA100LT0,##DOWNTREND:sellMonth6LowBreak,##last2DayLow(LT-3)-M3LLT0,",-8.415760638228202,1,0,1
"PCTChangeGT1,PCDayChange-0.5to0.5,_HTGT1.5__LTGT3.0_,,,buyYearHigh-0,",-1.3473621845019235,1,0,1
"PCTChangeLT-1,,,,%%:checkSell:Super01-monthLow,##(Test):buyRisingMA-uptrend-SMA25gt0,",0.3519867463930514,1,1,0
"PCTChangeGT3,,,,volSellRevarsalVolCrossed,##last3DayHighGT3-M3HLT0,",0.2777806034794524,1,1,0
"PCTChangeLT-2,,,,checkCupDown-inDownTrend-month3HighLTmonth3Low,bar_low,chisSellDownTrend-nearHigh,zigZagVolCrossedFromUp,",-3.29999796549479,1,0,1
"PCTChangeLT-2,year2High,,,,volBuyReversalLast2DayDown-VolDown,",0.45394796644168695,25,12,13
"PCTChangeLT-3,,,,volBuyReversalLast2DayDown-VolDown,##ML:sellRisingMA-down-(Risky),",1.5315993665258612,2,1,1
"PCTChangeGT1,PCDayChange-0.5to0.5,_LTGT1.5_,,,%%:checkSell:Super2,-+,buyMorningStar-(checkChart),",-1.2206572769953004,1,0,1
"PCTChangeLT-1,year2Low,_HTGT1.5__LTGT1.5__HTGTPCTDayChange__LTGTPCTDayChange_,,,%%:buyDownTrend-month3Low,",-0.6360588686561934,1,0,1
"PCTChangeLT-3,_LTGT1.5_,,,##MANegative_Downtrend_(LT-4.5),##MA-SMA200LT0SMA100LT0,##DOWNTREND:sellMonth6LowBreak,##last2DayLow(LT-3)-M3LLT0,",0.46686804326406667,1,1,0
"PCTChangeLT-1,_HTGT3.0__HTGTPCTDayChange_,,,%%HLTF-Last2HighTail:(DOWNTREND)sell(UPTREND)buy:HighUpperTailPre,",0.5558877945933063,1,1,0
"PCTChangeLT-2,_HTGT3.0__HTGTPCTDayChange_,,,%%HLTF-Risky9:30:maySellTail-tailGT2-7,10thDayGT15,",7.155026760393408,1,1,0
"PCDCGT0PCTChangeLT-5,PCDayChange-0.5to0.5,_HTGT1.5__LTGT3.0_,,,##MA-SMA200GT0SMA100LT0,",-7.830874964947086,1,0,1
"PCTChangeLT-1,_HTGT1.5_,,,chisSellFlag2Week-Risky,",-4.1904776436941935,1,0,1
"PCTChangeLT-3,,,,chisSellDownTrend-nearHigh,##DOWNTREND:sellYearHighReversal(InDownTrend),##(Check-chart-buy):month3High-InMinus,ReversalHighMonth3,",-0.39280268642594107,1,0,1
"PCTChangeGT5,_HTGT3.0_,,,chisCheckConsolidationBreakout2WeekGT(4.5),##MAPositive_Uptrend(GT4.5),##MA-SMA200GT0SMA100GT0,",-1.377264505112168,1,0,1
"PCTChangeLT-3,_HTGT1.5__HTGTPCTDayChange_,,,chisBuyMay5DayFloorReversal,##MANegative_Downtrend_(LT-1),##MA-SMA200LT0SMA100LT0,",-3.648648648648653,1,0,1
"PCTChangeGT0,,,,chisUpTrend-Risky-nearLow,buyYearHigh-0,",-2.9564767150735425,1,0,1
"PCTChangeGT3,,,,checkBuyConsolidationBreakout-allPreLT0,checkBuyConsolidationBreakUp-2week,week2BarHighChangeGT2,brokenToday,",0.7427713575472389,1,1,0
"PCTChangeGT0.5,PCDayChange-0.5to0.5,_HTGT3.0__LTGT1.5_,,,shortUpTrendSellReversal-MonthHigh-Doji-Last2DayGTToday,",0.8942051070624438,1,1,0
"PCDCLT0PCTChangeGT1,PCDayChange-0.5to0.5,_HTGT1.5__LTGT1.5_,,,chisSellSuper-Risky,--,",0.1597946142504248,1,1,0
"PCTChangeLT-5,,,,week2BarLowChangeLT0,weekLowLTweek2Low,##(Test)(Check-chart-sell):year2Low-InMinus,##last2DayLow(LT-3)-M3LGT0,",-0.18130334005837148,1,0,1
"PCTChangeGT3,,,,##(Check-chart-sell):month3Low-InPlus,ReversalLowMonth3,chisBuyUpTrend-nearLow,chisBuyFinalContinueReversal-1,buyFinal1,##UPTREND:buyMonth3LowReversal(Confirm),##last2DayHighGT3-M3HLT0,",0.7248162785518459,1,1,0
"PCTChangeGT1,_HTGT3.0__LTGT1.5__HTGTPCTDayChange__LTGTPCTDayChange_,,,%%:checkSell:Super2,",1.4572951858107985,1,1,0
"PCTChangeLT-1,_HTGT1.5_,,,%%:sellDowntrend-lastDayDown-ReversalHighTail,",1.082037840108006,1,1,0
"PCTChangeGT2,,,,chisCheckConsolidationBreakoutLT(4.5),weekBarHighChangeGT0,",-0.06261280939610486,9,5,4
"PCTChangeLT-3,,,,checkCupDown-2dayDown-mayReversalBuy,VOL:sell(GLOBALFUTUP-GLOBALMARKETUP)Buy-UpVol-3dayDown-Week2High,##DOWNTREND:sellMonth6HighReversal(InDownTrend),##last2DayLow(LT-3)-M3LGT0,##(Check-chart-buy):month3High-InMinus,ReversalHighMonth3,",5.815075865828583,1,1,0
"PCTChangeLT-3,,,,(GLOBALFUTDOWN-DOWNTRENDMARKET)checkSellConsolidationBreakDown-week2-lowNotReachedWeek3,week2BarLowChangeLT0,##ML:BuyRisingMA-Risky-0,",-1.0422170581753956,1,0,1
"PCTChangeLT-0.5,_HTGT1.5_,,,chisSellDownTrend-nearHigh,",-0.7220978204442801,7,2,5
"PCTChangeLT-3,_HTGT3.0_,,,##MANegative_Downtrend_(LT-2),##MA-SMA200LT0SMA100LT0,##DOWNTREND:sellMonth3HighReversal(InDownTrend),##(Check-chart-buy):month3High-InMinus,ReversalHighMonth3,",-1.384300042775036,1,0,1
"PCTChangeLT-2,_LTGT3.0_,,,volBuyVolumeUpsergedLast2n3DayUp,",-1.183425207723256,1,0,1
"PCTChangeLT-2,_HTGT1.5__LTGT3.0__HTGTPCTDayChange__LTGTPCTDayChange_,,,checkCupDown-2dayDown-mayReversalBuy,%%HLTF:(GLOBAL-UP)buyHighLowerTail-LastDayMarketUp,chisSellDownTrend-nearHigh,##DOWNTREND:sellYearHigh(InDownTrend),##(Check-chart-buy):YearHigh-InMinus,NearHighYear,",0.35555691189235156,1,1,0
"PCTChangeGT3,_HTGT1.5__LTGT1.5__HTGTPCTDayChange__LTGTPCTDayChange_,,,##MAPositive_Uptrend(GT1),##MA-SMA200LT0SMA100LT0,##lastDayHighGT5TodayGT1,",-2.4899586137518823,1,0,1
"PCTChangeLT-3,,,,chisSellConsolidationBreakDown-forecastDayPCT7LT0,chisSellDownTrend-nearHigh,##(Check-chart-buy):month3High-InMinus,NearHighMonth3,",0.6281139292673777,1,1,0
"PCTChangeGT2,year2High,_LTGT1.5_,,,zigZagVolCrossedFromDown,",-0.9519631165924707,1,0,1
"PCTChangeGT1,_HTGT3.0__HTGTPCTDayChange_,,,%%HLTF:(DOWNTREND-OR-GLOBALDOWN)maySellTail-tailGT2-2,3,4thDayGT0,chisUpTrend-Risky-nearLow,",3.1646444917929304,1,1,0
"PCTChangeGT1,PCDayChange-0.5to0.5,,,,shortUpTrendSellReversal-Month3High-Doji-Last2DayGTToday,",0.14493523865949293,2,1,1
"PCTChangeLT-2,,,,weekBarLowChangeLT-2,chisDownTrend-Risky-nearHigh,##(Check-chart-buy):month3High-InMinus,ReversalHighMonth3,",0.8779493106901587,5,3,2
"PCTChangeGT0,PCDayChange-0.5to0.5,_HTGT1.5_,,,chisSellFlag2Week-doji-Risky,shortUpTrendBuyContinue-Doji-Last2DayGTToday,",-3.421847000438183,1,0,1
"PCTChangeLT-1,_HTGT1.5_,,,volBuyReversalLast2DayDown-VolDown,",1.0748072759577953,3,2,1
"PCTChangeGT2,,,,$$(UPTREND-OR-GLOBALUP)MayBuy-CheckChart-baseLine(inuptrend-monthlow)-MHCLT(-10),##buyTenDaysLessThanMinusTen,",2.0318093467857476,1,1,0
"PCTChangeGT1,_HTGT1.5_,,,%%HLTF-Last2HighTail:(UPTREND)buy(DOWNTREND)sell:HighUpperTailPre-last2DayUp,%%HLTF:(GLOBAL-SGX-DOWN)maySellTail-2,3,4thDayGT0,shortUpTrendSellReversal-MonthHigh,",1.9677439043598834,1,1,0
"PCDCGT0PCTChangeLT-1,PCDayChange-0.5to0.5,_LTGT1.5_,,,chisBuyYearHigh-3,",0.6290955119330471,6,4,2
"PCDCGT0PCTDayChangeLT0,PCDayChange-0.5to0.5,_HTGT1.5__LTGT1.5_,,,%%HLTF-Last2LowTail:(DOWNTREND)sellHighLowerTailPre-1,",0.9759672298422252,14,9,5
"PCTChangeGT0.5,_HTGT1.5__HTGTPCTDayChange_,,,(Test)(check-chart-2-3MidCapCross)MaySellCheckChart-Risky,(Test)MaySell-CheckChart(downTrend-lastDayUp),",1.9069643079592766,2,2,0
"PCTChangeLT-5,_HTGT3.0_,,,##MANegative_Downtrend_(LT-4.5),##MA-SMA200LT0SMA100LT0,",-5.11989530715615,2,0,2
"PCTChangeLT-3,year2Low,_LTGT1.5_,,,chisBuyDayLowVolLow-03-checkMorningTrend(.5SL)-after10:30,",-2.8241075966848017,1,0,1
"PCTChangeGT3,,,,chisUpTrend-Risky-nearLow,chisFinalBreakOutBuy-1test-atYearLow,BuyYearLow,",-0.43923568730755475,1,0,1
"PCTChangeLT-2,,,,volSellContinueLast2DayDown-VolUp,##(Check-chart-buy):month6High-InMinus,NearHighMonth6,",-1.9586895438382614,1,0,1
"PCTChangeGT5,_HTGT3.0__HTGTPCTDayChange_,,,volSellReversalLast2DayUp-VolDown,##MAPositive_Uptrend(GT4.5),##MA-SMA200GT0SMA100GT0,",1.3037959231606042,1,1,0
"PCTChangeEQ0,PCDayChange-0.5to0.5,,,,MayBuyCheckChart-(|`|_|),",-0.35971248275265305,1,0,1
"PCTChangeGT3,,,,weekBarHighChangeGT0,brokenToday,##last2DayHighGT3-M3HLT0,",-0.9090840856375526,4,2,2
"PCTChangeGT3,,,,volumeUpsergedLast2n3n4DayDown,checkBuyConsolidationBreakUp-month3HighLTMonth3Low,",0.2096311619813654,1,1,0
"PCTChangeLT-0.5,PCDayChange-0.5to0.5,_LTGT1.5_,,,##MAPositive_Uptrend(LT0),##MA-SMA200LT0SMA100LT0,",-5.795716835886061,2,0,2
"PCTChangeGT3,year2High,,,,chisCheckConsolidationBreakoutLT(4.5),chisBuyConsolidationBreakUp-2week-(Risky)-year2High,week2BarHighChangeGT0,brokenToday,",-0.7906656901041751,1,0,1
"PCTChangeLT-1,_HTGT1.5_,,,%%HLTF:(UPTREND-MorningTrend-UP)mayBuyTail-highTailGT2-7,10thDayGT10-Last2DayStockDown,volSellContinueLast2DayDown-VolUp,",1.3785014944993688,1,1,0
"PCTChangeLT-3,,,,VOL:buy-DownVol-3dayDown-Week2High,##DOWNTREND:sellYear2HighReversal(InDownTrend),##(Check-chart-buy):month3High-InMinus,ReversalHighMonth3,",-4.90178789411272,1,0,1
"PCTChangeGT0,,,,MaySellCheckChart-(|_|`|),",-0.14332771887683576,37,14,23
"PCTChangeGT5,_HTGT1.5_,,,volumeUpsergedLast2n3n4DayDown,",2.281998680867482,6,4,2
"PCTChangeLT-3,,,,%%HLTF-Last2DayMarketDown:(GLOBAL-UP)buyHighUpperTailPre1-Reversal-LastDayMarketDown,",0.211777562381494,17,7,10
"PCTChangeGT3,,,,chisBuyUpTrend-nearLow,VOL:sell-DownVol-3dayUp-Week2Low,maySellFromBuyPattern-LT-1.8,##UPTREND:buyYear2Low,",-2.2835409711921857,1,0,1
"PCTChangeLT-1,_HTGT1.5__HTGTPCTDayChange_,,,chisDownTrend-Risky-nearHigh,##(Check-chart-buy):month6High-InMinus,ReversalHighMonth6,",-0.5585541596283786,1,0,1
"PCTChangeLT-0.5,PCDayChange-0.5to0.5,year2High,_HTGT1.5_,,,%%HLTF-Last2HighTail:(DOWNTREND)sellHighUpperTailPre,",-0.9049517540285918,4,2,2
"PCTChangeLT-3,,,,checkCupDown-3dayDown-mayReversalBuy,VOL:buy-DownVol-3dayDown-Week2High,##DOWNTREND:sellYearHigh(InDownTrend),##last2DayLow(LT-3)-M3LGT0,##(Check-chart-buy):YearHigh-InMinus,NearHighYear,",-2.2316024608800253,1,0,1
"PCDCGT0PCTDayChangeLT0,PCDayChange-0.5to0.5,,,,%%:checkSell:Super2,-+,",-0.7274816402599742,9,3,6
"PCTChangeLT-2,,,,volSellVolumeUpsergedLast2n3DayUp,##(Check-chart-buy):month3High-InMinus,NearHighMonth3,",-0.8044157175110932,4,1,3
"PCTChangeGT5,_HTGT1.5__LTGT1.5_,,,%%HLTF-Last2HighTail:(UPTREND)buy(DOWNTREND)sell:HighUpperTailPre-last2DayUp,",-1.8810818205986815,2,1,1
"PCTChangeGT12,year2High,_HTGT1.5__LTGT1.5_,,,volSellReversalLast2DayUp-VolDown,",-2.1043187422717957,1,0,1
"PCTChangeLT-1,_HTGT1.5__HTGTPCTDayChange_,,,##(Check-chart-buy):YearHigh-InMinus,ReversalHighYear,",-2.485689226214983,1,0,1
"PCTChangeGT3,_LTGT1.5_,,,##(Check-chart-sell):month3Low-InPlus,ReversalLowMonth3,chisCheckConsolidationBreakoutLT(4.5),##UPTREND:buyYearLowReversal(Confirm),",0.7968106903112455,1,1,0
"PCTChangeLT-2,_HTGT1.5__HTGTPCTDayChange_,,,%%HLTF-Last2HighTail:(DOWNTREND)sellHighUpperTailPre,",-0.9317072517995103,11,4,7
"PCTChangeGT2,year2High,,,,chisCheckConsolidationBreakoutLT(4.5),chisBuyConsolidationBreakUp-2week-(Risky)-year2High,week2BarHighChangeGT2,weekHighGTweek2High,",1.2673890836604853,2,1,1
"PCTChangeLT-1,year2Low,_LTGT3.0_,,,volBuyReversalLast2DayDown-VolDown,",-0.22102759997092666,1,0,1
"PCTChangeGT12,PCDayChange-0.5to0.5,_HTGT1.5_,,,%%HLTF-Last2HighTail:(UPTREND)buy(DOWNTREND)sell:HighUpperTailPre-last2DayUp,%%HLTF:maySellTail-tailGT2-7,10thDayGT20,",-2.6629963968114283,1,0,1
"PCTDayChangeLT0,PCDayChange-0.5to0.5,_HTGT1.5__LTGT1.5_,,,%%HLTF-LastDayUp:(DOWNTREND-OR-GLOBALDOWN)MaySellHighTail-LastDayMarketUp,chisBuyYearHigh-1,",0.9510434184848024,1,1,0
"PCTChangeGT1,,,,%%HLTF:(GLOBAL-SGX-DOWN)maySellTail-2,3,4thDayGT0,chisUpTrend-Risky-nearLow,",-0.8346992640621549,6,1,5
"PCDCLT0PCTChangeGT0,PCDayChange-0.5to0.5,_HTGT1.5_,,,%%HLTF-LastDayUp:(DOWNTREND-OR-GLOBALDOWN)MaySellHighTail-LastDayMarketUp,",-0.2285889393072427,304,128,175
"PCTChangeGT3,_HTGT3.0__LTGT1.5__HTGTPCTDayChange__LTGTPCTDayChange_,,,%%HLTF-Last2HighTail:(UPTREND)buy(DOWNTREND)sell:HighUpperTailPre-last2DayUp,week2BarHighChangeGT2,weekHighGTweek2High,brokenToday,",-5.906436317845404,1,0,1
"PCTChangeGT3,_HTGT1.5__LTGT1.5_,,,%%HLTF-Last2HighTail:(UPTREND)buy(DOWNTREND)sell:HighUpperTailPre-last2DayUp,",-0.2244591892357665,6,2,4
"PCTChangeLT-0.5,PCDayChange-0.5to0.5,_HTGT3.0__LTGT1.5_,,,buyYearHigh-0,",0.7674322923240354,2,1,1
"PCTChangeGT3,,,,volBuyVolumeUpsergedLast2n3DayDown,(GLOBALFUTUP-UPTRENDMARKET)checkBuyConsolidationBreakUp-week2-highNotReachedWeek3,week2BarHighChangeGT0,weekHighGTweek2High,brokenToday,##RisingMA(Test)(check-chart-buy)-2DayUp,",1.7233024523096194,1,1,0
"PCTChangeLT-3,,,,(GLOBALFUTDOWN-DOWNTRENDMARKET)checkSellConsolidationBreakDown-week2-lowNotReachedWeek3,week2BarLowChangeLT-2,chisDownTrend-Risky-nearHigh,##last2DayLow(LT-3)-M3LGT0,##(check-chart)maySell-EMA6-MT-May-LT-EMA14,",-2.360562174808369,1,0,1
"PCTChangeLT-2,year2Low,_LTGT3.0_,,,chisBuyYear2Low,BreakLowYear2,",-3.5980168496033347,1,0,1
"PCTChangeGT3,,,,##(Check-chart-sell):month3Low-InPlus,BreakLowMonth3,volumeUpsergedLast2n3n4DayDown,volBuyContinueLast2DayUp-VolUp,",-0.3898636568222553,2,1,1
"PCTChangeLT-2,_LTGT1.5_,,,(GLOBALFUTDOWN-DOWNTRENDMARKET)checkSellConsolidationBreakDown-week2-lowNotReachedWeek3,week2BarLowChangeLT0,chisDownTrend-Risky-nearHigh,",-1.263737940526276,1,0,1
"PCTChangeGT1,_HTGT1.5__HTGTPCTDayChange_,,,chisUpTrend-Risky-nearLow,##(Test)buyBottomReversal-1,##UPTREND:buyYearLowReversal(Confirm),",-1.8279109837193455,1,0,1
"PCTChangeLT-3,_HTGT1.5__LTGT3.0__LTGTPCTDayChange_,,,##MANegative_Downtrend_(LT-2),##MA-SMA200LT0SMA100LT0,##DOWNTREND:sellMonth3LowBreak,",1.1609990116923081,1,1,0
"PCTChangeLT-3,_HTGT1.5_,,,chisRSISellCandidate(yearLow)-lessThanMinus5,##MANegative_Downtrend_(LT-4.5),##MA-SMA200LT0SMA100LT0,##DOWNTREND:sellYearLowBreak,##last2DayLow(LT-3)-M3LLT0,chisBuyDayLowVolLow-01,",1.0932456258792265,1,1,0
"PCTChangeLT-1,year2High,,,,volSellContinueLast2DayDown-VolUp,",0.13150342824852843,22,11,11
"PCTChangeGT3,year2High,_HTGT3.0__HTGTPCTDayChange_,,,##last2DayHighGT3-M3HGT0,",-1.1069491730101126,4,1,3
"PCTChangeGT3,,,,volSellVolumeUpsergedLast2n3DayDown,weekBarHighChangeGT2,##last2DayHighGT3-M3HGT0,",-1.0977152416026588,1,0,1
"PCTChangeLT-2,,,,weekBarLowChangeLT-2,brokenToday,##DOWNTREND:sellYear2HighReversal(InDownTrend),",-1.1072155620053667,4,3,1
"PCTChangeGT3,_LTGT1.5_,,,##(Check-chart):year2High-InPlus,",1.5314887465387728,3,2,1
"PCTChangeGT1,year2High,_HTGT1.5__HTGTPCTDayChange_,,,(Test)(check-chart-2-3MidCapCross)MaySellCheckChart-Risky,",-0.40441162208665654,11,2,9
"PCTChangeLT-8,_HTGT1.5__LTGT1.5_,,,##MANegative_Downtrend_(LT-2),##MA-SMA200LT0SMA100LT0,zigZagVolCrossedFromUp,",11.52120005162874,1,1,0
"PCTChangeLT-2,,,,volBuyReversalLast2DayDown-VolDown,(GLOBALFUTDOWN-DOWNTRENDMARKET)checkSellConsolidationBreakDown-week2-lowNotReachedWeek3,week2BarLowChangeLT0,weekLowLTweek2Low,",-0.7126124238874716,2,0,2
"PCTChangeLT-2,,,,%%:checkSell:Super01-monthLow,checkCupDown-inDownTrend,bar_low,",-1.6393442622950782,1,0,1
"PCDCGT0PCTChangeLT-1,_HTGT1.5__HTGTPCTDayChange_,,,buyYearHigh-0,",0.667662365369945,2,1,1
"PCTChangeLT-3,,,,volSellVolumeUpsergedLast2n3DayUp,(GLOBALFUTDOWN-DOWNTRENDMARKET)checkSellConsolidationBreakDown-week2-lowNotReachedWeek3,week2BarLowChangeLT-2,weekLowLTweek2Low,chisDownTrend-Risky-nearHigh,",2.5248438875472305,1,1,0
"PCTChangeGT3,_HTGT3.0__HTGTPCTDayChange_,,,weekBarHighChangeGT2,",-2.2529081036015923,3,0,3
"PCTChangeGT3,,,,chisUpTrend-Risky-nearLow,chis-breakoutup-2week,chisBuy-2week-breakoutup,##RisingMA(Test)(check-chart-buy)-2DayUp,##ML:sellRisingMAuptrend-1,##UPTREND:buyYear2LowReversal(Confirm),",-1.550387596899225,1,0,1
"PCDCLT0PCTChangeGT0,PCDayChange-0.5to0.5,_HTGT3.0_,,,buyYearHigh-0,",0.8280000984653749,7,4,3
"PCTChangeGT5,,,,(GLOBALFUTUP-UPTRENDMARKET)checkBuyConsolidationBreakUp-week2-highNotReachedWeek3,week2BarHighChangeGT0,##MAPositive_Uptrend(GT4.5),##MA-SMA200LT0SMA100GT0,",-4.422718745358163,1,0,1
"PCTChangeLT-2,_HTGT3.0__HTGTPCTDayChange_,,,weekBarLowChangeLT-2,(SMA9LT0),##MANegative_Downtrend_(LT-1),##MA-SMA200GT0SMA100LT0,",2.483443645870296,1,1,0
"PCTChangeLT-0.5,,,,##MAPositive_Uptrend(LT-1),##MA-SMA200GT0SMA100GT0,",-0.19632615305626774,8,4,4
"PCTChangeGT5,_HTGT3.0_,,,volumeUpsergedLast2n3n4DayDown,volSellReversalLast2DayUp-VolUp,##last2DayHighGT3-M3HLT0,",1.7912078397580848,1,1,0
"PCTChangeGT2,PCDayChange-0.5to0.5,_HTGT3.0_,,,%%HLTF-Last2HighTail:(UPTREND)buy(DOWNTREND)sell:HighUpperTailPre-last2DayUp,",0.025235511273359983,2,1,1
"PCTChangeGT3,_LTGT3.0_,,,%%HLTF:(GLOBAL-DOWN)sellHighLowerTail-Reversal-LastDayMarketUp,##MAPositive_Uptrend(GT2),##MA-SMA200LT0SMA100GT0,",3.7626866055555777,1,1,0
"PCTChangeLT-2,_LTGT1.5_,,,checkCupDown-2dayDown-mayReversalBuy,%%HLTF:(GLOBAL-DOWN)sellHighLowerTail-Reversal-LastDayMarketUp,",-6.536506263292344,1,0,1
"PCTChangeLT-3,,,,checkCupDown-3dayDown,VOL:sell(GLOBALFUTUP-GLOBALMARKETUP)Buy-UpVol-3dayDown-Week2High,",-0.7020233369020414,1,0,1
"PCDCGT0PCTChangeLT-1,_HTGT1.5_,,,%%:sellDowntrend-lastDayUp-ReversalHighTail,",-1.553807135115869,5,1,4
"PCDCLT0PCTChangeGT0,_HTGT1.5__HTGTPCTDayChange_,,,%%HLTF-Risky9:30:maySellTail-tailGT2-7,10thDayGT15,##MA-SMA200GT0SMA100GT0,",2.4652611638735076,1,1,0
"PCTChangeLT-0.5,_LTGT3.0_,,,chisDownTrend-Risky-nearHigh,",-1.305967551012736,11,3,8
"PCTChangeLT-1,,,,volSellContinueLast2DayDown-VolUp,chisDownTrend-Risky-nearHigh,##(Check-chart-buy):month3High-InMinus,NearHighMonth3,",-1.5123719924264263,3,0,3
"PCTChangeLT-2,,,,checkCupDown-near2WeekDown-mayReveresalBuy,(GLOBALFUTDOWN-DOWNTRENDMARKET)checkSellConsolidationBreakDown-week2-lowNotReachedWeek3,week2BarLowChangeLT-2,weekLowLTweek2Low,##DOWNTREND:sellMonth3HighReversal(InDownTrend),##(Check-chart-buy):month3High-InMinus,ReversalHighMonth3,",2.5616668967307894,1,1,0
"PCTChangeGT1,PCDayChange-0.5to0.5,_HTGT1.5__LTGT1.5_,,,shortUpTrendSellReversal-MonthHigh,",0.5576456399788533,1,1,0
"PCTChangeLT-3,year2Low,,,,volSellContinueLast2DayDown-VolUp,##last2DayLow(LT-3)-M3LLT0,",2.7961760282728783,1,1,0
"PCDCGT0PCTChangeLT-3,_HTGT1.5_,,,##MA-SMA200LT0SMA100LT0,",-2.969872567505567,4,0,4
"PCTChangeLT-1,_HTGT1.5__LTGT1.5__HTGTPCTDayChange__LTGTPCTDayChange_,,,%%:checkBuyRevarsalLast3DayDownAtMonth3High,",-1.7411239641501943,1,0,1
"PCTChangeGT5,_HTGT1.5_,,,shortUpTrendSellReversal-MonthHigh,",-2.4303888838242313,1,0,1
"PCTChangeGT2,_LTGT3.0_,,,volSellReversalLast2DayUp-VolUp,",0.5729805333499461,1,1,0
"PCTChangeGT3,_LTGT1.5_,,,chisSellUpTrend-0,",-1.4432989690721536,1,0,1
"PCTChangeGT2,year2High,_HTGT3.0__HTGTPCTDayChange_,,,%%HLTF-Last2HighTail:(UPTREND)buy(DOWNTREND)sell:HighUpperTailPre-last2DayUp,%%HLTF-Risky9:30:maySellTail-tailGT2-7,10thDayGT15,%%:sellUpTrend-month3High,",1.3674837093621601,1,1,0
"PCTChangeGT2,,,,zigZagVolCrossedFromDown,week2BarHighChangeGT0,brokenToday,",0.3761402070308515,1,1,0
"PCTChangeGT1,,,,##MANegative_Downtrend_(GT1),##MA-SMA200LT0SMA100LT0,",-0.28425997027588595,5,2,3
"PCTChangeLT-1,_HTGT1.5_,,,weekBarLowChangeLT-2,",0.34338947088661176,1,1,0
"PCTChangeGT3,_LTGT1.5_,,,checkCupDown-lastDayUp,",0.05589997601881515,9,5,4
"PCTChangeLT-1,_LTGT1.5_,,,##(Check-chart-buy):YearHigh-InMinus,ReversalHighYear,",-2.750900764327618,1,0,1
"PCTChangeGT3,,,,volBuyContinueLast2DayUp-VolUp,chisCheckConsolidationBreakoutLT(4.5),weekBarHighChangeGT2,brokenToday,",0.17822275682269628,6,3,3
"PCTChangeLT-3,_HTGT1.5_,,,##DOWNTREND:sellYear2HighReversal(InDownTrend),##(Check-chart-buy):YearHigh-InMinus,ReversalHighYear,",-0.2240478762508021,3,1,2
"PCTChangeLT-1,_LTGT1.5_,,,##MAPositive_Uptrend(LT-1),##MA-SMA200GT0SMA100GT0,",-0.7560906085214153,2,1,1
"PCTChangeGT5,_HTGT3.0_,,,%%HLTF-Last2HighTail:(UPTREND)buy(DOWNTREND)sell:HighUpperTailPre-last2DayUp,chisSellDayHighVolLow-01-checkMorningTrend(.5SL),volSellReversalLast2DayUp-VolDown,",-3.9028003922340218,1,0,1
"PCTChangeGT3,_HTGT1.5_,,,volSellVolumeUpsergedLast2n3DayDown,volBuyContinueLast2DayUp-VolUp,",-1.3746764580485789,1,0,1
"PCTChangeGT3,_HTGT1.5_,,,chisCheckConsolidationBreakoutLT(4.5),(GLOBALFUTUP-UPTRENDMARKET)checkBuyConsolidationBreakUp-week2-highNotReachedWeek3,week2BarHighChangeGT5,weekHighGTweek2High,",-4.94729927278308,1,0,1
"PCTChangeLT-3,_HTGT1.5_,,,(GLOBALFUTDOWN-DOWNTRENDMARKET)checkSellConsolidationBreakDown-week2-lowNotReachedWeek3,week2BarLowChangeLT-2,sellPatternsML,sellPatterns-LT-1.5-SMALT0,(SMA9LT0),",-1.0319218105543233,1,0,1
"PCTChangeLT-3,_LTGT1.5_,,,%%HLTF:(GLOBAL-DOWN)sellHighLowerTail-Reversal-LastDayMarketUp,volBuyReversalLast2DayDown-VolDown,chisBuyDayLowVolLow-0,",-0.6502846359642982,1,0,1
"PCTChangeLT-5,year2Low,_LTGT1.5_,,,week2BarLowChangeLT-2,",-9.71682365737488,1,0,1
"PCDCLT0PCTChangeGT1,_LTGT3.0_,,,%%HLTF:(SGXNIFTYUP)buyHighLowerTail-Continue,",2.7477751343489234,9,6,3
"PCTChangeLT-1,_HTGT1.5__LTGT1.5__HTGTPCTDayChange_,,,##MANegative_Downtrend_(LT-2),##MA-SMA200LT0SMA100LT0,",6.5301506728171255,1,1,0
"PCTChangeLT-3,year2High,,,,chisSellConsolidationBreakDown-forecastDayPCT7LT0,",1.1144416472277543,1,1,0
"PCTChangeLT-1,year2High,,,,checkCupDown-2dayDown,",1.5611544156870176,2,2,0
"PCDCGT0PCTDayChangeLT0,_HTGT1.5_,,,%%HLTF-Last2HighTail:(DOWNTREND)sellHighUpperTailPre-1,",0.055315061204136984,5,3,2
"PCTChangeGT3,year2High,,,,shortUpTrendSellReversal-MonthHigh,",0.7485166867790917,5,2,3
"PCTChangeLT-0.5,_LTGT1.5_,,,%%HLTF:(SGXNIFTYUP)buyHighLowerTail-Continue,(Test)(check-chart-2-3MidCapCross)MayBuyCheckChart-Risky,",0.10544386396088908,1,1,0
"PCTChangeGT1,PCDayChange-0.5to0.5,_LTGT1.5_,,,%%HLTF:(SGXNIFTYUP)buyHighLowerTail-Continue,chisBuyYearHigh-3,",-0.023099719860381646,2,1,1
"PCTChangeGT0.5,PCDayChange-0.5to0.5,_HTGT3.0_,,,chisBuyYearHigh-1,",-0.6631299600549562,1,0,1
"PCTChangeLT-3,_HTGT1.5_,,,(GLOBALFUTDOWN-DOWNTRENDMARKET)checkSellConsolidationBreakDown-month,weekBarLowChangeLT-2,brokenToday,##MANegative_Downtrend_(LT-2),##MA-SMA200LT0SMA100LT0,",0.10534471520277078,1,1,0
"PCTChangeGT2,_HTGT1.5__LTGT3.0__HTGTPCTDayChange__LTGTPCTDayChange_,,,##UPTREND:buyYear2Low,",-1.0897416334885817,1,0,1
"PCTChangeLT-3,,,,weekBarLowChangeLT-2,chisDownTrend-Risky-nearHigh,##DOWNTREND:sellMonth3HighReversal(InDownTrend),##(Check-chart-buy):month3High-InMinus,ReversalHighMonth3,",-0.4652614929655457,1,0,1
"PCTChangeGT5,year2High,_HTGT1.5_,,,%%HLTF-Last2HighTail:(UPTREND)buy(DOWNTREND)sell:HighUpperTailPre-last2DayUp,weekBarHighChangeGT2,",1.675113063881948,1,1,0
"PCTChangeGT3,_HTGT1.5_,,,chisCheckConsolidationBreakout2WeekLT(4.5),",-1.0389650022828603,1,0,1
"PCTChangeLT-5,_LTGT3.0_,,,##last2DayLow(LT-3)-M3LGT0,",3.7270963070075784,3,2,1
"PCTChangeLT-2,,,,%%:checkSell:ConsolidationBreakDown(NotShapeA)-2week,volBuyReversalLast2DayDown-VolDown,checkSellConsolidationBreakDown-2week,week2BarLowChangeLT-2,brokenToday,chisDownTrend-Risky-nearHigh,##DOWNTREND:sellMonth6HighReversal(InDownTrend),##(Check-chart-buy):month6High-InMinus,ReversalHighMonth6,",0.84375728643779,1,1,0
"PCTChangeLT-2,_HTGT1.5__HTGTPCTDayChange_,,,##(Test)(Check-chart):year2Low-InMinus,",-0.5215449432449457,2,1,1
"PCTChangeGT3,_LTGT3.0_,,,chisSelldowntrendReversalMayFail,",0.10863142050964081,2,1,1
"PCTChangeLT-0.5,_LTGT1.5_,,,%%HLTF:(GLOBAL-DOWN)sellHighLowerTail-Reversal-LastDayMarketUp,(Test)(check-chart-2-3MidCapCross)MayBuyCheckChart-Risky,",3.452225169316213,2,2,0
"PCTChangeLT-0.5,,,,week2BarLowChangeLT0,",-0.4100645985430127,4,2,2
"PCTChangeLT-3,_LTGT1.5_,,,chisDownTrend-Risky-nearHigh,##DOWNTREND:sellYearHighReversal(InDownTrend),##last2DayLow(LT-3)-M3LGT0,##(Check-chart-buy):YearHigh-InMinus,ReversalHighYear,",3.548852406399873,1,1,0
"PCTChangeLT-3,,,,volBuyReversalLast2DayDown-VolDown,##(Check-chart-buy):month3High-InMinus,ReversalHighMonth3,",0.3192234955133496,5,2,3
"PCTChangeLT-3,_HTGT1.5_,,,volumeUpsergedLast2n3n4DayUp,(GLOBALFUTDOWN-DOWNTRENDMARKET)checkSellConsolidationBreakDown-week2-lowNotReachedWeek3,week2BarLowChangeLT0,",-0.35728286163159756,1,0,1
"PCTChangeGT1,,,,volSellVolumeUpsergedLast2n3DayDown,(GLOBALFUTUP-UPTRENDMARKET)checkBuyConsolidationBreakUp-week2-highNotReachedWeek3,week2BarHighChangeGT0,weekHighGTweek2High,",-0.12078192272605714,1,0,1
"PCTChangeGT1,_LTGT1.5_,,,%%:checkSell:Super2,buyMorningStar-(checkChart),",-3.309204110297812,1,0,1
"PCTChangeLT-1,_HTGT3.0_,,,%%:checkSell:Super0,",1.5384602695393754,1,1,0
"PCTChangeGT3,,,,volBuyContinueLast2DayUp-VolUp,weekBarHighChangeGT2,##last2DayHighGT3-M3HLT0,",-1.2910970803455126,1,0,1
"PCTChangeLT-0.5,PCDayChange-0.5to0.5,_HTGT3.0__LTGT1.5_,,,##ML:BuyRisingMA-Risky-2,",2.1453088870310912,1,1,0
"PCTChangeLT-1,_LTGT1.5_,,,weekBarLowChangeLT0,MayBuyCheckChart-(IndexNotUpInSecondHalf),",-1.2473596835054768,5,1,4
"PCTChangeLT-5,_HTGT1.5__LTGT3.0_,,,##MANegative_Downtrend_(LT-4.5),##MA-SMA200LT0SMA100LT0,",2.5590471756663518,2,2,0
"PCTDayChangeLT0,_LTGT1.5_,,,%%HLTF:(SGXNIFTYUP)buyHighLowerTail-Continue,(Test)MayBuy-CheckChart(upTrend-lastDayDown),##MA-SMA200GT0SMA100GT0,",-3.6487534352160464,1,0,1
"PCTChangeGT2,,,,volSellRevarsalVolCrossed,%%:checkSellRevarsalLast3DayUpAtMonth3Low,",2.5544247277970125,2,1,1
"PCDCGT0PCTChangeLT-1,_HTGT1.5__LTGT3.0__HTGTPCTDayChange__LTGTPCTDayChange_,,,%%HLTF:(GLOBAL-DOWN)sellHighLowerTail-Reversal-LastDayMarketUp,",-2.7430366923720877,1,0,1
"PCTChangeGT8,,,,##MAPositive_Uptrend(GT4.5),##MA-SMA200GT0SMA100GT0,##last2DayHighGT3-M3HLT0,",1.5508685157126247,1,1,0
"PCTChangeLT-3,,,,checkCupDown-near2WeekDown-mayReveresalBuy,volumeUpsergedLast2n3n4DayUp,(GLOBALFUTDOWN-DOWNTRENDMARKET)checkSellConsolidationBreakDown-week2-lowNotReachedWeek3,week2BarLowChangeLT-2,weekLowLTweek2Low,##last2DayLow(LT-3)-M3LGT0,",2.7676414362808313,1,1,0
"PCTChangeLT-2,_LTGT1.5_,,,%%HLTF:(GLOBAL-DOWN)sellHighLowerTail-Reversal-LastDayMarketUp,chisSellFinalCandidate-(lastDayDown)-(buyPattern),",8.542512592516461,1,1,0
"PCTChangeGT8,_HTGT3.0__LTGT3.0_,,,chisSellYear2LowLT-40-last3DayDown(triggerAfter-9:15),chisUpTrend-Risky-nearLow,",-4.99049444134772,1,0,1
"PCTChangeLT-3,_LTGT1.5_,,,chisSellFinalCandidate-(lastDayUp)-(highChange),",-2.4039621183177444,1,0,1
"PCTChangeGT1,_HTGT1.5_,,,chisSellYear2LowLT-40-last4DayDown(triggerAfter-9:15),",4.330307022802585,1,1,0
"PCTChangeGT5,,,,weekBarHighChangeGT2,brokenToday,##MAPositive_Uptrend(GT4.5),##MA-SMA200LT0SMA100LT0,",-1.0869503246587233,1,0,1
"PCTChangeLT-3,,,,chisSellFlag2Week-Risky,",1.0119971770353904,12,9,3
"PCTChangeGT2,,,,chisUpTrend-Risky-nearLow,##(Test)buyBottomReversal-1,",-3.15175025367287,2,1,1
"PCTChangeGT1,,,,##(Check-chart-sell):month3Low-InPlus,ReversalLowMonth3,chisUpTrend-Risky-nearLow,chisCheckConsolidationBreakoutLT(4.5),(GLOBALFUTUP-UPTRENDMARKET)checkBuyConsolidationBreakUp-week2-highNotReachedWeek3,week2BarHighChangeGT0,brokenToday,##UPTREND:buyMonth3LowReversal(Confirm),",-0.603848442769296,1,0,1
"PCTChangeLT-2,,,,checkCupDown-month3HighLTmonth3Low,bar_low,##(Check-chart-buy):month6High-InMinus,ReversalHighMonth6,",0.55611867686804,1,1,0
"PCTChangeGT0,_HTGT3.0__LTGT3.0__HTGTPCTDayChange__LTGTPCTDayChange_,,,chisUpTrend-Risky-nearLow,",0.8270646097666019,1,1,0
"PCTChangeLT-2,,,,checkSellConsolidationBreakDown-2week,week2BarLowChangeLT0,##DOWNTREND:sellYearHighReversal(InDownTrend),##(Check-chart-buy):month3High-InMinus,ReversalHighMonth3,",-1.5637115174910745,1,0,1
"PCTChangeLT-3,_LTGT3.0_,,,volSellContinueLast2DayDown-VolUp,(GLOBALFUTDOWN-DOWNTRENDMARKET)checkSellConsolidationBreakDown-week2-lowNotReachedWeek3,week2BarLowChangeLT-2,weekLowLTweek2Low,",-10.573645303415697,1,0,1
"PCTChangeGT3,,,,%%:sellDowntrend-lastDayUp-ReversalHighTail,",-2.095326385004651,3,1,2
"PCTChangeGT2,year2High,_HTGT1.5__HTGTPCTDayChange_,,,week2BarHighChangeGT2,weekHighGTweek2High,brokenToday,",-5.44013797957013,1,0,1
"PCTChangeGT3,,,,volumeUpsergedLast2n3n4DayDown,##MAPositive_Uptrend(GT4.5),##MA-SMA200LT0SMA100GT0,##last2DayHighGT3-M3HGT0,",-1.7840039062499966,1,0,1
"PCTChangeGT16,_HTGT3.0__LTGT3.0__HTGTPCTDayChange__LTGTPCTDayChange_,,,%%HLTF:(UPTREND-GLOBAL/SGX-UP)BuyHighUpperTail-Reversal-7,10thDayGT15-LastDayMarketDown,##MAPositive_Uptrend(GT4.5),##MA-SMA200GT0SMA100GT0,",1.1250019073486401,1,1,0
"PCTChangeLT-2,_HTGT1.5_,,,checkCupDown-2dayDown-mayReversalBuy,chisBuyMay5DayFloorReversal,##DOWNTREND:sellYear2HighReversal(InDownTrend),volBuyRevarsalVolCrossed,%%:checkBuyRevarsalLast3DayDownAtMonth3High,##(Check-chart-buy):YearHigh-InMinus,ReversalHighYear,",-1.8081195826606704,1,0,1
"PCTChangeLT-3,_LTGT3.0_,,,volBuyReversalLast2DayDown-VolDown,chisBuyDayLowVolLow-0,",-2.613966174033653,1,0,1
"PCTChangeGT0,PCDayChange-0.5to0.5,,,,(SMA9LT0),maySellFromBuyPattern-LT-1.8,",-0.5934449549526344,1,0,1
"PCTChangeLT-1,_HTGT1.5__LTGT1.5_,,,weekBarLowChangeLT0,brokenToday,",2.6066350710900568,1,1,0
"PCTChangeGT3,,,,##(Check-chart-sell):month3Low-InPlus,ReversalLowMonth3,##UPTREND:buyMonth3LowReversal(Confirm),##last2DayHighGT3-M3HLT0,",1.9674924494719703,2,2,0
"PCTChangeGT3,_LTGT1.5_,,,checkBuyConsolidationBreakout-allPreLT0,",-2.6932084309133484,1,0,1
"PCTChangeLT-2,,,,checkCupDown-3dayDown-mayReversalBuy,(GLOBALFUTDOWN-DOWNTRENDMARKET)checkSellConsolidationBreakDown-week2-lowNotReachedWeek3,week2BarLowChangeLT0,##DOWNTREND:sellYear2HighReversal(InDownTrend),##(Check-chart-buy):month3High-InMinus,ReversalHighMonth3,",-2.7300594774492053,1,0,1
"PCTChangeLT-3,_LTGT1.5_,,,zigZagVolCrossedFromUp,##ML:buyRisingMA-down-Risky,",-3.554271856365105,1,0,1
"PCTChangeGT5,year2High,,,,volumeUpsergedLast2n3n4DayDown,volBuyContinueLast2DayUp-VolUp,chisCheckConsolidationBreakoutGT(4.5),chisBuyConsolidationBreakUp-2week-(Risky)-year2High,week2BarHighChangeGT2,brokenToday,",-2.2298456260720494,1,0,1
"PCDCGT0PCTDayChangeLT0,_LTGT1.5_,,,%%:checkSell:Super2,-+,$$MayBuy-CheckChart-baseLine(inuptrend-monthlow)-MHCLT(-10),",-2.419223147521187,1,0,1
"PCTChangeGT0.5,PCDayChange-0.5to0.5,_HTGT1.5__LTGT1.5_,,,%%HLTF:maySellTail-tailGT2-7,10thDayGT20,##MAPositive_Uptrend(GT0),##MA-SMA200GT0SMA100GT0,",-4.805933286065929,1,0,1
"PCTChangeLT-1,,,,(GLOBALFUTDOWN-DOWNTRENDMARKET)checkSellConsolidationBreakDown-week2-lowNotReachedWeek3,week2BarLowChangeLT-2,chisDownTrend-Risky-nearHigh,##(Check-chart-buy):month3High-InMinus,ReversalHighMonth3,",-1.2238752718936357,1,0,1
"PCTChangeLT-2,_LTGT3.0_,,,weekBarLowChangeLT-2,",1.8181837998427202,1,1,0
"PCTChangeGT3,_HTGT3.0__HTGTPCTDayChange_,,,%%HLTF-Last2HighTail:(UPTREND)buy(DOWNTREND)sell:HighUpperTailPre-last2DayUp,sellEveningStar-0,",-0.617238011853448,1,0,1
"PCTChangeLT-3,,,,%%HLTF-Last2DayMarketDown:(GLOBAL-UP)buyHighUpperTailPre1-Reversal-LastDayMarketDown,chisSellFinalCandidate-(lastDayUp),##sellTenDaysMoreThanTen,",4.8214322044735916,1,1,0
"PCTChangeLT-3,,,,volumeUpsergedLast2n3n4DayUp,(GLOBALFUTDOWN-DOWNTRENDMARKET)checkSellConsolidationBreakDown-week2-lowNotReachedWeek3,week2BarLowChangeLT0,chisDownTrend-Risky-nearHigh,##DOWNTREND:sellYear2HighReversal(InDownTrend),##last2DayLow(LT-3)-M3LGT0,##(Check-chart-buy):YearHigh-InMinus,ReversalHighYear,",2.568287919207316,1,1,0
"PCTDayChangeLT0,PCDayChange-0.5to0.5,year2High,_LTGT3.0_,,,%%HLTF-Last2DayMarketUp:(GLOBAL-DOWN)sellHighLowerTail-Reversal-LastDayMarketUp,",-1.7778158187866215,1,0,1
"PCTChangeLT-5,_HTGT1.5__LTGT1.5_,,,##MANegative_Downtrend_(LT-2),##MA-SMA200LT0SMA100LT0,##DOWNTREND:sellYearLowBreak,##last2DayLow(LT-3)-M3LLT0,",0.871746943687857,1,1,0
"PCTChangeLT-3,_LTGT1.5_,,,weekBarLowChangeLT-2,##MANegative_Downtrend_(LT-2),##MA-SMA200LT0SMA100LT0,",-1.2066293841064613,1,0,1
"PCTChangeLT-2,,,,(GLOBALFUTDOWN-DOWNTRENDMARKET)checkSellConsolidationBreakDown-week2-lowNotReachedWeek3,week2BarLowChangeLT-2,weekLowLTweek2Low,##DOWNTREND:sellMonth6HighReversal(InDownTrend),##(Check-chart-buy):month3High-InMinus,ReversalHighMonth3,",-0.062152414046406555,3,2,1
"PCTChangeLT-2,_LTGT1.5_,,,checkCupDown-near2WeekDown-mayReveresalBuy,",-2.4594110677176704,6,2,4
"PCTChangeLT-1,,,,(SMA9LT0),chisDownTrend-Risky-nearHigh,",-1.7079347387173984,4,1,3
"PCTChangeGT0,PCDayChange-0.5to0.5,_HTGT1.5_,,,chisSellSMA4Reversal,",0.05539495127758184,6,3,3
"PCTChangeLT-0.5,,,,(SMA9LT0),",-1.2661484590275143,19,1,18
"PCTChangeLT-2,_HTGT1.5_,,,%%:checkSell:Super0,(GLOBALFUTDOWN-DOWNTRENDMARKET)checkSellConsolidationBreakDown-week2-lowNotReachedWeek3,week2BarLowChangeLT0,",0.7615894039735099,1,1,0
"PCDCGT0PCTDayChangeLT0,_HTGT1.5__HTGTPCTDayChange__LTGTPCTDayChange_,,,%%:sellDowntrend-lastDayUp-ReversalHighTail,",1.8940475751768813,1,1,0
"PCTChangeLT-2,year2High,_LTGT1.5_,,,checkCupDown-month3HighLTmonth3Low,bar_low,VOL:sell(GLOBALFUTUP-GLOBALMARKETUP)Buy-UpVol-3dayDown-Week2High,",3.7772925764192102,1,1,0
"PCTChangeGT2,_HTGT3.0__LTGT1.5__HTGTPCTDayChange_,,,%%HLTF-Last2HighTail:(UPTREND)buy(DOWNTREND)sell:HighUpperTailPre-last2DayUp,%%:sellUpTrend-month3High,",3.839013370466809,1,1,0
"PCTChangeGT1,_LTGT3.0_,,,(GLOBALFUTUP-UPTRENDMARKET)checkBuyConsolidationBreakUp-week2-highNotReachedWeek3,week2BarHighChangeGT2,weekHighGTweek2High,",2.065217391304364,1,1,0
"PCTChangeGT5,year2High,_HTGT1.5_,,,vol-sell-DownVol-3dayUp-Week2High,",3.5826932466946975,1,1,0
"PCTChangeGT1,year2High,,,,%%:sellUpTrend-month3High,(SMA9GT0),",0.32669025836193666,2,2,0
"PCTChangeGT2,,,,chisCheckConsolidationBreakoutLT(4.5),(GLOBALFUTUP-UPTRENDMARKET)checkBuyConsolidationBreakUp-week2-highNotReachedWeek3,week2BarHighChangeGT2,weekHighGTweek2High,brokenToday,",-4.322110949999833,1,0,1
"PCTChangeGT2,,,,chisUpTrend-Risky-nearLow,##ML:sellRisingMAuptrend-1,##UPTREND:buyYearLowReversal(Confirm),",-1.0949447879245384,1,0,1
"PCTChangeLT-2,_LTGT1.5_,,,checkCupDown-2dayDown,##DOWNTREND:sellYear2HighReversal(InDownTrend),##(Check-chart-buy):month3High-InMinus,ReversalHighMonth3,",-2.142546511578484,1,0,1
"PCTChangeGT2,year2High,_LTGT1.5_,,,%%HLTF-Risky:(GLOBAL-DOWN)sellHighLowerTail-Reversal-LastDayMarketUp,%%:sellUpTrend-month3High,",1.1788691158707671,1,1,0
"PCTChangeGT2,,,,weekBarHighChangeGT2,brokenToday,",-0.27206867780480953,67,26,41
"PCTChangeLT-2,_LTGT1.5_,,,volumeUpsergedLast2n3n4DayUp,chisDownTrend-Risky-nearHigh,",2.1197119949794283,1,1,0
"PCTChangeLT-3,_HTGT1.5__LTGT3.0_,,,##MANegative_Downtrend_(LT-2),##MA-SMA200LT0SMA100LT0,##(Test)(Check-chart-sell):yearLow-InMinus,",14.50466148875615,1,1,0
"PCTChangeLT-2,_LTGT1.5_,,,(GLOBALFUTDOWN-DOWNTRENDMARKET)checkSellConsolidationBreakDown-week2-lowNotReachedWeek3,week2BarLowChangeLT-2,##DOWNTREND:sellMonth6HighReversal(InDownTrend),##(Check-chart-buy):month3High-InMinus,ReversalHighMonth3,",-4.332755575292372,1,0,1
"PCTChangeLT-2,,,,volBuyReversalLast2DayDown-VolDown,##DOWNTREND:sellYear2HighReversal(InDownTrend),##(Check-chart-buy):month3High-InMinus,ReversalHighMonth3,##(check-chart)maySell-EMA6-MT-May-LT-EMA14,",-0.07059079563271155,1,0,1
"PCTChangeGT0.5,PCDayChange-0.5to0.5,,,,##MAPositive_Uptrend(GT0),##MA-SMA200GT0SMA100LT0,",6.190264596727444,1,1,0
"PCTChangeLT-3,,,,volBuyReversalLast2DayDown-VolUp,(GLOBALFUTDOWN-DOWNTRENDMARKET)checkSellConsolidationBreakDown-week2-lowNotReachedWeek3,week2BarLowChangeLT-2,chisDownTrend-Risky-nearHigh,##DOWNTREND:sellYearHighReversal(InDownTrend),##last2DayLow(LT-3)-M3LGT0,##(Check-chart-buy):month3High-InMinus,ReversalHighMonth3,##(check-chart)maySell-EMA6-MT-May-LT-EMA14,",2.019994648682654,1,1,0
"PCTChangeGT3,_LTGT1.5_,,,%%HLTF-Risky:(GLOBAL-DOWN)sellHighLowerTail-Reversal-LastDayMarketUp,##last2DayHighGT3-M3HGT0,",-0.2253967227653432,1,0,1
"PCTChangeLT-2,,,,volBuyReversalLast2DayDown-VolDown,(GLOBALFUTDOWN-DOWNTRENDMARKET)checkSellConsolidationBreakDown-week2-lowNotReachedWeek3,week2BarLowChangeLT0,chisDownTrend-Risky-nearHigh,##(Check-chart-buy):month3High-InMinus,ReversalHighMonth3,",0.23809247006093548,1,1,0
"PCTChangeGT2,_LTGT1.5_,,,##MA-SMA200LT0SMA100LT0,##buyTenDaysLessThanMinusTen,",-0.24713966039631957,1,0,1
"PCTChangeGT2,year2High,_HTGT1.5_,,,vol-sell-DownVol-3dayUp-Week2High,weekBarHighChangeGT2,",7.310807511613173,1,1,0
"PCTChangeLT-2,_LTGT1.5_,,,VOL:sell(GLOBALFUTUP-GLOBALMARKETUP)Buy-UpVol-3dayDown-Week2High,##ML:buyRisingMA-down-Risky,",-0.39987662401262897,1,0,1
"PCTChangeGT3,,,,chisUpTrend-Risky-nearLow,chisCheckConsolidationBreakoutGT(4.5),weekBarHighChangeGT2,brokenToday,chisSell-2week-breakoutup,BuyYearLow,##UPTREND:buyYearLowReversal(Confirm),",-0.007372830821356354,1,0,1
"PCTDayChangeLT0,_LTGT1.5_,,,%%HLTF:(SGXNIFTYUP)buyHighLowerTail-Continue,##(Test)(check-chart)-buySMAUpTrend,##RisingMA(check-chart-buy)-MayBuyCheckChart,",2.1598173370396783,1,1,0
"PCTChangeGT1,,,,##UPTREND:buyMonth3LowReversal(Confirm),",0.03809366000355381,21,8,13
"PCTChangeLT-2,,,,volumeUpsergedLast2n3n4DayUp,(GLOBALFUTDOWN-DOWNTRENDMARKET)checkSellConsolidationBreakDown-week2-lowNotReachedWeek3,week2BarLowChangeLT0,weekLowLTweek2Low,chisDownTrend-Risky-nearHigh,##DOWNTREND:sellYear2HighReversal(InDownTrend),##(Check-chart-buy):month3High-InMinus,ReversalHighMonth3,",1.389707677504597,1,1,0
"PCTChangeGT1,_HTGT1.5__HTGTPCTDayChange_,,,zigZagVolCrossedFromDown,chisSellUpTrend-2,",-8.65948995928352,1,0,1
"PCTChangeGT2,year2High,_HTGT3.0__LTGT3.0__HTGTPCTDayChange__LTGTPCTDayChange_,,,weekBarHighChangeGT2,",-3.0264557590595413,1,0,1
"PCTChangeLT-2,_HTGT3.0__HTGTPCTDayChange_,,,volBuyReversalLast2DayDown-VolUp,##(Check-chart-sell)Month3Low-Continue(InUpTrend),ReversalLowMonth3,",-1.5802259851220417,1,0,1
"PCTChangeGT0.5,_LTGT3.0_,,,%%HLTF:(GLOBAL-DOWN)sellHighLowerTail-Reversal-LastDayMarketUp,volSellReversalLast2DayUp-VolUp,chisBuyYearHigh-1,",-1.9902447956364353,1,0,1
"PCTChangeLT-1,,,,chisDownTrend-Risky-nearHigh,##(Check-chart-buy):month3High-InMinus,NearHighMonth3,",-0.15405690318645318,9,5,4
"PCTChangeLT-2,_LTGT1.5_,,,weekBarLowChangeLT0,brokenToday,chisDownTrend-Risky-nearHigh,",-1.5448693776155005,2,0,2
"PCTChangeGT8,_HTGT1.5__LTGT3.0__LTGTPCTDayChange_,,,volSellRevarsalVolCrossed,volSellReversalLast2DayUp-VolUp,BuyYearLow,",-2.147195489899792,1,0,1
"PCTChangeLT-0.5,_HTGT1.5__HTGTPCTDayChange_,,,%%:check(UPTREND-UPMARKET)Buy(DOWNTRENDTREND-DOWNMARKET)Sell:Super01-monthLow,",-0.32068219934962494,5,1,4
"PCTChangeGT2,_HTGT1.5_,,,chisUpTrend-Risky-nearLow,##UPTREND:buyYear2LowReversal(Confirm),",0.7980108126647517,1,1,0
"PCTChangeGT3,,,,(GLOBALFUTUP-UPTRENDMARKET)checkBuyConsolidationBreakUp-week2-highNotReachedWeek3,week2BarHighChangeGT0,chis-breakoutup-2week,chisBuy-2week-breakoutup,",-1.489217275910636,2,0,2
"PCTChangeLT-1,,,,##MANegative_Downtrend_(LT-1),##MA-SMA200GT0SMA100LT0,",1.0140857155537812,5,4,1
"PCTChangeLT-3,_HTGT1.5_,,,%%HLTF:maySellTail-tailGT2-7,10thDayGT0,chisSellFinalCandidate-4,chisDownTrend-Risky-nearHigh,##last2DayLow(LT-3)-M3LGT0,",4.999999999999987,1,1,0
"PCTChangeLT-5,_HTGT1.5_,,,volumeUpsergedLast2n3n4DayUp,chisDownTrend-Risky-nearHigh,",-2.3261223540358253,1,0,1
"PCDCGT0PCTChangeLT-1,PCDayChange-0.5to0.5,_LTGT1.5_,,,buyYearHigh-0,",1.7982482910156243,1,1,0
"PCTChangeLT-2,_LTGT1.5_,,,chisDownTrend-Risky-nearHigh,##(Check-chart-buy):month3High-InMinus,NearHighMonth3,",3.011516196502044,1,1,0
"PCTChangeLT-1,_LTGT1.5_,,,(Test)MayBuyCheckChart-last3DayDown,MayBuyCheckChart-(IndexNotUpInSecondHalf),",-3.2651738225278053,8,2,6
"PCTChangeLT-2,,,,weekBarLowChangeLT-2,brokenToday,chisDownTrend-Risky-nearHigh,##DOWNTREND:sellYear2HighReversal(InDownTrend),",2.328767123287671,1,1,0
"PCTChangeLT-1,_HTGT1.5_,,,%%HLTF-Last2HighTail:(DOWNTREND)sell(UPTREND)buy:HighUpperTailPre,",-1.1203924463923327,18,5,13
"PCTChangeGT5,,,,chisUpTrend-Risky-nearLow,##UPTREND:buyMonth6LowReversal(Confirm),",-3.1927872877744736,2,0,2
"PCTChangeGT2,,,,chisCheckConsolidationBreakoutLT(4.5),(GLOBALFUTUP-UPTRENDMARKET)checkBuyConsolidationBreakUp-week2-highNotReachedWeek3,week2BarHighChangeGT0,weekHighGTweek2High,",-0.5966832518867358,1,0,1
"PCTChangeGT3,,,,volumeUpsergedLast2n3n4DayDown,(GLOBALFUTUP-UPTRENDMARKET)checkBuyConsolidationBreakUp-week2-highNotReachedWeek3,week2BarHighChangeGT0,##last2DayHighGT3-M3HLT0,",1.22592127577593,1,1,0
"PCTChangeGT2,,,,volSellReversalLast2DayUp-VolDown,chisBuy-2week-breakoutup(check-chart)(|-|-| or --|),##(Check-chart)ML:buyMonth3High-Continue,",-2.663164305834215,1,0,1
"PCTChangeGT0,_HTGT3.0__LTGT3.0_,,,%%HLTF-Last2LowTail:(DOWNTREND)sellHighLowerTailPre-1,",1.149131749198805,1,1,0
"PCTChangeLT-0.5,_HTGT3.0_,,,chisDownTrend-Risky-nearHigh,",-0.1996741819091604,6,4,2
"PCTChangeLT-1,_HTGT1.5_,,,volBuyReversalLast2DayDown-VolUp,",1.8939356665211142,2,2,0
"PCTChangeGT3,,,,##(Check-chart-sell):month3Low-InPlus,NearLowMonth3,chisUpTrend-Risky-nearLow,chisCheckConsolidationBreakoutLT(4.5),",0.9021373484612097,1,1,0
"PCTChangeGT1,_LTGT3.0_,,,%%HLTF-Risky:(GLOBAL-DOWN)sellHighLowerTail-Reversal-LastDayMarketUp,week2BarHighChangeGT5,",1.1202913097993519,1,1,0
"PCTChangeLT-2,PCDayChange-0.5to0.5,_HTGT1.5_,,,%%:checkSell:CupDownDoji-lastDayLT(-2)TodayDoji,",2.9164904990507643,1,1,0
"PCTChangeGT0,PCDayChange-0.5to0.5,,,,%%:checkSell:FlagWeek-doji,",0.3460989822031319,14,7,7
"PCTChangeGT5,,,,volBuyContinueLast2DayUp-VolUp,chisCheckConsolidationBreakoutGT(4.5),",1.8772735882057605,4,2,2
"PCTChangeGT3,year2High,,,,checkBuyConsolidationBreakout-allPreLT0,chisBuyConsolidationBreakUp-2week-(Risky)-year2High,week2BarHighChangeGT2,",0.07109004739335392,1,1,0
"PCTChangeGT2,year2High,,,,%%:sellUpTrend-month3High,(SMA9GT0),",2.631730299729574,1,1,0
"PCTChangeLT-3,,,,weekBarLowChangeLT-2,chisSellDayLowVolLow-03-checkMorningTrend(.5SL),",3.4146316652375512,1,1,0
"PCTChangeGT2,_HTGT1.5__HTGTPCTDayChange_,,,sellEveningStar-0,",0.9113172759208871,1,1,0
"PCTChangeGT5,,,,##UPTREND:buyMonth3LowReversal(Confirm),",-2.9227130378251367,3,0,3
"PCTChangeLT-3,,,,weekBarLowChangeLT-2,##(Check-chart-buy):YearHigh-InMinus,ReversalHighYear,",-1.3159335930489913,7,3,4
"PCTChangeGT3,_HTGT1.5_,,,%%HLTF:(DOWNTREND-OR-GLOBALDOWN)maySellTail-tailGT2-2,3,4thDayGT0,volBuyContinueLast2DayUp-VolUp,checkBuyConsolidationBreakUp-2week,week2BarHighChangeGT0,brokenToday,",1.3613382975260464,1,1,0
"PCTChangeLT-5,,,,chisDownTrend-Risky-nearHigh,##(check-chart)buyEMA6<EMA14,",-0.7713812492026396,7,4,3
"PCTChangeLT-5,,,,zigZagVolCrossedFromUp,",-1.0211376107193118,9,1,8
"PCTChangeGT0.5,_HTGT3.0__LTGT1.5__HTGTPCTDayChange_,,,volSellReversalLast2DayUp-VolUp,weekBarHighChangeGT0,",0.31578904617115067,1,1,0
"PCTChangeGT3,,,,chis-breakoutup-2week,##UPTREND:buyYearLowReversal(Confirm),",-0.7716467269840156,1,0,1
"PCTChangeLT-5,,,,VOL:buy-UpVol-3dayDown-Week2Low,##MANegative_Downtrend_(LT-4.5),##MA-SMA200LT0SMA100LT0,##DOWNTREND:sellYearLowBreak,",-3.4481368483753077,2,0,2
"PCTChangeLT-5,_HTGT1.5_,,,volBuyReversalLast2DayDown-VolDown,chisSellDayLowVolLow-02-checkMorningTrend(.5SL),",-0.40012728038511375,1,0,1
"PCTChangeGT3,year2High,_HTGT3.0__HTGTPCTDayChange_,,,%%HLTF-Last2HighTail:(UPTREND)buy(DOWNTREND)sell:HighUpperTailPre-last2DayUp,%%:sellUpTrend-month3High,sellEveningStar-0,",-2.749739659549561,1,0,1
"PCTChangeLT-2,,,,volBuyReversalLast2DayDown-VolDown,chisSellDownTrend-nearHigh,##(Check-chart-buy):month3High-InMinus,BreakHighMonth3,",0.43709383116924866,1,1,0
"PCTChangeLT-2,,,,checkCupDown-near2WeekDown-mayReveresalBuy,##(Check-chart-buy):YearHigh-InMinus,ReversalHighYear,",1.7318469852042575,1,1,0
"PCTChangeLT-3,_LTGT1.5_,,,##(Test)(Check-chart):yearLow-InMinus,",0.44889570234605847,2,1,1
"PCTChangeLT-1,year2Low,_LTGT1.5_,,,(Test)(check-chart-2-3MidCapCross)MayBuyCheckChart-Risky,%%:buyDownTrend-month3Low,",2.2521543352319875,2,2,0
"PCTChangeGT1,,,,%%:sellDowntrend-lastDayUp-ReversalHighTail,chisSellDowningMA-(check5MinuteDownTrendAndSellDowntrend)-Already10DayDown,",0.5417026917128241,7,3,4
"PCTChangeGT2,_HTGT1.5__HTGTPCTDayChange_,,,%%HLTF:(GLOBAL-SGX-DOWN)maySellTail-2,3,4thDayGT0,chisBuyUpTrend-nearLow,",-5.3184854712639815,1,0,1
"PCDCLT0PCTChangeGT0,_HTGT3.0__LTGT1.5_,,,%%HLTF:maySellTail-tailGT2-allDayGT0,##MAPositive_Uptrend(LT0),##MA-SMA200GT0SMA100GT0,",-1.3043478260869528,1,0,1
"PCTChangeLT-0.5,_LTGT1.5_,,,weekBarLowChangeLT0,",1.3589966751232254,3,3,0
"PCTChangeGT5,_HTGT1.5_,,,VOL:sell-DownVol-3dayUp-Week2Low,",-1.0898175861956765,1,0,1
"PCTChangeLT-2,,,,(GLOBALFUTDOWN-DOWNTRENDMARKET)checkSellConsolidationBreakDown-week2-lowNotReachedWeek3,week2BarLowChangeLT0,weekLowLTweek2Low,##(Check-chart-buy):month3High-InMinus,NearHighMonth3,",0.29075349152979657,1,1,0
"PCTChangeLT-2,_LTGT3.0_,,,##(Check-chart-buy):month3High-InMinus,ReversalHighMonth3,",-0.11678652652283195,2,1,1
"PCTChangeGT1,,,,(GLOBALFUTUP-UPTRENDMARKET)checkBuyConsolidationBreakUp-week2-highNotReachedWeek3,week2BarHighChangeGT0,brokenToday,##UPTREND:buyMonth6LowReversal(Confirm),",-2.0684157018648524,1,0,1
"PCTChangeGT1,PCDayChange-0.5to0.5,year2High,_LTGT1.5_,,,%%HLTF:(SGXNIFTYUP)buyHighLowerTail-Continue,",0.16217009302796317,3,2,1
"PCTChangeGT3,,,,(SMA9GT0),",0.4048000069465515,10,4,6
"PCTChangeGT2,year2High,_HTGT3.0__HTGTPCTDayChange_,,,%%HLTF-Last2HighTail:(UPTREND)buy(DOWNTREND)sell:HighUpperTailPre-last2DayUp,volSellVolumeUpsergedLast2n3DayDown,weekBarHighChangeGT2,brokenToday,",-1.5329739568245007,1,0,1
"PCTChangeLT-3,_HTGT1.5_,,,weekBarLowChangeLT-2,brokenToday,chisDownTrend-Risky-nearHigh,##(Check-chart-buy):month3High-InMinus,ReversalHighMonth3,",4.98634109023219,1,1,0
"PCTChangeGT5,_HTGT1.5_,,,%%HLTF-Last2HighTail:(UPTREND)buy(DOWNTREND)sell:HighUpperTailPre-last2DayUp,volBuyContinueLast2DayUp-VolUp,",-2.563941319560009,3,0,3
"PCTChangeGT5,_HTGT1.5_,,,(GLOBALFUTUP-UPTRENDMARKET)checkBuyConsolidationBreakUp-week2-highNotReachedWeek3,week2BarHighChangeGT0,chis-breakoutup-2week,chisSell-2week-breakoutup,##last2DayHighGT3-M3HLT0,",0.5045023050394264,1,1,0
"PCTChangeGT8,year2High,_HTGT3.0__LTGT1.5_,,,VOL:buyBelowTail-SellAtClose:upVol3dayUpWeek2High-highUpperTail,",3.048120499220209,1,1,0
"PCTChangeLT-1,,,,%%:check(UPTREND-UPMARKET)Buy(DOWNTRENDTREND-DOWNMARKET)Sell:Super01-monthLow,",-0.06164558794107926,91,42,48
"PCTChangeGT3,year2High,,,,volBuyContinueLast2DayUp-VolUp,chisCheckConsolidationBreakoutLT(4.5),weekBarHighChangeGT2,",0.1572137070905674,1,1,0
"PCTChangeGT3,,,,##(check-chart)sellEMA6>EMA14,",0.09648348457188625,23,11,12
"PCTChangeLT-2,,,,checkSellConsolidationBreakDown-2week,week2BarLowChangeLT0,",-0.6682039346210479,2,1,1
"PCTChangeLT-3,,,,weekBarLowChangeLT-2,##DOWNTREND:sellYear2HighReversal(InDownTrend),volBuyRevarsalVolCrossed,##(Check-chart-buy):month3High-InMinus,ReversalHighMonth3,",0.45693920831626833,1,1,0
"PCTChangeLT-3,,,,##MANegative_Downtrend_(LT-2),##MA-SMA200LT0SMA100LT0,##DOWNTREND:sellMonth3LowBreak,##last2DayLow(LT-3)-M3LLT0,",-0.488741044456519,4,3,1
"PCTChangeLT-3,_HTGT1.5_,,,%%:checkSell:FlagWeek,chisSell-smallUptrendReversal,",-0.1982205893083459,1,0,1
"PCTChangeLT-1,,,,checkCupDown,bar_low,",-2.8666918095342746,2,0,2
"PCTChangeGT1,_HTGT1.5_,,,(Test)(check-chart-2-3MidCapCross)MaySellCheckChart-Risky,MaySellCheckChart-(IndexNotDownInSecondHalf),",-0.15022516525267962,1,0,1
"PCTChangeGT2,_HTGT1.5_,,,volumeUpsergedLast2n3n4DayDown,",-0.3839098089119359,6,2,4
"PCTChangeLT-3,_HTGT1.5_,,,volSellContinueLast2DayDown-VolUp,##DOWNTREND:sellYearHigh(InDownTrend),",4.124017235313239,1,1,0
"PCDCGT0PCTChangeLT-3,PCDayChange-0.5to0.5,_HTGT1.5_,,,%%:checkSell:Super0,",-2.116755850800588,1,0,1
"PCTChangeLT-2,_HTGT3.0__HTGTPCTDayChange_,,,(GLOBALFUTDOWN-DOWNTRENDMARKET)checkSellConsolidationBreakDown-week2-lowNotReachedWeek3,week2BarLowChangeLT0,chisDownTrend-Risky-nearHigh,##DOWNTREND:sellMonth3HighReversal(InDownTrend),##(Check-chart-buy):month3High-InMinus,ReversalHighMonth3,",-1.8458140980113662,1,0,1
"PCTChangeGT2,,,,chisUpTrend-Risky-nearLow,(GLOBALFUTUP-UPTRENDMARKET)checkBuyConsolidationBreakUp-week2-highNotReachedWeek3,week2BarHighChangeGT0,chis-breakoutup-2week,",0.6164341756742278,1,1,0
"PCTChangeLT-1,PCDayChange-0.5to0.5,,,,%%:checkSell:CupDownDoji-lastDayLT(-2)TodayDoji,",-1.2537577265457522,7,2,5
"PCDCLT0PCTChangeGT1,PCDayChange-0.5to0.5,_LTGT3.0_,,,%%HLTF:(GLOBAL-DOWN)sellHighLowerTail-Reversal-LastDayMarketUp,",-4.030213023042598,3,1,2
"PCDCGT0PCTChangeLT-3,PCDayChange-0.5to0.5,_LTGT3.0_,,,%%:checkSell:Super2,-+,##MA-SMA200LT0SMA100LT0,",-0.03226003339213359,1,0,1
"PCTChangeLT-0.5,,,,chisSell:Super03-monthLow,##ML:buyRisingMA-down-0,",1.5857269077550262,1,1,0
"PCTChangeLT-2,_HTGT1.5__HTGTPCTDayChange_,,,%%:check(UPTREND-UPMARKET)Buy(DOWNTRENDTREND-DOWNMARKET)Sell:Super01-monthLow,(GLOBALFUTDOWN-DOWNTRENDMARKET)checkSellConsolidationBreakDown-month,weekBarLowChangeLT-2,##MANegative_Downtrend_(LT-2),##MA-SMA200LT0SMA100LT0,",6.674862330146344,1,1,0
"PCTChangeGT0.5,PCDayChange-0.5to0.5,_HTGT1.5__LTGT1.5_,,,shortUpTrendSellReversal-Month3High-Doji-Last2DayGTToday,##MAPositive_Uptrend(GT0),##MA-SMA200GT0SMA100GT0,",-4.720352585151122,1,0,1
"PCTChangeGT1,,,,volumeUpsergedLast2n3n4DayDown,",0.26122202549008394,13,7,6
"PCTChangeGT3,,,,VOL:sell-UpVol-3dayUp-Week2High,weekBarHighChangeGT2,##MAPositive_Uptrend(GT2),##MA-SMA200GT0SMA100GT0,",1.0665295167958315,2,2,0
"PCTChangeLT-3,,,,weekBarLowChangeLT-2,(SMA9LT0),",-1.003954872078274,5,2,3
"PCTChangeGT1,,,,(Test)MaySell-CheckChart(downTrend-lastDayUp),chisBuyFinalCandidate-2,",0.30175646236331305,1,1,0
"PCDCGT0PCTDayChangeLT0,_HTGT3.0_,,,##MA-SMA200LT0SMA100LT0,",10.273003139378837,1,1,0
"PCTChangeLT-2,,,,chisSellDownTrend-nearHigh,##(Check-chart-buy):month3High-InMinus,ReversalHighMonth3,",-0.17141074271169177,27,12,15
"PCTChangeLT-2,_LTGT1.5_,,,chisSell-smallUptrendReversal,##ML:buyRisingMA-down-Risky,",1.0859448130814855,1,1,0
"PCTChangeLT-12,_HTGT1.5_,,,chisDownTrend-Risky-nearHigh,",3.0844033949679446,1,1,0
"PCTChangeLT-2,_HTGT1.5_,,,%%:checkSell:Super01-monthLow,##ML:sellRisingMA-down-(Risky),",-3.3519538388960233,1,0,1
"PCTChangeLT-5,,,,vol-buy-DownVol-3dayDown-Week2Low,##MANegative_Downtrend_(LT-2),##MA-SMA200LT0SMA100LT0,##last2DayLow(LT-3)-M3LGT0,",-1.6312965254406009,1,0,1
"PCDCLT0PCTChangeGT1,_HTGT3.0__LTGT1.5__HTGTPCTDayChange_,,,##MA-SMA200LT0SMA100LT0,",-3.0209866488975967,1,0,1
"PCTChangeLT-3,,,,volSellContinueLast2DayDown-VolUp,weekBarLowChangeLT0,brokenToday,chisDownTrend-Risky-nearHigh,",-2.5751856195859273,1,0,1
"PCTChangeGT0.5,PCDayChange-0.5to0.5,year2High,_HTGT3.0_,,,%%HLTF-Last2HighTail:(UPTREND)buy(DOWNTREND)sell:HighUpperTailPre-last2DayUp,%%HLTF:maySellTail-tailGT2-7,10thDayGT20,",0.6727699069450674,1,1,0
"PCTChangeLT-0.5,_LTGT3.0_,,,shortDownTrendBuyReversal-MonthLow-Doji-Last2DayLTToday,",-1.1186594723142314,2,0,2
"PCTChangeGT2,year2High,,,,checkBuyConsolidationBreakout-allPreLT0,chisBuyConsolidationBreakUp-2week-(Risky)-year2High,week2BarHighChangeGT0,brokenToday,",2.408281598772311,1,1,0
"PCTChangeLT-1,_HTGT1.5__HTGTPCTDayChange_,,,%%:sellDowntrend-lastDayDown-ReversalHighTail,shortDownTrendSellContinue-Doji-Last2DayLTToday,",-2.4861145019531294,1,0,1
"PCTChangeGT2,_LTGT1.5_,,,checkCupDown-lastDayUp,",-0.43619965112214454,5,2,3
"PCTChangeGT1,_LTGT3.0_,,,##MAPositive_Uptrend(GT1),##MA-SMA200LT0SMA100GT0,",-5.631811517390331,1,0,1
"PCTChangeGT2,year2High,_HTGT1.5__LTGT1.5__LTGTPCTDayChange_,,,week2BarHighChangeGT2,weekHighGTweek2High,",0.0,1,0,0
"PCDCGT0PCTChangeLT-1,,,,(Test)MaySell-CheckChart(downTrend-lastDayUp),",-1.7087471989000294,2,0,2
"PCTChangeGT3,,,,##(Check-chart-sell):month3Low-InPlus,ReversalLowMonth3,chisBuyUpTrend-nearLow,##UPTREND:buyMonth3LowReversal(Confirm),",1.6702093569972778,6,5,1
"PCTChangeLT-3,year2Low,_LTGT1.5_,,,%%:buyDownTrend-month3Low,",2.9532919630920857,3,2,1
"PCTChangeGT3,,,,volumeUpsergedLast2n3n4DayDown,volBuyContinueLast2DayUp-VolUp,##buyTenDaysLessThanMinusTen,",-1.3372995603745688,1,0,1
"PCTChangeGT5,_HTGT1.5_,,,chisUpTrend-Risky-nearLow,(GLOBALFUTUP-UPTRENDMARKET)checkBuyConsolidationBreakUp-week2-highNotReachedWeek3,week2BarHighChangeGT2,weekHighGTweek2High,chis-breakoutup-2week,chisBuy-2week-breakoutup,##UPTREND:buyMonth6LowReversal(Confirm),",0.6384131829470089,1,1,0
"PCTChangeGT2,year2High,,,,volSellVolumeUpsergedLast2n3DayDown,chisCheckConsolidationBreakoutLT(4.5),",0.32671495596328753,4,3,1
"PCTChangeLT-2,,,,##(Test)(Check-chart):yearLow-InMinus,",-0.4231824198620199,2,1,1
"PCTChangeGT8,,,,volumeUpsergedLast2n3n4DayDown,volBuyContinueLast2DayUp-VolUp,##MAPositive_Uptrend(GT4.5),##MA-SMA200GT0SMA100GT0,",-0.24439620047641739,3,1,2
"PCTChangeGT2,_HTGT3.0__LTGT1.5__HTGTPCTDayChange_,,,##MANegative_Downtrend_(GT1),##MA-SMA200GT0SMA100LT0,",0.6161405859876716,1,1,0
"PCDCLT0PCTChangeGT3,PCDayChange-0.5to0.5,_HTGT3.0_,,,%%HLTF:(UPTREND-MorningTrend-UP)mayBuyTail-highTailGT2-7,10thDayGT10-Last2DayStockDown,",-1.5542722953838193,2,1,1
"PCTChangeLT-3,_HTGT3.0__HTGTPCTDayChange_,,,volBuyReversalLast2DayDown-VolUp,",0.3810214210274342,1,1,0
"PCTChangeLT-0.5,_LTGT1.5_,,,(SMA9LT0),",1.15919836664518,2,1,1
"PCTChangeGT5,,,,volSellRevarsalVolCrossed,",0.25814751317363666,2,1,1
"PCTChangeLT-3,,,,sellPatternsML,##MANegative_Downtrend_(LT-2),##MA-SMA200LT0SMA100LT0,",-2.3749651145449477,1,0,1
"PCTChangeLT-0.5,_LTGT3.0_,,,%%:checkSell:Super01-monthLow,##RisingMA(check-chart-buy)-MayBuyCheckChart,",1.5121980992759145,1,1,0
"PCTChangeLT-3,,,,weekBarLowChangeLT-5,##(Check-chart-buy):month3High-InMinus,ReversalHighMonth3,",0.848784491888801,1,1,0
"PCTChangeGT5,year2Low,_HTGT1.5_,,,chisSellYear2LowLT-40-last3DayDown(triggerAfter-9:15),",4.434170142909462,2,2,0
"PCTChangeLT-2,_LTGT1.5_,,,VOL:buy-UpVol-3dayDown-Week2Low,",-0.9864852610390473,2,0,2
"PCTChangeLT-2,_HTGT1.5__HTGTPCTDayChange_,,,%%:checkSell:Super0,",0.8867213358188417,1,1,0
"PCTChangeGT3,year2High,,,,volSellVolumeUpsergedLast2n3DayDown,volBuyContinueLast2DayUp-VolUp,",1.3429164061235328,3,3,0
"PCTChangeGT0,_HTGT1.5__HTGTPCTDayChange_,,,(Test)(check-chart-2-3MidCapCross)MaySellCheckChart-Risky,",-0.055631928271763956,30,12,18
"PCTChangeGT2,,,,##MA-SMA200LT0SMA100LT0,",-2.4944409911084837,1,0,1
"PCTChangeLT-0.5,_LTGT1.5_,,,$$MayBuy-CheckChart-baseLine(inuptrend-monthlow)-MHCLT(-10),",7.013715532799998,1,1,0
"PCTChangeLT-2,,,,volSellContinueLast2DayDown-VolUp,##DOWNTREND:sellMonth3HighReversal(InDownTrend),##(Check-chart-buy):month3High-InMinus,ReversalHighMonth3,",-0.3529079697119492,1,0,1
"PCTChangeLT-2,_HTGT3.0__HTGTPCTDayChange_,,,volumeUpsergedLast2n3n4DayUp,volSellContinueLast2DayDown-VolUp,",2.9697648869004336,1,1,0
"PCTChangeGT1,_HTGT1.5_,,,##(Check-chart-sell):month3Low-InPlus,ReversalLowMonth3,",0.6284970560120491,1,1,0
"PCTChangeGT8,_HTGT3.0_,,,zigZagVolCrossedFromDown,##MAPositive_Uptrend(GT4.5),##MA-SMA200LT0SMA100LT0,",-1.6604317123879597,1,0,1
"PCTDayChangeLT0,_HTGT1.5_,,,%%HLTF-Last2HighTail:(DOWNTREND)sellHighUpperTailPre,chisDownTrend-Risky-nearHigh,",-1.202127659574468,1,0,1
"PCTChangeGT5,year2High,,,,VOL:sell-UpVol-3dayUp-Week2High,weekBarHighChangeGT2,",0.5610821386014224,1,1,0
"PCTChangeLT-3,_LTGT1.5_,,,checkCupDown-3dayDown-mayReversalBuy,",0.6744108059527336,2,1,1
"PCTChangeLT-1,,,,%%:checkSell:Super01-monthLow,sellPatternsML,sellPatterns-LT-1.5-SMALT0,(SMA9LT0),",-0.47146250533110623,1,0,1
"PCTChangeLT-8,year2Low,,,,##last2DayLow(LT-3)-M3LLT0,",8.842180409468227,2,2,0
"PCTChangeGT1,PCDayChange-0.5to0.5,_LTGT1.5_,,,(SMA9LT0),",0.904344931043286,2,2,0
"PCTChangeGT1,_HTGT1.5__LTGT1.5__HTGTPCTDayChange__LTGTPCTDayChange_,,,chisSellDowningMA-(check5MinuteDownTrendAndSellDowntrend)-Already10DayDown,",-1.4724348456424399,1,0,1
"PCTChangeGT2,_HTGT3.0__LTGT1.5__HTGTPCTDayChange_,,,chisBuyFinalCandidate-(lastDayUp)-(sellPattern),",-5.819673560542304,1,0,1
"PCTChangeLT-0.5,PCDayChange-0.5to0.5,,,,##MANegative_Downtrend_(LT0),##MA-SMA200LT0SMA100LT0,",1.8742190277412603,1,1,0
"PCTChangeGT1,PCDayChange-0.5to0.5,_HTGT3.0_,,,%%:checkBuyContinue:CupDownDoji-last2dayUp,",-0.9855783902681797,1,0,1
"PCTChangeGT0.5,year2High,_HTGT3.0__HTGTPCTDayChange__LTGTPCTDayChange_,,,chisSellEveningStar-2(Check2-3MidCapCross),",-0.2446445850057431,1,0,1
"PCTChangeGT1,_LTGT1.5_,,,%%HLTF:(SGXNIFTYUP)buyHighLowerTail-Continue,chisBuyYearHigh-3,",0.09594082741235035,2,1,1
"PCTChangeLT-0.5,_LTGT1.5_,,,##buyYear2LowMovingSMA,",-2.4298802056275957,3,0,2
"PCTChangeLT-3,_HTGT3.0__HTGTPCTDayChange_,,,%%:check(UPTREND-UPMARKET)Buy(DOWNTRENDTREND-DOWNMARKET)Sell:Super01-monthLow,volBuyReversalLast2DayDown-VolUp,",-4.305879480698523,1,0,1
"PCDCLT0PCTChangeGT1,_LTGT1.5_,,,%%HLTF:(SGXNIFTYUP)buyHighLowerTail-Continue,(Test)MayBuy-CheckChart(upTrend-lastDayDown),##MA-SMA200LT0SMA100LT0,",-3.5544496603429496,1,0,1
"PCTChangeLT-2,_LTGT1.5_,,,checkCupDown-near2WeekDown-mayReveresalBuy,chisDownTrend-Risky-nearHigh,##DOWNTREND:sellYear2HighReversal(InDownTrend),##(Check-chart-buy):month3High-InMinus,ReversalHighMonth3,",-1.3862096723289672,1,0,1
"PCTChangeGT1,_HTGT1.5__HTGTPCTDayChange_,,,(Test)MaySellCheckChart-last3DayUp,MaySellCheckChart-(IndexNotDownInSecondHalf),chisBuyYearHigh-3,",-3.5106415444232097,1,0,1
"PCTChangeLT-3,_HTGT1.5_,,,%%:checkSell:FlagWeek,VOL:sell(GLOBALFUTUP-GLOBALMARKETUP)Buy-UpVol-3dayDown-Week2High,",0.10186667798031074,1,1,0
"PCTChangeGT1,year2Low,,,,chisSellYear2LowLT-40-last4DayDown(triggerAfter-9:15),volBuyVolumeUpsergedLast2n3DayDown,",0.8411252981405763,1,1,0
"PCTChangeGT0.5,_HTGT1.5__LTGT1.5_,,,%%HLTF-Last2HighTail:(UPTREND)buy(DOWNTREND)sell:HighUpperTailPre-last2DayUp,chisBuyYearHigh-3,",-1.7137751441156874,1,0,1
"PCTChangeGT3,,,,##MAPositive_Uptrend(GT1),##MA-SMA200GT0SMA100GT0,##lastDayHighGT5TodayGT1,",1.0999119929368835,1,1,0
"PCTChangeLT-3,,,,weekBarLowChangeLT-2,brokenToday,$$MayBuy-CheckChart(monthLow-minimumLast4DayDown),",0.41257124458398875,1,1,0
"PCTChangeGT2,,,,(GLOBALFUTUP-UPTRENDMARKET)checkBuyConsolidationBreakUp-week2-highNotReachedWeek3,week2BarHighChangeGT0,weekHighGTweek2High,brokenToday,chis-breakoutup-2week,chisSell-2week-breakoutup,",0.6231305892159044,1,1,0
"PCTChangeGT2,_HTGT1.5__HTGTPCTDayChange_,,,chisBuyConsolidationBreakUp-2week-(Risky)-year2High,week2BarHighChangeGT0,brokenToday,",-3.1814856902570674,1,0,1
"PCTChangeLT-5,_LTGT3.0_,,,chisSellUpTrend-Risky-2,##MAPositive_Uptrend(LT-2),##MA-SMA200GT0SMA100GT0,",1.4494551251901902,1,1,0
"PCTChangeGT8,_LTGT3.0_,,,##(Check-chart):year2High-InPlus,",5.3337696335078535,1,1,0
"PCTChangeGT1,PCDayChange-0.5to0.5,_LTGT1.5_,,,%%HLTF:(GLOBAL-DOWN)sellHighLowerTail-Reversal-LastDayMarketUp,buyPatternsML,",3.909133790544556,1,1,0
"PCTChangeGT2,_HTGT3.0__HTGTPCTDayChange_,,,%%HLTF-Last2HighTail:(UPTREND)buy(DOWNTREND)sell:HighUpperTailPre-last2DayUp,volSellVolumeUpsergedLast2n3DayDown,",-5.40172656805119,1,0,1
"PCTChangeLT-3,_HTGT1.5__LTGT1.5__HTGTPCTDayChange_,,,chisDownTrend-Risky-nearHigh,##(Check-chart-buy):month3High-InMinus,ReversalHighMonth3,",0.5978294155752646,1,1,0
"PCTChangeLT-3,,,,chisSell:Super03-monthLow,##MANegative_Downtrend_(LT-2),##MA-SMA200LT0SMA100LT0,",-1.4285714285714297,1,0,1
"PCTChangeGT1,,,,(GLOBALFUTUP-UPTRENDMARKET)checkBuyConsolidationBreakUp-week2-highNotReachedWeek3,week2BarHighChangeGT0,##(check-chart)mayBuy-EMA6-LT-May-MT-EMA14,",-0.9841602362941873,1,0,1
"PCTChangeLT-2,,,,weekBarLowChangeLT-2,##DOWNTREND:sellMonth6HighReversal(InDownTrend),##(Check-chart-buy):month6High-InMinus,ReversalHighMonth6,",0.14271785528761383,2,1,1
"PCTChangeLT-1,,,,checkCupDown-near2WeekDown-mayReveresalBuy,(GLOBALFUTDOWN-DOWNTRENDMARKET)checkSellConsolidationBreakDown-week2-lowNotReachedWeek3,week2BarLowChangeLT0,",-0.08029798053796589,9,4,5
"PCTChangeLT-2,_HTGT1.5__LTGT1.5_,,,volBuyReversalLast2DayDown-VolUp,##DOWNTREND:sellYear2HighReversal(InDownTrend),##(Check-chart-buy):month3High-InMinus,ReversalHighMonth3,",-1.3116839621841176,1,0,1
"PCTChangeLT-1,_LTGT1.5_,,,##MANegative_Downtrend_(LT-2),##MA-SMA200GT0SMA100LT0,",2.7651370091988046,4,3,1
"PCTChangeLT-3,_HTGT1.5_,,,volSellVolumeUpsergedLast2n3DayUp,volSellContinueLast2DayDown-VolUp,chisSellDownTrend-nearHigh,##(Check-chart-buy):YearHigh-InMinus,NearHighYear,",-2.361737832263307,1,0,1
"PCTChangeLT-3,_LTGT1.5_,,,checkCupDown-near2WeekDown-mayReveresalBuy,(GLOBALFUTDOWN-DOWNTRENDMARKET)checkSellConsolidationBreakDown-week2-lowNotReachedWeek3,week2BarLowChangeLT0,##DOWNTREND:sellMonth3HighReversal(InDownTrend),##last2DayLow(LT-3)-M3LGT0,##(Check-chart-buy):month3High-InMinus,ReversalHighMonth3,",2.403277079743359,1,1,0
"PCTChangeGT0,PCDayChange-0.5to0.5,_LTGT1.5_,,,##MANegative_Downtrend_(GT0),##MA-SMA200LT0SMA100LT0,",2.5413357619555437,3,2,1
"PCTChangeLT-2,,,,checkCupDown-3dayDown,VOL:sell(GLOBALFUTUP-GLOBALMARKETUP)Buy-UpVol-3dayDown-Week2High,##DOWNTREND:sellMonth3HighReversal(InDownTrend),##(Check-chart-buy):month3High-InMinus,ReversalHighMonth3,",-0.536721439684849,1,0,1
"PCDCGT0PCTDayChangeLT0,_HTGT1.5__HTGTPCTDayChange__LTGTPCTDayChange_,,,%%HLTF-Last2HighTail:(DOWNTREND)sellHighUpperTailPre-1,",8.963634144176131,1,1,0
"PCDCGT0PCTDayChangeLT0,_HTGT3.0__LTGT1.5_,,,%%:sellDowntrend-lastDayUp-ReversalHighTail,%%HLTF-Last2LowTail:(DOWNTREND)sellHighLowerTailPre-1,",-1.391578440032144,2,1,1
"PCTChangeLT-2,,,,chisSellDownTrend-nearHigh,##(Check-chart-buy):month3High-InMinus,NearHighMonth3,",0.19754546851987573,38,19,18
"PCTChangeGT2,,,,chisCheckConsolidationBreakoutLT(4.5),weekBarHighChangeGT2,",-0.08981494961351671,27,13,14
"PCTChangeGT5,_HTGT3.0__HTGTPCTDayChange_,,,##last2DayHighGT3-M3HLT0,",0.4380678684231319,1,1,0
"PCTChangeGT1,_HTGT1.5__LTGT3.0__HTGTPCTDayChange__LTGTPCTDayChange_,,,%%HLTF:(GLOBAL-DOWN)sellHighLowerTail-Reversal-LastDayMarketUp,",0.33496840967107644,4,3,1
"PCTChangeGT2,_LTGT1.5_,,,volSellRevarsalVolCrossed,chisBuyFinalCandidate-(lastDayUp)-(sellPattern),buyFinal1,",-1.6853906652344173,1,0,1
"PCTChangeLT-3,,,,volSellContinueLast2DayDown-VolUp,chisSellDownTrend-nearHigh,##(Check-chart-buy):month3High-InMinus,ReversalHighMonth3,",-3.833422841715063,1,0,1
"PCDCGT0PCTChangeLT-5,_HTGT3.0__HTGTPCTDayChange_,,,##MA-SMA200LT0SMA100GT0,",5.216535433070862,1,1,0
"PCTChangeLT-3,,,,volumeUpsergedLast2n3n4DayUp,volSellContinueLast2DayDown-VolUp,(GLOBALFUTDOWN-DOWNTRENDMARKET)checkSellConsolidationBreakDown-week2-lowNotReachedWeek3,week2BarLowChangeLT0,sellPatternsML,",-2.346851245777024,1,0,1
"PCTChangeGT0,PCDayChange-0.5to0.5,year2High,,,,shortUpTrendSellReversal-Month3High-Doji-Last2DayGTToday,",-1.921820176484932,2,1,1
"PCTChangeGT2,_HTGT1.5_,,,##UPTREND:buyMonth6LowReversal(Confirm),",-5.853662258241235,1,0,1
"PCTChangeLT-5,,,,chisSellDayLowVolLow-01,",0.37198477187055673,7,4,3
"PCTChangeGT2,,,,##(Check-chart-sell):month3Low-InPlus,ReversalLowMonth3,chisUpTrend-Risky-nearLow,(GLOBALFUTUP-UPTRENDMARKET)checkBuyConsolidationBreakUp-week2-highNotReachedWeek3,week2BarHighChangeGT0,brokenToday,##ML:sellRisingMAuptrend-1,##UPTREND:buyMonth3LowReversal(Confirm),",0.14950571662167508,1,1,0
"PCTChangeLT-8,_LTGT3.0_,,,VOL:sellAboveTail-BuyAtClose:upVol3dayDownWeek2Low-highLowerTail,##MANegative_Downtrend_(LT-4.5),##MA-SMA200GT0SMA100LT0,",0.22106304557392048,1,1,0
"PCTChangeLT-2,_HTGT1.5_,,,chisDownTrend-Risky-nearHigh,##DOWNTREND:sellYear2HighReversal(InDownTrend),##(Check-chart-buy):month3High-InMinus,ReversalHighMonth3,",-1.5955662575530019,3,1,2
"PCTChangeLT-3,,,,%%:checkSell:Flag2Week,checkCupDown-inDownTrend,bar_low,##sellRisingMA,",0.048735918617415754,1,1,0
"PCTChangeGT3,,,,$$MaySell-CheckChart(monthHigh-minimumLast4DayUp),chisCheckConsolidationBreakoutLT(4.5),(GLOBALFUTUP-UPTRENDMARKET)checkBuyConsolidationBreakUp-week2-highNotReachedWeek3,week2BarHighChangeGT0,brokenToday,##UPTREND:buyYear2LowReversal(Confirm),",1.18762552333922e-14,1,1,0
"PCTChangeGT2,_LTGT1.5_,,,chisBuyDownTrend-Risky-1,",-2.050748659625292,1,0,1
"PCTChangeLT-1,year2Low,_HTGT1.5__LTGT3.0__HTGTPCTDayChange__LTGTPCTDayChange_,,,$$MayBuy-CheckChart(downTrend-mayReverseLast4DaysDown),",-0.7779386838595409,1,0,1
"PCDCLT0PCTChangeGT1,_HTGT1.5__LTGT3.0__HTGTPCTDayChange__LTGTPCTDayChange_,,,mayBuyFromSellPattern-GT1.8,",2.233161746004041,1,1,0
"PCDCLT0PCTChangeGT0,PCDayChange-0.5to0.5,_LTGT3.0_,,,%%HLTF:(GLOBAL-DOWN)sellHighLowerTail-Reversal-LastDayMarketUp,chisBuyYearHigh-3,",-2.8749884571540303,1,0,1
"PCTChangeLT-0.5,_HTGT3.0__LTGT1.5_,,,volSellContinueLast2DayDown-VolUp,##MA-SMA200GT0SMA100LT0,",-0.9180287845799112,1,0,1
"PCTChangeLT-3,_LTGT1.5_,,,(GLOBALFUTDOWN-DOWNTRENDMARKET)checkSellConsolidationBreakDown-week2-lowNotReachedWeek3,week2BarLowChangeLT-2,weekLowLTweek2Low,##DOWNTREND:sellYear2HighReversal(InDownTrend),##last2DayLow(LT-3)-M3LGT0,##(Check-chart-buy):month3High-InMinus,ReversalHighMonth3,",2.068061229446162,1,1,0
"PCTChangeLT-3,,,,weekBarLowChangeLT-2,##MANegative_Downtrend_(LT-2),##MA-SMA200LT0SMA100LT0,",0.04415806159920842,7,4,3
"PCTChangeLT-2,year2Low,_LTGT3.0_,,,buyMorningStar-HighLowerTail-(checkChart),",0.2600220480057054,3,2,1
"PCTChangeLT-1,_HTGT1.5__LTGT1.5__HTGTPCTDayChange__LTGTPCTDayChange_,,,##MANegative_Downtrend_(LT-2),##MA-SMA200LT0SMA100LT0,%%:buyDownTrend-month3Low,",-3.519381009615382,1,0,1
"PCTChangeGT0,_HTGT1.5__HTGTPCTDayChange_,,,%%:checkSell:CupDownDoji,(Test)(check-chart-2-3MidCapCross)MaySellCheckChart-Risky,",-0.570653832477082,1,0,1
"PCTChangeGT2,,,,weekBarHighChangeGT0,brokenToday,##MAPositive_Uptrend(GT2),##MA-SMA200LT0SMA100LT0,",-0.06747020700782039,1,0,1
"PCTChangeLT-2,,,,(GLOBALFUTDOWN-DOWNTRENDMARKET)checkSellConsolidationBreakDown-week2-lowNotReachedWeek3,week2BarLowChangeLT0,weekLowLTweek2Low,",-0.010077650125852461,85,41,43
"PCTChangeLT-3,_HTGT1.5_,,,##MANegative_Downtrend_(LT-4.5),##MA-SMA200GT0SMA100LT0,##DOWNTREND:sellMonth3LowBreak,",3.50918605630517,1,1,0
"PCTChangeLT-12,,,,##MANegative_Downtrend_(LT-4.5),##MA-SMA200LT0SMA100LT0,",1.4361756124584018,2,1,1
"PCTChangeGT3,,,,volSellVolumeUpsergedLast2n3DayDown,weekBarHighChangeGT2,brokenToday,##last2DayHighGT3-M3HLT0,",1.5488236038773178,1,1,0
"PCTChangeLT-1,,,,checkCupDown-3dayDown-mayReversalBuy,",0.3164171306603486,10,3,7
"PCTChangeLT-2,,,,chisSellFlag2Week-Risky,checkCupDown-2dayDown,chisDownTrend-Risky-nearHigh,",0.8396331599192286,1,1,0
"PCTChangeLT-2,year2High,,,,checkCupDown-2dayDown-mayReversalBuy,",1.606295074827371,1,1,0
"PCTChangeGT2,,,,(GLOBALFUTUP-UPTRENDMARKET)checkBuyConsolidationBreakUp-week2-highNotReachedWeek3,week2BarHighChangeGT0,weekHighGTweek2High,##UPTREND:buyYear2LowReversal(Confirm),",-3.0204913856972633,1,0,1
"PCTChangeLT-3,,,,(GLOBALFUTDOWN-DOWNTRENDMARKET)checkSellConsolidationBreakDown-week2-lowNotReachedWeek3,week2BarLowChangeLT-5,weekLowLTweek2Low,##DOWNTREND:sellMonth6HighReversal(InDownTrend),",1.2116907050300285,1,1,0
"PCTChangeLT-2,,,,%%:checkSell:ConsolidationBreakDown(NotShapeA)-2week,checkSellConsolidationBreakDown-2week,week2BarLowChangeLT-2,",0.353592509064231,1,1,0
"PCTDayChangeLT0,,,,chisSell:Super03-monthLow,(SMA9GT0),",0.8785197948693803,1,1,0
"PCTChangeGT3,,,,%%:sellDowntrend-lastDayUp-ReversalHighTail,volBuyVolumeUpsergedLast2n3DayDown,",-4.662629191851971,1,0,1
"PCTChangeGT5,_HTGT3.0__LTGT1.5_,,,volumeUpsergedLast2n3n4DayDown,",0.04464558192661868,1,1,0
"PCTChangeLT-2,,,,checkCupDown-inDownTrend-month3HighLTmonth3Low,bar_low,chisSellFinalCandidate-(lastDayUp),",-0.6034482758620586,1,0,1
"PCTChangeLT-8,_HTGT3.0__LTGT1.5_,,,##MANegative_Downtrend_(LT-4.5),##MA-SMA200LT0SMA100LT0,",1.1167921994455432,5,2,3
"PCTChangeGT3,,,,chisSellYear2LowLT-40-last3DayDown(triggerAfter-9:15),##UPTREND:buyYearLow,",0.3172577603349621,1,1,0
"PCTChangeGT0.5,year2Low,,,,volSellReversalLast2DayUp-VolDown,",1.3235501171248352,2,2,0
"PCTChangeLT-3,,,,checkCupDown-mayReversalBuy,",-2.865171968267205,1,0,1
"PCTChangeGT0,PCDayChange-0.5to0.5,_HTGT1.5__LTGT1.5_,,,chisSellSuper-Risky,-+,%%HLTF-Last2LowTail:(DOWNTREND)sellHighLowerTailPre-1,",1.149310080906015,1,1,0
"PCTChangeGT3,_LTGT1.5_,,,%%HLTF:(GLOBAL-DOWN)sellHighLowerTail-Reversal-LastDayMarketUp,##MAPositive_Uptrend(GT2),##MA-SMA200GT0SMA100GT0,",-0.2924781125135928,1,0,1
"PCTChangeGT2,year2High,_HTGT1.5_,,,%%HLTF:(DOWNTREND-OR-GLOBALDOWN)maySellTail-tailGT2-2,3,4thDayGT0,",0.2958507062925408,2,2,0
"PCTChangeGT1,_HTGT3.0__HTGTPCTDayChange_,,,%%HLTF:(UPTREND-GLOBAL/SGX-UP)BuyHighUpperTail-Reversal-7,10thDayGT15-LastDayMarketDown,",5.5540339494984305,1,1,0
"PCTChangeGT1,,,,chisFinalBreakOutBuyContinue-1-test-atYearLow,chisFinalBreakOutBuyContinue-0-test-atYearLow,",0.6722894478097506,15,10,5
"PCTChangeGT5,_HTGT1.5__LTGT3.0__LTGTPCTDayChange_,,,(GLOBALFUTUP-UPTRENDMARKET)checkBuyConsolidationBreakUp-week2-highNotReachedWeek3,week2BarHighChangeGT0,##last2DayHighGT3-M3HLT0,",-3.1696455819266154,1,0,1
"PCDCLT0PCTChangeGT3,_HTGT1.5__LTGT1.5_,,,##MA-SMA200LT0SMA100LT0,##lastDayHigh(LT-5)Today(LT-1),",-3.0468781789143846,1,0,1
"PCTChangeLT-3,_LTGT1.5_,,,%%checkCupDown-2dayDown-continue,chisDownTrend-Risky-nearHigh,##(Check-chart-buy):month3High-InMinus,ReversalHighMonth3,",1.989647978191687,1,1,0
"PCTChangeLT-1,_HTGT3.0_,,,chisSell-smallUptrendReversal,%%HLTF:maySellTail-tailGT2-allDayGT0,",0.45833163791234033,1,1,0
"PCTChangeGT3,,,,chisCheckConsolidationBreakoutGT(4.5),week2BarHighChangeGT2,brokenToday,",-3.042231848567675,1,0,1
"PCTChangeLT-0.5,_HTGT1.5__HTGTPCTDayChange_,,,%%:checkSell:Super0,weekBarLowChangeLT0,",2.305366446103261,1,1,0
"PCTChangeGT1,year2High,_HTGT1.5__HTGTPCTDayChange__LTGTPCTDayChange_,,,%%HLTF-Last2HighTail:(UPTREND)buy(DOWNTREND)sell:HighUpperTailPre-last2DayUp,",-1.5269340685143655,2,0,2
"PCTChangeGT2,_HTGT1.5__LTGT1.5_,,,##buyTenDaysLessThanMinusTen,",-1.938611811117305,3,0,3
"PCTChangeLT-2,,,,VOL:buy-DownVol-3dayDown-Week2High,",-0.05116592822645338,8,3,5
"PCTChangeLT-3,_HTGT3.0_,,,volSellVolumeUpsergedLast2n3DayUp,(GLOBALFUTDOWN-DOWNTRENDMARKET)checkSellConsolidationBreakDown-week2-lowNotReachedWeek3,week2BarLowChangeLT0,weekLowLTweek2Low,chisDownTrend-Risky-nearHigh,##DOWNTREND:sellYear2HighReversal(InDownTrend),##(Check-chart-buy):month3High-InMinus,ReversalHighMonth3,",-1.2068678915243016,1,0,1
"PCTChangeLT-1,,,,checkCupDown-near2WeekDown-mayReveresalBuy,(GLOBALFUTDOWN-DOWNTRENDMARKET)checkSellConsolidationBreakDown-week2-lowNotReachedWeek3,week2BarLowChangeLT0,weekLowLTweek2Low,chisDownTrend-Risky-nearHigh,##(Check-chart-buy):YearHigh-InMinus,ReversalHighYear,",-0.2203167433254355,1,0,1
"PCTChangeGT2,_HTGT1.5_,,,MaySellCheckChart-(IndexNotDownInSecondHalf),$$MaySell-CheckChart-baseLine(inDownTrend-monthHigh)-PCTDayChangeGT0,##(Check-chart-sell):month3Low-InPlus,ReversalLowMonth3,(GLOBALFUTUP-UPTRENDMARKET)checkBuyConsolidationBreakUp-week2-highNotReachedWeek3,week2BarHighChangeGT2,weekHighGTweek2High,##UPTREND:buyMonth3LowReversal(Confirm),",1.9786957566861816,1,1,0
"PCTChangeGT3,,,,zigZagVolCrossedFromDown,(GLOBALFUTUP-UPTRENDMARKET)checkBuyConsolidationBreakUp-week2-highNotReachedWeek3,week2BarHighChangeGT0,weekHighGTweek2High,",-2.108322968883236,1,0,1
"PCTChangeLT-1,_LTGT1.5_,,,##(Check-chart-buy):month6High-InMinus,ReversalHighMonth6,",2.5694521030473645,2,2,0
"PCTChangeGT0,year2Low,,,,##(Test)(check-chart)-sellSMADownTrend,",-1.191548127939589,1,0,1
"PCTChangeGT3,_LTGT1.5_,,,##buyTenDaysLessThanMinusTen,##UPTREND:buyMonth3Low,",1.129604414776799,1,1,0
"PCTChangeLT-1,,,,%%:check(UPTREND-UPMARKET)Buy(DOWNTRENDTREND-DOWNMARKET)Sell:Super01-monthLow,weekBarLowChangeLT0,brokenToday,",-1.0023155841553133,2,1,1
"PCTChangeGT3,_HTGT1.5_,,,$$MaySell-CheckChart-baseLine(inDownTrend-monthHigh)-PCTDayChangeGT0,##(Check-chart-sell):month3Low-InPlus,ReversalLowMonth3,(GLOBALFUTUP-UPTRENDMARKET)checkBuyConsolidationBreakUp-week2-highNotReachedWeek3,week2BarHighChangeGT0,##UPTREND:buyYear2LowReversal(Confirm),",-0.8176993738097975,1,0,1
"PCTChangeLT-2,year2High,,,,volumeUpsergedLast2n3n4DayUp,",0.545364335534713,5,2,3
"PCTChangeGT5,,,,chisUpTrend-Risky-nearLow,chis-breakoutup-2week,##UPTREND:buyMonth6LowReversal(Confirm),",-1.4803771188142716,1,0,1
"PCTChangeGT2,,,,(GLOBALFUTUP-UPTRENDMARKET)checkBuyConsolidationBreakUp-week2-highNotReachedWeek3,week2BarHighChangeGT0,brokenToday,##(Check-chart)buyMonth3High-Continue,",4.64505094008384,1,1,0
"PCTChangeGT8,year2Low,_HTGT1.5_,,,volBuyContinueLast2DayUp-VolUp,",4.223604379973796,1,1,0
"PCTChangeLT-1,_HTGT1.5__HTGTPCTDayChange_,,,%%:checkSell:Super01-monthLow,chisSell-smallUptrendReversal,",-3.141174316406254,1,0,1
"PCTChangeLT-0.5,,,,chisSell-smallUptrendReversal,##buyYear2LowMovingSMA,",0.1617076262161301,1,1,0
"PCTChangeLT-3,,,,checkCupDown-inDownTrend-month3HighLTmonth3Low,bar_low,chisSellFinalCandidate-1-(lastDayUp),",-0.36496350364964025,1,0,1
"PCTChangeGT5,year2Low,_HTGT1.5_,,,##(Test)(check-chart)-sellSMADownTrend-2DayUp-weekHighTouch,##last2DayHighGT3-M3HLT0,",-1.099007483756188,1,0,1
"PCTChangeLT-3,,,,chisDownTrend-Risky-nearHigh,##DOWNTREND:sellYear2HighReversal(InDownTrend),##last2DayLow(LT-3)-M3LLT0,",1.4178914268695015,1,1,0
"PCTChangeGT0.5,_HTGT1.5__LTGT1.5_,,,%%HLTF-Last2HighTail:(UPTREND)buy(DOWNTREND)sell:HighUpperTailPre-last2DayUp,",1.9569012451246264,4,3,1
"PCTChangeGT3,,,,(Test)sellHeavyUpTrend-Reversal-1,##last2DayHighGT3-M3HGT0,",-1.3858589992019605,1,0,1
"PCTChangeGT5,_LTGT1.5_,,,volumeUpsergedLast2n3n4DayDown,(GLOBALFUTUP-UPTRENDMARKET)checkBuyConsolidationBreakUp-week2-highNotReachedWeek3,week2BarHighChangeGT0,brokenToday,",-2.9136822269410665,1,0,1
"PCDCLT0PCTChangeGT0,_HTGT3.0__HTGTPCTDayChange_,,,##MA-SMA200GT0SMA100GT0,",-5.342102050781256,1,0,1
"PCTChangeLT-8,_HTGT1.5__LTGT3.0_,,,##MANegative_Downtrend_(LT-4.5),##MA-SMA200GT0SMA100LT0,##last2DayLow(LT-3)-M3LGT0,",2.2235155922535643,1,1,0
"PCTChangeLT-1,_HTGT3.0__HTGTPCTDayChange_,,,volSellContinueLast2DayDown-VolUp,chisDownTrend-Risky-nearHigh,##(Check-chart-buy):YearHigh-InMinus,NearHighYear,",-6.837469826742593,1,0,1
"PCTChangeGT2,_HTGT1.5__HTGTPCTDayChange_,,,%%HLTF:(GLOBAL-SGX-DOWN)maySellTail-2,3,4thDayGT0,volSellRevarsalVolCrossed,%%:checkSellRevarsalLast3DayUpAtMonth3Low,",0.7601780765843147,1,1,0
"PCTChangeGT2,,,,buyHeavyUpTrend-Continue-(Risky),vol-sell-DownVol-3dayUp-Week2High,##MAPositive_Uptrend(GT2),##MA-SMA200GT0SMA100GT0,",-0.5473228261776153,1,0,1
"PCTChangeLT-3,_LTGT1.5_,,,##DOWNTREND:sellYearHighReversal(InDownTrend),",-2.6562511920928906,1,0,1
"PCTChangeGT0,_LTGT1.5_,,,chisSellDowningMA-(check5MinuteDownTrendAndSellDowntrend)-Already10DayDown,buyYearHigh-0,",0.9574468085106407,1,1,0
"PCTChangeGT1,_HTGT1.5__LTGT1.5_,,,%%:checkSell:Super2,-+,",-1.552967049301515,1,0,1
"PCTChangeLT-3,,,,##sellTenDaysMoreThanTen,##MAPositive_Uptrend(LT-2),##MA-SMA200LT0SMA100LT0,",0.5654774014911954,1,1,0
"PCTChangeGT0,,,,buyYear2LowBreakingUp,",1.5254263150489868,1,1,0
"PCTChangeGT2,_LTGT1.5_,,,%%HLTF-Risky:(GLOBAL-DOWN)sellHighLowerTail-Reversal-LastDayMarketUp,##MAPositive_Uptrend(GT1),##MA-SMA200LT0SMA100GT0,",-0.625,1,0,1
"PCTChangeGT2,,,,chisCheckConsolidationBreakoutLT(4.5),(GLOBALFUTUP-UPTRENDMARKET)checkBuyConsolidationBreakUp-week2-highNotReachedWeek3,week2BarHighChangeGT0,brokenToday,chis-breakoutup-2week,",1.0469014665721867,1,1,0
"PCTChangeGT5,_HTGT1.5_,,,chisSellDayHighVolLow-01-checkMorningTrend(.5SL),chisUpTrend-Risky-nearLow,##(Test)buyBottomReversal-1,",3.2340171520521572,1,1,0
"PCTChangeGT3,_HTGT3.0__LTGT1.5__HTGTPCTDayChange__LTGTPCTDayChange_,,,volumeUpsergedLast2n3n4DayDown,volBuyContinueLast2DayUp-VolUp,",2.4532270580787863,1,1,0
"PCTChangeLT-2,,,,volSellContinueLast2DayDown-VolUp,##(Check-chart-buy):YearHigh-InMinus,ReversalHighYear,",0.9329350655467964,2,2,0
"PCTChangeLT-3,,,,volSellContinueLast2DayDown-VolUp,(GLOBALFUTDOWN-DOWNTRENDMARKET)checkSellConsolidationBreakDown-week2-lowNotReachedWeek3,week2BarLowChangeLT0,chisDownTrend-Risky-nearHigh,",-0.4191491958942783,1,0,1
"PCTChangeLT-3,,,,(SMA9LT0),##MANegative_Downtrend_(LT-2),##MA-SMA200LT0SMA100LT0,##DOWNTREND:sellMonth6LowBreak,",1.315110459710314,1,1,0
"PCTChangeGT3,,,,weekBarHighChangeGT2,brokenToday,##MAPositive_Uptrend(GT4.5),##MA-SMA200LT0SMA100GT0,",1.2145075779424708,1,1,0
"PCTChangeLT-2,,,,volSellContinueLast2DayDown-VolUp,chisSellDownTrend-nearHigh,##DOWNTREND:sellMonth3HighReversal(InDownTrend),##(Check-chart-buy):month3High-InMinus,ReversalHighMonth3,",0.8735550649952715,1,1,0
"PCDCGT0PCTChangeLT-1,,,,buyPatternsML,",2.5397672260433364,1,1,0
"PCTChangeLT-1,,,,%%:checkSell:CupDownDoji-lastDayLT(-2)TodayDoji,chisSellDownTrend-nearHigh,",-3.7233089901132734,2,0,2
"PCTChangeGT3,_LTGT1.5_,,,week2BarHighChangeGT2,brokenToday,",-1.2523443498336477,1,0,1
"PCDCLT0PCTChangeGT1,_LTGT3.0_,,,%%HLTF-Last2DayMarketUp:(GLOBAL-DOWN)sellHighLowerTail-Reversal-LastDayMarketUp,##MA-SMA200GT0SMA100GT0,",1.0569730760169307,1,1,0
"PCTChangeGT3,year2High,_HTGT1.5_,,,volumeUpsergedLast2n3n4DayDown,volBuyContinueLast2DayUp-VolUp,chisCheckConsolidationBreakoutLT(4.5),",-0.805973793143656,1,0,1
"PCTChangeGT0.5,PCDayChange-0.5to0.5,,,,maySellFromBuyPattern-LT-1.8,",-2.125844242138863,5,0,5
"PCTChangeGT3,,,,chisCheckConsolidationBreakoutLT(4.5),(GLOBALFUTUP-UPTRENDMARKET)checkBuyConsolidationBreakUp-week2-highNotReachedWeek3,week2BarHighChangeGT0,chisBuy-2week-breakoutup(check-chart)(|-|-| or --|),##(check-chart)mayBuy-EMA6-LT-May-MT-EMA14,",-1.3437930844254926,1,0,1
"PCTChangeGT1,_LTGT3.0_,,,chisSellFinalContinue-(lastDayUp)-(volLow),",-0.9122346499410942,1,0,1
"PCTChangeGT2,year2High,,,,VOL:sell-UpVol-3dayUp-Week2High,weekBarHighChangeGT2,brokenToday,",0.8832402686589176,1,1,0
"PCTChangeGT5,year2Low,_HTGT3.0__LTGT3.0__HTGTPCTDayChange__LTGTPCTDayChange_,,,chisSellYear2LowLT-40-last4DayDown(triggerAfter-9:15),",-20.714282484912367,1,0,1
"PCTChangeGT3,,,,chisCheckConsolidationBreakout2WeekLT(4.5),weekBarHighChangeGT2,##MAPositive_Uptrend(GT2),##MA-SMA200GT0SMA100LT0,",0.3782265300680239,1,1,0
"PCTChangeGT0.5,,,,%%:checkSell:Super2,-+,",-0.30471101503815123,14,7,7
"PCTChangeGT2,_LTGT3.0_,,,(SMA9GT0),",-3.231947609835796,1,0,1
"PCTChangeLT-2,,,,volSellContinueLast2DayDown-VolUp,weekBarLowChangeLT-2,brokenToday,##DOWNTREND:sellMonth3HighReversal(InDownTrend),##(Check-chart-buy):month3High-InMinus,ReversalHighMonth3,",0.318831989518252,1,1,0
"PCTChangeGT0,_HTGT1.5_,,,chisSellSuper-Risky,-+,",1.6509661373637006,1,1,0
"PCTChangeLT-5,_HTGT3.0__HTGTPCTDayChange_,,,##MANegative_Downtrend_(LT-4.5),##MA-SMA200LT0SMA100LT0,",-0.24249278691426246,2,1,1
"PCTChangeLT-2,,,,checkCupDown-3dayDown,VOL:sell(GLOBALFUTUP-GLOBALMARKETUP)Buy-UpVol-3dayDown-Week2High,##DOWNTREND:sellYear2HighReversal(InDownTrend),##(Check-chart-buy):YearHigh-InMinus,ReversalHighYear,",-4.566089747267197,1,0,1
"PCTChangeLT-1,,,,volSellVolumeUpsergedLast2n3DayUp,(GLOBALFUTDOWN-DOWNTRENDMARKET)checkSellConsolidationBreakDown-week2-lowNotReachedWeek3,week2BarLowChangeLT0,weekLowLTweek2Low,chisDownTrend-Risky-nearHigh,##(Check-chart-buy):month6High-InMinus,ReversalHighMonth6,",-1.4640850256819775,1,0,1
"PCTChangeLT-0.5,_HTGT1.5__HTGTPCTDayChange_,,,shortDownTrendSellContinue-Doji-Last2DayLTToday,",2.567833994005407,2,2,0
"PCTChangeLT-3,_LTGT3.0_,,,##MANegative_Downtrend_(LT-1),##MA-SMA200GT0SMA100LT0,%%:buyDownTrend-month3Low,",-4.484369064853305,1,0,1
"PCTChangeLT-2,,,,chisSellFlagWeek-Risky,mayBuyFromSellPattern-GT1.8,##ML:buyRisingMA-down-Risky,",7.142857142857148,1,1,0
"PCTChangeLT-3,_LTGT1.5_,,,##last3DayLow(LT-3)-M3LLT0,",-0.20438751193631557,1,0,1
"PCTChangeGT3,,,,%%:checkSellRevarsalLast3DayUpAtMonth3Low,(GLOBALFUTUP-UPTRENDMARKET)checkBuyConsolidationBreakUp-week2-highNotReachedWeek3,week2BarHighChangeGT2,##last2DayHighGT3-M3HLT0,",0.3525618668440945,1,1,0
"PCTChangeLT-3,year2Low,_HTGT3.0__LTGT1.5_,,,chisRSISellCandidate(yearLow)-lessThanMinus5,##last2DayLow(LT-3)-M3LLT0,",-3.377548529177296,1,0,1
"PCTChangeGT1,_HTGT1.5_,,,chisSellFinalContinue-(lastDayUp)-2,",2.119574283137199,1,1,0
"PCTChangeGT0.5,,,,sellPattern-LT-1.5-SMALT0,(SMA9LT0),maySellFromBuyPattern-LT-1.8,",-0.2185758997182371,1,0,1
"PCTChangeGT3,,,,checkBuyConsolidationBreakout-allPreLT0,chis-breakoutup-2week,",0.25141495188266744,1,1,0
"PCTChangeLT-0.5,_LTGT3.0_,,,%%HLTF:sellStockInUptrendReversal,",1.8172017730476078,1,1,0
"PCTChangeGT3,year2High,_LTGT3.0_,,,%%HLTF-Risky:(GLOBAL-DOWN)sellHighLowerTail-Reversal-LastDayMarketUp,%%:sellUpTrend-month3High,vol-sell-DownVol-3dayUp-Week2High,",0.6004757417643478,1,1,0
"PCTChangeGT8,,,,##MAPositive_Uptrend(GT2),##MA-SMA200LT0SMA100LT0,",-3.652552553563077,1,0,1
"PCTChangeLT-2,,,,(GLOBALFUTDOWN-DOWNTRENDMARKET)checkSellConsolidationBreakDown-week2-lowNotReachedWeek3,week2BarLowChangeLT0,chisDownTrend-Risky-nearHigh,",0.0753938749433675,30,12,18
"PCTChangeLT-2,,,,volSellContinueLast2DayDown-VolUp,weekBarLowChangeLT0,brokenToday,##(Check-chart-buy):month3High-InMinus,ReversalHighMonth3,",-0.45782985457455494,1,0,1
"PCTChangeGT0.5,year2High,_HTGT3.0__LTGT1.5__HTGTPCTDayChange_,,,%%HLTF-Risky9:30:maySellTail-tailGT2-7,10thDayGT15,",-5.368580153967766,1,0,1
"PCTChangeLT-3,_LTGT3.0_,,,##last3DayLow(LT-3)-M3LGT0,chisBuyYear2Low,NearLowYear2,",0.41342868234796354,1,1,0
"PCTChangeLT-3,,,,checkCupDown-month3HighLTmonth3Low,bar_low,chisDownTrend-Risky-nearHigh,##DOWNTREND:sellYear2HighReversal(InDownTrend),##(Check-chart-buy):month3High-InMinus,ReversalHighMonth3,",1.1748881071476691,1,1,0
"PCDCGT0PCTDayChangeLT0,,,,##(Test)(check-chart)-sellSMADownTrend,",-2.0720108695652257,1,0,1
"PCTChangeGT3,year2High,,,,volSellVolumeUpsergedLast2n3DayDown,##last2DayHighGT3-M3HGT0,",-0.5198865613546374,3,2,1
"PCDCGT0PCTChangeLT-1,_HTGT1.5__LTGT3.0_,,,##MA-SMA200LT0SMA100LT0,",-1.2597015833677952e-14,1,0,1
"PCTChangeGT2,_LTGT1.5_,,,weekBarHighChangeGT0,brokenToday,",2.427110478761751,3,2,1
"PCTChangeLT-3,_LTGT1.5_,,,volumeUpsergedLast2n3n4DayUp,volSellContinueLast2DayDown-VolUp,chisDownTrend-Risky-nearHigh,",1.705202312138728,1,1,0
"PCTChangeLT-8,_HTGT1.5__LTGT1.5_,,,chisSellDayLowVolLow-0,",1.3596517997875548,1,1,0
"PCTChangeLT-3,year2Low,,,,##last2DayLow(LT-3)-M3LLT0,",0.17881323507451174,18,10,8
"PCTChangeGT3,_HTGT3.0_,,,%%HLTF-Last2HighTail:(UPTREND)buy(DOWNTREND)sell:HighUpperTailPre-last2DayUp,",-1.2677267299049202,3,1,2
"PCTChangeLT-1,,,,volSellContinueLast2DayDown-VolUp,weekBarLowChangeLT0,##(Check-chart-buy):YearHigh-InMinus,ReversalHighYear,",0.41933547603764615,1,1,0
"PCDCGT0PCTDayChangeLT0,PCDayChange-0.5to0.5,_LTGT1.5_,,,chisBuyMorningStar-2(NotUpSecondHalfAndUp2to3),",1.6068699149489056,1,1,0
"PCTChangeLT-2,,,,##MAPositive_Uptrend(LT-1),##MA-SMA200GT0SMA100GT0,",1.4616092600113804,5,4,1
"PCTChangeLT-1,,,,(GLOBALFUTDOWN-DOWNTRENDMARKET)checkSellConsolidationBreakDown-week2-lowNotReachedWeek3,week2BarLowChangeLT0,(SMA9LT0),",-0.9999971611555318,1,0,1
"PCTChangeGT2,,,,chisBuyConsolidationBreakUp-2week-(Risky)-year2High,week2BarHighChangeGT0,brokenToday,",-0.1643780582238216,7,3,4
"PCTChangeLT-8,_HTGT3.0__LTGT1.5_,,,##ML:BuyRisingMA-Risky-0,",-10.736196319018408,1,0,1
"PCTChangeGT3,,,,chisBuyUpTrend-nearLow,volBuyContinueLast2DayUp-VolUp,",0.6603585843531148,4,3,1
"PCTChangeLT-1,,,,sellFinal,##longDownTrend-2-IndexNotDownLastDay(checkBase),",0.5868544811143005,1,1,0
"PCTChangeGT3,_HTGT3.0__HTGTPCTDayChange_,,,chisBuyUpTrend-1-YearHigh,",-3.8095894530944037,1,0,1
"PCTChangeLT-1,_LTGT1.5_,,,weekBarLowChangeLT0,$$MayBuy-CheckChart-baseLine(inuptrend-monthlow)-MHCLT(-10),",-3.227142387357206,1,0,1
"PCTChangeGT3,_HTGT1.5_,,,chisBuyConsolidationBreakUp-2week-(Risky)-year2High,week2BarHighChangeGT2,##(Check-chart):year2High-InPlus,",-0.3701026726986663,1,0,1
"PCTChangeGT3,_HTGT1.5__LTGT3.0_,,,chisSellDayHighVolLow-01-checkMorningTrend(.5SL),volSellReversalLast2DayUp-VolDown,##last2DayHighGT3-M3HLT0,",-2.691306740211156,1,0,1
"PCTChangeGT12,_HTGT3.0_,,,volumeUpsergedLast2n3n4DayDown,",-1.0495668423064903,1,0,1
"PCTChangeLT-2,_HTGT1.5_,,,##DOWNTREND:sellMonth3High(InDownTrend),##(Check-chart-buy):month3High-InMinus,NearHighMonth3,",0.31816736838650655,1,1,0
"PCTChangeLT-1,_LTGT3.0_,,,$$MayBuy-CheckChart-baseLine(inuptrend-monthlow)-PCTDayChangeLT0,##(Check-chart-buy):month3High-InMinus,ReversalHighMonth3,",-2.184207313939145,1,0,1
"PCTChangeGT3,_HTGT1.5_,,,%%HLTF-Last2HighTail:(UPTREND)buy(DOWNTREND)sell:HighUpperTailPre-last2DayUp,%%HLTF:(DOWNTREND-OR-GLOBALDOWN)maySellTail-tailGT2-2,3,4thDayGT0,",-3.6559997558593786,1,0,1
"PCTChangeLT-2,_LTGT1.5_,,,##(Test)(check-chart)-buySMAUpTrend,",-0.2516642368530389,1,0,1
"PCTChangeGT5,_HTGT3.0__HTGTPCTDayChange_,,,##MANegative_Downtrend_(GT2),##MA-SMA200GT0SMA100LT0,",-7.474984763075152,1,0,1
"PCTChangeLT-2,,,,(GLOBALFUTDOWN-DOWNTRENDMARKET)checkSellConsolidationBreakDown-week2-lowNotReachedWeek3,week2BarLowChangeLT-2,weekLowLTweek2Low,chisDownTrend-Risky-nearHigh,##DOWNTREND:sellYear2HighReversal(InDownTrend),##(Check-chart-buy):month3High-InMinus,ReversalHighMonth3,",-0.6624025439485995,7,2,5
"PCTChangeLT-1,_HTGT1.5__LTGT1.5__HTGTPCTDayChange_,,,chisSell-smallUptrendReversal,",-0.4694791699615329,1,0,1
"PCTChangeGT1,year2High,_HTGT1.5__HTGTPCTDayChange_,,,%%HLTF-Last2HighTail:(UPTREND)buy(DOWNTREND)sell:HighUpperTailPre-last2DayUp,(Test)MaySellCheckChart-last3DayUp,MaySellCheckChart-(IndexNotDownInSecondHalf),$$MaySell-CheckChart(downTrend-mayReverseLast4DaysUp),",0.1200011982541576,1,1,0
"PCTChangeGT3,year2High,_HTGT1.5_,,,%%HLTF-Last2HighTail:(UPTREND)buy(DOWNTREND)sell:HighUpperTailPre-last2DayUp,VOL:sell-UpVol-3dayUp-Week2High,",-0.7133523831192622,1,0,1
"PCTDayChangeLT0,PCDayChange-0.5to0.5,,,,%%:check(UPTREND-UPMARKET)Buy(DOWNTRENDTREND-DOWNMARKET)Sell:Super01-monthLow,",-0.1845406352789136,54,28,26
"PCTChangeLT-3,,,,volSellContinueLast2DayDown-VolUp,(GLOBALFUTDOWN-DOWNTRENDMARKET)checkSellConsolidationBreakDown-week2-lowNotReachedWeek3,week2BarLowChangeLT0,##DOWNTREND:sellYear2HighReversal(InDownTrend),##(Check-chart-buy):month3High-InMinus,ReversalHighMonth3,",-0.5756212106978645,2,1,1
"PCTChangeLT-3,_LTGT1.5_,,,checkCupDown-near2WeekDown-mayReveresalBuy,volSellContinueLast2DayDown-VolUp,",-1.8306980521448697,1,0,1
"PCTChangeLT-1,PCDayChange-0.5to0.5,_HTGT1.5__LTGT3.0_,,,##MA-SMA200GT0SMA100LT0,",1.434800154161884,1,1,0
"PCTChangeGT1,,,,volSellReversalLast2DayUp-VolDown,##(Check-chart)ML:buyMonth3High-Continue,",1.6220990349264732,1,1,0
"PCTChangeGT0,_HTGT3.0_,,,%%HLTF-Last2HighTail:(UPTREND)buy(DOWNTREND)sell:HighUpperTailPre-last2DayUp,",-0.9016192632847313,2,1,1
"PCTChangeLT-1,,,,%%:checkSell:Super01-monthLow,volBuyReversalLast2DayDown-VolDown,",1.6348904678188234,6,5,1
"PCTChangeLT-0.5,,,,##MANegative_Downtrend_(LT0),##MA-SMA200LT0SMA100LT0,",-0.3732807268557211,2,0,2
"PCTChangeLT-2,,,,chisSellDownTrend-nearHigh,##(Check-chart-buy):month6High-InMinus,NearHighMonth6,",0.08177597048199048,4,3,1
"PCTChangeGT3,PCDayChange-0.5to0.5,_HTGT1.5__LTGT3.0_,,,%%HLTF-Last2LowTail:(DOWNTREND)sellHighLowerTailPre-1,",1.8014913610867433,1,1,0
"PCDCLT0PCTChangeGT1,PCDayChange-0.5to0.5,_HTGT3.0__LTGT3.0_,,,chisBuyYearHigh-1,",-3.5877363930273862,1,0,1
"PCTChangeLT-1,_HTGT1.5__LTGT1.5__HTGTPCTDayChange__LTGTPCTDayChange_,,,(SMA9LT0),##MANegative_Downtrend_(LT-1),##MA-SMA200GT0SMA100LT0,",-8.184464834268809,1,0,1
"PCTChangeLT-1,_HTGT1.5_,,,##MANegative_Downtrend_(LT-2),##MA-SMA200GT0SMA100GT0,",-1.1399746629238878,1,0,1
"PCTChangeGT3,_LTGT3.0_,,,zigZagVolCrossedFromDown,",1.1764121112041686,5,3,2
"PCTChangeLT-8,_LTGT1.5_,,,##MANegative_Downtrend_(LT-4.5),##MA-SMA200GT0SMA100LT0,",3.863514669270103,4,3,1
"PCTChangeLT-3,_LTGT3.0_,,,##MANegative_Downtrend_(LT-4.5),##MA-SMA200LT0SMA100LT0,##last2DayLow(LT-3)-M3LGT0,",-8.133637740315383,1,0,1
"PCTChangeLT-2,,,,%%:checkSell:FlagWeek,volBuyReversalLast2DayDown-VolDown,",-0.49535792678502094,1,0,1
"PCTChangeGT2,,,,volSellVolumeUpsergedLast2n3DayDown,chisCheckConsolidationBreakoutLT(4.5),weekBarHighChangeGT2,",0.7953805150661661,4,2,2
"PCDCLT0PCTChangeGT0,PCDayChange-0.5to0.5,_LTGT1.5_,,,##(Test)(check-chart)-buySMAUpTrend,",-0.035932066583958575,20,7,13
"PCTChangeLT-5,_HTGT1.5_,,,chisFinalBreakOutSell-0,chisSellDownTrend-nearHigh,",3.8129131247386203,1,1,0
"PCTChangeGT1,year2High,_HTGT3.0__HTGTPCTDayChange_,,,volBuyContinueLast2DayUp-VolUp,weekBarHighChangeGT0,",-1.0816311199960822,1,0,1
"PCTChangeGT2,year2High,_LTGT1.5_,,,volSellVolumeUpsergedLast2n3DayDown,",1.093466554054742,2,2,0
"PCTChangeGT1,_HTGT1.5_,,,%%:checkSell:Super2,",-0.25142572118137785,8,4,4
"PCTChangeGT1,,,,%%:sellUpTrend-month3High,buyYearHigh-0,",1.8969818575298447,1,1,0
"PCTChangeLT-3,year2Low,,,,volSellContinueLast2DayDown-VolUp,",-8.45756910333087,1,0,1
"PCTChangeGT0.5,,,,buyPatternsML,chisBuyYearHigh-3,",2.1525726849684528,1,1,0
"PCTChangeLT-8,_HTGT1.5_,,,##MANegative_Downtrend_(LT-4.5),##MA-SMA200LT0SMA100LT0,",-0.4060611722631817,7,4,3
"PCTChangeGT3,,,,chisSellYear2LowLT-40-last3DayDown(triggerAfter-9:15),chisSellYear2LowContinue,",-7.133548500483509,1,0,1
"PCTChangeLT-5,_LTGT1.5_,,,chisDownTrend-Risky-nearHigh,##last2DayLow(LT-3)-M3LGT0,",1.583829411489531,1,1,0
"PCTChangeGT2,,,,chisCheckConsolidationBreakoutLT(4.5),##MAPositive_Uptrend(GT2),##MA-SMA200GT0SMA100GT0,",-0.8251762226142374,2,1,1
"PCDCGT0PCTChangeLT-1,_LTGT1.5_,,,%%HLTF:(GLOBAL-DOWN)sellHighLowerTail-Reversal-LastDayMarketUp,(SMA9GT0),",2.2547650608988636,1,1,0
"PCTChangeLT-0.5,_LTGT1.5_,,,(Test)MayBuy-CheckChart(upTrend-lastDayDown),",0.23818633662147862,21,11,10
"PCDCGT0PCTChangeLT-1,_HTGT1.5_,,,%%:sellDowntrend-lastDayUp-ReversalHighTail,##(Test)(check-chart)-sellSMADownTrend,",1.0235352114471752,1,1,0
"PCTChangeLT-1,_LTGT1.5_,,,(Test)MayBuyCheckChart-last3DayDown,buyMorningStar-(checkChart),",0.9233883357031304,1,1,0
"PCTChangeLT-3,,,,%%:checkSell:FlagWeek,chisDownTrend-Risky-nearHigh,##(Check-chart-buy):month3High-InMinus,ReversalHighMonth3,",-0.14644464549882472,1,0,1
"PCTDayChangeLT0,_LTGT3.0_,,,shortDownTrendBuyReversal-Month3Low-Doji-Last2DayLTToday,",1.4186872330503797,1,1,0
"PCTChangeGT3,,,,chisSellYear2LowLT-40-last3DayDown(triggerAfter-9:15),##UPTREND:buyYearLowReversal(Confirm),",7.183096442424075,1,1,0
"PCTChangeLT-1,_LTGT1.5_,,,chisSellFlagWeek-Risky,chisDownTrend-Risky-nearHigh,",-1.9183490466670308,1,0,1
"PCTChangeGT5,_LTGT3.0_,,,##MANegative_Downtrend_(GT2),##MA-SMA200GT0SMA100GT0,",-7.0642173837084306,1,0,1
"PCTChangeGT0,PCDayChange-0.5to0.5,,,,##MANegative_Downtrend_(GT0),##MA-SMA200GT0SMA100LT0,",-1.93893400850105,1,0,1
"PCTChangeLT-5,,,,(GLOBALFUTDOWN-DOWNTRENDMARKET)checkSellConsolidationBreakDown-week2-lowNotReachedWeek3,week2BarLowChangeLT-2,chisDownTrend-Risky-nearHigh,",0.6784036189344465,2,2,0
"PCTChangeGT0,_LTGT1.5_,,,chisSellDowningMA-(check5MinuteDownTrendAndSellDowntrend)-Already10DayDown,",-0.9482249596871958,16,5,11
"PCTChangeLT-1,,,,weekBarLowChangeLT0,chisDownTrend-Risky-nearHigh,##(Check-chart-buy):YearHigh-InMinus,ReversalHighYear,",-0.2205234829406421,7,3,4
"PCTChangeGT3,,,,##MAPositive_Uptrend(GT4.5),##MA-SMA200GT0SMA100GT0,##last3DayHighGT3-M3HGT0,",0.6685498217294578,1,1,0
"PCTChangeLT-3,,,,vol-buy-DownVol-3dayDown-Week2Low,##last2DayLow(LT-3)-M3LLT0,",4.63390305367713,1,1,0
"PCTChangeLT-3,,,,##DOWNTREND:sellMonth3HighReversal(InDownTrend),##last2DayLow(LT-3)-M3LGT0,##(Check-chart-buy):month3High-InMinus,ReversalHighMonth3,",-0.4071804350912594,3,1,2
"PCTChangeGT2,_HTGT1.5__LTGT1.5_,,,%%:sellDowntrend-lastDayUp-ReversalHighTail,",-2.4446805435156573,2,0,2
"PCTChangeLT-0.5,_HTGT1.5_,,,%%:checkSell:Super0,##MA-SMA200LT0SMA100LT0,",3.9825616880904873,1,1,0
"PCTChangeGT2,_HTGT1.5__LTGT1.5_,,,chisUpTrend-Risky-nearLow,",-0.780840088157606,2,1,1
"PCTChangeLT-1,,,,checkCupDown-mayReversalBuy,(Test)MayBuy-CheckChart(upTrend-lastDayDown),",0.9999956403459792,1,1,0
"PCTChangeLT-3,,,,##DOWNTREND:sellYearLowBreak,",-0.5504250902566411,29,9,19
"PCTChangeLT-3,_HTGT1.5_,,,volSellContinueLast2DayDown-VolUp,(GLOBALFUTDOWN-DOWNTRENDMARKET)checkSellConsolidationBreakDown-week2-lowNotReachedWeek3,week2BarLowChangeLT0,##longDownTrend-2-IndexNotDownLastDay(checkBase),chisDownTrend-Risky-nearHigh,",3.6456423425262354,1,1,0
"PCTChangeLT-8,_HTGT1.5__LTGT1.5_,,,##MANegative_Downtrend_(LT-2),##MA-SMA200LT0SMA100LT0,",4.133770350535815,2,1,1
"PCTChangeGT1,_HTGT1.5__HTGTPCTDayChange_,,,volumeUpsergedLast2n3n4DayDown,volBuyContinueLast2DayUp-VolUp,",2.376766863026343,1,1,0
"PCTChangeGT3,_HTGT1.5_,,,%%HLTF-Last2HighTail:(UPTREND)buy(DOWNTREND)sell:HighUpperTailPre-last2DayUp,##last2DayHighGT3-M3HLT0,",0.8599865742738526,3,2,1
"PCDCGT0PCTChangeLT-5,_HTGT3.0__LTGT1.5__HTGTPCTDayChange_,,,##MA-SMA200LT0SMA100LT0,",13.966664632161457,1,1,0
"PCTChangeLT-3,_HTGT1.5_,,,##ML:buyRisingMA-down-Risky,",2.2679634103498656,5,4,1
"PCTChangeLT-2,,,,chisSell-smallUptrendReversal,volSellVolumeUpsergedLast2n3DayUp,",-1.4293335745115074,1,0,1
"PCTChangeGT1,PCDayChange-0.5to0.5,_HTGT1.5_,,,%%:checkSell:FlagWeek-doji,",-0.8574092542982538,1,0,1
"PCTChangeLT-1,PCDayChange-0.5to0.5,_LTGT1.5_,,,$$MayBuy-CheckChart-baseLine(inuptrend-monthlow)-PCTDayChangeLT0,",-2.6670849307901303,1,0,1
"PCTChangeGT1,_HTGT1.5_,,,chisBuyDayHighVolLow-0,",3.888888888888889,1,1,0
"PCTChangeGT3,_HTGT1.5__HTGTPCTDayChange__LTGTPCTDayChange_,,,chisBuyUpTrend-nearLow,",-7.494337666044892,1,0,1
"PCTDayChangeLT0,_LTGT3.0_,,,buyMorningStar-HighLowerTail-(checkChart),",0.756383297601918,13,10,3
"PCTChangeLT-3,,,,volSellContinueLast2DayDown-VolUp,chisSellDownTrend-nearHigh,##DOWNTREND:sellMonth3High(InDownTrend),##(Check-chart-buy):month3High-InMinus,NearHighMonth3,",-2.0732562146136067,1,0,1
"PCTChangeGT2,,,,chisUpTrend-Risky-nearLow,chisBuy-2week-breakoutup(check-chart)(|-|-| or --|),##UPTREND:buyMonth6LowReversal(Confirm),",1.5000000000000009,1,1,0
"PCTChangeGT8,year2High,,,,volumeUpsergedLast2n3n4DayDown,",-2.7178914462746784,2,0,2
"PCTChangeLT-1,year2Low,,,,volBuyVolumeUpsergedLast2n3DayUp,",-0.7573561681307376,1,0,1
"PCTChangeGT0.5,_HTGT3.0__LTGT1.5_,,,##MANegative_Downtrend_(GT0),##MA-SMA200LT0SMA100LT0,",9.63207316848466,1,1,0
"PCTChangeLT-1,_HTGT1.5__HTGTPCTDayChange_,,,zigZagVolCrossedFromUp,",1.2652216372282703,1,1,0
"PCTChangeLT-2,_HTGT1.5__LTGT1.5__HTGTPCTDayChange__LTGTPCTDayChange_,,,##ML:BuyRisingMA-Risky-1,",-1.6790472203519688,1,0,1
"PCTChangeGT5,_LTGT1.5_,,,volumeUpsergedLast2n3n4DayDown,volBuyContinueLast2DayUp-VolUp,chisCheckConsolidationBreakoutLT(4.5),",-1.6658053645801973,1,0,1
"PCTChangeGT0.5,PCDayChange-0.5to0.5,_LTGT1.5_,,,##MAPositive_Uptrend(GT0),##MA-SMA200GT0SMA100GT0,",0.14651207887161483,11,5,6
"PCTChangeLT-2,,,,chisDownTrend-Risky-nearHigh,##DOWNTREND:sellMonth6HighReversal(InDownTrend),##(Check-chart-buy):month3High-InMinus,ReversalHighMonth3,",1.99078941321312,7,6,1
"PCTChangeGT8,_LTGT1.5_,,,volBuyContinueLast2DayUp-VolUp,",-0.07911677893630002,3,1,2
"PCTChangeLT-2,,,,checkCupDown-near2WeekDown-mayReveresalBuy,chisDownTrend-Risky-nearHigh,##DOWNTREND:sellYear2HighReversal(InDownTrend),##(Check-chart-buy):YearHigh-InMinus,ReversalHighYear,",-2.737560734718274,1,0,1
"PCTChangeLT-2,_HTGT1.5_,,,##DOWNTREND:sellMonth6HighReversal(InDownTrend),##(Check-chart-buy):month6High-InMinus,ReversalHighMonth6,",1.5015498772494185,1,1,0
"PCTChangeLT-1,_HTGT3.0__HTGTPCTDayChange__LTGTPCTDayChange_,,,chisDownTrend-Risky-nearHigh,",-2.4083868755750784,1,0,1
"PCTChangeLT-1,,,,volBuyReversalLast2DayDown-VolDown,chisBuyFinalContinue-1,chisSellUpTrend-Risky-2,##(Check-chart-buy):YearHigh-InMinus,NearHighYear,",-1.981656136120893,1,0,1
"PCTChangeGT0.5,_HTGT1.5__LTGT1.5_,,,chisSellDowningMA-(check5MinuteDownTrendAndSellDowntrend),",0.8856496316075306,1,1,0
"PCTChangeLT-3,,,,chisSellFlagWeek-Risky,volSellContinueLast2DayDown-VolUp,##last2DayLow(LT-3)-M3LGT0,##(Check-chart-buy):month3High-InMinus,BreakHighMonth3,",2.8734335469818952,1,1,0
"PCTChangeLT-2,,,,checkCupDown-2dayDown-mayReversalBuy,chisDownTrend-Risky-nearHigh,##DOWNTREND:sellYear2HighReversal(InDownTrend),##(Check-chart-buy):month3High-InMinus,ReversalHighMonth3,",-0.4395332229503839,3,2,1
"PCTChangeGT8,_HTGT3.0__LTGT1.5_,,,chisSellYear2LowLT-40-last3DayDown(triggerAfter-9:15),",0.07407859519675926,1,1,0
"PCTChangeGT3,year2High,_HTGT1.5_,,,checkBuyConsolidationBreakout-allPreLT0,",-1.0182827333860864,1,0,1
"PCTChangeLT-3,,,,volBuyVolumeUpsergedLast2n3DayUp,checkSellConsolidationBreakDown-month3HighGTMonth3Low,",0.3360096925552776,2,1,1
"PCTChangeGT3,,,,volumeUpsergedLast2n3n4DayDown,(GLOBALFUTUP-UPTRENDMARKET)checkBuyConsolidationBreakUp-week2-highNotReachedWeek3,week2BarHighChangeGT2,weekHighGTweek2High,brokenToday,##last2DayHighGT3-M3HLT0,",-0.2000014361213122,1,0,1
"PCTChangeLT-3,,,,%%:checkSell:FlagWeek,",-2.483314906532077,5,1,4
"PCTChangeGT3,_HTGT1.5__HTGTPCTDayChange__LTGTPCTDayChange_,,,##lastDayHighGT5TodayGT1,",0.9467158831677279,1,1,0
"PCTChangeGT3,,,,(GLOBALFUTUP-UPTRENDMARKET)checkBuyConsolidationBreakUp-week2-highNotReachedWeek3,week2BarHighChangeGT2,brokenToday,",0.38996963902866943,13,7,6
"PCDCGT0PCTDayChangeLT0,PCDayChange-0.5to0.5,_HTGT3.0_,,,(SMA9LT0),",-1.7405712236867557,1,0,1
"PCTChangeLT-3,,,,%%:checkSell:FlagWeek,##last2DayLow(LT-3)-M3LGT0,",0.6112991427207428,3,3,0
"PCTChangeLT-3,_HTGT1.5__LTGT1.5_,,,volSellContinueLast2DayDown-VolUp,##DOWNTREND:sellMonth3LowBreak,",1.5625000000000007,1,1,0
"PCTChangeGT3,year2High,,,,volBuyContinueLast2DayUp-VolUp,chisBuyConsolidationBreakUp-2week-(Risky)-year2High,week2BarHighChangeGT2,brokenToday,",1.4161966348109492,3,2,1
"PCTChangeGT1,year2High,_HTGT3.0__HTGTPCTDayChange_,,,%%HLTF:maySellTail-tailGT2-7,10thDayGT20,$$MaySell-CheckChart(downTrend-mayReverseLast4DaysUp),%%:sellUpTrend-month3High,",-3.1578947368421,1,0,1
"PCTChangeLT-3,,,,%%:checkSell:FlagWeek,volBuyReversalLast2DayDown-VolDown,##MANegative_Downtrend_(LT-4.5),##MA-SMA200LT0SMA100LT0,",-2.2719000377794227,1,0,1
"PCTChangeLT-2,,,,chisSell:Super03-monthLow,checkCupDown-inDownTrend,bar_low,",0.3828512044183132,1,1,0
"PCTChangeLT-2,,,,volBuyReversalLast2DayDown-VolDown,chisBuyFinalContinue-1,##sellTenDaysMoreThanTen,##DOWNTREND:sellYearHigh(InDownTrend),",0.6249957614474752,1,1,0
"PCTChangeGT3,_HTGT1.5_,,,week2BarHighChangeGT2,##last2DayHighGT3-M3HLT0,",0.5287950478325428,1,1,0
"PCTChangeGT1,_HTGT1.5__HTGTPCTDayChange_,,,(Test)(check-chart-2-3MidCapCross)MaySellCheckChart-Risky,weekBarHighChangeGT0,",-3.9560504973673263,1,0,1
"PCTChangeGT5,,,,(GLOBALFUTUP-UPTRENDMARKET)checkBuyConsolidationBreakUp-week2-highNotReachedWeek3,week2BarHighChangeGT0,weekHighGTweek2High,brokenToday,chis-breakoutup-2week,chisBuy-2week-breakoutup,",0.3858942836738522,1,1,0
"PCTChangeGT0,_HTGT1.5__HTGTPCTDayChange_,,,%%:sellDowntrend-lastDayUp-ReversalHighTail,chisSellDowningMA-(check5MinuteDownTrendAndSellDowntrend)-Already10DayDown,(Test)(check-chart-2-3MidCapCross)MaySellCheckChart-Risky,",-4.309999564599663,1,0,1
"PCTChangeLT-0.5,_HTGT3.0__LTGT1.5__HTGTPCTDayChange_,,,##MA-SMA200GT0SMA100GT0,",-14.397366977068884,1,0,1
"PCTChangeLT-2,_LTGT3.0_,,,volBuyReversalLast2DayDown-VolUp,##DOWNTREND:sellYear2HighReversal(InDownTrend),##(Check-chart-buy):YearHigh-InMinus,ReversalHighYear,",2.276724588269558,2,2,0
"PCTChangeLT-3,,,,zigZagVolCrossedFromUp,##MAPositive_Uptrend(LT-2),##MA-SMA200GT0SMA100GT0,",1.1976031490419818,1,1,0
"PCDCGT0PCTChangeLT-1,PCDayChange-0.5to0.5,,,,%%:checkSell:CupDownDoji,",1.4137821459270972,1,1,0
"PCTChangeLT-0.5,_HTGT1.5__LTGT1.5__HTGTPCTDayChange__LTGTPCTDayChange_,,,##MAPositive_Uptrend(LT-1),##MA-SMA200GT0SMA100LT0,",2.321981361467273,1,1,0
"PCTChangeGT3,year2Low,,,,volSellReversalLast2DayUp-VolDown,chisBuyDownTrend-Risky-2,",0.6444432920888118,1,1,0
"PCTChangeGT2,_HTGT1.5_,,,chisUpTrend-Risky-nearLow,week2BarHighChangeGT0,##UPTREND:buyMonth3LowReversal(Confirm),",0.4665125035270951,1,1,0
"PCTChangeLT-1,,,,%%:buyDownTrend-month3Low,",0.8933722922519206,7,6,1
"PCDCGT0PCTChangeLT-1,PCDayChange-0.5to0.5,_HTGT1.5_,,,(SMA9GT0),",0.27610595390758613,1,1,0
"PCTChangeGT0,,,,chisCheckConsolidationBreakoutLT(4.5),",-1.2756186246196217,1,0,1
"PCTChangeGT0.5,_HTGT1.5_,,,shortUpTrendBuyContinue-Doji-Last2DayGTToday,",-1.1413511447171072,9,2,7
"PCTChangeLT-5,,,,chisSellDownTrend-nearHigh,chisSellDayLowVolLow-02-checkMorningTrend(.5SL),",0.7053744931968919,1,1,0
"PCTChangeGT3,year2High,,,,%%:sellUpTrend-month3High,shortUpTrendSellReversal-MonthHigh,chisCheckConsolidationBreakoutLT(4.5),week2BarHighChangeGT0,",2.197062812754054,1,1,0
"PCTChangeLT-1,,,,volumeUpsergedLast2n3n4DayUp,checkSellConsolidationBreakDown-2week,week2BarLowChangeLT0,brokenToday,",2.6151973824175676,1,1,0
"PCTChangeGT2,year2High,_HTGT1.5__HTGTPCTDayChange_,,,MaySellCheckChart-(IndexNotDownInSecondHalf),%%:sellUpTrend-month3High,weekBarHighChangeGT0,brokenToday,",1.7956681541860118,1,1,0
"PCTChangeGT3,,,,%%:sellUpTrend-month3High,",-1.8203839720140305,7,1,6
"PCTChangeLT-0.5,_LTGT3.0_,,,##RisingMA(check-chart-buy)-MayBuyCheckChart,",-1.1646832947538729e-14,1,0,1
"PCTChangeGT2,year2Low,_HTGT3.0_,,,volBuyContinueLast2DayUp-VolUp,",1.7453115717549286,1,1,0
"PCTChangeLT-3,_HTGT1.5_,,,(GLOBAL-DOWN)maySellContinueHighVolatileLastDayDOWN-(LT-5),",-1.4571484281110623,1,0,1
"PCTChangeLT-2,_LTGT1.5_,,,chisSellFinalCandidate-(lastDayUp),",-0.14856031487608234,2,1,1
"PCTChangeGT2,,,,chisUpTrend-Risky-nearLow,(GLOBALFUTUP-UPTRENDMARKET)checkBuyConsolidationBreakUp-week2-highNotReachedWeek3,week2BarHighChangeGT0,brokenToday,chisSell-2week-breakoutup,##UPTREND:buyMonth6LowReversal(Confirm),",0.07339897505733171,1,1,0
"PCTChangeGT2,_HTGT1.5__HTGTPCTDayChange_,,,%%:checkSell:CupDownDoji,MaySellCheckChart-(IndexNotDownInSecondHalf),",5.526311774002887,1,1,0
"PCTChangeGT2,,,,(GLOBALFUTUP-UPTRENDMARKET)checkBuyConsolidationBreakUp-week2-highNotReachedWeek3,week2BarHighChangeGT0,chis-breakoutup-2week,chisBuy-2week-breakoutup,",1.935478362340022,2,2,0
"PCTChangeGT8,,,,chisBuyDayHighVolLow-0,vol-sell-DownVol-3dayUp-Week2High,",0.9321999415165946,1,1,0
"PCTChangeLT-1,year2High,_HTGT3.0__HTGTPCTDayChange_,,,%%HLTF:(UPTREND-MorningTrend-UP)mayBuyTail-highTailGT2-7,10thDayGT10-Last2DayStockDown,",-0.4094376381060673,3,2,1
"PCTChangeGT1,_HTGT1.5__HTGTPCTDayChange_,,,%%HLTF-Last2HighTail:(UPTREND)buy(DOWNTREND)sell:HighUpperTailPre-last2DayUp,weekBarHighChangeGT0,brokenToday,",-1.0501525497967397,1,0,1
"PCTChangeLT-1,_LTGT1.5_,,,buyPatternsML,",3.8385842366644227,1,1,0
"PCTChangeGT5,year2High,_HTGT3.0__HTGTPCTDayChange_,,,volumeUpsergedLast2n3n4DayDown,volBuyContinueLast2DayUp-VolUp,##last2DayHighGT3-M3HGT0,",-1.9827391338832507,1,0,1
"PCTChangeLT-1,,,,chisSellFinalCandidate-3,sellFinal,chisSellDownTrend-nearHigh,",1.2465146424556959,2,2,0
"PCTChangeLT-5,_HTGT1.5_,,,VOL:buy-UpVol-3dayDown-Week2Low,##last2DayLow(LT-3)-M3LGT0,",3.7234012332702973,1,1,0
"PCTChangeGT0,PCDayChange-0.5to0.5,_HTGT3.0_,,,%%HLTF:maySellTail-tailGT2-7,10thDayGT20,%%HLTF:(UPTREND-GLOBAL/SGX-UP)BuyHighUpperTail-Reversal-7,10thDayGT15-LastDayMarketDown,##MAPositive_Uptrend(GT0),##MA-SMA200GT0SMA100GT0,",8.920051120425859,1,1,0
"PCTChangeLT-3,_HTGT1.5_,,,##MANegative_Downtrend_(LT-4.5),##MA-SMA200LT0SMA100LT0,##last2DayLow(LT-3)-M3LGT0,",-4.923970131225582,1,0,1
"PCTChangeGT2,_LTGT1.5_,,,chisUpTrend-Risky-nearLow,weekBarHighChangeGT2,",-4.918179598721591,1,0,1
"PCDCLT0PCTChangeGT1,PCDayChange-0.5to0.5,,,,%%:checkSell:CupDownDoji-lastDayLT(-2)TodayDoji,",-0.40054847249790654,3,1,2
"PCTChangeGT2,,,,chisCheckConsolidationBreakoutLT(4.5),(GLOBALFUTUP-UPTRENDMARKET)checkBuyConsolidationBreakUp-week2-highNotReachedWeek3,week2BarHighChangeGT2,chisBuy-2week-breakoutup(check-chart)(|-|-| or --|),",-1.2244597486906328,4,2,2
"PCDCLT0PCTChangeGT0,_HTGT1.5__LTGT1.5_,,,##MA-SMA200LT0SMA100LT0,",-5.377280497428562,1,0,1
"PCDCGT0PCTChangeLT-1,_HTGT1.5__HTGTPCTDayChange_,,,%%HLTF:maySellTail-tailGT2-7,10thDayGT20,",-2.127828746693528,2,0,2
"PCTChangeGT1,_LTGT3.0_,,,chisSellYear2LowLT-40-last4DayDown(triggerAfter-9:15),",-1.516038544323981,1,0,1
"PCTChangeGT1,_HTGT1.5__HTGTPCTDayChange_,,,%%:sellUpTrend-month3High,##(Check-chart):yearHigh-InPlus,",-0.6849297769090099,1,0,1
"PCDCGT0PCTDayChangeLT0,PCDayChange-0.5to0.5,,,,##MANegative_Downtrend_(GT0),##MA-SMA200LT0SMA100LT0,",-2.948662298781595,1,0,1
"PCTChangeLT-2,,,,##longDownTrend-1-IndexNotDownLastDay(checkBase),chisDownTrend-Risky-nearHigh,",3.9899010103628014,1,1,0
"PCTChangeLT-3,_LTGT1.5_,,,chisSellDownTrend-nearHigh,##(Check-chart-buy):month6High-InMinus,NearHighMonth6,",-1.1352904554471759,1,0,1
"PCTChangeGT3,,,,volumeUpsergedLast2n3n4DayDown,chis-breakoutup-2week,",1.3934401215099816,1,1,0
"PCTDayChangeLT0,PCDayChange-0.5to0.5,_HTGT1.5__LTGT1.5_,,,chisBuyYearHigh-3,",0.25404214346503834,4,3,1
"PCTChangeGT1,_HTGT1.5_,,,%%:sellUpTrend-month3High,",-0.9185279780744592,2,1,1
"PCTChangeGT1,_LTGT1.5_,,,(GLOBALFUTUP-UPTRENDMARKET)checkBuyConsolidationBreakUp-week2-highNotReachedWeek3,week2BarHighChangeGT2,weekHighGTweek2High,",-0.9324576184640431,1,0,1
"PCTChangeGT8,_HTGT3.0__LTGT3.0__HTGTPCTDayChange__LTGTPCTDayChange_,,,##MAPositive_Uptrend(GT2),##MA-SMA200GT0SMA100GT0,",0.7105295281661202,1,1,0
"PCTChangeGT1,_LTGT1.5_,,,%%:checkSell:CupDownDoji,",-1.2965598557261682,1,0,1
"PCTChangeLT-5,,,,volumeUpsergedLast2n3n4DayUp,chisDownTrend-Risky-nearHigh,##MANegative_Downtrend_(LT-4.5),##MA-SMA200GT0SMA100GT0,",0.48763283410715147,1,1,0
"PCTChangeLT-3,_LTGT1.5_,,,volBuyReversalLast2DayDown-VolDown,chisSellDayLowVolLow-01,",4.911720256841239,1,1,0
"PCTChangeGT3,,,,VOL:sell-DownVol-3dayUp-Week2Low,chisBuyFinalContinueReversal-2,buyFinal,",0.044411626373995594,1,1,0
"PCTChangeGT3,,,,(GLOBALFUTUP-UPTRENDMARKET)checkBuyConsolidationBreakUp-week2-highNotReachedWeek3,week2BarHighChangeGT5,weekHighGTweek2High,##last2DayHighGT3-M3HLT0,",3.9830525716145972,1,1,0
"PCTChangeLT-0.5,year2High,_LTGT1.5_,,,%%HLTF:(SGXNIFTYUP)buyHighLowerTail-Continue,(Test)(check-chart-2-3MidCapCross)MayBuyCheckChart-Risky,",3.240909110551442,2,2,0
"PCTChangeGT1,,,,chisSellDowningMA-(check5MinuteDownTrendAndSellDowntrend)-Already10DayDown,buyPatternsML,",2.2169653672299674,1,1,0
"PCTChangeGT0.5,PCDayChange-0.5to0.5,_HTGT1.5__LTGT1.5_,,,%%HLTF-Last2HighTail:(UPTREND)buy(DOWNTREND)sell:HighUpperTailPre-last2DayUp,",-0.9285787840822685,3,0,3
"PCTChangeLT-1,PCDayChange-0.5to0.5,_HTGT1.5_,,,##MAPositive_Uptrend(LT0),##MA-SMA200LT0SMA100LT0,",0.5136286153124386,1,1,0
"PCTChangeGT3,_HTGT3.0__HTGTPCTDayChange_,,,sellEveningStar-0,volSellReversalLast2DayUp-VolUp,week2BarHighChangeGT2,brokenToday,",-5.6025322493141,1,0,1
"PCDCGT0PCTChangeLT-1,PCDayChange-0.5to0.5,,,,(SMA9LT0),",-1.882222207051936,2,1,1
"PCTChangeGT1,_HTGT1.5__LTGT1.5__HTGTPCTDayChange__LTGTPCTDayChange_,,,%%:checkSell:Super2,chisSellDowningMA-(check5MinuteDownTrendAndSellDowntrend)-Already10DayDown,",-1.8293745529845453,1,0,1
"PCTChangeLT-3,year2High,_HTGT1.5__LTGT3.0_,,,VOL:sell(GLOBALFUTUP-GLOBALMARKETUP)Buy-UpVol-3dayDown-Week2High,",0.2408477771193787,1,1,0
"PCTChangeGT3,,,,chisBuyFinalCandidate-(lastDayUp),buyFinal,",1.9444259029775064,1,1,0
"PCDCGT0PCTDayChangeLT0,PCDayChange-0.5to0.5,_HTGT1.5__LTGT1.5_,,,(SMA9GT0),",-2.1581951203893395,1,0,1
"PCTChangeGT5,,,,chisUpTrend-Risky-nearLow,##(Test)buyBottomReversal-1,##UPTREND:buyYear2LowReversal(Confirm),",-1.936052941605423,1,0,1
"PCTChangeLT-3,year2Low,,,,vol-buy-DownVol-3dayDown-Week2Low,week2BarLowChangeLT0,##last2DayLow(LT-3)-M3LLT0,",2.1012460761811504,1,1,0
"PCTChangeLT-0.5,PCDayChange-0.5to0.5,_LTGT3.0_,,,%%HLTF-Last2DayMarketUp:(GLOBAL-DOWN)sellHighLowerTail-Reversal-LastDayMarketUp,",-4.016960816062182,1,0,1
"PCTChangeGT1,,,,shortUpTrendSellReversal-MonthHigh,weekBarHighChangeGT0,brokenToday,",-0.10815885800763012,1,0,1
"PCTChangeLT-3,_HTGT1.5_,,,chisSellDownTrend-nearHigh,##(Check-chart-buy):month3High-InMinus,BreakHighMonth3,",1.7381891275306507,2,2,0
"PCTChangeLT-1,_LTGT1.5_,,,(SMA9LT0),",0.6970864126806605,3,2,1
"PCTDayChangeLT0,PCDayChange-0.5to0.5,year2High,_HTGT1.5_,,,%%HLTF:(UPTREND-MorningTrend-UP)mayBuyTail-highTailGT2-7,10thDayGT10-Last2DayStockDown,",0.11300086267839293,2,1,1
"PCTChangeGT2,_HTGT1.5__HTGTPCTDayChange_,,,%%HLTF:maySellTail-tailGT2-7,10thDayGT20,",-1.0004533921350618,1,0,1
"PCTChangeLT-1,,,,brokenToday,",-0.25386178730339404,1,0,1
"PCTChangeLT-3,,,,weekBarLowChangeLT0,brokenToday,##DOWNTREND:sellYearHighReversal(InDownTrend),##(Check-chart-buy):YearHigh-InMinus,ReversalHighYear,",-1.8102656881279808,1,0,1
"PCTChangeGT0.5,PCDayChange-0.5to0.5,,,,shortUpTrendSellReversal-MonthHigh,chisBuyYearHigh-3,",0.09611687962746089,1,1,0
"PCTChangeGT2,year2High,,,,volumeUpsergedLast2n3n4DayDown,volBuyContinueLast2DayUp-VolUp,chisCheckConsolidationBreakoutLT(4.5),weekBarHighChangeGT2,",-1.6876241610738352,1,0,1
"PCTChangeLT-0.5,_HTGT1.5__HTGTPCTDayChange_,,,%%:checkSell:Super0,",0.2893066149063179,4,1,3
"PCTChangeLT-1,,,,%%:checkSell:Super0,(GLOBALFUTDOWN-DOWNTRENDMARKET)checkSellConsolidationBreakDown-week2-lowNotReachedWeek3,week2BarLowChangeLT0,",-1.9704433497536995,1,0,1
"PCTChangeGT0.5,_HTGT3.0__LTGT1.5_,,,chisSellSuper-Risky,-+,##MANegative_Downtrend_(GT0),##MA-SMA200GT0SMA100LT0,",-1.1924792032855327,1,0,1
"PCTChangeGT0.5,_HTGT3.0_,,,buyYearHigh-0,",1.0563240183234264,2,2,0
"PCTChangeGT5,_HTGT1.5__LTGT1.5_,,,volBuyContinueLast2DayUp-VolUp,weekBarHighChangeGT2,brokenToday,",-0.4213483146067427,1,0,1
"PCTChangeLT-2,,,,volBuyReversalLast2DayDown-VolDown,chisBuyFinalContinue-0,##sellTenDaysMoreThanTen,",1.2468655279623084,2,2,0
"PCTChangeGT3,_HTGT1.5_,,,chisCheckConsolidationBreakout2WeekLT(4.5),weekBarHighChangeGT2,",-1.7522707348499291,1,0,1
"PCTChangeLT-2,_HTGT1.5__HTGTPCTDayChange_,,,##MANegative_Downtrend_(LT-2),##MA-SMA200LT0SMA100LT0,",-2.2944565591678154,1,0,1
"PCTChangeLT-2,,,,checkSellConsolidationBreakDown-month3HighGTMonth3Low,chisDownTrend-Risky-nearHigh,##DOWNTREND:sellMonth6HighReversal(InDownTrend),##(Check-chart-buy):month3High-InMinus,ReversalHighMonth3,",1.3125019579762358,1,1,0
"PCTChangeLT-3,_HTGT1.5_,,,##longDownTrend-2-IndexNotDownLastDay(checkBase),chisDownTrend-Risky-nearHigh,",2.633804536201571,1,1,0
"PCTChangeGT5,,,,##MAPositive_Uptrend(GT2),##MA-SMA200GT0SMA100GT0,##last2DayHighGT3-M3HLT0,",-0.8947690261976219,3,1,2
"PCTChangeGT5,year2High,,,,checkBuyConsolidationBreakout-allPreLT0,weekBarHighChangeGT2,brokenToday,",-2.4600272954896396,1,0,1
"PCTChangeLT-0.5,_LTGT1.5_,,,$$(UPTREND-OR-GLOBALUP)MayBuyContinue-CheckChart(inUpTrend-monthHigh)-lowTail,",-2.3346854608047947,1,0,1
"PCTChangeGT3,,,,volSellVolumeUpsergedLast2n3DayDown,volBuyContinueLast2DayUp-VolUp,weekBarHighChangeGT2,brokenToday,",-1.506129760813747,3,1,2
"PCTChangeGT5,_HTGT1.5_,,,chisSellYear2LowLT-40-last4DayDown(triggerAfter-9:15),",-0.5812140113676888,6,3,3
"PCTChangeGT3,year2High,_HTGT1.5_,,,%%HLTF-Last2HighTail:(UPTREND)buy(DOWNTREND)sell:HighUpperTailPre-last2DayUp,%%:sellUpTrend-month3High,vol-sell-DownVol-3dayUp-Week2High,",-1.9140183926939947,1,0,1
"PCTChangeLT-8,year2Low,,,,maySellAfter10:30HighVolatileDownContinueLT-8-Risky,",4.825782554989574,2,2,0
"PCTChangeLT-1,,,,##MANegative_Downtrend_(LT-2),##MA-SMA200GT0SMA100LT0,%%:buyDownTrend-month3Low,",2.419831193113876,1,1,0
"PCTChangeGT1,_LTGT1.5_,,,%%HLTF:(GLOBAL-DOWN)sellHighLowerTail-Reversal-LastDayMarketUp,",0.7720359457594257,18,11,7
"PCTChangeLT-3,,,,chisSellFinalCandidate-(lastDayUp),##sellTenDaysMoreThanTen,##(Check-chart-buy):month3High-InMinus,NearHighMonth3,##ML:BuyRisingMA-Risky-1,",-0.1037559672821752,1,0,1
"PCTChangeLT-3,_LTGT3.0_,,,chisSell-smallUptrendReversal,%%HLTF:(GLOBAL-DOWN)sellHighLowerTail-Reversal-LastDayMarketUp,",-1.3446035816102553,1,0,1
"PCTChangeGT1,year2High,_HTGT1.5_,,,volSellReversalLast2DayUp-VolDown,",0.04144957946820956,1,1,0
"PCTChangeGT1,_HTGT1.5__HTGTPCTDayChange_,,,%%HLTF-Risky9:30:maySellTail-tailGT2-7,10thDayGT15,",4.085887792524911,1,1,0
"PCTChangeLT-3,,,,volBuyReversalLast2DayDown-VolDown,chisBuyFinalContinue-1,##DOWNTREND:sellYearHigh(InDownTrend),##(Check-chart-buy):month3High-InMinus,NearHighMonth3,",10.338198552842911,1,1,0
"PCTChangeGT3,,,,VOL:sell-UpVol-3dayUp-Week2High,chisCheckConsolidationBreakoutLT(4.5),(GLOBALFUTUP-UPTRENDMARKET)checkBuyConsolidationBreakUp-month,weekBarHighChangeGT2,",2.193422753256687,2,2,0
"PCTChangeGT5,_HTGT3.0__HTGTPCTDayChange_,,,%%HLTF-Risky9:30:maySellTail-tailGT2-7,10thDayGT15,%%HLTF:(UPTREND-GLOBAL/SGX-UP)BuyHighUpperTail-Reversal-7,10thDayGT15-LastDayMarketDown,##MAPositive_Uptrend(GT2),##MA-SMA200GT0SMA100GT0,",0.21540611838830265,1,1,0
"PCTChangeLT-3,,,,chisSell-smallUptrendReversal,##sellTenDaysMoreThanTen,",0.37449202452572916,5,2,3
"PCTChangeGT2,year2High,,,,volSellVolumeUpsergedLast2n3DayDown,weekBarHighChangeGT0,brokenToday,",1.870466103683443,1,1,0
"PCTChangeLT-3,,,,%%HLTF-Last2DayMarketDown:(GLOBAL-UP)buyHighUpperTailPre1-Reversal-LastDayMarketDown,volBuyReversalLast2DayDown-VolDown,",-1.0984551807461207,3,1,2
"PCTChangeLT-3,,,,##(Check-chart-buy):month3High-InMinus,NearHighMonth3,",-0.24354113173258515,76,32,43
"PCTChangeLT-1,_LTGT3.0_,,,volBuyReversalLast2DayDown-VolUp,",-0.2980087468474792,2,1,1
"PCTChangeLT-2,year2High,_HTGT1.5__LTGT3.0__LTGTPCTDayChange_,,,zigZagVolCrossedFromUp,",-3.2729439113451204,1,0,1
"PCTChangeLT-2,,,,##DOWNTREND:sellYearHigh(InDownTrend),",0.09407580407704286,2,1,1
"PCTChangeGT0,_LTGT3.0_,,,chisBuyYearHigh-3,",1.4286764333263278,1,1,0
"PCTChangeGT2,_HTGT1.5_,,,chisUpTrend-Risky-nearLow,chisCheckConsolidationBreakoutLT(4.5),(GLOBALFUTUP-UPTRENDMARKET)checkBuyConsolidationBreakUp-week2-highNotReachedWeek3,week2BarHighChangeGT0,weekHighGTweek2High,brokenToday,",1.1432926829268293,1,1,0
"PCTChangeGT1,_HTGT1.5__HTGTPCTDayChange_,,,volSellReversalLast2DayUp-VolUp,",1.1872618765715561,2,1,1
"PCTChangeLT-5,_HTGT1.5_,,,##MANegative_Downtrend_(LT-4.5),##MA-SMA200GT0SMA100LT0,chisSellDayLowVolLow-0,",-2.8583711211511345,1,0,1
"PCTChangeLT-3,_LTGT1.5_,,,%%:checkBuyRevarsalLast3DayDownAtMonth3High,",3.625100659808821,1,1,0
"PCTChangeGT2,,,,VOL:buy-DownVol-3dayUp-Week2Low,##ML:sellRisingMAuptrend-1,##UPTREND:buyYear2LowReversal(Confirm),",3.876900148721961,1,1,0
"PCTChangeGT1,_HTGT1.5__LTGT1.5__HTGTPCTDayChange_,,,$$MayBuyContinue-CheckChart(inUpTrend-monthHigh)-lowTail,##UPTREND:buyMonth6LowReversal(Confirm),",-0.24242054332386112,1,0,1
"PCTChangeLT-3,,,,%%:checkSell:Super0,(GLOBALFUTDOWN-DOWNTRENDMARKET)checkSellConsolidationBreakDown-week2-lowNotReachedWeek3,week2BarLowChangeLT0,",-2.652303802043742,1,0,1
"PCTChangeGT3,,,,week2BarHighChangeGT2,##last3DayHighGT3-M3HLT0,",-0.7781356143526496,1,0,1
"PCTChangeGT0,PCDayChange-0.5to0.5,_LTGT1.5_,,,chisSellFlag2Week-doji-Risky,",0.4282887691942541,5,3,2
"PCTChangeGT1,PCDayChange-0.5to0.5,_HTGT1.5__LTGT1.5_,,,%%HLTF-Last2LowTail:(DOWNTREND)sellHighLowerTailPre-1,",1.185770750988142,1,1,0
"PCTChangeGT3,,,,chisUpTrend-Risky-nearLow,volumeUpsergedLast2n3n4DayDown,##UPTREND:buyYearLow,",0.0773694390715816,1,1,0
"PCTChangeLT-2,,,,volSellContinueLast2DayDown-VolUp,##(Check-chart-buy):month3High-InMinus,ReversalHighMonth3,##(check-chart)maySell-EMA6-MT-May-LT-EMA14,",-4.560979391679601,1,0,1
"PCTChangeGT5,,,,chisBuyDayHighVolLow-0,chisUpTrend-Risky-nearLow,##(Test)buyBottomReversal-1,##last2DayHighGT3-M3HLT0,",1.5336643133377494,1,1,0
"PCTChangeGT2,year2High,_HTGT3.0__HTGTPCTDayChange_,,,%%:sellUpTrend-month3High,chisBuyEveningStar-0,",-1.42856683946194,1,0,1
"PCTChangeGT2,_HTGT1.5__HTGTPCTDayChange_,,,volSellVolumeUpsergedLast2n3DayDown,weekBarHighChangeGT2,",-3.465470023777182,1,0,1
"PCTChangeLT-0.5,PCDayChange-0.5to0.5,_HTGT1.5_,,,%%:checkSell:Super-Risky,--,%%HLTF-LastDayUp:(DOWNTREND-OR-GLOBALDOWN)MaySellHighTail-LastDayMarketUp,",-0.09629589575385952,1,0,1
"PCTChangeLT-2,_HTGT1.5__LTGT1.5_,,,##DOWNTREND:sellMonth3LowBreak,",0.32354234782535674,3,2,1
"PCTChangeLT-3,,,,##MANegative_Downtrend_(LT-4.5),##MA-SMA200LT0SMA100LT0,##DOWNTREND:sellMonth3LowBreak,",-2.9923144403359627,2,0,2
"PCTChangeLT-1,,,,%%:checkSell:Super0,weekBarLowChangeLT0,$$MayBuy-CheckChart(monthLow-minimumLast4DayDown),",-5.629421512258471,1,0,1
"PCTChangeGT3,year2High,_HTGT1.5_,,,%%HLTF-Last2HighTail:(UPTREND)buy(DOWNTREND)sell:HighUpperTailPre-last2DayUp,##last2DayHighGT3-M3HGT0,",1.3593889508926258,7,5,2
"PCTChangeGT3,_LTGT1.5_,,,(GLOBALFUTUP-UPTRENDMARKET)checkBuyConsolidationBreakUp-week2-highNotReachedWeek3,week2BarHighChangeGT2,##last2DayHighGT3-M3HLT0,",-1.8518024020724868,1,0,1
"PCTChangeLT-0.5,_LTGT1.5_,,,%%:checkSell:CupDownDoji-last2lastDayLT0orTodayGT0,",-2.2201852846819277,2,0,2
"PCTChangeLT-3,,,,chisSellDownTrend-nearHigh,##DOWNTREND:sellMonth6High(InDownTrend),##(Check-chart-buy):month3High-InMinus,BreakHighMonth3,",-3.1401248657850838,1,0,1
"PCTChangeLT-1,,,,checkCupDown-near2WeekDown-mayReveresalBuy,(GLOBALFUTDOWN-DOWNTRENDMARKET)checkSellConsolidationBreakDown-week2-lowNotReachedWeek3,week2BarLowChangeLT0,chisDownTrend-Risky-nearHigh,##(Check-chart-buy):month3High-InMinus,ReversalHighMonth3,",-0.07175958118185,2,1,1
"PCDCLT0PCTChangeGT5,PCDayChange-0.5to0.5,_HTGT3.0__LTGT3.0_,,,##MA-SMA200LT0SMA100LT0,",-3.750003467906605,1,0,1
"PCTChangeLT-3,,,,volumeUpsergedLast2n3n4DayUp,(GLOBALFUTDOWN-DOWNTRENDMARKET)checkSellConsolidationBreakDown-week2-lowNotReachedWeek3,week2BarLowChangeLT-2,",-1.0178059006282072,1,0,1
"PCTChangeGT0.5,_HTGT3.0_,,,chisBuyYearHigh-3,",1.8619234093063584,1,1,0
"PCTChangeLT-2,,,,checkCupDown-month3HighLTmonth3Low,bar_low,VOL:buy-DownVol-3dayDown-Week2High,##DOWNTREND:sellYear2HighReversal(InDownTrend),##(Check-chart-buy):month3High-InMinus,ReversalHighMonth3,",-2.3954703832752555,1,0,1
"PCTChangeLT-1,_HTGT3.0__LTGT1.5__HTGTPCTDayChange__LTGTPCTDayChange_,,,volSellContinueLast2DayDown-VolUp,##(Check-chart-buy):month3High-InMinus,ReversalHighMonth3,",-1.8596972983752835,1,0,1
"PCTChangeGT8,_HTGT3.0_,,,chisSellDayHighVolLow-01-checkMorningTrend(.5SL),chisBuyFinalContinueReversal-2,",0.09157509157508151,1,1,0
"PCTChangeLT-1,,,,(GLOBALFUTDOWN-DOWNTRENDMARKET)checkSellConsolidationBreakDown-week2-lowNotReachedWeek3,week2BarLowChangeLT0,##(Check-chart-buy):month3High-InMinus,NearHighMonth3,",-4.166666666666661,1,0,1
"PCTChangeLT-3,_LTGT1.5_,,,##(Check-chart-buy):month3High-InMinus,NearHighMonth3,",-0.6885098174221382,3,1,2
"PCTChangeLT-3,_LTGT3.0_,,,%%HLTF:(GLOBAL-UP)buyHighLowerTail-LastDayMarketUp,##last2DayLow(LT-3)-M3LGT0,",1.238284551594893,1,1,0
"PCTChangeGT1,,,,chisBuyYearHigh-3,",-0.03488199135413746,750,325,423
"PCTChangeGT0.5,,,,##MAPositive_Uptrend(GT0),##MA-SMA200LT0SMA100GT0,",-0.7445698699510787,2,1,1
"PCTChangeLT-1,year2High,,,,zigZagVolCrossedFromUp,",-1.1411526962152467,5,1,4
"PCTChangeLT-2,,,,##(Check-chart-buy):month3High-InMinus,ReversalHighMonth3,",-0.08291755504718708,333,151,181
"PCTChangeLT-5,,,,maySellHighVolatileDownContinueLT-8,chisSell-smallUptrendReversal,",-2.2533522155372645,3,1,2
"PCTChangeGT3,_LTGT1.5_,,,##MAPositive_Uptrend(GT1),##MA-SMA200LT0SMA100LT0,",-5.384617992955403,1,0,1
"PCTChangeGT5,_HTGT1.5_,,,(GLOBALFUTUP-UPTRENDMARKET)checkBuyConsolidationBreakUp-week2-highNotReachedWeek3,week2BarHighChangeGT0,brokenToday,",-1.4431016936323822,6,1,5
"PCTChangeGT1,_HTGT1.5__LTGT3.0__LTGTPCTDayChange_,,,checkCupDown-lastDayUp,%%HLTF:(GLOBAL-DOWN)sellHighLowerTail-Reversal-LastDayMarketUp,",1.2353579630501332,2,1,1
"PCTChangeLT-5,,,,chisSellFlagWeek-Risky,",1.5937519073486377,1,1,0
"PCTChangeLT-1,_HTGT1.5__HTGTPCTDayChange_,,,(GLOBALFUTDOWN-DOWNTRENDMARKET)checkSellConsolidationBreakDown-week2-lowNotReachedWeek3,week2BarLowChangeLT-2,",-0.35169750603762584,1,0,1
"PCTDayChangeLT0,_HTGT1.5_,,,shortDownTrendSellContinue-Doji-Last2DayLTToday,",-0.5268922472087524,4,2,2
"PCTChangeGT1,,,,%%:sellUpTrend-month3High,",0.3880513359263558,50,27,23
"PCTChangeLT-1,,,,%%:checkSell:Super01-monthLow,checkCupDown-2dayDown,",-5.963096309630963,1,0,1
"PCTChangeLT-2,_LTGT1.5_,,,chisSellFlag2Week-Risky,checkCupDown-inDownTrend-month3HighLTmonth3Low,bar_low,",-1.4285668394619369,1,0,1
"PCTChangeGT2,_HTGT1.5__HTGTPCTDayChange_,,,checkBuyConsolidationBreakUp-month3HighLTMonth3Low,",-0.8909255371918227,1,0,1
"PCTChangeGT1,,,,volSellRevarsalVolCrossed,%%:checkSellRevarsalLast3DayUpAtMonth3Low,",-2.213661478977911,1,0,1
"PCTChangeLT-5,,,,(SMA9LT0),",-2.9349813307768966,1,0,1
"PCTChangeGT3,_HTGT1.5_,,,chisCheckConsolidationBreakout2WeekLT(4.5),weekBarHighChangeGT2,brokenToday,",-0.610824841692584,1,0,1
"PCTChangeGT3,_HTGT1.5__LTGT1.5_,,,checkCupDown-lastDayUp,",2.7982348795010736,1,1,0
"PCTChangeGT3,,,,volumeUpsergedLast2n3n4DayDown,##UPTREND:buyYearLowReversal(Confirm),",1.3940520446096607,1,1,0
"PCTChangeGT3,,,,chisUpTrend-Risky-nearLow,(GLOBALFUTUP-UPTRENDMARKET)checkBuyConsolidationBreakUp-week2-highNotReachedWeek3,week2BarHighChangeGT0,brokenToday,BuyYearLow,##(Test)buyBottomReversal-1,",-0.9316596081396811,1,0,1
"PCTChangeGT2,,,,chisCheckConsolidationBreakoutLT(4.5),(GLOBALFUTUP-UPTRENDMARKET)checkBuyConsolidationBreakUp-week2-highNotReachedWeek3,week2BarHighChangeGT0,brokenToday,",-0.6277016476529126,14,4,10
"PCTChangeLT-2,_LTGT1.5_,,,volumeUpsergedLast2n3n4DayUp,chisDownTrend-Risky-nearHigh,##(Check-chart-buy):month3High-InMinus,NearHighMonth3,",0.025167785234901922,1,1,0
"PCTChangeLT-0.5,PCDayChange-0.5to0.5,_HTGT1.5_,,,chisSellSuper-Risky,--,",4.86617984219114,1,1,0
"PCTChangeGT1,_HTGT3.0__HTGTPCTDayChange_,,,chisUpTrend-Risky-nearLow,",3.0525526050096516,3,3,0
"PCTChangeLT-2,,,,checkSellConsolidationBreakDown-2week,week2BarLowChangeLT0,weekLowLTweek2Low,##DOWNTREND:sellMonth3LowBreak,",1.2964036463201296,1,1,0
"PCTChangeLT-8,_HTGT3.0_,,,##MANegative_Downtrend_(LT-2),##MA-SMA200GT0SMA100LT0,",-4.659842864403151,1,0,1
"PCTChangeGT5,,,,chisCheckConsolidationBreakoutLT(4.5),weekBarHighChangeGT2,",-1.6125372830242677,2,1,1
"PCTChangeLT-3,,,,%%:checkSell:Super0,##MANegative_Downtrend_(LT-2),##MA-SMA200LT0SMA100LT0,",-0.8456538447324249,1,0,1
"PCDCLT0PCTChangeGT3,_HTGT1.5_,,,chisSellLastDayHighUpReversal,",-0.37636587913379255,2,0,2
"PCTChangeLT-1,,,,chisSellFlagWeek-Risky,(GLOBALFUTDOWN-DOWNTRENDMARKET)checkSellConsolidationBreakDown-week2-lowNotReachedWeek3,week2BarLowChangeLT0,##(Check-chart-buy):month3High-InMinus,ReversalHighMonth3,",-1.2917974090463298,1,0,1
"PCTChangeLT-2,_LTGT1.5_,,,volumeUpsergedLast2n3n4DayUp,##(Test)(Check-chart-sell):year2Low-InMinus,",-2.8711385510681704,1,0,1
"PCTChangeGT2,,,,chisCheckConsolidationBreakoutLT(4.5),(GLOBALFUTUP-UPTRENDMARKET)checkBuyConsolidationBreakUp-week2,weekBarHighChangeGT2,",-0.15555374710648742,1,0,1
"PCTChangeGT8,_HTGT3.0_,,,%%HLTF-Last2HighTail:(UPTREND)buy(DOWNTREND)sell:HighUpperTailPre-last2DayUp,volBuyContinueLast2DayUp-VolUp,##MAPositive_Uptrend(GT4.5),##MA-SMA200LT0SMA100GT0,",-6.42857142857143,1,0,1
"PCTChangeLT-3,_LTGT3.0_,,,##MANegative_Downtrend_(LT-2),##MA-SMA200GT0SMA100LT0,##DOWNTREND:sellMonth3LowBreak,",2.8589632708601536,2,1,1
"PCTChangeGT2,,,,##(Check-chart-sell):month3Low-InPlus,ReversalLowMonth3,chisBuyUpTrend-1-YearHigh,",1.0258288617894673,1,1,0
"PCTChangeLT-3,,,,weekBarLowChangeLT-2,##last2DayLow(LT-3)-M3LLT0,",1.5414700897532347,3,3,0
"PCTChangeLT-3,,,,checkCupDown-3dayDown,##ML:BuyRisingMA-Risky-0,",0.5932177527476143,1,1,0
"PCTChangeLT-2,_HTGT1.5_,,,##DOWNTREND:sellYear2HighReversal(InDownTrend),",0.131818921313594,3,1,2
"PCTChangeLT-5,,,,maySellAfter10:30HighVolatileDownContinueLT-8-Risky,##MANegative_Downtrend_(LT-4.5),##MA-SMA200LT0SMA100LT0,chisBuyYear2Low,NearLowYear2,",-2.259591688281948,1,0,1
"PCTChangeLT-1,,,,chisSell-smallUptrendReversal,##(Test):buyRisingMA-uptrend-SMA25gt0,",4.705883984897217,1,1,0
"PCTChangeLT-3,_HTGT1.5_,,,VOL:buy-DownVol-3dayDown-Week2High,",2.0387431352340974,1,1,0
"PCTChangeLT-1,_HTGT1.5_,,,%%:checkSell:Super01-monthLow,%%HLTF-Last2HighTail:(DOWNTREND)sellHighUpperTailPre,",1.5941698708038237,1,1,0
"PCTChangeLT-3,,,,##MANegative_Downtrend_(LT-2),##MA-SMA200GT0SMA100LT0,##DOWNTREND:sellMonth3LowBreak,##last3DayLow(LT-3)-M3LLT0,",6.048846938002748,1,1,0
"PCTChangeGT3,_HTGT1.5_,,,chisCheckConsolidationBreakoutLT(4.5),checkBuyConsolidationBreakUp-2week,week2BarHighChangeGT0,brokenToday,",-2.5568181818181914,1,0,1
"PCTChangeLT-3,,,,##DOWNTREND:sellMonth6LowBreak,",1.233949655320879,7,5,2
"PCTChangeGT2,,,,zigZagVolCrossedFromDown,",0.05494611360165552,101,46,54
"PCTChangeGT0.5,_LTGT3.0_,,,chisSellDowningMA-(check5MinuteDownTrendAndSellDowntrend),",0.9435178542876221,5,3,2
"PCTChangeLT-3,,,,checkCupDown-inDownTrend-month3HighLTmonth3Low,bar_low,chisDownTrend-Risky-nearHigh,",-0.8506858583172493,2,1,1
"PCTChangeGT3,_HTGT3.0__LTGT3.0__HTGTPCTDayChange__LTGTPCTDayChange_,,,##last2DayHighGT3-M3HLT0,",-4.980691224627565,1,0,1
"PCTChangeLT-3,,,,volumeUpsergedLast2n3n4DayUp,chisDownTrend-Risky-nearHigh,##(Check-chart-buy):month3High-InMinus,ReversalHighMonth3,",0.2421285158603973,2,1,1
"PCTChangeLT-3,_LTGT1.5_,,,weekBarLowChangeLT-2,brokenToday,chisDownTrend-Risky-nearHigh,MayBuyCheckChart-(IndexNotUpInSecondHalf),",-0.9053063747909245,1,0,1
"PCTChangeLT-3,,,,chisDownTrend-Risky-nearHigh,##(Check-chart-buy):month3High-InMinus,NearHighMonth3,",0.16647059196015748,16,9,7
"PCTChangeGT2,,,,volumeUpsergedLast2n3n4DayDown,week2BarHighChangeGT0,weekHighGTweek2High,brokenToday,",0.2596370106477436,1,1,0
"PCTChangeGT3,_HTGT1.5__LTGT1.5__LTGTPCTDayChange_,,,##lastDayHighGT5TodayGT1,",-1.2318619734536098,1,0,1
"PCTChangeGT2,_LTGT1.5_,,,chisBuyUpTrend-1-YearHigh,",0.643584917161272,3,2,1
"PCTChangeLT-0.5,PCDayChange-0.5to0.5,year2High,,,,##(Test)(check-chart)-buySMAUpTrend,",-0.32313657056324524,1,0,1
"PCTChangeLT-0.5,_LTGT1.5_,,,%%HLTF:sellStockInUptrendReversal,",-0.3470419065104433,3,2,1
"PCTChangeGT3,,,,chisSellYear2LowLT-40-last4DayDown(triggerAfter-9:15),##buyTenDaysLessThanMinusTen,",1.603748211906353,4,4,0
"PCDCLT0PCTChangeGT0,year2High,_LTGT3.0_,,,%%HLTF:(GLOBAL-DOWN)sellHighLowerTail-Reversal-LastDayMarketUp,",-1.9659639131539912,3,0,3
"PCTChangeGT3,_HTGT1.5__HTGTPCTDayChange_,,,%%HLTF-Last2HighTail:(UPTREND)buy(DOWNTREND)sell:HighUpperTailPre-last2DayUp,##MAPositive_Uptrend(GT2),##MA-SMA200LT0SMA100LT0,",-1.2744265411150546,1,0,1
"PCTChangeLT-2,,,,##DOWNTREND:sellMonth6HighReversal(InDownTrend),##(Check-chart-buy):month3High-InMinus,ReversalHighMonth3,##(check-chart)maySell-EMA6-MT-May-LT-EMA14,",-1.107925301400256,3,1,2
"PCTChangeGT5,,,,chisUpTrend-Risky-nearLow,##UPTREND:buyMonth3LowReversal(Confirm),",-0.1255203980548967,7,3,4
"PCTChangeGT3,,,,(GLOBALFUTUP-UPTRENDMARKET)checkBuyConsolidationBreakUp-week2-highNotReachedWeek3,week2BarHighChangeGT0,weekHighGTweek2High,brokenToday,chis-breakoutup-2week,chisBuy-2week-breakoutup,##last2DayHighGT3-M3HLT0,",-1.4666097910870322,1,0,1
"PCTChangeGT1,_HTGT1.5__LTGT1.5_,,,##MANegative_Downtrend_(GT2),##MA-SMA200LT0SMA100LT0,",5.62277145657251,1,1,0
"PCTChangeGT3,,,,##MAPositive_Uptrend(GT2),##MA-SMA200LT0SMA100LT0,##last2DayHighGT3-M3HLT0,",0.19560008692760497,5,3,2
"PCTChangeLT-5,_HTGT1.5__LTGT1.5_,,,volumeUpsergedLast2n3n4DayUp,volSellContinueLast2DayDown-VolUp,chisDownTrend-Risky-nearHigh,##MANegative_Downtrend_(LT-4.5),##MA-SMA200GT0SMA100LT0,##DOWNTREND:sellMonth6HighReversal(InDownTrend),##last2DayLow(LT-3)-M3LLT0,",-0.7539658319382475,1,0,1
"PCTChangeGT1,_HTGT3.0__HTGTPCTDayChange_,,,%%HLTF:maySellTail-tailGT2-7,10thDayGT20,%%HLTF:(UPTREND-GLOBAL/SGX-UP)BuyHighUpperTail-Reversal-7,10thDayGT15-LastDayMarketDown,$$MaySell-CheckChart(downTrend-mayReverseLast4DaysUp),%%:sellUpTrend-month3High,",-2.543100817450154,1,0,1
"PCTChangeLT-3,,,,checkCupDown-2dayDown-mayReversalBuy,chisDownTrend-Risky-nearHigh,##DOWNTREND:sellYearHigh(InDownTrend),##last2DayLow(LT-3)-M3LGT0,##(Check-chart-buy):month3High-InMinus,NearHighMonth3,",0.7604562737642577,1,1,0
"PCTChangeLT-5,_LTGT1.5_,,,##MANegative_Downtrend_(LT-2),##MA-SMA200LT0SMA100LT0,##DOWNTREND:sellMonth3LowBreak,",6.268330963597045,1,1,0
"PCTChangeGT8,year2High,_HTGT1.5__LTGT3.0_,,,%%HLTF-Risky:(GLOBAL-DOWN)sellHighLowerTail-Reversal-LastDayMarketUp,volumeUpsergedLast2n3n4DayDown,",-4.451172902827576,1,0,1
"PCTChangeLT-1,_LTGT3.0_,,,%%HLTF:(GLOBAL-DOWN)sellHighLowerTail-Reversal-LastDayMarketUp,volSellContinueLast2DayDown-VolUp,##(Check-chart-buy):month3High-InMinus,ReversalHighMonth3,",5.329804768393215,1,1,0
"PCTChangeLT-3,year2High,_LTGT1.5_,,,volumeUpsergedLast2n3n4DayUp,volSellContinueLast2DayDown-VolUp,",-1.5588715574739378,1,0,1
"PCTChangeLT-3,,,,chisFinalBreakOutSell-0,chisSellUpTrend-Risky-0,##(Check-chart-buy):month3High-InMinus,NearHighMonth3,",1.0311886419962046,1,1,0
"PCTChangeLT-2,,,,checkCupDown-near2WeekDown-mayReveresalBuy,weekBarLowChangeLT-2,",1.8796652333073376,1,1,0
"PCTChangeGT2,_HTGT3.0__HTGTPCTDayChange_,,,(GLOBALFUTUP-UPTRENDMARKET)checkBuyConsolidationBreakUp-week2-highNotReachedWeek3,week2BarHighChangeGT0,weekHighGTweek2High,brokenToday,buyPattern-GT1.5-SMAGT0,(SMA9GT0),",3.333336668587782,1,1,0
"PCTChangeLT-2,,,,##longDownTrend-2-IndexNotDownLastDay(checkBase),",-0.6402885947902208,18,8,10
"PCTChangeGT2,,,,volBuyContinueLast2DayUp-VolUp,chisCheckConsolidationBreakoutLT(4.5),(GLOBALFUTUP-UPTRENDMARKET)checkBuyConsolidationBreakUp-month,weekBarHighChangeGT2,",1.5987748360449872,1,1,0
"PCTChangeGT2,_LTGT1.5_,,,chisSellFlag2Week-doji-Risky,",-2.758911900550322,1,0,1
"PCTChangeLT-5,year2High,_HTGT1.5__LTGT1.5_,,,##last2DayLow(LT-3)-M3LGT0,",-6.857139950706833,1,0,1
"PCTChangeGT1,,,,$$MaySell-CheckChart(downTrend-mayReverseLast4DaysUp),%%:sellUpTrend-month3High,##MAPositive_Uptrend(GT1),##MA-SMA200GT0SMA100GT0,",3.247827373212174,1,1,0
"PCTChangeGT3,,,,volSellVolumeUpsergedLast2n3DayDown,##MAPositive_Uptrend(GT2),##MA-SMA200GT0SMA100GT0,##last2DayHighGT3-M3HGT0,",0.34069023434819923,2,1,1
"PCTChangeLT-0.5,PCDayChange-0.5to0.5,_LTGT1.5_,,,%%HLTF:(GLOBAL-DOWN)sellHighLowerTail-Reversal-LastDayMarketUp,",0.5377935125137628,1,1,0
"PCTChangeLT-3,,,,(Test)MayBuy-CheckChart(upTrend-lastDayDown),##MAPositive_Uptrend(LT-2),##MA-SMA200GT0SMA100GT0,",-2.032870679187045,1,0,1
"PCTChangeLT-5,_HTGT1.5_,,,##MANegative_Downtrend_(LT-4.5),##MA-SMA200GT0SMA100GT0,chisSellDayLowVolLow-01,",6.55944397399477,1,1,0
"PCTChangeGT5,,,,volSellReversalLast2DayUp-VolDown,##last2DayHighGT3-M3HLT0,",-0.5934999047256118,1,0,1
"PCTChangeGT5,year2Low,_HTGT1.5__LTGT3.0__LTGTPCTDayChange_,,,volumeUpsergedLast2n3n4DayDown,volSellReversalLast2DayUp-VolUp,chisSellYear2LowContinue,##last2DayHighGT3-M3HLT0,",0.5876301244362135,1,1,0
"PCTChangeGT3,,,,volSellVolumeUpsergedLast2n3DayDown,volBuyContinueLast2DayUp-VolUp,weekBarHighChangeGT2,##MAPositive_Uptrend(GT2),##MA-SMA200GT0SMA100GT0,",-0.1923550312322031,1,0,1
"PCTChangeLT-2,,,,%%:checkSell:CupDownDoji-last2lastDayLT0orTodayGT0,",1.8231454374488258,1,1,0
"PCTChangeLT-3,,,,##MANegative_Downtrend_(LT-4.5),##MA-SMA200LT0SMA100LT0,##last2DayLow(LT-3)-M3LLT0,",-0.9032710399353162,5,2,3
"PCTChangeGT3,_HTGT1.5__LTGT3.0__LTGTPCTDayChange_,,,volBuyVolumeUpsergedLast2n3DayDown,volBuyContinueLast2DayUp-VolUp,chisBuyDownTrend-lowTail,##UPTREND:buyYear2Low,",-5.133926955868981,1,0,1
"PCDCLT0PCTChangeGT0,PCDayChange-0.5to0.5,_LTGT3.0_,,,chisSellSuper-Risky,--,buyMorningStar-(checkChart),",-4.649116249545896,1,0,1
"PCTChangeLT-3,_HTGT1.5_,,,checkCupDown-2dayDown-mayReversalBuy,(GLOBALFUTDOWN-DOWNTRENDMARKET)checkSellConsolidationBreakDown-week2-lowNotReachedWeek3,week2BarLowChangeLT0,chisDownTrend-Risky-nearHigh,##DOWNTREND:sellYear2HighReversal(InDownTrend),##(Check-chart-buy):month3High-InMinus,ReversalHighMonth3,",2.3733833232111308,1,1,0
"PCTChangeLT-8,,,,maySellHighVolatileDownContinueLT-8,chisRSISellCandidate(yearLow)-lessThanMinus5,##MANegative_Downtrend_(LT-4.5),##MA-SMA200LT0SMA100LT0,",-0.01941022309669806,1,0,1
"PCTChangeLT-1,,,,volSellContinueLast2DayDown-VolUp,checkSellConsolidationBreakDown-2week,week2BarLowChangeLT0,",-2.237162321878828,1,0,1
"PCTChangeGT1,_HTGT1.5_,,,$$MaySell-CheckChart(monthHigh-minimumLast4DayUp),",0.11969314647960283,4,2,2
"PCTChangeGT5,_HTGT3.0__HTGTPCTDayChange_,,,sellEveningStar-0,",-1.1207700376834266,4,1,3
"PCTChangeLT-1,_HTGT3.0__HTGTPCTDayChange_,,,%%HLTF:(UPTREND-MorningTrend-UP)mayBuyTail-highTailGT2-7,10thDayGT10-Last2DayStockDown,",-1.1618645404165875,2,1,1
"PCTChangeGT2,,,,weekBarHighChangeGT0,brokenToday,chisBuy-2week-breakoutup(check-chart)(|-|-| or --|),",-0.2176508988950261,3,2,1
"PCTChangeGT8,,,,chisBuyUpTrend-nearLow,",2.622323115727262,6,5,1
"PCTChangeGT16,year2High,_LTGT1.5_,,,volumeUpsergedLast2n3n4DayDown,",-0.08046117322197147,1,0,1
"PCTChangeGT3,_LTGT1.5_,,,volSellVolumeUpsergedLast2n3DayDown,weekBarHighChangeGT2,chisBuy-2week-breakoutup(check-chart)(|-|-| or --|),##last2DayHighGT3-M3HLT0,",5.2509676075349825,1,1,0
"PCDCGT0PCTChangeLT-5,_HTGT3.0_,,,##MA-SMA200LT0SMA100LT0,",5.846220906019868,1,1,0
"PCTChangeLT-1,year2High,_HTGT1.5__LTGT1.5_,,,%%HLTF:(UPTREND-MorningTrend-UP)mayBuyTail-highTailGT2-7,10thDayGT10-Last2DayStockDown,",-1.987173030211647,2,0,2
"PCTChangeLT-3,,,,weekBarLowChangeLT-2,##DOWNTREND:sellYearHighReversal(InDownTrend),##last2DayLow(LT-3)-M3LGT0,##(Check-chart-buy):YearHigh-InMinus,ReversalHighYear,",-1.1505692162050636,1,0,1
"PCTDayChangeLT0,PCDayChange-0.5to0.5,_LTGT1.5_,,,%%:checkSell:CupDownDoji-lastDayLT(-2)TodayDoji,%%HLTF:(GLOBAL-UP)buyHighLowerTail-StockInUptrend,",0.878283442283158,1,1,0
"PCTChangeLT-8,,,,chisRSISellCandidate(yearLow)-lessThanMinus5,##MANegative_Downtrend_(LT-4.5),##MA-SMA200LT0SMA100LT0,",-0.39893617021276595,1,0,1
"PCTChangeLT-2,year2Low,_HTGT1.5_,,,vol-buy-DownVol-3dayDown-Week2Low,",3.7210542213755486,2,2,0
"PCTChangeGT3,,,,(GLOBALFUTUP-UPTRENDMARKET)checkBuyConsolidationBreakUp-month,weekBarHighChangeGT2,brokenToday,",-1.514360313315927,1,0,1
"PCTChangeLT-3,,,,weekBarLowChangeLT-2,chisDownTrend-Risky-nearHigh,##(Check-chart-buy):month3High-InMinus,ReversalHighMonth3,",0.6509069670226388,5,2,3
"PCDCLT0PCTChangeGT1,PCDayChange-0.5to0.5,_HTGT1.5__LTGT3.0_,,,%%HLTF:(SGXNIFTYUP)buyHighLowerTail-Continue,",-0.5671623571595149,1,0,1
"PCTChangeLT-3,_HTGT1.5_,,,##MANegative_Downtrend_(LT-4.5),##MA-SMA200LT0SMA100LT0,##DOWNTREND:sellMonth3LowBreak,",-6.085970894487482,1,0,1
"PCDCLT0PCTChangeGT0,PCDayChange-0.5to0.5,_LTGT1.5_,,,##MAPositive_Uptrend(LT0),##MA-SMA200LT0SMA100GT0,",0.06231158296873304,2,1,1
"PCTChangeLT-3,_HTGT1.5__LTGT1.5_,,,##MANegative_Downtrend_(LT-2),##MA-SMA200LT0SMA100LT0,%%:buyDownTrend-month3Low,",-4.808153196961172,1,0,1
"PCTChangeGT1,_HTGT1.5__LTGT3.0_,,,chisBuyYearHigh-3,",-0.5624187449674024,1,0,1
"PCTChangeLT-3,,,,(GLOBALFUTDOWN-DOWNTRENDMARKET)checkSellConsolidationBreakDown-week2-lowNotReachedWeek3,week2BarLowChangeLT-2,##DOWNTREND:sellYear2HighReversal(InDownTrend),##last2DayLow(LT-3)-M3LGT0,##(Check-chart-buy):month3High-InMinus,ReversalHighMonth3,##(check-chart)maySell-EMA6-MT-May-LT-EMA14,",-0.4987531172069825,1,0,1
"PCDCGT0PCTDayChangeLT0,PCDayChange-0.5to0.5,year2High,_HTGT1.5__LTGT1.5_,,,%%HLTF-Risky9:30:maySellTail-tailGT2-7,10thDayGT15,",0.8703124467736711,2,1,1
"PCTChangeGT3,_HTGT1.5__LTGT1.5__HTGTPCTDayChange__LTGTPCTDayChange_,,,%%:sellUpTrend-month3High,",6.668526661412554,2,2,0
"PCTDayChangeLT0,_HTGT1.5__HTGTPCTDayChange_,,,%%HLTF:(UPTREND-MorningTrend-UP)mayBuyTail-highTailGT2-7,10thDayGT10-Last2DayStockDown,",2.706570450599602,2,2,0
"PCTChangeGT2,,,,##(Check-chart-sell):month3Low-InPlus,ReversalLowMonth3,weekBarHighChangeGT2,##UPTREND:buyMonth3LowReversal(Confirm),",0.2649264088663883,1,1,0
"PCTChangeLT-1,_HTGT1.5__LTGT1.5__HTGTPCTDayChange__LTGTPCTDayChange_,,,(GLOBALFUTDOWN-DOWNTRENDMARKET)checkSellConsolidationBreakDown-week2-lowNotReachedWeek3,week2BarLowChangeLT-2,weekLowLTweek2Low,chisDownTrend-Risky-nearHigh,",1.3725715367971405,1,1,0
"PCDCGT0PCTDayChangeLT0,_HTGT1.5_,,,##MANegative_Downtrend_(GT0),##MA-SMA200LT0SMA100LT0,##(Test)(check-chart)-sellSMADownTrend,",-0.7422740273274029,1,0,1
"PCTChangeGT3,,,,(GLOBALFUTUP-UPTRENDMARKET)checkBuyConsolidationBreakUp-week2-highNotReachedWeek3,week2BarHighChangeGT0,##UPTREND:buyMonth3LowReversal(Confirm),",1.2727730440132816,1,1,0
"PCTChangeLT-3,,,,volBuyVolumeUpsergedLast2n3DayUp,weekBarLowChangeLT0,brokenToday,chisDownTrend-Risky-nearHigh,##DOWNTREND:sellYear2HighReversal(InDownTrend),",-0.2515165430052659,1,0,1
"PCTChangeGT3,_LTGT1.5_,,,volBuyVolumeUpsergedLast2n3DayDown,",0.605235474532937,11,4,6
"PCTChangeGT1,,,,checkBuyConsolidationBreakout-allPreLT0,",-0.836705789794043,2,1,1
"PCTChangeLT-3,,,,volBuyReversalLast2DayDown-VolDown,weekBarLowChangeLT-2,brokenToday,chisDownTrend-Risky-nearHigh,##(Check-chart-buy):YearHigh-InMinus,ReversalHighYear,",1.9335448155985948,1,1,0
"PCDCGT0PCTChangeLT-1,PCDayChange-0.5to0.5,_LTGT1.5_,,,##MANegative_Downtrend_(GT0),##MA-SMA200GT0SMA100LT0,",2.257722770751121,1,1,0
"PCTChangeGT12,_LTGT3.0_,,,volSellReversalLast2DayUp-VolDown,",-2.7941405773162806,1,0,1
"PCTChangeGT2,_LTGT1.5_,,,vol-sell-DownVol-3dayUp-Week2High,weekBarHighChangeGT0,brokenToday,",0.6590895219282694,1,1,0
"PCTChangeLT-1,_HTGT1.5__LTGT1.5_,,,chisSell-smallUptrendReversal,",0.8117327269191013,5,3,2
"PCTChangeGT5,,,,volumeUpsergedLast2n3n4DayDown,volBuyContinueLast2DayUp-VolUp,weekBarHighChangeGT2,",-2.879460652669266,1,0,1
"PCTChangeLT-3,year2High,_HTGT1.5__LTGT3.0__LTGTPCTDayChange_,,,checkCupDown-month3HighLTmonth3Low,bar_low,",4.902197504393328,1,1,0
"PCDCLT0PCTChangeGT0,,,,##MA-SMA200LT0SMA100LT0,",0.0723800949078437,6,4,2
"PCTChangeGT1,,,,chisBuyYearHigh-3,##MAPositive_Uptrend(GT1),##MA-SMA200GT0SMA100GT0,",-0.9898732853006339,2,0,2
"PCTChangeGT5,year2High,,,,chisBuyConsolidationBreakUp-2week-(Risky)-year2High,week2BarHighChangeGT0,brokenToday,",0.0467643463354291,1,1,0
"PCTChangeGT5,_HTGT1.5__LTGT1.5_,,,##MANegative_Downtrend_(GT4.5),##MA-SMA200GT0SMA100LT0,",5.687954624135361,1,1,0
"PCTChangeLT-3,_HTGT1.5__LTGT1.5_,,,%%:checkSell:Super01-monthLow,##ML:buyRisingMA-down-Risky,",-2.42424506645697,1,0,1
"PCTChangeGT8,_HTGT1.5_,,,##MAPositive_Uptrend(GT2),##MA-SMA200LT0SMA100LT0,",-4.732156539774516,1,0,1
"PCTChangeGT1,_HTGT1.5__LTGT3.0__LTGTPCTDayChange_,,,%%HLTF:(GLOBAL-DOWN)sellHighLowerTail-Reversal-LastDayMarketUp,##MAPositive_Uptrend(GT2),##MA-SMA200GT0SMA100GT0,",-0.9576709890454751,1,0,1
"PCTChangeLT-3,_HTGT1.5__LTGT3.0__LTGTPCTDayChange_,,,%%checkCupDown-2dayDown-continue,%%HLTF:(GLOBAL-UP)buyHighLowerTail-StockInUptrend,",-7.522324153355189,1,0,1
"PCTChangeGT5,_LTGT1.5_,,,chisUpTrend-Risky-nearLow,volumeUpsergedLast2n3n4DayDown,##last2DayHighGT3-M3HLT0,",0.67339680287276,1,1,0
"PCDCLT0PCTChangeGT0,year2High,_LTGT1.5_,,,%%HLTF:(GLOBAL-DOWN)sellHighLowerTail-Reversal-LastDayMarketUp,",-0.6633628382010073,2,1,1
"PCTChangeGT3,,,,maySellFromBuyPattern-LT-1.8,",-2.6493775464297427,5,0,5
"PCTChangeLT-2,_LTGT1.5_,,,checkCupDown-2dayDown-mayReversalBuy,##DOWNTREND:sellYear2HighReversal(InDownTrend),##(Check-chart-buy):month3High-InMinus,ReversalHighMonth3,",-1.8192389196812209,1,0,1
"PCTChangeLT-2,,,,chisSellDownTrend-nearHigh,##DOWNTREND:sellYearHigh(InDownTrend),##(Check-chart-buy):YearHigh-InMinus,NearHighYear,",-0.6862026866288562,1,0,1
"PCTChangeGT1,_LTGT3.0_,,,chisSellDowningMA-(check5MinuteDownTrendAndSellDowntrend),",-0.25722712521165353,5,3,2
"PCTChangeLT-2,,,,volBuyReversalLast2DayDown-VolDown,chisDownTrend-Risky-nearHigh,##(Check-chart-buy):month3High-InMinus,BreakHighMonth3,",1.6435986159169473,1,1,0
"PCTChangeGT0.5,_HTGT3.0__HTGTPCTDayChange_,,,%%HLTF:maySellTail-tailGT2-7,10thDayGT20,%%HLTF:(UPTREND-GLOBAL/SGX-UP)BuyHighUpperTail-Reversal-7,10thDayGT15-LastDayMarketDown,##RisingMA(check-chart-sell)-MaySellCheckChart,##MAPositive_Uptrend(GT1),##MA-SMA200LT0SMA100LT0,",-4.350119954808253,1,0,1
"PCTChangeGT2,year2Low,_LTGT1.5_,,,chisBuyDownTrend-lowTail,",2.785326086956515,1,1,0
"PCTChangeGT2,year2Low,_HTGT1.5_,,,chisSellYear2LowContinue,",-0.31746031746031744,1,0,1
"PCTChangeGT3,,,,##(Check-chart-sell):month3Low-InPlus,ReversalLowMonth3,(GLOBALFUTUP-UPTRENDMARKET)checkBuyConsolidationBreakUp-week2-highNotReachedWeek3,week2BarHighChangeGT0,chis-breakoutup-2week,",-1.1357251471826761,1,0,1
"PCTChangeLT-1,,,,volSellContinueLast2DayDown-VolUp,##(Check-chart-buy):month3High-InMinus,ReversalHighMonth3,",-0.21819153939494595,22,11,10
"PCTChangeGT0,PCDayChange-0.5to0.5,_HTGT1.5_,,,%%HLTF-Risky9:30:maySellTail-tailGT2-7,10thDayGT15,##MAPositive_Uptrend(GT0),##MA-SMA200GT0SMA100GT0,",-1.551846596123897,1,0,1
"PCDCGT0PCTDayChangeLT0,_HTGT1.5_,,,%%:checkSell:Super2,%%:sellDowntrend-lastDayUp-ReversalHighTail,",-0.22850633528290915,1,0,1
"PCDCLT0PCTChangeGT0,_LTGT3.0_,,,chisSell-smallUptrendReversal,",2.677113645448712,3,2,1
"PCTChangeLT-5,_HTGT1.5__LTGT3.0_,,,chisDownTrend-Risky-nearHigh,",-5.0487506331195515,2,0,2
"PCTChangeLT-3,_LTGT1.5_,,,%%HLTF:(GLOBAL-UP)buyHighLowerTail-LastDayMarketUp,",8.680952471880902,1,1,0
"PCTChangeGT1,_HTGT1.5_,,,week2BarHighChangeGT0,weekHighGTweek2High,brokenToday,",0.4793700902980396,4,2,2
"PCTChangeGT1,PCDayChange-0.5to0.5,_HTGT1.5_,,,shortUpTrendSellReversal-Month3High-Doji-Last2DayGTToday,",1.3460887687180567,2,1,1
"PCTChangeLT-0.5,,,,(Test)MayBuy-CheckChart(upTrend-lastDayDown),",-0.3803479854936115,40,19,21
"PCTChangeGT5,year2High,_LTGT1.5_,,,%%HLTF:(GLOBAL-DOWN)sellHighLowerTail-Reversal-LastDayMarketUp,",-4.437151753585035,2,0,2
"PCTChangeGT16,_HTGT3.0__LTGT3.0_,,,##MAPositive_Uptrend(GT4.5),##MA-SMA200GT0SMA100GT0,",3.3192641487210075,1,1,0
"PCTChangeLT-3,_HTGT1.5_,,,(GLOBALFUTDOWN-DOWNTRENDMARKET)checkSellConsolidationBreakDown-week2-lowNotReachedWeek3,week2BarLowChangeLT-2,##MANegative_Downtrend_(LT-2),##MA-SMA200LT0SMA100LT0,",-0.7085819422124364,1,0,1
"PCTChangeLT-1,,,,$$MayBuy-CheckChart(monthLow-minimumLast4DayDown),$$MayBuy-CheckChart(downTrend-mayReverseLast4DaysDown),",0.1327516941639987,5,4,1
"PCTChangeLT-3,_LTGT1.5_,,,checkCupDown-2dayDown-mayReversalBuy,##DOWNTREND:sellYearHighReversal(InDownTrend),##(Check-chart-buy):month3High-InMinus,ReversalHighMonth3,",-1.3671914193156782,1,0,1
"PCTChangeLT-2,_LTGT3.0_,,,%%:checkSell:Flag2Week,checkCupDown-inDownTrend,bar_low,%%HLTF:(GLOBAL-UP)buyHighLowerTail-LastDayMarketUp,volBuyReversalLast2DayDown-VolUp,",3.4874928972388246,1,1,0
"PCDCGT0PCTDayChangeLT0,PCDayChange-0.5to0.5,_LTGT3.0_,,,##MANegative_Downtrend_(GT0),##MA-SMA200LT0SMA100LT0,buyMorningStar-(checkChart),",-0.8857160295759022,1,0,1
"PCTChangeLT-2,,,,chisDownTrend-Risky-nearHigh,##DOWNTREND:sellMonth3HighReversal(InDownTrend),##(Check-chart-buy):month3High-InMinus,ReversalHighMonth3,",0.6898658604905623,18,12,6
"PCTChangeLT-3,_HTGT1.5_,,,chisDownTrend-Risky-nearHigh,##DOWNTREND:sellYear2HighReversal(InDownTrend),##last2DayLow(LT-3)-M3LGT0,",0.10245901639344068,1,1,0
"PCTChangeLT-5,,,,##MANegative_Downtrend_(LT-2),##MA-SMA200LT0SMA100LT0,",-0.8038460739647928,22,8,13
"PCTChangeGT0,_HTGT3.0__HTGTPCTDayChange_,,,%%HLTF:maySellTail-tailGT2-7,10thDayGT20,%%HLTF:(UPTREND-GLOBAL/SGX-UP)BuyHighUpperTail-Reversal-7,10thDayGT15-LastDayMarketDown,",0.3785527466975391,1,1,0
"PCTChangeLT-3,,,,##DOWNTREND:sellMonth6HighReversal(InDownTrend),volBuyRevarsalVolCrossed,%%:checkBuyRevarsalLast3DayDownAtMonth3High,##(Check-chart-buy):month3High-InMinus,ReversalHighMonth3,##(check-chart)maySell-EMA6-MT-May-LT-EMA14,",1.232555300690407,1,1,0
"PCTChangeGT3,,,,buyHeavyUpTrend-Continue-(Risky),vol-sell-DownVol-3dayUp-Week2High,",-2.7679162990948014,1,0,1
"PCTChangeGT12,_HTGT3.0__HTGTPCTDayChange_,,,##MAPositive_Uptrend(GT2),##MA-SMA200GT0SMA100GT0,",0.4853018173771544,1,1,0
"PCTChangeGT2,,,,weekBarHighChangeGT0,brokenToday,chisSell-2week-breakoutup,",2.095992789084069,1,1,0
"PCTChangeLT-1,_HTGT3.0__HTGTPCTDayChange_,,,(GLOBALFUTDOWN-DOWNTRENDMARKET)checkSellConsolidationBreakDown-week2-lowNotReachedWeek3,week2BarLowChangeLT0,##(Check-chart-buy):month3High-InMinus,NearHighMonth3,",0.7459792611067542,1,1,0
"PCTChangeGT0,,,,weekBarHighChangeGT0,",0.6343158922697351,1,1,0
"PCTChangeGT0.5,_HTGT1.5__HTGTPCTDayChange_,,,chisSellDowningMA-(check5MinuteDownTrendAndSellDowntrend),",2.219021728440835,2,2,0
"PCTChangeGT0,,,,week2BarHighChangeGT0,brokenToday,",1.24990580282508,1,1,0
"PCTChangeLT-1,_HTGT3.0__HTGTPCTDayChange_,,,volSellContinueLast2DayDown-VolUp,##(Check-chart-buy):month3High-InMinus,ReversalHighMonth3,",0.1373844250758085,1,1,0
"PCTDayChangeLT0,PCDayChange-0.5to0.5,_LTGT1.5_,,,##MAPositive_Uptrend(LT0),##MA-SMA200GT0SMA100GT0,",0.9552238805970149,1,1,0
"PCTChangeLT-1,_LTGT1.5_,,,$$(UPTREND-OR-GLOBALUP)MayBuyContinue-CheckChart(inUpTrend-monthHigh)-lowTail,##(Test)buyBottomReversal-0,",0.7929161639118566,1,1,0
"PCTChangeLT-1,_HTGT1.5_,,,##(Test)(Check-chart):year2Low-InMinus,",0.08223558830255324,1,1,0
"PCTChangeGT0.5,_HTGT1.5_,,,volBuyContinueLast2DayUp-VolUp,",-0.6132151183382623,5,2,3
"PCTChangeGT0,PCDayChange-0.5to0.5,_LTGT1.5_,,,chisSellDowningMA-(check5MinuteDownTrendAndSellDowntrend),",1.6458560039312555,6,4,2
"PCTChangeLT-2,_LTGT1.5_,,,(GLOBALFUTDOWN-DOWNTRENDMARKET)checkSellConsolidationBreakDown-week2-lowNotReachedWeek3,week2BarLowChangeLT0,weekLowLTweek2Low,chisDownTrend-Risky-nearHigh,##DOWNTREND:sellMonth3HighReversal(InDownTrend),",1.4827544113685345,1,1,0
"PCTChangeGT3,_HTGT1.5__LTGT1.5__HTGTPCTDayChange_,,,##lastDayHighGT5TodayGT1,",6.1402490746360945,1,1,0
"PCTChangeLT-0.5,_HTGT1.5__HTGTPCTDayChange_,,,chisSellDownTrend-nearHigh,",1.3800721814073615,3,2,1
"PCTChangeGT1,_HTGT1.5_,,,%%HLTF:(DOWNTREND-OR-GLOBALDOWN)maySellTail-tailGT2-2,3,4thDayGT0,weekBarHighChangeGT0,",1.3440781663960844,1,1,0
"PCDCLT0PCTChangeGT0,_HTGT1.5__LTGT3.0__HTGTPCTDayChange__LTGTPCTDayChange_,,,%%HLTF-Last2DayMarketUp:(GLOBAL-DOWN)sellHighLowerTail-Reversal-LastDayMarketUp,",-0.8954962314868553,1,0,1
"PCTChangeGT1,_HTGT1.5_,,,%%HLTF-Risky9:30:maySellTail-tailGT2-7,10thDayGT15,sellPatternsML,",0.1933738867207008,1,1,0
"PCDCLT0PCTChangeGT0,PCDayChange-0.5to0.5,_HTGT1.5_,,,%%HLTF-Last2HighTail:(DOWNTREND)sellHighUpperTailPre,",0.3751621291541041,12,8,4
"PCTChangeLT-2,year2High,_HTGT1.5__HTGTPCTDayChange_,,,%%HLTF:(UPTREND-MorningTrend-UP)mayBuyTail-highTailGT2-7,10thDayGT10-Last2DayStockDown,",2.7446779126941374,1,1,0
"PCTChangeLT-1,_HTGT3.0__HTGTPCTDayChange_,,,volBuyReversalLast2DayDown-VolUp,",-1.1623118012456524,5,2,3
"PCTChangeLT-1,_HTGT1.5__LTGT1.5_,,,shortDownTrendSellContinue-Doji-Last2DayLTToday,",-2.0402325719846113,5,1,4
"PCDCGT0PCTChangeLT-5,_HTGT3.0__LTGT1.5__HTGTPCTDayChange__LTGTPCTDayChange_,,,%%HLTF-Last2LowTail:(DOWNTREND)sellHighLowerTailPre-1,",4.0000013871626505,1,1,0
"PCTChangeLT-2,,,,volumeUpsergedLast2n3n4DayUp,VOL:sell(GLOBALFUTUP-GLOBALMARKETUP)Buy-UpVol-3dayDown-Week2High,chisDownTrend-Risky-nearHigh,##(Check-chart-buy):month3High-InMinus,ReversalHighMonth3,",0.544119442210478,1,1,0
"PCTChangeLT-2,_HTGT1.5_,,,weekBarLowChangeLT-2,brokenToday,##DOWNTREND:sellYear2HighReversal(InDownTrend),",1.185576265990267,2,2,0
"PCTChangeLT-1,,,,chisSellFinalCandidate-4,##sellRisingMA,",-0.09526446452309653,1,0,1
"PCTChangeLT-0.5,,,,volBuyReversalLast2DayDown-VolDown,",-1.0557010048301094,28,6,22
"PCTDayChangeLT0,_HTGT1.5__HTGTPCTDayChange_,,,%%HLTF-Risky9:30:maySellTail-tailGT2-7,10thDayGT15,",-3.1815224008935146,1,0,1
"PCTChangeLT-3,_LTGT1.5_,,,volSellVolumeUpsergedLast2n3DayUp,",-0.6514296089535382,3,2,1
"PCTChangeGT2,_LTGT1.5_,,,week2BarHighChangeGT2,",-0.2666648582175919,1,0,1
"PCTChangeLT-3,_HTGT3.0_,,,%%:checkSell:CupDownDoji-last2lastDayLT0orTodayGT0,%%HLTF:maySellTail-tailGT2-7,10thDayGT0,",3.7059500570483785,1,1,0
"PCTChangeGT1,_HTGT1.5__HTGTPCTDayChange_,,,%%HLTF-Last2HighTail:(UPTREND)buy(DOWNTREND)sell:HighUpperTailPre-last2DayUp,(Test)(check-chart-2-3MidCapCross)MaySellCheckChart-Risky,MaySellCheckChart-(IndexNotDownInSecondHalf),week2BarHighChangeGT0,weekHighGTweek2High,",-1.1469913287429612,1,0,1
"PCTChangeLT-3,,,,##DOWNTREND:sellMonth3High(InDownTrend),",-2.9798000348537466,1,0,1
"PCTChangeLT-2,PCDayChange-0.5to0.5,_HTGT1.5_,,,%%:checkSell:Super0,",-0.5048282347338456,2,0,2
"PCTChangeGT3,year2High,_HTGT1.5__LTGT3.0__HTGTPCTDayChange__LTGTPCTDayChange_,,,%%HLTF:(SGXNIFTYUP)buyHighLowerTail-Continue,##lastDayHighGT5TodayGT1,",-1.7344343761070031,1,0,1
"PCTChangeLT-3,_LTGT1.5_,,,##MANegative_Downtrend_(LT-4.5),##MA-SMA200GT0SMA100LT0,##last2DayLow(LT-3)-M3LGT0,",2.8642761243262886,2,1,1
"PCTChangeLT-3,,,,##last2DayLow(LT-3)-M3LGT0,##(Check-chart-buy):month3High-InMinus,NearHighMonth3,",1.1377702160322216,1,1,0
"PCTChangeGT5,,,,checkBuyConsolidationBreakout-allPreLT0,",-0.01383795253060095,21,8,13
"PCTChangeGT5,_LTGT1.5_,,,(GLOBALFUTUP-UPTRENDMARKET)checkBuyConsolidationBreakUp-week2-highNotReachedWeek3,week2BarHighChangeGT0,brokenToday,",-1.1601156552125964,3,1,2
"PCTChangeLT-0.5,,,,%%:sellDowntrend-lastDayDown-ReversalHighTail,",-1.3151077876149269,2,0,2
"PCTChangeGT2,year2High,,,,chisCheckConsolidationBreakoutLT(4.5),weekBarHighChangeGT2,brokenToday,",-0.7158784673904859,2,0,2
"PCTChangeLT-3,,,,chisSellConsolidationBreakDown-forecastDayPCT7LT0,",-0.9584454084066819,4,2,2
"PCTChangeLT-5,,,,maySellHighVolatileDownContinueLT-8,##MANegative_Downtrend_(LT-4.5),##MA-SMA200GT0SMA100GT0,",5.092841434225797,1,1,0
"PCTChangeLT-2,,,,volumeUpsergedLast2n3n4DayUp,checkSellConsolidationBreakDown-month3HighGTMonth3Low,chisSellDownTrend-nearHigh,##(Check-chart-buy):month3High-InMinus,ReversalHighMonth3,",-1.3989897572379406,1,0,1
"PCTChangeGT1,PCDayChange-0.5to0.5,,,,buyPatternsML,buyPattern-GT1.5-SMAGT0,(SMA9GT0),",3.8508441311752835,5,5,0
"PCTChangeGT5,_HTGT1.5__LTGT1.5_,,,weekBarHighChangeGT2,##MAPositive_Uptrend(GT2),##MA-SMA200GT0SMA100GT0,",-0.5012531328320838,1,0,1
"PCTChangeGT0,PCDayChange-0.5to0.5,,,,chisSellDowningMA-(check5MinuteDownTrendAndSellDowntrend)-Already10DayDown,MaySellCheckChart-(|_|`|),",-0.6753897614431364,4,2,2
"PCTChangeGT3,_LTGT1.5_,,,##UPTREND:buyMonth3LowReversal(Confirm),",-0.19666448400376316,3,1,2
"PCTChangeLT-2,_LTGT1.5_,,,weekBarLowChangeLT0,brokenToday,##DOWNTREND:sellYear2HighReversal(InDownTrend),##(Check-chart-buy):YearHigh-InMinus,ReversalHighYear,",-0.833047740097941,1,0,1
"PCTChangeGT16,_HTGT3.0__LTGT1.5_,,,##MAPositive_Uptrend(GT4.5),##MA-SMA200GT0SMA100GT0,",-8.942861128826532,1,0,1
"PCTChangeGT5,_LTGT1.5_,,,chisCheckConsolidationBreakoutGT(4.5),chisSell-2week-breakoutup,",2.183102889799736,1,1,0
"PCTChangeLT-0.5,year2Low,_HTGT3.0__HTGTPCTDayChange_,,,chisRSISellCandidate(yearLow)-lessThanMinus5,",-8.892406994783425,1,0,1
"PCTChangeGT1,_HTGT1.5_,,,%%HLTF-Last2HighTail:(UPTREND)buy(DOWNTREND)sell:HighUpperTailPre-last2DayUp,##MAPositive_Uptrend(GT2),##MA-SMA200LT0SMA100GT0,",4.545408476765325,1,1,0
"PCTChangeLT-3,,,,chisFinalBreakOutSell-0,",-3.947078341943839,2,0,2
"PCDCGT0PCTChangeLT-3,_HTGT3.0__LTGT1.5__HTGTPCTDayChange_,,,%%:checkSellRevarsalLast3DayUpAtMonth3Low,",2.6983992661914757,1,1,0
"PCTChangeGT3,,,,volSellVolumeUpsergedLast2n3DayDown,weekBarHighChangeGT0,brokenToday,",-0.6254677767065612,6,2,4
"PCTChangeLT-8,_LTGT1.5_,,,%%HLTF:(GLOBAL-DOWN)sellHighLowerTail-Reversal-LastDayMarketUp,##MAPositive_Uptrend(LT-2),##MA-SMA200LT0SMA100LT0,",-5.930230783861737,1,0,1
"PCTChangeLT-2,,,,$$MayBuy-CheckChart(monthLow-minimumLast4DayDown),",-0.6888487181032702,16,7,9
"PCTChangeGT2,,,,chisUpTrend-Risky-nearLow,(GLOBALFUTUP-UPTRENDMARKET)checkBuyConsolidationBreakUp-week2-highNotReachedWeek3,week2BarHighChangeGT0,##UPTREND:buyYear2LowReversal(Confirm),",-0.45019868626717374,1,0,1
"PCTChangeLT-2,,,,chisSellFlagWeek-Risky,checkCupDown-2dayDown,volBuyReversalLast2DayDown-VolDown,##(Check-chart-buy):month3High-InMinus,ReversalHighMonth3,",2.0689655172413763,1,1,0
"PCTChangeGT2,_LTGT1.5_,,,##(Check-chart-sell):month3Low-InPlus,ReversalLowMonth3,chisSell-2week-breakoutup,##UPTREND:buyYear2LowReversal(Confirm),",-2.902222589491783,1,0,1
"PCTChangeLT-5,_HTGT1.5_,,,##DOWNTREND:sellMonth3HighReversal(InDownTrend),##last2DayLow(LT-3)-M3LGT0,",3.043141200738333,2,2,0
"PCTChangeLT-0.5,year2High,_HTGT1.5__HTGTPCTDayChange_,,,volBuyReversalLast2DayDown-VolUp,",-2.2557469794491323,1,0,1
"PCTChangeLT-1,year2High,_HTGT3.0__LTGT1.5__HTGTPCTDayChange_,,,%%HLTF:(UPTREND-MorningTrend-UP)mayBuyTail-highTailGT2-7,10thDayGT10-Last2DayStockDown,",-5.096409058412234,1,0,1
"PCTChangeLT-2,,,,##MA-SMA200GT0SMA100LT0,##DOWNTREND:sellMonth3LowBreak,",-3.0800263284157863,1,0,1
"PCTChangeGT3,_HTGT3.0__HTGTPCTDayChange_,,,checkBuyConsolidationBreakout-allPreLT0,",3.5196703722410088,1,1,0
"PCTChangeGT3,,,,chisCheckConsolidationBreakoutLT(4.5),checkBuyConsolidationBreakUp-2week,week2BarHighChangeGT0,brokenToday,chisBuy-2week-breakoutup(check-chart)(|-|-| or --|),",1.372129651838377,4,3,1
"PCTChangeGT5,,,,chisBuyConsolidationBreakUp-2week-(Risky)-year2High,week2BarHighChangeGT2,weekHighGTweek2High,brokenToday,",0.6932889315474222,1,1,0
"PCTChangeLT-2,_LTGT3.0_,,,chisSellDownTrend-nearHigh,##(Check-chart-buy):month3High-InMinus,ReversalHighMonth3,",0.6067487841816024,1,1,0
"PCTChangeGT3,_LTGT1.5_,,,checkBuyConsolidationBreakUp-2week,week2BarHighChangeGT0,brokenToday,",-1.0233415093413387,1,0,1
"PCTChangeGT0.5,_HTGT1.5_,,,buyYearHigh-0,",0.38659821827886665,16,7,9
"PCTChangeGT5,,,,chisUpTrend-Risky-nearLow,##last2DayHighGT3-M3HLT0,",2.580975013850403,4,2,2
"PCTChangeGT0.5,_HTGT1.5__HTGTPCTDayChange_,,,chisUpTrend-Risky-nearLow,",1.6822381834441187,6,6,0
"PCTChangeLT-3,,,,(GLOBALFUTDOWN-DOWNTRENDMARKET)checkSellConsolidationBreakDown-week2-lowNotReachedWeek3,week2BarLowChangeLT0,##DOWNTREND:sellYear2HighReversal(InDownTrend),##(Check-chart-buy):month3High-InMinus,ReversalHighMonth3,",0.1342156159943829,8,4,4
"PCDCGT0PCTDayChangeLT0,PCDayChange-0.5to0.5,_HTGT3.0_,,,%%:checkSell:Super2,-+,",-1.1556240098098254,1,0,1
"PCTChangeGT3,PCDayChange-0.5to0.5,_HTGT3.0__LTGT1.5_,,,%%:checkSell:Flag2Week-doji,",3.351313113449467,1,1,0
"PCTChangeLT-3,_HTGT1.5__LTGT1.5_,,,VOL:buy-UpVol-3dayDown-Week2Low,weekBarLowChangeLT-2,##MANegative_Downtrend_(LT-4.5),##MA-SMA200GT0SMA100LT0,##DOWNTREND:sellMonth3LowBreak,",-0.40138930590691263,1,0,1
"PCTChangeLT-2,_LTGT3.0_,,,chisDownTrend-Risky-nearHigh,",-0.4976326946041013,10,4,5
"PCTChangeLT-2,_HTGT1.5__HTGTPCTDayChange_,,,##ML:BuyRisingMA-Risky-0,",-1.4593323778633835,1,0,1
"PCTChangeGT3,_LTGT1.5_,,,(GLOBALFUTUP-UPTRENDMARKET)checkBuyConsolidationBreakUp-week2-highNotReachedWeek3,week2BarHighChangeGT0,##(check-chart)mayBuy-EMA6-LT-May-MT-EMA14,",2.7281473555130953,2,1,1
"PCDCGT0PCTChangeLT-1,_HTGT1.5_,,,##ML:buyRisingMA-down-Risky,",-3.959272335122257,1,0,1
"PCTChangeLT-5,,,,##DOWNTREND:sellMonth3HighReversal(InDownTrend),",-6.240374355219194,1,0,1
"PCTDayChangeLT0,PCDayChange-0.5to0.5,_HTGT1.5__LTGT1.5_,,,%%:sellDowntrend-lastDayDown-ReversalHighTail,",1.4023345725708107,2,1,1
"PCTChangeLT-3,,,,##MANegative_Downtrend_(LT-4.5),##MA-SMA200LT0SMA100LT0,##last3DayLow(LT-3)-M3LLT0,",0.028661699260570456,3,2,1
"PCTChangeGT8,year2High,_HTGT3.0_,,,zigZagVolCrossedFromDown,",1.9871833996894888,1,1,0
"PCTChangeGT0.5,_HTGT1.5__LTGT1.5_,,,shortUpTrendBuyContinue-Doji-Last2DayGTToday,",0.6908352268606093,1,1,0
"PCTChangeGT0.5,PCDayChange-0.5to0.5,_LTGT3.0_,,,chisBuyYearHigh-3,",-0.9028668551683893,3,1,2
"PCTChangeLT-1,,,,%%checkCupDown-2dayDown-continue,chisDownTrend-Risky-nearHigh,",-1.1150586549105268,2,0,2
"PCTChangeGT0.5,,,,chisSellFlag2Week-doji-Risky,chisBuyYearHigh-1,",-0.36041939711665294,1,0,1
"PCTChangeGT3,_HTGT1.5__LTGT1.5_,,,##buyTenDaysLessThanMinusTen,",-0.2571118666815438,3,1,2
"PCDCGT0PCTChangeLT-1,_LTGT1.5_,,,chisSellSuper-Risky,-+,",3.3724234991522586,1,1,0
"PCTChangeLT-3,,,,volBuyReversalLast2DayDown-VolDown,##(Check-chart-buy):month6High-InMinus,NearHighMonth6,",0.46875000000000083,1,1,0
"PCTChangeLT-1,,,,##MANegative_Downtrend_(LT-2),##MA-SMA200GT0SMA100LT0,",0.048472485491202526,11,7,4
"PCTChangeLT-2,_HTGT1.5_,,,chisDownTrend-Risky-nearHigh,##(Check-chart-buy):YearHigh-InMinus,NearHighYear,",-0.9819225541923462,3,0,3
"PCTChangeGT16,_LTGT1.5_,,,##MAPositive_Uptrend(GT4.5),##MA-SMA200LT0SMA100GT0,",-2.562165768406522,1,0,1
"PCTChangeLT-1,_HTGT1.5__LTGT1.5__LTGTPCTDayChange_,,,%%:checkSell:Super01-monthLow,",0.3690977448185061,1,1,0
"PCTChangeLT-3,,,,##MANegative_Downtrend_(LT-2),##MA-SMA200LT0SMA100LT0,##DOWNTREND:sellMonth3LowBreak,",1.1944381975363123,12,8,3
"PCTChangeLT-3,,,,volumeUpsergedLast2n3n4DayUp,volSellContinueLast2DayDown-VolUp,chisSellDownTrend-nearHigh,##DOWNTREND:sellYearHigh(InDownTrend),##(Check-chart-buy):YearHigh-InMinus,NearHighYear,",-0.9909909909909779,1,0,1
"PCTChangeLT-1,_LTGT1.5_,,,chisSellDayLowVolLow-01,",2.3113226740615263,1,1,0
"PCTChangeGT3,_HTGT1.5__LTGT1.5__LTGTPCTDayChange_,,,##MAPositive_Uptrend(GT2),##MA-SMA200GT0SMA100GT0,",-14.742940589333164,1,0,1
"PCTChangeLT-2,,,,volBuyReversalLast2DayDown-VolDown,##MANegative_Downtrend_(LT-2),##MA-SMA200GT0SMA100LT0,##DOWNTREND:sellMonth3LowBreak,",-7.894736842105251,1,0,1
"PCTChangeLT-3,_LTGT1.5_,,,chisDownTrend-Risky-nearHigh,##(Check-chart-buy):month3High-InMinus,NearHighMonth3,",-3.3744231865058207,1,0,1
"PCTChangeGT2,,,,weekBarHighChangeGT2,##(Check-chart):year2High-InPlus,",-0.13059226094019588,4,1,3
"PCTChangeGT0.5,_HTGT3.0__HTGTPCTDayChange_,,,%%HLTF-Risky9:30:maySellTail-tailGT2-7,10thDayGT15,%%HLTF:(UPTREND-GLOBAL/SGX-UP)BuyHighUpperTail-Reversal-7,10thDayGT15-LastDayMarketDown,",-3.5020459804448074,1,0,1
"PCTChangeGT2,year2High,_HTGT1.5_,,,volBuyContinueLast2DayUp-VolUp,weekBarHighChangeGT0,brokenToday,",6.607694185697122,1,1,0
"PCTChangeGT2,_HTGT1.5__HTGTPCTDayChange_,,,%%HLTF-Risky9:30:maySellTail-tailGT2-7,10thDayGT15,%%:sellUpTrend-month3High,##MAPositive_Uptrend(GT2),##MA-SMA200GT0SMA100GT0,",-0.4255300597216945,1,0,1
"PCTChangeLT-3,_LTGT1.5_,,,##DOWNTREND:sellMonth6HighReversal(InDownTrend),##(Check-chart-buy):month6High-InMinus,ReversalHighMonth6,",1.1915010153605137,3,2,1
"PCTChangeLT-5,,,,volBuyReversalLast2DayDown-VolDown,chisSellDownTrend-nearHigh,",3.2733076709812092,1,1,0
"PCTChangeLT-0.5,_HTGT1.5_,,,volSellContinueLast2DayDown-VolUp,chisDownTrend-Risky-nearHigh,",-0.1437629283688019,1,0,1
"PCTChangeLT-1,_LTGT1.5_,,,checkCupDown-near2WeekDown-mayReveresalBuy,##(Check-chart-buy):month3High-InMinus,ReversalHighMonth3,",-0.8749418146381902,1,0,1
"PCDCLT0PCTChangeGT0,_HTGT3.0__HTGTPCTDayChange__LTGTPCTDayChange_,,,chisSell-smallUptrendReversal,",0.16528673408444802,1,1,0
"PCTChangeGT2,year2High,_HTGT1.5_,,,%%HLTF-Risky9:30:maySellTail-tailGT2-7,10thDayGT15,%%:sellUpTrend-month3High,",-1.1584051724138071,1,0,1
"PCTChangeLT-2,,,,%%:checkSell:Super01-monthLow,volBuyReversalLast2DayDown-VolDown,",0.2787413912783261,1,1,0
"PCTChangeLT-5,_LTGT1.5_,,,%%HLTF:(SGXNIFTYUP)buyHighLowerTail-Continue,##MAPositive_Uptrend(LT-4.5),##MA-SMA200GT0SMA100GT0,",2.060183772334352,1,1,0
"PCDCGT0PCTChangeLT-1,year2Low,,,,(Test)MaySell-CheckChart(downTrend-lastDayUp),",2.094561453806261,1,1,0
"PCTChangeGT3,_HTGT1.5_,,,weekBarHighChangeGT2,",0.036430371660865914,19,10,9
"PCTChangeGT2,_HTGT3.0__HTGTPCTDayChange_,,,(SMA9GT0),",4.853128991060024,1,1,0
"PCTChangeGT0,PCDayChange-0.5to0.5,,,,chisSellDowningMA-(check5MinuteDownTrendAndSellDowntrend),chisBuyYearHigh-3,",-1.0298698894087583,5,1,4
"PCTChangeLT-2,_LTGT1.5_,,,checkCupDown-2dayDown-mayReversalBuy,chisDownTrend-Risky-nearHigh,##DOWNTREND:sellMonth3HighReversal(InDownTrend),##(Check-chart-buy):month3High-InMinus,ReversalHighMonth3,",-1.2636899747261892,1,0,1
"PCTChangeLT-3,_HTGT3.0__LTGT3.0_,,,volBuyReversalLast2DayDown-VolDown,chisRSISellCandidate(yearLow)-lessThanMinus5,##MANegative_Downtrend_(LT-4.5),##MA-SMA200LT0SMA100LT0,chisBuyDayLowVolLow-01,",-9.276568223561835,1,0,1
"PCTChangeLT-3,year2High,_LTGT3.0_,,,%%HLTF:(GLOBAL-DOWN)sellHighLowerTail-Reversal-LastDayMarketUp,",-1.0775997935511519,9,3,6
"PCTChangeLT-2,_LTGT1.5_,,,checkCupDown-month3HighLTmonth3Low,bar_low,chisDownTrend-Risky-nearHigh,##ML:BuyRisingMA-Risky-0,",1.3722708405949386,1,1,0
"PCTChangeGT3,_LTGT1.5_,,,%%HLTF:(SGXNIFTYUP)buyHighLowerTail-Continue,(GLOBALFUTUP-UPTRENDMARKET)checkBuyConsolidationBreakUp-week2-highNotReachedWeek3,week2BarHighChangeGT0,",1.2714976315045279,1,1,0
"PCTChangeLT-2,_HTGT1.5_,,,%%:checkSell:Super01-monthLow,",-1.6053754865725425,6,1,5
"PCTChangeLT-2,,,,weekBarLowChangeLT-2,##DOWNTREND:sellYear2HighReversal(InDownTrend),##(Check-chart-buy):YearHigh-InMinus,ReversalHighYear,",0.3268361052859787,14,7,7
"PCTChangeLT-3,_LTGT1.5_,,,weekBarLowChangeLT-2,##DOWNTREND:sellYear2HighReversal(InDownTrend),##(Check-chart-buy):month3High-InMinus,ReversalHighMonth3,",1.4304859150188476,1,1,0
"PCTChangeGT5,,,,chisCheckConsolidationBreakout2WeekLT(4.5),",-3.0961771105101192,1,0,1
"PCTChangeLT-3,,,,(GLOBALFUTDOWN-DOWNTRENDMARKET)checkSellConsolidationBreakDown-week2-lowNotReachedWeek3,week2BarLowChangeLT0,chisDownTrend-Risky-nearHigh,##(Check-chart-buy):month3High-InMinus,NearHighMonth3,",-0.5255861401063279,1,0,1
"PCTChangeLT-2,,,,checkCupDown-month3HighLTmonth3Low,bar_low,VOL:buy-DownVol-3dayDown-Week2High,",0.6000154072376019,2,2,0
"PCTChangeGT2,_HTGT1.5__HTGTPCTDayChange_,,,%%:sellUpTrend-month3High,##MAPositive_Uptrend(GT1),##MA-SMA200GT0SMA100GT0,",1.1762508704167833,4,3,1
"PCDCGT0PCTDayChangeLT0,PCDayChange-0.5to0.5,_HTGT1.5_,,,%%:checkSell:Super0,",3.2958186686743516,1,1,0
"PCTChangeGT5,_HTGT1.5_,,,VOL:buy(GLOBALFUTDOWN-GLOBALMARKETDOWN)Sell-UpVol-3dayUp-Week2Low,",1.1740956255169674,4,2,2
"PCTChangeLT-0.5,_LTGT3.0_,,,%%:checkSell:Super01-monthLow,buyMorningStar-HighLowerTail-(checkChart),",-4.037037655308596,2,0,2
"PCTChangeGT1,_HTGT1.5__LTGT1.5_,,,%%:checkSell:Super2,%%HLTF-Last2LowTail:(DOWNTREND)sellHighLowerTailPre-1,",0.8688392867066517,1,1,0
"PCTChangeGT3,,,,sellHeavyUpTrend-Reversal,##MAPositive_Uptrend(GT2),##MA-SMA200GT0SMA100GT0,",-0.16882024175290128,1,0,1
"PCTChangeGT2,,,,(GLOBALFUTUP-UPTRENDMARKET)checkBuyConsolidationBreakUp-week2-highNotReachedWeek3,week2BarHighChangeGT2,chis-breakoutup-2week,chisBuy-2week-breakoutup,##ML:sellRisingMAuptrend-1,##UPTREND:buyYear2LowReversal(Confirm),",-2.1133903205635454,1,0,1
"PCTChangeLT-2,,,,checkCupDown-near2WeekDown-mayReveresalBuy,(GLOBALFUTDOWN-DOWNTRENDMARKET)checkSellConsolidationBreakDown-week2-lowNotReachedWeek3,week2BarLowChangeLT-2,",-1.4170361780188425,5,0,5
"PCDCGT0PCTDayChangeLT0,_HTGT1.5__LTGT3.0__HTGTPCTDayChange__LTGTPCTDayChange_,,,%%HLTF-Last2DayMarketUp:(GLOBAL-DOWN)sellHighLowerTail-Reversal-LastDayMarketUp,##MA-SMA200LT0SMA100LT0,",2.7870887369547184,1,1,0
"PCTChangeGT1,year2High,,,,weekBarHighChangeGT0,brokenToday,",-0.42097735278917764,37,13,23
"PCTChangeLT-2,,,,volSellContinueLast2DayDown-VolUp,##ML:buyRisingMA-down-Risky,",1.020632965569822,3,2,1
"PCTChangeLT-3,year2High,_HTGT3.0__LTGT1.5__HTGTPCTDayChange_,,,zigZagVolCrossedFromUp,",-4.269034293702407,1,0,1
"PCTChangeLT-3,,,,(GLOBALFUTDOWN-DOWNTRENDMARKET)checkSellConsolidationBreakDown-week2,weekBarLowChangeLT-2,brokenToday,##DOWNTREND:sellMonth6LowBreak,",0.6022567026199663,1,1,0
"PCTChangeLT-2,_LTGT1.5_,,,volBuyReversalLast2DayDown-VolDown,##DOWNTREND:sellYear2HighReversal(InDownTrend),",1.7447651997149558,2,2,0
"PCTChangeLT-3,year2Low,,,,##last3DayLow(LT-3)-M3LLT0,chisBuyYear2Low,BreakLowYear2,",3.0303030303030303,1,1,0
"PCTChangeGT3,,,,zigZagVolCrossedFromDown,$$(UPTREND-OR-GLOBALUP)MayBuy-CheckChart-baseLine(inuptrend-monthlow)-MHCLT(-10),buyPatternsML,",3.9832285115303874,1,1,0
"PCTChangeGT1,year2High,_HTGT1.5__HTGTPCTDayChange_,,,%%HLTF:(GLOBAL-SGX-DOWN)maySellTail-2,3,4thDayGT0,",1.531281176161448,4,3,1
"PCTChangeLT-5,,,,%%:checkBuyRevarsalLast3DayDownAtMonth3High,",-2.023172837787604,4,1,3
"PCDCLT0PCTChangeGT1,PCDayChange-0.5to0.5,_LTGT3.0_,,,buyYearHigh-0,",-4.203548636037612,1,0,1
"PCTChangeGT0.5,_HTGT1.5__HTGTPCTDayChange_,,,(SMA9LT0),",2.1274950115587052,1,1,0
"PCTChangeGT1,_HTGT1.5_,,,%%HLTF-Last2HighTail:(UPTREND)buy(DOWNTREND)sell:HighUpperTailPre-last2DayUp,(GLOBALFUTUP-UPTRENDMARKET)checkBuyConsolidationBreakUp-week2-highNotReachedWeek3,week2BarHighChangeGT2,weekHighGTweek2High,",0.302774887438241,2,1,1
"PCTChangeGT5,year2High,,,,chisCheckConsolidationBreakout2WeekGT(4.5),",-4.303951448485871,2,0,2
"PCTChangeGT8,,,,##last3DayHighGT3-M3HLT0,",4.1276893028846215,1,1,0
"PCTChangeGT3,_HTGT3.0__HTGTPCTDayChange_,,,%%HLTF:(DOWNTREND-OR-GLOBALDOWN)maySellTail-tailGT2-2,3,4thDayGT0,",-0.4336405653154732,7,3,4
"PCTChangeLT-3,,,,##DOWNTREND:sellYear2HighReversal(InDownTrend),chisSellDayLowVolLow-03-checkMorningTrend(.5SL),##(Check-chart-buy):month3High-InMinus,ReversalHighMonth3,",1.518345931766548,1,1,0
"PCTChangeLT-1,PCDayChange-0.5to0.5,_HTGT1.5_,,,%%HLTF-Last2HighTail:(DOWNTREND)sellHighUpperTailPre-1,",0.5068774503168152,5,3,2
"PCTChangeGT0,_HTGT1.5__HTGTPCTDayChange_,,,chisUpTrend-Risky-nearLow,",-3.6947890174907405,2,0,2
"PCTChangeLT-3,_HTGT1.5_,,,VOL:buy-UpVol-3dayDown-Week2Low,##MANegative_Downtrend_(LT-2),##MA-SMA200LT0SMA100LT0,##DOWNTREND:sellMonth3LowBreak,",0.4325927301494654,1,1,0
"PCTChangeLT-3,_LTGT1.5_,,,##(Check-chart-sell)Month3Low-Continue(InUpTrend),ReversalLowMonth3,",-3.224946767556375,1,0,1
"PCTChangeGT3,,,,volSellReversalLast2DayUp-VolDown,##RisingMA(Test)(check-chart-buy)-2DayUp,",0.11061071422407312,1,1,0
"PCTChangeLT-2,_HTGT1.5_,,,checkCupDown-near2WeekDown-mayReveresalBuy,##(Check-chart-buy):month3High-InMinus,ReversalHighMonth3,",-2.8931058686354936,1,0,1
"PCTChangeLT-3,_HTGT1.5_,,,zigZagVolCrossedFromUp,",-0.23859852822576857,7,3,4
"PCTChangeLT-3,,,,vol-buy-DownVol-3dayDown-Week2Low,weekBarLowChangeLT-2,brokenToday,##MANegative_Downtrend_(LT-2),##MA-SMA200LT0SMA100LT0,",-0.9248229585465321,2,0,2
"PCTChangeGT1,,,,chisUpTrend-Risky-nearLow,##UPTREND:buyYearLowReversal(Confirm),",-0.15598092420485335,6,4,2
"PCTChangeLT-8,_LTGT3.0_,,,volumeUpsergedLast2n3n4DayUp,volSellContinueLast2DayDown-VolUp,##MANegative_Downtrend_(LT-4.5),##MA-SMA200LT0SMA100LT0,",-10.126821535688665,1,0,1
"PCTChangeLT-1,PCDayChange-0.5to0.5,_HTGT1.5__LTGT3.0_,,,##(Test):buyRisingMA-uptrend-SMA25gt0,",-3.1328207182344734,1,0,1
"PCTChangeGT1,_HTGT3.0__LTGT1.5_,,,%%HLTF-Last2HighTail:(UPTREND)buy(DOWNTREND)sell:HighUpperTailPre-last2DayUp,##MA-SMA200LT0SMA100LT0,",-3.371845344298617,1,0,1
"PCDCLT0PCTChangeGT0,PCDayChange-0.5to0.5,_HTGT1.5__LTGT1.5_,,,%%HLTF-LastDayUp:(DOWNTREND-OR-GLOBALDOWN)MaySellHighTail-LastDayMarketUp,",-0.3098401576978358,25,10,15
"PCTChangeGT2,,,,chisCheckConsolidationBreakout2WeekLT(4.5),weekBarHighChangeGT2,brokenToday,",-2.1161903055023155,1,0,1
"PCTChangeLT-0.5,,,,(GLOBALFUTDOWN-DOWNTRENDMARKET)checkSellConsolidationBreakDown-week2-lowNotReachedWeek3,week2BarLowChangeLT-2,",-2.2980921754119583,1,0,1
"PCTChangeGT2,,,,week2BarHighChangeGT2,brokenToday,",-1.4733840304182417,1,0,1
"PCTChangeLT-2,,,,##DOWNTREND:sellYear2HighReversal(InDownTrend),chisSellDayLowVolLow-01,",1.2295476740056817,1,1,0
"PCTChangeLT-3,,,,##DOWNTREND:sellMonth6HighReversal(InDownTrend),##(Check-chart-buy):month6High-InMinus,ReversalHighMonth6,",1.013094839236208,4,2,2
"PCTChangeGT8,_HTGT1.5__LTGT1.5_,,,##(check-chart)sellEMA6>EMA14,",2.951718397705511,1,1,0
"PCTChangeGT2,year2Low,_HTGT3.0__LTGT3.0_,,,zigZagVolCrossedFromDown,",-11.249999999999998,1,0,1
"PCTChangeGT3,_LTGT1.5_,,,##(check-chart)mayBuy-EMA6-LT-May-MT-EMA14,##last2DayHighGT3-M3HLT0,",-1.50334664169165,1,0,1
"PCTChangeGT1,_HTGT1.5_,,,%%HLTF-Risky9:30:maySellTail-tailGT2-7,10thDayGT15,##MA-SMA200GT0SMA100GT0,",8.074069552951388,1,1,0
"PCTChangeGT1,_HTGT1.5_,,,chisSellEveningStar-2(Check2-3MidCapCross),##MAPositive_Uptrend(GT0),##MA-SMA200GT0SMA100GT0,",-1.3368444352061737,1,0,1
"PCTDayChangeLT0,_HTGT1.5_,,,%%HLTF-Last2HighTail:(DOWNTREND)sellHighUpperTailPre,%%HLTF-LastDayUp:(DOWNTREND-OR-GLOBALDOWN)MaySellHighTail-LastDayMarketUp,",-0.10825942993761545,2,1,1
"PCTChangeGT0,_LTGT1.5_,,,%%:checkSell:Super2,-+,",1.9734081249527637,3,3,0
"PCTChangeGT5,_HTGT1.5__LTGT1.5_,,,volSellReversalLast2DayUp-VolDown,",3.7206690271473595,1,1,0
"PCTChangeLT-3,_HTGT3.0__HTGTPCTDayChange_,,,%%HLTF-Risky9:30:maySellTail-tailGT2-7,10thDayGT15,volSellVolumeUpsergedLast2n3DayUp,volSellContinueLast2DayDown-VolUp,chisSellDownTrend-nearHigh,##(Check-chart-buy):month3High-InMinus,BreakHighMonth3,",-2.7192982456140298,1,0,1
"PCTChangeLT-3,_LTGT3.0_,,,##MANegative_Downtrend_(LT-2),##MA-SMA200GT0SMA100GT0,##last3DayLow(LT-3)-M3LGT0,",1.3076351387326446,1,1,0
"PCTChangeLT-2,,,,(GLOBALFUTDOWN-DOWNTRENDMARKET)checkSellConsolidationBreakDown-week2-lowNotReachedWeek3,week2BarLowChangeLT0,##(check-chart)maySell-EMA6-MT-May-LT-EMA14,",1.3392857142857086,1,1,0
"PCTChangeLT-3,year2Low,_LTGT1.5_,,,##last2DayLow(LT-3)-M3LLT0,",0.1974937296635798,8,4,4
"PCTChangeGT2,_HTGT1.5__LTGT1.5_,,,volSellVolumeUpsergedLast2n3DayDown,weekBarHighChangeGT2,",-0.11032656861835285,1,0,1
"PCTChangeGT1,_HTGT1.5__HTGTPCTDayChange_,,,MaySellCheckChart-(IndexNotDownInSecondHalf),$$MaySell-CheckChart-baseLine(inDownTrend-monthHigh)-PCTDayChangeGT0,chisUpTrend-Risky-nearLow,week2BarHighChangeGT0,weekHighGTweek2High,",1.6565979954173038,1,1,0
"PCTChangeLT-0.5,_HTGT1.5__LTGT3.0__LTGTPCTDayChange_,,,##MANegative_Downtrend_(LT-1),##MA-SMA200LT0SMA100LT0,",3.448337586638813,1,1,0
"PCDCLT0PCTChangeGT0,_HTGT1.5__LTGT3.0__HTGTPCTDayChange__LTGTPCTDayChange_,,,mayBuyFromSellPattern-GT1.8,",7.0704509302512815,1,1,0
"PCTDayChangeLT0,_HTGT1.5__LTGT1.5_,,,%%HLTF:(UPTREND-MorningTrend-UP)mayBuyTail-highTailGT2-7,10thDayGT10-Last2DayStockDown,",-2.7785271703441223,2,0,2
"PCDCLT0PCTChangeGT0,PCDayChange-0.5to0.5,,,,##MAPositive_Uptrend(LT0),##MA-SMA200LT0SMA100LT0,",-3.846151158990293,1,0,1
"PCTDayChangeLT0,_HTGT3.0__LTGT1.5_,,,shortDownTrendSellContinue-Doji-Last2DayLTToday,##MANegative_Downtrend_(LT0),##MA-SMA200LT0SMA100LT0,",5.723682202790914,1,1,0
"PCTChangeLT-1,year2Low,_LTGT1.5_,,,volBuyVolumeUpsergedLast2n3DayUp,MayBuyCheckChart-(IndexNotUpInSecondHalf),",-1.6995626678316837,1,0,1
"PCDCGT0PCTDayChangeLT0,_HTGT1.5_,,,%%HLTF-Last2HighTail:(UPTREND)buy(DOWNTREND)sell:HighUpperTailPre-last2DayUp,",-0.033477750272719486,4,1,3
"PCTChangeGT3,,,,##(Check-chart-sell):month3Low-InPlus,ReversalLowMonth3,chisUpTrend-Risky-nearLow,(GLOBALFUTUP-UPTRENDMARKET)checkBuyConsolidationBreakUp-week2-highNotReachedWeek3,week2BarHighChangeGT2,brokenToday,##UPTREND:buyMonth3LowReversal(Confirm),",1.051598434112764,1,1,0
"PCTChangeLT-3,,,,(GLOBALFUTDOWN-DOWNTRENDMARKET)checkSellConsolidationBreakDown-week2-lowNotReachedWeek3,week2BarLowChangeLT-2,##DOWNTREND:sellYear2HighReversal(InDownTrend),",-0.5131979390987179,2,1,1
"PCTChangeLT-2,_HTGT1.5__LTGT3.0__LTGTPCTDayChange_,,,%%HLTF:(GLOBAL-DOWN)sellHighLowerTail-Reversal-LastDayMarketUp,##(Check-chart-buy):month3High-InMinus,ReversalHighMonth3,",1.866665310329866,1,1,0
"PCDCGT0PCTChangeLT-1,PCDayChange-0.5to0.5,_HTGT3.0_,,,##MANegative_Downtrend_(GT0),##MA-SMA200GT0SMA100GT0,",6.281255106993745,1,1,0
"PCTChangeLT-2,,,,volSellContinueLast2DayDown-VolUp,weekBarLowChangeLT-2,##DOWNTREND:sellYear2HighReversal(InDownTrend),##(Check-chart-buy):month3High-InMinus,ReversalHighMonth3,",2.8134617193717735,1,1,0
"PCDCLT0PCTChangeGT0,_HTGT1.5_,,,##MAPositive_Uptrend(LT0),##MA-SMA200GT0SMA100GT0,",-1.7557616893620034,1,0,1
"PCTChangeLT-1,,,,checkSellConsolidationBreakDown-month3HighGTMonth3Low,",-0.07479237901967191,5,4,1
"PCTChangeLT-1,_HTGT1.5__HTGTPCTDayChange_,,,checkCupDown-month3HighLTmonth3Low,bar_low,##(Check-chart-buy):month3High-InMinus,ReversalHighMonth3,",-0.841517691485851,1,0,1
"PCTChangeLT-5,_HTGT3.0__HTGTPCTDayChange_,,,%%HLTF-Risky9:30:maySellTail-tailGT2-7,10thDayGT15,",2.025926840737458,1,1,0
"PCTChangeGT2,_LTGT1.5_,,,(GLOBALFUTUP-UPTRENDMARKET)checkBuyConsolidationBreakUp-week2-highNotReachedWeek3,week2BarHighChangeGT0,weekHighGTweek2High,brokenToday,",2.1513919906312315,1,1,0
"PCTChangeLT-3,,,,%%checkCupDown-2dayDown-continue,##(Check-chart-buy):month3High-InMinus,ReversalHighMonth3,",1.123570758847519,2,1,1
"PCTChangeGT0,_LTGT1.5_,,,%%:checkSell:FlagWeek-doji,##RisingMA(Test)(check-chart-buy)-1DayUp,",0.7441841539486285,1,1,0
"PCTChangeLT-0.5,_HTGT1.5__LTGT1.5__HTGTPCTDayChange__LTGTPCTDayChange_,,,%%:sellDowntrend-lastDayDown-ReversalHighTail,shortDownTrendSellContinue-Doji-Last2DayLTToday,",0.22561892962022206,1,1,0
"PCTChangeLT-3,_HTGT1.5_,,,checkCupDown-2dayDown-mayReversalBuy,##last2DayLow(LT-3)-M3LGT0,",4.076925424429087,1,1,0
"PCTChangeLT-2,_LTGT1.5_,,,checkCupDown,bar_low,volumeUpsergedLast2n3n4DayUp,chisDownTrend-Risky-nearHigh,",-1.030677842216256,1,0,1
"PCTChangeGT3,_LTGT1.5_,,,volBuyVolumeUpsergedLast2n3DayDown,##buyTenDaysLessThanMinusTen,",-1.1174382494483055,3,1,2
"PCTChangeLT-2,,,,weekBarLowChangeLT0,chisDownTrend-Risky-nearHigh,",-0.785311448228258,6,3,3
"PCTChangeLT-3,,,,volSellContinueLast2DayDown-VolUp,chisSellConsolidationBreakDown-forecastDayPCT7LT0,##(Check-chart-buy):YearHigh-InMinus,NearHighYear,",-0.9294436536664418,1,0,1
"PCTChangeGT2,_LTGT1.5_,,,volSellVolumeUpsergedLast2n3DayDown,volBuyContinueLast2DayUp-VolUp,(GLOBALFUTUP-UPTRENDMARKET)checkBuyConsolidationBreakUp-week2-highNotReachedWeek3,week2BarHighChangeGT2,weekHighGTweek2High,brokenToday,",1.111229638760659,1,1,0
"PCTChangeLT-2,_HTGT1.5_,,,vol-buy-DownVol-3dayDown-Week2Low,(SMA9LT0),",-1.5762924992375291,1,0,1
"PCTChangeGT3,_HTGT1.5_,,,chisSellYear2LowLT-40-last4DayDown(triggerAfter-9:15),",0.15526493087527737,6,3,3
"PCTChangeGT5,,,,chisBuyUpTrend-nearLow,##UPTREND:buyMonth6LowReversal(Confirm),",3.211674376995894,1,1,0
"PCTChangeGT2,,,,chisUpTrend-Risky-nearLow,##(Test)buyBottomReversal-1,##UPTREND:buyMonth3LowReversal(Confirm),",-0.2548326351424198,1,0,1
"PCTChangeLT-2,_LTGT3.0_,,,##DOWNTREND:sellMonth6LowBreak,",-4.313306030797348,1,0,1
"PCTChangeLT-3,,,,(GLOBALFUTDOWN-DOWNTRENDMARKET)checkSellConsolidationBreakDown-week2-lowNotReachedWeek3,week2BarLowChangeLT-2,chisDownTrend-Risky-nearHigh,##(Check-chart-buy):month3High-InMinus,ReversalHighMonth3,",-0.7033830308280616,9,4,5
"PCTChangeLT-2,_HTGT1.5_,,,##(Check-chart-buy):YearHigh-InMinus,ReversalHighYear,",-1.2388408080574544,3,0,3
"PCTChangeLT-3,,,,(GLOBALFUTDOWN-DOWNTRENDMARKET)checkSellConsolidationBreakDown-week2-lowNotReachedWeek3,week2BarLowChangeLT0,##DOWNTREND:sellYear2HighReversal(InDownTrend),##last2DayLow(LT-3)-M3LGT0,",-0.16494176290161025,1,0,1
"PCTChangeGT5,,,,week2BarHighChangeGT2,weekHighGTweek2High,",6.480714572034266,1,1,0
"PCTChangeEQ0,PCDayChange-0.5to0.5,_HTGT1.5_,,,chisBuyYearHigh-3,",1.5641205445725284,2,1,1
"PCTChangeGT12,_HTGT3.0_,,,chisBuyDayHighVolLow-0,##MAPositive_Uptrend(GT4.5),##MA-SMA200GT0SMA100GT0,",-1.6396380495974046,2,1,1
"PCTChangeLT-1,,,,volBuyReversalLast2DayDown-VolDown,chisDownTrend-Risky-nearHigh,",-0.5460376742107675,8,4,4
"PCTChangeGT1,_HTGT3.0__HTGTPCTDayChange_,,,volBuyContinueLast2DayUp-VolUp,",1.3647299600947056,4,3,1
"PCTChangeGT1,_HTGT1.5__HTGTPCTDayChange_,,,%%HLTF:(DOWNTREND-OR-GLOBALDOWN)maySellTail-tailGT2-2,3,4thDayGT0,(Test)MaySell-CheckChart(downTrend-lastDayUp),",2.7109737783010734,1,1,0
"PCTChangeGT1,,,,chisSellFinalContinue-(lastDayUp)-2,",0.059478625356610935,3,1,2
"PCTChangeGT3,_HTGT3.0__HTGTPCTDayChange_,,,%%HLTF:(DOWNTREND-OR-GLOBALDOWN)maySellTail-tailGT2-2,3,4thDayGT0,(GLOBALFUTUP-UPTRENDMARKET)checkBuyConsolidationBreakUp-week2-highNotReachedWeek3,week2BarHighChangeGT0,",2.568589502683739,1,1,0
"PCTChangeGT5,,,,##MAPositive_Uptrend(GT4.5),##MA-SMA200LT0SMA100GT0,",-1.1642001243785118,37,11,25
"PCTChangeLT-2,_HTGT1.5__HTGTPCTDayChange_,,,##longDownTrend-0-IndexNotDownLastDay(checkBase),",4.445671588573581,1,1,0
"PCTChangeLT-3,_HTGT3.0__LTGT1.5_,,,chisDownTrend-Risky-nearHigh,##DOWNTREND:sellMonth6HighReversal(InDownTrend),",3.888890363168022,1,1,0
"PCTChangeGT3,_HTGT3.0_,,,chisSellYear2LowLT-40-last3DayDown(triggerAfter-9:15),chisBuyUpTrend-nearLow,",-2.6534316064600985,1,0,1
"PCTChangeLT-1,year2High,_HTGT1.5_,,,volBuyReversalLast2DayDown-VolDown,",-1.2393769013563136,1,0,1
"PCTChangeLT-5,_LTGT1.5_,,,##MANegative_Downtrend_(LT-2),##MA-SMA200GT0SMA100LT0,##last2DayLow(LT-3)-M3LGT0,",-2.7879689690048464,1,0,1
"PCTChangeLT-0.5,_HTGT1.5_,,,%%HLTF-LastDayUp:(DOWNTREND-OR-GLOBALDOWN)MaySellHighTail-LastDayMarketUp,chisSellDownTrend-nearHigh,",1.1530161786384054,1,1,0
"PCTChangeLT-1,,,,chisSellFlag2Week-Risky,##longDownTrend-2-IndexNotDownLastDay(checkBase),",-3.0139243056292453,1,0,1
"PCTChangeLT-1,_LTGT1.5_,,,##MAPositive_Uptrend(LT-1),##MA-SMA200LT0SMA100GT0,",2.3170708556741832,1,1,0
"PCTChangeLT-3,,,,chisDownTrend-Risky-nearHigh,##last2DayLow(LT-3)-M3LGT0,chisSellDayLowVolLow-0,",10.083513767349093,1,1,0
"PCTChangeLT-2,,,,chisSell-smallUptrendReversal,##(Check-chart-buy):month3High-InMinus,NearHighMonth3,",0.5847904354246646,1,1,0
"PCTChangeGT1,_HTGT3.0__HTGTPCTDayChange_,,,checkCupDown-lastDayUp,",0.03987491683317321,1,1,0
"PCDCGT0PCTDayChangeLT0,PCDayChange-0.5to0.5,_HTGT3.0__LTGT1.5_,,,chisSellFlag2Week-doji-Risky,",0.792876323101579,1,1,0
"PCTChangeGT0.5,PCDayChange-0.5to0.5,,,,shortUpTrendSellReversal-MonthHigh,",-0.8598462009534102,10,1,9
"PCTChangeGT0,_HTGT1.5_,,,shortUpTrendSellReversal-MonthHigh,",-1.0438413582849713,1,0,1
"PCTChangeLT-1,_HTGT1.5__LTGT1.5_,,,volSellContinueLast2DayDown-VolUp,chisDownTrend-Risky-nearHigh,##(Check-chart-buy):month3High-InMinus,NearHighMonth3,",-0.26931941369658147,1,0,1
"PCDCGT0PCTDayChangeLT0,_HTGT1.5__HTGTPCTDayChange_,,,%%HLTF:maySellTail-tailGT2-7,10thDayGT20,",2.6556017875241356,1,1,0
"PCTDayChangeLT0,,,,%%HLTF-Last2DayMarketDown:(GLOBAL-UP)buyHighUpperTailPre1-Reversal-LastDayMarketDown,",-1.4393553314467373,4,2,2
"PCTChangeLT-1,,,,(GLOBALFUTDOWN-DOWNTRENDMARKET)checkSellConsolidationBreakDown-week2-lowNotReachedWeek3,week2BarLowChangeLT0,weekLowLTweek2Low,chisDownTrend-Risky-nearHigh,##(Check-chart-buy):YearHigh-InMinus,ReversalHighYear,",-0.10521041953612165,3,1,2
"PCTChangeGT0,PCDayChange-0.5to0.5,_HTGT3.0_,,,shortUpTrendBuyContinue-Doji-Last2DayGTToday,",0.5834115281794284,1,1,0
"PCTChangeLT-2,,,,volumeUpsergedLast2n3n4DayUp,(GLOBALFUTDOWN-DOWNTRENDMARKET)checkSellConsolidationBreakDown-week2-lowNotReachedWeek3,week2BarLowChangeLT-2,weekLowLTweek2Low,##(check-chart)maySell-EMA6-MT-May-LT-EMA14,",-2.2817489902027375,1,0,1
"PCTChangeGT2,year2High,_HTGT1.5__HTGTPCTDayChange_,,,%%HLTF-Last2HighTail:(UPTREND)buy(DOWNTREND)sell:HighUpperTailPre-last2DayUp,shortUpTrendSellReversal-MonthHigh,",1.816538954417942,1,1,0
"PCTChangeLT-3,,,,week2BarLowChangeLT0,weekLowLTweek2Low,",1.0935972863404002,1,1,0
"PCTChangeGT1,year2High,_HTGT1.5_,,,shortUpTrendSellReversal-Month3High-Doji-Last2DayGTToday,",-1.9776326182799355,1,0,1
"PCTChangeLT-16,_HTGT1.5__LTGT1.5_,,,chisRSISellCandidate(yearLow)-lessThanMinus5,##MANegative_Downtrend_(LT-4.5),##MA-SMA200LT0SMA100LT0,(SMA9LT0),maySellFromBuyPattern-LT-1.8,",-16.63461831899789,1,0,1
"PCTChangeGT8,_LTGT3.0_,,,##MANegative_Downtrend_(GT4.5),##MA-SMA200LT0SMA100LT0,",0.6666637602306431,1,1,0
"PCTChangeGT2,,,,checkBuyConsolidationBreakout-allPreLT0,(GLOBALFUTUP-UPTRENDMARKET)checkBuyConsolidationBreakUp-week2-highNotReachedWeek3,week2BarHighChangeGT0,weekHighGTweek2High,brokenToday,",2.196382428940563,1,1,0
"PCTChangeGT5,_HTGT1.5_,,,chisSellDayHighVolLow-01-checkMorningTrend(.5SL),##MAPositive_Uptrend(GT4.5),##MA-SMA200GT0SMA100GT0,##last2DayHighGT3-M3HGT0,",-2.0155811219943374,1,0,1
"PCTChangeLT-3,_HTGT3.0__HTGTPCTDayChange_,,,##MAPositive_Uptrend(LT-2),##MA-SMA200LT0SMA100LT0,",1.0984825365471118,1,1,0
"PCTChangeLT-5,_HTGT3.0__LTGT1.5_,,,VOL:buy-DownVol-3dayDown-Week2High,",5.152834737959949,1,1,0
"PCTChangeGT5,,,,chisBuyDayHighVolLow-0,weekBarHighChangeGT5,##MAPositive_Uptrend(GT2),##MA-SMA200GT0SMA100GT0,",1.1288945124258851,1,1,0
"PCTChangeGT5,,,,weekBarHighChangeGT2,brokenToday,chisSell-2week-breakoutup,",0.8763467111895219,1,1,0
"PCTChangeGT0,PCDayChange-0.5to0.5,year2High,,,,shortUpTrendSellReversal-MonthHigh,",-0.8043965101480378,11,3,8
"PCTChangeLT-2,,,,volSellContinueLast2DayDown-VolUp,##DOWNTREND:sellMonth6HighReversal(InDownTrend),##(Check-chart-buy):month3High-InMinus,ReversalHighMonth3,",0.9212717420968307,1,1,0
"PCTChangeLT-3,year2High,_HTGT3.0_,,,volBuyReversalLast2DayDown-VolDown,",-1.0970926859678372,1,0,1
"PCTChangeGT2,year2High,_HTGT1.5__HTGTPCTDayChange_,,,%%HLTF-Last2HighTail:(UPTREND)buy(DOWNTREND)sell:HighUpperTailPre-last2DayUp,weekBarHighChangeGT2,",-2.5278443154980557,1,0,1
"PCTChangeGT3,,,,chisBuyUpTrend-1-YearHigh,volumeUpsergedLast2n3n4DayDown,chisCheckConsolidationBreakoutLT(4.5),",-0.2974800441576135,1,0,1
"PCTDayChangeLT0,PCDayChange-0.5to0.5,,,,##(Test)buyBottomReversal-0,",-0.12937593374573814,8,4,4
"PCDCLT0PCTChangeGT0,PCDayChange-0.5to0.5,_HTGT1.5__LTGT1.5_,,,chisSellSuper-Risky,--,",1.3994856593058416,1,1,0
"PCDCGT0PCTChangeLT-1,PCDayChange-0.5to0.5,_LTGT1.5_,,,$$MayBuy-CheckChart-baseLine(inuptrend-monthlow)-MHCLT(-10),",-0.5260477677757676,1,0,1
"PCTChangeLT-3,_LTGT1.5_,,,##MANegative_Downtrend_(LT-2),##MA-SMA200GT0SMA100LT0,##last2DayLow(LT-3)-M3LLT0,",1.231490774587616,2,2,0
"PCTChangeLT-1,,,,%%:checkSell:FlagWeek,checkCupDown,bar_low,",0.34113549069815724,1,1,0
"PCTChangeLT-2,_HTGT1.5_,,,##DOWNTREND:sellMonth6HighReversal(InDownTrend),",-3.239153693541688,1,0,1
"PCTChangeGT0.5,_HTGT1.5__HTGTPCTDayChange_,,,(Test)(check-chart-2-3MidCapCross)MaySellCheckChart-Risky,shortUpTrendSellReversal-MonthHigh,",-2.379008763623527,1,0,1
"PCTChangeGT0.5,PCDayChange-0.5to0.5,_LTGT1.5_,,,%%HLTF:(SGXNIFTYUP)buyHighLowerTail-Continue,chisBuyYearHigh-3,",-3.3468436739288525,1,0,1
"PCTChangeGT5,_HTGT1.5_,,,zigZagVolCrossedFromDown,##MAPositive_Uptrend(GT2),##MA-SMA200LT0SMA100GT0,",-2.9506951671641786,1,0,1
"PCTChangeLT-2,PCDayChange-0.5to0.5,_LTGT3.0_,,,buyMorningStar-HighLowerTail-(checkChart),",0.32644074008765156,2,1,1
"PCTChangeGT0.5,_HTGT1.5__HTGTPCTDayChange_,,,%%HLTF-Last2HighTail:(UPTREND)buy(DOWNTREND)sell:HighUpperTailPre-last2DayUp,(Test)(check-chart-2-3MidCapCross)MaySellCheckChart-Risky,",-1.906229313968669,2,0,2
"PCTChangeGT0.5,_LTGT3.0_,,,chisSellDowningMA-(check5MinuteDownTrendAndSellDowntrend)-Already10DayDown,",0.1423220082430885,8,4,4
"PCTChangeLT-3,_HTGT3.0__LTGT3.0_,,,%%:check(UPTREND-UPMARKET)Buy(DOWNTRENDTREND-DOWNMARKET)Sell:Super01-monthLow,",0.14897351824371508,1,1,0
"PCTChangeGT8,_HTGT3.0_,,,%%HLTF-Last2HighTail:(UPTREND)buy(DOWNTREND)sell:HighUpperTailPre-last2DayUp,volBuyContinueLast2DayUp-VolUp,##MAPositive_Uptrend(GT4.5),##MA-SMA200GT0SMA100GT0,",-2.5118483412322115,1,0,1
"PCTDayChangeLT0,PCDayChange-0.5to0.5,_HTGT1.5__LTGT1.5_,,,chisBuyYearHigh-1,",-1.7119486023585948,1,0,1
"PCDCGT0PCTChangeLT-1,_LTGT1.5_,,,chisBuyYearHigh-3,",-1.0892833440272627,3,0,3
"PCTChangeLT-2,,,,volBuyVolumeUpsergedLast2n3DayUp,volSellContinueLast2DayDown-VolUp,weekBarLowChangeLT0,brokenToday,",1.5906362545018045,1,1,0
"PCTChangeGT3,_HTGT1.5__LTGT1.5_,,,chisBuyUpTrend-nearLow,volBuyContinueLast2DayUp-VolUp,##UPTREND:buyYear2Low,",-1.0442241501074911,1,0,1
"PCTChangeGT1,_HTGT3.0__HTGTPCTDayChange_,,,%%HLTF:(DOWNTREND-OR-GLOBALDOWN)maySellTail-tailGT2-2,3,4thDayGT0,volSellVolumeUpsergedLast2n3DayDown,volBuyContinueLast2DayUp-VolUp,",-1.6780801015357443,1,0,1
"PCTChangeGT1,PCDayChange-0.5to0.5,,,,chisBuyYearHigh-3,",0.42716769602581117,80,45,35
"PCTChangeLT-5,_HTGT1.5__LTGT1.5__HTGTPCTDayChange_,,,%%:checkSell:Flag2Week,volBuyReversalLast2DayDown-VolUp,",-5.9738709045960015,1,0,1
"PCTChangeLT-1,_HTGT3.0__LTGT1.5_,,,##(Check-chart-sell)Month3Low-Continue(InUpTrend),ReversalLowMonth3,",3.4599609806207106,1,1,0
"PCTChangeLT-3,,,,chisSellFlagWeek-Risky,chisSellDownTrend-nearHigh,##(Check-chart-buy):YearHigh-InMinus,NearHighYear,",-0.39928408835430906,1,0,1
"PCTChangeLT-3,_HTGT1.5_,,,volSellContinueLast2DayDown-VolUp,##(Check-chart-buy):month3High-InMinus,ReversalHighMonth3,",-2.926493192301039,1,0,1
"PCTChangeLT-3,_LTGT1.5_,,,##MANegative_Downtrend_(LT-2),##MA-SMA200LT0SMA100LT0,sellPattern-LT-1.5-SMALT0,(SMA9LT0),maySellFromBuyPattern-LT-1.8,",2.7625444245182966,2,2,0
"PCTChangeLT-3,,,,checkCupDown-near2WeekDown-mayReveresalBuy,##(Check-chart-buy):YearHigh-InMinus,NearHighYear,",-1.4090269431522287,1,0,1
"PCTChangeGT2,,,,chisBuyUpTrend-nearLow,##(Test)buyBottomReversal-1,##UPTREND:buyMonth6LowReversal(Confirm),",0.8611623751354827,1,1,0
"PCTChangeLT-5,_LTGT3.0_,,,volSellContinueLast2DayDown-VolUp,##MANegative_Downtrend_(LT-4.5),##MA-SMA200GT0SMA100GT0,",-0.2614022973067227,2,1,1
"PCTChangeLT-5,,,,chisSellDownTrend-nearHigh,##DOWNTREND:sellMonth3HighReversal(InDownTrend),",2.141633258868696,1,1,0
"PCTChangeGT8,year2High,_HTGT3.0__HTGTPCTDayChange_,,,%%HLTF-Last2HighTail:(UPTREND)buy(DOWNTREND)sell:HighUpperTailPre-last2DayUp,##last2DayHighGT3-M3HGT0,",-0.8108076103330152,1,0,1
"PCTChangeLT-3,_LTGT1.5_,,,##MANegative_Downtrend_(LT-4.5),##MA-SMA200LT0SMA100LT0,##last2DayLow(LT-3)-M3LLT0,",4.156024679352252,3,3,0
"PCTChangeLT-1,_LTGT1.5_,,,$$MayBuy-CheckChart(downTrend-mayReverseLast4DaysDown)-Risky,",-0.7570146065108525,12,4,8
"PCTChangeGT3,,,,volSellVolumeUpsergedLast2n3DayDown,volBuyContinueLast2DayUp-VolUp,(GLOBALFUTUP-UPTRENDMARKET)checkBuyConsolidationBreakUp-week2,weekBarHighChangeGT2,brokenToday,",-2.4727992460256436,1,0,1
"PCDCLT0PCTChangeGT3,PCDayChange-0.5to0.5,_LTGT3.0_,,,chisBuyYearHigh-3,",2.4102937457281337,1,1,0
"PCTChangeLT-2,_HTGT1.5_,,,##MANegative_Downtrend_(LT-2),##MA-SMA200LT0SMA100LT0,##DOWNTREND:sellYearLowBreak,",-2.333479234379015,3,1,2
"PCTChangeLT-2,year2High,_LTGT1.5_,,,##sellTenDaysMoreThanTen,",0.7851990206200037,4,3,1
"PCTChangeLT-3,,,,volBuyReversalLast2DayDown-VolDown,weekBarLowChangeLT-2,brokenToday,##(Check-chart-buy):month3High-InMinus,ReversalHighMonth3,",-0.7810153199158907,1,0,1
"PCTChangeLT-5,year2Low,,,,chisRSISellCandidate(yearLow)-lessThanMinus5,",-3.6305669723194516,2,0,2
"PCTChangeLT-3,,,,vol-buy-DownVol-3dayDown-Week2Low,##MANegative_Downtrend_(LT-4.5),##MA-SMA200LT0SMA100LT0,",-0.9511593001178541,3,1,2
"PCTChangeGT2,_HTGT1.5__LTGT3.0__HTGTPCTDayChange__LTGTPCTDayChange_,,,%%:checkSell:CupDownDoji,",-1.4430574606393123,1,0,1
"PCTDayChangeLT0,_HTGT1.5_,,,%%:checkSell:Super01-monthLow,%%HLTF-LastDayUp:(DOWNTREND-OR-GLOBALDOWN)MaySellHighTail-LastDayMarketUp,",-0.1976254488865984,1,0,1
"PCTChangeLT-2,_HTGT1.5_,,,chisBuyFinalContinue-2,chisSellUpTrend-highTail,",1.3258390390917654,1,1,0
"PCTChangeLT-3,year2High,,,,%%HLTF-Last2DayMarketDown:(GLOBAL-UP)buyHighUpperTailPre1-Reversal-LastDayMarketDown,volBuyReversalLast2DayDown-VolDown,",-4.409352798908074,1,0,1
"PCTChangeLT-3,,,,volSellContinueLast2DayDown-VolUp,(GLOBALFUTDOWN-DOWNTRENDMARKET)checkSellConsolidationBreakDown-week2-lowNotReachedWeek3,week2BarLowChangeLT0,##DOWNTREND:sellYear2HighReversal(InDownTrend),##(Check-chart-buy):YearHigh-InMinus,ReversalHighYear,",-0.650682841261784,1,0,1
"PCTDayChangeLT0,PCDayChange-0.5to0.5,_LTGT1.5_,,,%%:checkSell:Super01-monthLow,",-0.40680135919669924,19,8,11
"PCTChangeLT-3,_HTGT1.5__LTGT1.5__HTGTPCTDayChange__LTGTPCTDayChange_,,,chisDownTrend-Risky-nearHigh,",-6.1087105876505685,1,0,1
"PCTChangeGT0,PCDayChange-0.5to0.5,_LTGT1.5_,,,%%:checkSell:CupDownDoji,",1.1266097272535824,4,2,2
"PCTChangeLT-3,_LTGT1.5_,,,checkCupDown-near2WeekDown-mayReveresalBuy,(GLOBALFUTDOWN-DOWNTRENDMARKET)checkSellConsolidationBreakDown-week2-lowNotReachedWeek3,week2BarLowChangeLT0,##last2DayLow(LT-3)-M3LGT0,",-1.3175689422332524,1,0,1
"PCTChangeLT-2,,,,chisSellDownTrend-nearHigh,##DOWNTREND:sellYear2HighReversal(InDownTrend),",-0.27260080871402126,4,1,3
"PCTDayChangeLT0,,,,%%:checkSell:CupDownDoji-lastDayLT(-2)TodayDoji,",-0.553750892351623,9,4,5
"PCTChangeLT-3,,,,chisSellFinalCandidate-(lastDayUp),##sellTenDaysMoreThanTen,",-1.5616429861078394,2,1,1
"PCTChangeGT0.5,_HTGT1.5_,,,%%:checkSell:Super2,%%:sellDowntrend-lastDayUp-ReversalHighTail,chisSellDowningMA-(check5MinuteDownTrendAndSellDowntrend)-Already10DayDown,",0.7411648215478467,1,1,0
"PCTDayChangeLT0,_HTGT3.0_,,,##buyYear2LowMovingSMA,",0.6463498878274739,1,1,0
"PCTChangeLT-3,_HTGT1.5__LTGT3.0_,,,##MANegative_Downtrend_(LT-4.5),##MA-SMA200GT0SMA100GT0,",5.5766132061298,1,1,0
"PCTChangeLT-3,,,,chisSellFlag2Week-Risky,checkCupDown-2dayDown,",-2.8531020819090087,1,0,1
"PCTChangeGT8,,,,VOL:buy(GLOBALFUTDOWN-GLOBALMARKETDOWN)Sell-UpVol-3dayUp-Week2Low,",-0.5683378149432369,4,2,2
"PCTChangeGT1,_HTGT1.5_,,,shortUpTrendSellReversal-MonthHigh,volSellVolumeUpsergedLast2n3DayDown,(GLOBALFUTUP-UPTRENDMARKET)checkBuyConsolidationBreakUp-week2-highNotReachedWeek3,week2BarHighChangeGT0,brokenToday,",0.7522110390452222,1,1,0
"PCTChangeGT3,year2Low,,,,volumeUpsergedLast2n3n4DayDown,##RisingMA(Test)(check-chart-buy)-2DayUp,",1.3612996222242528,1,1,0
"PCTChangeLT-1,_HTGT1.5__LTGT3.0__HTGTPCTDayChange__LTGTPCTDayChange_,,,##MANegative_Downtrend_(LT-1),##MA-SMA200GT0SMA100LT0,",1.9121502660927714,1,1,0
"PCTChangeGT0,_HTGT1.5__LTGT3.0__LTGTPCTDayChange_,,,##MA-SMA200LT0SMA100LT0,",-0.20030996417475777,2,1,1
"PCDCLT0PCTChangeGT0,_HTGT1.5__HTGTPCTDayChange_,,,##MA-SMA200LT0SMA100LT0,",-1.4814653067753245,2,1,1
"PCTChangeGT3,_LTGT3.0_,,,vol-sell-DownVol-3dayUp-Week2High,",-3.7051313351362234,1,0,1
"PCTChangeLT-3,,,,chisDownTrend-Risky-nearHigh,##ML:BuyRisingMA-Risky-0,",-1.7751558834216523,1,0,1
"PCTChangeGT2,_HTGT1.5__LTGT1.5_,,,volBuyContinueLast2DayUp-VolUp,",-3.503184713375793,1,0,1
"PCTChangeLT-1,_LTGT3.0_,,,chisDownTrend-Risky-nearHigh,##(Check-chart-buy):YearHigh-InMinus,ReversalHighYear,",-0.7458847681307254,3,0,3
"PCTChangeLT-3,,,,%%:checkSell:ConsolidationBreakDown(NotShapeA)-2week,checkSellConsolidationBreakDown-2week,week2BarLowChangeLT0,weekLowLTweek2Low,brokenToday,",-6.047124679592042,1,0,1
"PCTChangeLT-0.5,_LTGT1.5_,,,chisBuyMorningStar-1(NotUpSecondHalfAndUp2to3),",2.6608966197040838,1,1,0
"PCTChangeGT5,_HTGT3.0__HTGTPCTDayChange_,,,volBuyContinueLast2DayUp-VolUp,##MAPositive_Uptrend(GT4.5),##MA-SMA200LT0SMA100GT0,##last2DayHighGT3-M3HLT0,",-7.721517055849479,1,0,1
"PCTChangeLT-1,_HTGT3.0__LTGT1.5__HTGTPCTDayChange_,,,volSellContinueLast2DayDown-VolUp,##(Check-chart-buy):YearHigh-InMinus,NearHighYear,",-2.3924714775495697,1,0,1
"PCTDayChangeLT0,PCDayChange-0.5to0.5,,,,##ML:BuyRisingMA-Risky-2,",-0.32340204992959987,2,0,1
"PCTChangeLT-2,_HTGT1.5__HTGTPCTDayChange_,,,chisDownTrend-Risky-nearHigh,",0.17521689247480604,46,22,24
"PCTChangeLT-2,_HTGT1.5_,,,%%checkCupDown-2dayDown-continue,chisDownTrend-Risky-nearHigh,##DOWNTREND:sellYear2HighReversal(InDownTrend),",-1.8328808067301114,1,0,1
"PCDCLT0PCTChangeGT0,_HTGT1.5_,,,mayBuyFromSellPattern-GT1.8,",5.02529213276967,1,1,0
"PCTChangeGT1,_LTGT1.5_,,,##UPTREND:buyMonth3LowReversal(Confirm),",0.2688407208962862,2,1,1
"PCTChangeLT-8,,,,sellPatternsML,",-3.6650523859224498,2,0,2
"PCTChangeGT0,_HTGT1.5__LTGT1.5_,,,%%HLTF-Last2HighTail:(UPTREND)buy(DOWNTREND)sell:HighUpperTailPre-last2DayUp,buyPattern-GT1.5-SMAGT0,(SMA9GT0),",-0.9456380208333361,1,0,1
"PCTChangeLT-5,_HTGT3.0__HTGTPCTDayChange_,,,##DOWNTREND:sellMonth6HighReversal(InDownTrend),##last2DayLow(LT-3)-M3LGT0,",7.735996791294649,1,1,0
"PCTChangeGT1,_LTGT1.5_,,,##MA-SMA200LT0SMA100LT0,",0.07204610951009503,1,1,0
"PCTChangeGT0.5,_LTGT1.5_,,,chisSellFlag2Week-doji-Risky,",-0.15655139924521988,5,3,2
"PCTChangeGT12,_HTGT3.0__HTGTPCTDayChange_,,,##MAPositive_Uptrend(GT4.5),##MA-SMA200GT0SMA100GT0,",-8.899704562756302,1,0,1
"PCTChangeGT3,,,,%%:sellUpTrend-month3High,VOL:sell-UpVol-3dayUp-Week2High,weekBarHighChangeGT2,brokenToday,##MAPositive_Uptrend(GT2),##MA-SMA200GT0SMA100GT0,",-0.2548234685270067,1,0,1
"PCTChangeLT-5,year2Low,_LTGT3.0_,,,VOL:sellAboveTail-BuyAtClose:upVol3dayDownWeek2Low-highLowerTail,",-1.0251687532432037,1,0,1
"PCTChangeLT-12,,,,volumeUpsergedLast2n3n4DayUp,##MANegative_Downtrend_(LT-4.5),##MA-SMA200LT0SMA100LT0,",2.9890963512654927,1,1,0
"PCTChangeGT0,PCDayChange-0.5to0.5,_HTGT1.5_,,,chisSellDowningMA-(check5MinuteDownTrendAndSellDowntrend)-Already10DayDown,",-0.7172060040189668,18,4,14
"PCTChangeGT3,,,,chisSellYear2LowLT-40-last4DayDown(triggerAfter-9:15),",-0.2913621211099136,21,10,11
"PCTChangeGT1,,,,##(Check-chart-sell):month3Low-InPlus,ReversalLowMonth3,volumeUpsergedLast2n3n4DayDown,volBuyContinueLast2DayUp-VolUp,##UPTREND:buyYearLowReversal(Confirm),",-2.389537746434352,1,0,1
"PCDCLT0PCTChangeGT1,_HTGT3.0__HTGTPCTDayChange_,,,%%HLTF:maySellTail-tailGT2-allDayGT0,",-0.15723030899408263,1,0,1
"PCTChangeLT-2,year2Low,_LTGT3.0_,,,buyMorningStar-HighLowerTail-(checkChart),%%:buyDownTrend-month3Low,",-0.6418898298933701,1,0,1
"PCTChangeLT-2,_HTGT1.5__HTGTPCTDayChange_,,,(GLOBALFUTDOWN-DOWNTRENDMARKET)checkSellConsolidationBreakDown-week2-lowNotReachedWeek3,week2BarLowChangeLT0,weekLowLTweek2Low,",0.7379407512241078,5,3,2
"PCTChangeLT-3,,,,weekBarLowChangeLT-2,brokenToday,chisDownTrend-Risky-nearHigh,##DOWNTREND:sellYearHighReversal(InDownTrend),##(Check-chart-buy):month3High-InMinus,ReversalHighMonth3,",1.1210762331838453,1,1,0
"PCTDayChangeLT0,PCDayChange-0.5to0.5,_HTGT1.5_,,,%%HLTF-LastDayUp:(DOWNTREND-OR-GLOBALDOWN)MaySellHighTail-LastDayMarketUp,chisBuyYearHigh-1,",-1.7177958495888135,3,0,3
"PCTChangeLT-2,,,,VOL:buy-DownVol-3dayDown-Week2High,chisBuyFinalContinue-2,sellFinal,",2.050518245612017,1,1,0
"PCTChangeGT5,,,,VOL:sell-UpVol-3dayUp-Week2High,##MAPositive_Uptrend(GT4.5),##MA-SMA200GT0SMA100GT0,",2.1230762739657263,3,3,0
"PCTChangeLT-1,,,,volBuyVolumeUpsergedLast2n3DayUp,weekBarLowChangeLT0,(SMA9LT0),chisDownTrend-Risky-nearHigh,",-2.578545932112079,1,0,1
"PCTChangeLT-3,_HTGT1.5_,,,weekBarLowChangeLT-2,brokenToday,##DOWNTREND:sellYear2HighReversal(InDownTrend),##(Check-chart-buy):month3High-InMinus,ReversalHighMonth3,",-1.241651496481205,1,0,1
"PCTChangeGT2,,,,buyYear2LowBreakingUp,",0.0,1,0,0
"PCTChangeGT2,PCDayChange-0.5to0.5,year2High,_LTGT1.5_,,,%%HLTF:(SGXNIFTYUP)buyHighLowerTail-Continue,",-1.8223936181618354,1,0,1
"PCTChangeLT-8,_HTGT3.0__LTGT1.5_,,,##MANegative_Downtrend_(LT-4.5),##MA-SMA200LT0SMA100LT0,##(Test)(Check-chart):yearLow-InMinus,",-5.347499262061476,1,0,1
"PCTChangeGT0,PCDayChange-0.5to0.5,_HTGT1.5_,,,$$MaySell-CheckChart-baseLine(inDownTrend-monthHigh)-PCTDayChangeGT0,",1.3961659339666337,1,1,0
"PCTChangeLT-1,,,,chisSellFlag2Week-Risky,chisDownTrend-Risky-nearHigh,##(Check-chart-buy):YearHigh-InMinus,ReversalHighYear,",-0.21892688105309543,1,0,1
"PCTChangeGT1,,,,weekBarHighChangeGT0,##(Check-chart):year2High-InPlus,",1.4773207813949978,4,4,0
"PCTDayChangeLT0,_HTGT1.5_,,,%%HLTF-LastDayUp:(DOWNTREND-OR-GLOBALDOWN)MaySellHighTail-LastDayMarketUp,",-0.08241630787058339,80,40,40
"PCTChangeLT-5,,,,##last2DayLow(LT-3)-M3LGT0,",0.2266651448735541,40,24,16
"PCTChangeGT2,_LTGT3.0_,,,chisSellYear2LowLT-40-last3DayDown(triggerAfter-9:15),",0.7855003333884003,1,1,0
"PCTChangeGT0,PCDayChange-0.5to0.5,,,,%%:checkSell:FlagWeek-doji,chisSellSMA4Reversal,",0.8446418681655392,1,1,0
"PCTChangeGT1,,,,buyPatternsML,",2.127589050900885,14,11,3
"PCTChangeGT5,_LTGT1.5_,,,##MAPositive_Uptrend(GT1),##MA-SMA200LT0SMA100LT0,",8.590232529099666,2,2,0
"PCTChangeGT3,_HTGT3.0_,,,%%HLTF-Last2HighTail:(UPTREND)buy(DOWNTREND)sell:HighUpperTailPre-last2DayUp,##MAPositive_Uptrend(GT2),##MA-SMA200LT0SMA100GT0,##last2DayHighGT3-M3HGT0,",-2.2481787465784664,1,0,1
"PCTChangeLT-2,,,,checkCupDown-near2WeekDown-mayReveresalBuy,(GLOBALFUTDOWN-DOWNTRENDMARKET)checkSellConsolidationBreakDown-week2-lowNotReachedWeek3,week2BarLowChangeLT-2,##(check-chart)maySell-EMA6-MT-May-LT-EMA14,",-0.03773815227004717,1,0,1
"PCTChangeGT3,_LTGT1.5_,,,VOL:sell-UpVol-3dayUp-Week2High,##MAPositive_Uptrend(GT2),##MA-SMA200LT0SMA100GT0,",-4.014981864039273,1,0,1
"PCTChangeLT-2,,,,VOL:buy-DownVol-3dayDown-Week2High,##DOWNTREND:sellYearHigh(InDownTrend),",2.6219530803401314,1,1,0
"PCTChangeGT0.5,_HTGT1.5_,,,%%:checkSell:Super2,",-0.4775543290673184,2,0,2
"PCTChangeGT5,_HTGT1.5__LTGT3.0__HTGTPCTDayChange__LTGTPCTDayChange_,,,%%HLTF-Risky:(GLOBAL-DOWN)sellHighLowerTail-Reversal-LastDayMarketUp,",2.387646981042025,1,1,0
"PCTChangeLT-1,_HTGT1.5__HTGTPCTDayChange_,,,checkCupDown-2dayDown-mayReversalBuy,##(Check-chart-buy):month3High-InMinus,ReversalHighMonth3,",-2.407201846351228,1,0,1
"PCTChangeLT-1,year2Low,_HTGT3.0__LTGT1.5__HTGTPCTDayChange__LTGTPCTDayChange_,,,$$MayBuy-CheckChart(downTrend-mayReverseLast4DaysDown),%%:buyDownTrend-month3Low,",-11.917562724014337,1,0,1
"PCTChangeGT2,,,,volBuyContinueLast2DayUp-VolUp,week2BarHighChangeGT0,weekHighGTweek2High,brokenToday,",-0.6548504129408186,1,0,1
"PCTChangeLT-3,,,,weekBarLowChangeLT0,brokenToday,chisDownTrend-Risky-nearHigh,##DOWNTREND:sellYear2HighReversal(InDownTrend),##(Check-chart-buy):YearHigh-InMinus,ReversalHighYear,",-1.0797601676873962,1,0,1
"PCTChangeLT-1,,,,chisSell:Super03-monthLow,##longDownTrend-2-IndexNotDownLastDay(checkBase),",-1.198406200041428,1,0,1
"PCTChangeLT-5,_HTGT1.5_,,,##MANegative_Downtrend_(LT-2),##MA-SMA200LT0SMA100LT0,##last2DayLow(LT-3)-M3LLT0,",-8.359157960575937,1,0,1
"PCDCLT0PCTChangeGT1,PCDayChange-0.5to0.5,_HTGT1.5_,,,##MA-SMA200GT0SMA100GT0,",-0.6524245589542883,2,1,1
"PCTChangeLT-5,_HTGT1.5_,,,%%:checkSell:FlagWeek,##MANegative_Downtrend_(LT-4.5),##MA-SMA200LT0SMA100LT0,",-0.3606942766665254,1,0,1
"PCTChangeLT-2,,,,volBuyReversalLast2DayDown-VolDown,##ML:BuyRisingMA-Risky-1,",-2.6883420655201613,1,0,1
"PCTChangeGT1,_HTGT1.5__HTGTPCTDayChange_,,,%%HLTF:(DOWNTREND-OR-GLOBALDOWN)maySellTail-tailGT2-2,3,4thDayGT0,",-0.17747302602545506,25,13,12
"PCTChangeGT2,,,,volSellReversalLast2DayUp-VolDown,chisSellFinalContinue-(lastDayUp)-(volLow),chisSellFinalContinue-00,##buyTenDaysLessThanMinusTen,",-5.315988155398079,1,0,1
"PCTChangeLT-3,_LTGT3.0_,,,##DOWNTREND:sellYear2HighReversal(InDownTrend),##(Check-chart-buy):YearHigh-InMinus,ReversalHighYear,",1.1744354365233611,3,1,2
"PCTChangeGT0.5,_LTGT1.5_,,,chisSellDowningMA-(check5MinuteDownTrendAndSellDowntrend)-Already10DayDown,",0.049927016314748475,35,18,17
"PCTChangeLT-2,_HTGT1.5__HTGTPCTDayChange_,,,chisSell-smallUptrendReversal,%%HLTF:maySellTail-tailGT2-7,10thDayGT20,",-0.4418912887824007,1,0,1
"PCTChangeGT2,,,,volSellVolumeUpsergedLast2n3DayDown,chisCheckConsolidationBreakout2WeekLT(4.5),(GLOBALFUTUP-UPTRENDMARKET)checkBuyConsolidationBreakUp-week2-highNotReachedWeek3,week2BarHighChangeGT2,weekHighGTweek2High,brokenToday,",0.08264336704222625,1,1,0
"PCTChangeGT3,,,,##(Check-chart-sell):month3Low-InPlus,ReversalLowMonth3,chisUpTrend-Risky-nearLow,volumeUpsergedLast2n3n4DayDown,",-0.30434428781702644,1,0,1
"PCTChangeGT3,,,,volBuyContinueLast2DayUp-VolUp,chisCheckConsolidationBreakoutLT(4.5),(GLOBALFUTUP-UPTRENDMARKET)checkBuyConsolidationBreakUp-week2-highNotReachedWeek3,week2BarHighChangeGT2,",-0.5369251636860027,1,0,1
"PCTChangeLT-2,_HTGT1.5_,,,(GLOBALFUTDOWN-DOWNTRENDMARKET)checkSellConsolidationBreakDown-week2-lowNotReachedWeek3,week2BarLowChangeLT-2,##(Check-chart-buy):month3High-InMinus,ReversalHighMonth3,",-0.4891203397434267,2,0,2
"PCTChangeGT2,,,,vol-sell-DownVol-3dayUp-Week2High,weekBarHighChangeGT0,",-1.3669094021657784,1,0,1
"PCTChangeLT-3,_HTGT1.5_,,,##longDownTrend-2-IndexNotDownLastDay(checkBase),##ML:BuyRisingMA-Risky-0,",4.615384615384616,1,1,0
"PCTChangeLT-1,_LTGT1.5_,,,$$MayBuy-CheckChart(monthLow-minimumLast4DayDown),##(Check-chart-buy):month3High-InMinus,ReversalHighMonth3,",0.8165130326378883,3,1,2
"PCTChangeGT1,,,,week2BarHighChangeGT0,weekHighGTweek2High,##(Check-chart):year2High-InPlus,",0.7976385598216972,1,1,0
"PCTChangeLT-3,,,,VOL:buy-UpVol-3dayDown-Week2Low,##MANegative_Downtrend_(LT-4.5),##MA-SMA200LT0SMA100LT0,##DOWNTREND:sellYearLowBreak,##last2DayLow(LT-3)-M3LLT0,",-1.9105554942598457,1,0,1
"PCTChangeGT1,_HTGT3.0__LTGT3.0__HTGTPCTDayChange__LTGTPCTDayChange_,,,##MANegative_Downtrend_(GT2),##MA-SMA200LT0SMA100LT0,",11.556056193924128,1,1,0
"PCTChangeGT5,,,,chisBuyUpTrend-nearLow,volumeUpsergedLast2n3n4DayDown,volBuyContinueLast2DayUp-VolUp,chisSellYear2LowContinue,",-4.069767441860465,1,0,1
"PCTChangeLT-2,_HTGT3.0__HTGTPCTDayChange_,,,%%HLTF:maySellTail-tailGT2-allDayGT0,##sellTenDaysMoreThanTen,",-0.5090549432909074,1,0,1
"PCTChangeGT3,_HTGT3.0__LTGT3.0_,,,##MAPositive_Uptrend(GT4.5),##MA-SMA200LT0SMA100GT0,",-5.0588211358762285,1,0,1
"PCTChangeGT1,_HTGT1.5_,,,chisBuyUpTrend-1-YearHigh,chisCheckConsolidationBreakoutLT(4.5),",1.3648153617129537,1,1,0
"PCTChangeLT-2,,,,checkCupDown-2dayDown,chisBuyFinalContinue-2,##(Check-chart-buy):month3High-InMinus,ReversalHighMonth3,",-3.857912896135945,1,0,1
"PCTChangeGT5,_HTGT1.5_,,,##MAPositive_Uptrend(GT2),##MA-SMA200LT0SMA100GT0,##last2DayHighGT3-M3HLT0,",-3.046270756898139,1,0,1
"PCTChangeGT5,year2Low,_HTGT3.0_,,,chisSellYear2LowLT-40-last4DayDown(triggerAfter-9:15),",-14.095241001674108,1,0,1
"PCTChangeLT-0.5,_HTGT1.5__LTGT3.0_,,,shortDownTrendSellContinue-Doji-Last2DayLTToday,##MANegative_Downtrend_(LT0),##MA-SMA200LT0SMA100LT0,",-1.847489036306886,1,0,1
"PCDCLT0PCTChangeGT0,PCDayChange-0.5to0.5,_HTGT3.0__LTGT3.0_,,,##MAPositive_Uptrend(LT0),##MA-SMA200LT0SMA100GT0,",6.040899379752221,1,1,0
"PCTChangeGT1,_HTGT1.5__HTGTPCTDayChange_,,,chisSellDowningMA-(check5MinuteDownTrendAndSellDowntrend),chisBuyYearHigh-3,",2.1726493679270398,1,1,0
"PCTChangeGT3,_HTGT3.0_,,,%%HLTF:(DOWNTREND-OR-GLOBALDOWN)maySellTail-tailGT2-2,3,4thDayGT0,chisUpTrend-Risky-nearLow,##last2DayHighGT3-M3HLT0,",1.4132598432761863,1,1,0
"PCTChangeGT1,_HTGT1.5_,,,%%HLTF:(DOWNTREND-OR-GLOBALDOWN)maySellTail-tailGT2-2,3,4thDayGT0,volBuyContinueLast2DayUp-VolUp,",0.18576195003338353,1,1,0
"PCDCLT0PCTChangeGT0,PCDayChange-0.5to0.5,year2High,_HTGT1.5__LTGT3.0_,,,%%HLTF:(SGXNIFTYUP)buyHighLowerTail-Continue,",1.4537458377787738,1,1,0
"PCTChangeLT-2,year2High,_HTGT1.5__HTGTPCTDayChange_,,,%%HLTF-Risky9:30:maySellTail-tailGT2-7,10thDayGT15,",-2.541279924025223,1,0,1
"PCTChangeLT-0.5,year2High,_HTGT1.5__HTGTPCTDayChange__LTGTPCTDayChange_,,,%%HLTF-Last2HighTail:(DOWNTREND)sell(UPTREND)buy:HighUpperTailPre,",-0.9388300975729119,1,0,1
"PCTChangeLT-2,_HTGT1.5_,,,(GLOBALFUTDOWN-DOWNTRENDMARKET)checkSellConsolidationBreakDown-week2-lowNotReachedWeek3,week2BarLowChangeLT-2,chisDownTrend-Risky-nearHigh,",1.8291347549984607,2,2,0
"PCDCGT0PCTDayChangeLT0,PCDayChange-0.5to0.5,,,,buyPatternsML,",1.6965695318692933,4,3,1
"PCTChangeGT3,,,,##MAPositive_Uptrend(GT2),##MA-SMA200LT0SMA100GT0,##last2DayHighGT3-M3HGT0,",-0.9819324195080916,1,0,1
"PCTChangeLT-0.5,_HTGT1.5_,,,%%HLTF-Last2HighTail:(DOWNTREND)sellHighUpperTailPre,chisDownTrend-Risky-nearHigh,",0.09141688625824768,4,1,2
"PCTChangeLT-2,,,,volumeUpsergedLast2n3n4DayUp,weekBarLowChangeLT0,brokenToday,sellPatternsML,sellPatterns-LT-1.5-SMALT0,(SMA9LT0),",-1.3115615140345342,1,0,1
"PCTChangeLT-3,_HTGT3.0_,,,##MANegative_Downtrend_(LT-2),##MA-SMA200LT0SMA100LT0,##DOWNTREND:sellYearLowBreak,",1.7991644568024294,1,1,0
"PCTChangeLT-2,,,,chisSellDownTrend-nearHigh,##DOWNTREND:sellMonth3HighReversal(InDownTrend),##(Check-chart-buy):month3High-InMinus,ReversalHighMonth3,",1.7980969614087294,3,3,0
"PCTChangeGT5,year2High,_HTGT3.0__HTGTPCTDayChange_,,,%%HLTF-Last2HighTail:(UPTREND)buy(DOWNTREND)sell:HighUpperTailPre-last2DayUp,%%HLTF-Risky9:30:maySellTail-tailGT2-7,10thDayGT15,",-0.32911860279108857,1,0,1
"PCTChangeLT-5,_LTGT3.0_,,,%%HLTF:(GLOBAL-DOWN)sellHighLowerTail-Reversal-LastDayMarketUp,VOL:sell(GLOBALFUTUP-GLOBALMARKETUP)Buy-UpVol-3dayDown-Week2High,",5.779149324907529,1,1,0
"PCTChangeGT2,PCDayChange-0.5to0.5,_HTGT3.0_,,,maySellFromBuyPattern-LT-1.8,",-2.0212381020386863,1,0,1
"PCTChangeLT-1,,,,##MAPositive_Uptrend(LT-1),##MA-SMA200GT0SMA100GT0,",0.8595536825857565,11,6,5
"PCTChangeGT2,_LTGT1.5_,,,weekBarHighChangeGT2,##UPTREND:buyYearLowReversal(Confirm),",0.9043927648578723,1,1,0
"PCTChangeGT5,,,,volBuyContinueLast2DayUp-VolUp,##last2DayHighGT3-M3HLT0,",-0.5449371127714843,5,1,4
"PCTChangeLT-3,,,,(GLOBALFUTDOWN-DOWNTRENDMARKET)checkSellConsolidationBreakDown-week2-lowNotReachedWeek3,week2BarLowChangeLT-2,weekLowLTweek2Low,chisDownTrend-Risky-nearHigh,##(Check-chart-buy):YearHigh-InMinus,ReversalHighYear,",-0.5350927938236745,3,1,2
"PCTChangeGT2,_LTGT3.0_,,,volBuyVolumeUpsergedLast2n3DayDown,",-0.9341076190068004,2,0,2
"PCTChangeGT2,year2High,_HTGT1.5_,,,MaySellCheckChart-(IndexNotDownInSecondHalf),volBuyContinueLast2DayUp-VolUp,",-0.9174311926605567,1,0,1
"PCTChangeGT2,,,,VOL:buy-DownVol-3dayUp-Week2Low,##UPTREND:buyMonth6Low,",-1.8590159892318312,1,0,1
"PCTChangeLT-1,_LTGT1.5_,,,##MANegative_Downtrend_(LT-1),##MA-SMA200GT0SMA100LT0,",0.23983229959655517,2,1,1
"PCTChangeGT5,,,,vol-sell-DownVol-3dayUp-Week2High,weekBarHighChangeGT2,brokenToday,##MAPositive_Uptrend(GT2),##MA-SMA200LT0SMA100GT0,",0.48209366391184194,1,1,0
"PCTChangeLT-3,,,,chisSellUpTrend-Risky-1,",1.245861703699281,2,2,0
"PCTChangeGT0,PCDayChange-0.5to0.5,_HTGT3.0__LTGT1.5_,,,shortUpTrendBuyContinue-Doji-Last2DayGTToday,",-4.6491254839980725,1,0,1
"PCTChangeGT0,PCDayChange-0.5to0.5,_LTGT1.5_,,,##MAPositive_Uptrend(GT0),##MA-SMA200GT0SMA100GT0,",-1.2000724216167549,4,0,4
"PCTChangeGT1,year2High,_HTGT1.5__HTGTPCTDayChange_,,,(Test)(check-chart-2-3MidCapCross)MaySellCheckChart-Risky,MaySellCheckChart-(IndexNotDownInSecondHalf),weekBarHighChangeGT0,brokenToday,",-1.463200074337977,1,0,1
"PCTChangeGT8,,,,chisBuyDayHighVolLow-0,vol-sell-DownVol-3dayUp-Week2High,##MAPositive_Uptrend(GT2),##MA-SMA200GT0SMA100GT0,",-6.821180487311803,1,0,1
"PCTChangeGT5,_HTGT1.5_,,,##MANegative_Downtrend_(GT2),##MA-SMA200LT0SMA100LT0,",7.683982683982689,1,1,0
"PCTChangeLT-2,_HTGT1.5_,,,chisDownTrend-Risky-nearHigh,##DOWNTREND:sellYear2HighReversal(InDownTrend),",2.0688442504601103,1,1,0
"PCTChangeLT-5,_LTGT3.0_,,,volSellContinueLast2DayDown-VolUp,chisDownTrend-Risky-nearHigh,",-5.7931705538721445,1,0,1
"PCTChangeLT-8,,,,chisSell-smallUptrendReversal,chisSellDownTrend-nearHigh,",-2.075267504620295,1,0,1
"PCTChangeLT-0.5,_LTGT1.5_,,,chisDownTrend-Risky-nearHigh,buyMorningStar-HighLowerTail-(checkChart),",0.016517558511158326,2,1,1
"PCTChangeGT3,,,,##(Check-chart-sell):month3Low-InPlus,ReversalLowMonth3,chisUpTrend-Risky-nearLow,(GLOBALFUTUP-UPTRENDMARKET)checkBuyConsolidationBreakUp-week2-highNotReachedWeek3,week2BarHighChangeGT2,brokenToday,",-0.6274553685406503,1,0,1
"PCTChangeGT0,_HTGT1.5__LTGT3.0__HTGTPCTDayChange__LTGTPCTDayChange_,,,%%HLTF:(SGXNIFTYUP)buyHighLowerTail-Continue,",-1.142471043935984,1,0,1
"PCTChangeGT5,_HTGT1.5_,,,chisUpTrend-Risky-nearLow,volBuyContinueLast2DayUp-VolUp,weekBarHighChangeGT2,brokenToday,##UPTREND:buyYear2LowReversal(Confirm),",2.7776241953018435,1,1,0
"PCTChangeLT-8,_LTGT3.0_,,,(GLOBAL-DOWN)maySellContinueHighVolatileLastDayDOWN-month3LowGT0-(LT-8),chisDownTrend-Risky-nearHigh,",4.86197376169367,3,3,0
"PCTChangeLT-5,,,,##MANegative_Downtrend_(LT-4.5),##MA-SMA200LT0SMA100LT0,##last2DayLow(LT-3)-M3LGT0,chisSellDayLowVolLow-01,",-7.809119342733242,2,0,2
"PCTChangeGT3,year2High,_HTGT1.5__LTGT1.5__HTGTPCTDayChange__LTGTPCTDayChange_,,,%%HLTF-Last2HighTail:(UPTREND)buy(DOWNTREND)sell:HighUpperTailPre-last2DayUp,",0.7307707957732356,1,1,0
"PCTChangeGT2,,,,VOL:sell-UpVol-3dayUp-Week2High,weekBarHighChangeGT2,chisBuy-2week-breakoutup(check-chart)(|-|-| or --|),",-0.6286531861065455,1,0,1
"PCTDayChangeLT0,PCDayChange-0.5to0.5,_HTGT3.0_,,,%%HLTF-Last2HighTail:(DOWNTREND)sellHighUpperTailPre,%%HLTF:(UPTREND-GLOBAL/SGX-UP)BuyHighUpperTail-Reversal-7,10thDayGT15-LastDayMarketDown,",5.3558253367574356,2,1,1
"PCDCGT0PCTChangeLT-1,_HTGT1.5__LTGT1.5__HTGTPCTDayChange__LTGTPCTDayChange_,,,%%HLTF-Last2LowTail:(DOWNTREND)sellHighLowerTailPre-1,",-1.704336976975182,3,1,2
"PCTChangeLT-2,,,,(GLOBALFUTDOWN-DOWNTRENDMARKET)checkSellConsolidationBreakDown-week2-lowNotReachedWeek3,week2BarLowChangeLT0,chisDownTrend-Risky-nearHigh,##DOWNTREND:sellMonth6HighReversal(InDownTrend),##(Check-chart-buy):month6High-InMinus,ReversalHighMonth6,",0.577779134114583,1,1,0
"PCTChangeGT5,_HTGT3.0_,,,volumeUpsergedLast2n3n4DayDown,##last2DayHighGT3-M3HLT0,",1.3404229346741972,1,1,0
"PCTChangeLT-3,year2High,_HTGT3.0_,,,volumeUpsergedLast2n3n4DayUp,",-0.6960937537147125,1,0,1
"PCTChangeGT3,,,,##UPTREND:buyMonth3LowReversal(Confirm),##last2DayHighGT3-M3HLT0,",0.27932335463075764,1,1,0
"PCDCLT0PCTChangeGT1,PCDayChange-0.5to0.5,_LTGT1.5_,,,%%:checkBuyContinue:CupDownDoji-last2dayUp,%%HLTF:(SGXNIFTYUP)buyHighLowerTail-Continue,",-6.431501501016916,1,0,1
"PCTChangeLT-1,,,,##(Check-chart-buy):month6High-InMinus,NearHighMonth6,",0.17128452880919487,6,3,2
"PCTChangeLT-2,_LTGT1.5_,,,$$MayBuy-CheckChart(monthLow-minimumLast4DayDown),",0.46252632263214566,16,9,7
"PCTChangeGT16,_HTGT3.0__LTGT3.0_,,,chisBuyUpTrend-nearLow,",2.617536705231075,1,1,0
"PCTChangeLT-1,year2Low,_LTGT1.5_,,,##ML:sellRisingMA-down-(Risky),",-0.30027197845255393,1,0,1
"PCTChangeGT3,year2High,_HTGT1.5_,,,volBuyVolumeUpsergedLast2n3DayDown,volBuyContinueLast2DayUp-VolUp,",-1.673510040345871,1,0,1
"PCTChangeGT3,_HTGT1.5_,,,%%HLTF-Last2HighTail:(UPTREND)buy(DOWNTREND)sell:HighUpperTailPre-last2DayUp,##(Check-chart-sell):month3Low-InPlus,ReversalLowMonth3,chisUpTrend-Risky-nearLow,volSellVolumeUpsergedLast2n3DayDown,weekBarHighChangeGT2,brokenToday,##UPTREND:buyYear2LowReversal(Confirm),",-1.62846616317572,1,0,1
"PCTChangeLT-2,,,,(GLOBALFUTDOWN-DOWNTRENDMARKET)checkSellConsolidationBreakDown-week2-lowNotReachedWeek3,week2BarLowChangeLT0,##(Check-chart-buy):YearHigh-InMinus,NearHighYear,",-1.2578616352201204,1,0,1
"PCTChangeLT-8,_HTGT1.5__LTGT1.5_,,,(GLOBAL-DOWN)maySellContinueHighVolatileLastDayDOWN-month3LowGT0-(LT-8),volBuyReversalLast2DayDown-VolDown,",0.41534261844942844,1,1,0
"PCTChangeLT-3,,,,checkCupDown-near2WeekDown-mayReveresalBuy,##last2DayLow(LT-3)-M3LGT0,",3.409615873359314,1,1,0
"PCTChangeGT3,,,,volBuyContinueLast2DayUp-VolUp,chisCheckConsolidationBreakoutLT(4.5),(GLOBALFUTUP-UPTRENDMARKET)checkBuyConsolidationBreakUp-week2-highNotReachedWeek3,week2BarHighChangeGT0,weekHighGTweek2High,brokenToday,",-1.5714324466765874,1,0,1
"PCTChangeGT3,year2High,,,,week2BarHighChangeGT5,",-1.1428609133687193,1,0,1
"PCTChangeGT1,_LTGT3.0_,,,checkCupDown-lastDayUp,%%HLTF:(GLOBAL-DOWN)sellHighLowerTail-Reversal-LastDayMarketUp,",-4.738561997198542,1,0,1
"PCTChangeLT-3,,,,chisSellFinalCandidate-(lastDayUp),chisSellUpTrend-Risky-2,##ML:BuyRisingMA-Risky-1,",-0.4613058907645089,1,0,1
"PCTChangeGT3,_LTGT1.5_,,,volSellVolumeUpsergedLast2n3DayDown,##MAPositive_Uptrend(GT2),##MA-SMA200GT0SMA100GT0,##lastDayHighGT5TodayGT1,",-7.951799696407255,1,0,1
"PCTChangeGT0.5,,,,%%:sellDowntrend-lastDayUp-ReversalHighTail,chisSellDowningMA-(check5MinuteDownTrendAndSellDowntrend)-Already10DayDown,",-0.29167946605414485,3,1,2
"PCTChangeGT1,year2High,_HTGT3.0__HTGTPCTDayChange_,,,weekBarHighChangeGT0,brokenToday,",-0.8402840847920583,2,1,1
"PCTChangeLT-2,,,,weekBarLowChangeLT-2,brokenToday,##DOWNTREND:sellMonth3HighReversal(InDownTrend),##(Check-chart-buy):month3High-InMinus,ReversalHighMonth3,",-2.714759374735789,1,0,1
"PCTChangeLT-2,,,,weekBarLowChangeLT0,brokenToday,##longDownTrend-2-IndexNotDownLastDay(checkBase),",-0.7000014361213235,1,0,1
"PCTChangeGT2,_HTGT1.5_,,,chisBuyUpTrend-1-YearHigh,(GLOBALFUTUP-UPTRENDMARKET)checkBuyConsolidationBreakUp-week2-highNotReachedWeek3,week2BarHighChangeGT0,",-0.22307069173820826,1,0,1
"PCTChangeLT-0.5,_LTGT1.5_,,,chisSell:Super03-monthLow,%%HLTF:sellStockInUptrendReversal,",6.0967722246723834,1,1,0
"PCTChangeLT-2,_HTGT3.0__LTGT3.0_,,,##MA-SMA200LT0SMA100LT0,",-0.9538647123618152,1,0,1
"PCTDayChangeLT0,PCDayChange-0.5to0.5,year2Low,_HTGT1.5__LTGT1.5_,,,%%HLTF-LastDayUp:(DOWNTREND-OR-GLOBALDOWN)MaySellHighTail-LastDayMarketUp,",2.681459630551785,1,1,0
"PCTChangeLT-5,,,,##ML:BuyRisingMA-Risky-0,",-1.2160175178621624,3,0,3
"PCTChangeGT1,_HTGT3.0__LTGT1.5__HTGTPCTDayChange__LTGTPCTDayChange_,,,%%:sellUpTrend-month3High,##MAPositive_Uptrend(GT1),##MA-SMA200GT0SMA100GT0,",-0.36337926928439096,1,0,1
"PCTChangeGT2,_LTGT1.5_,,,##RisingMA(Test)(check-chart-buy)-1DayUp,##UPTREND:buyYear2LowReversal(Confirm),",0.37610496447612984,2,1,1
"PCTChangeGT5,year2High,,,,weekBarHighChangeGT2,",0.707368417860244,7,4,3
"PCTChangeGT3,,,,%%:sellUpTrend-month3High,weekBarHighChangeGT2,brokenToday,",-0.7423452861605598,5,0,5
"PCTChangeLT-3,,,,chisDownTrend-Risky-nearHigh,##DOWNTREND:sellMonth6High(InDownTrend),##last2DayLow(LT-3)-M3LGT0,##(Check-chart-buy):month3High-InMinus,NearHighMonth3,",-0.12917073567708282,1,0,1
"PCTChangeLT-1,,,,(GLOBALFUTDOWN-DOWNTRENDMARKET)checkSellConsolidationBreakDown-month,weekBarLowChangeLT0,",-0.13156450883062012,7,3,4
"PCTChangeGT0.5,PCDayChange-0.5to0.5,_LTGT1.5_,,,chisSellDowningMA-(check5MinuteDownTrendAndSellDowntrend)-Already10DayDown,",0.6185768741977293,29,19,10
"PCTChangeLT-1,,,,%%:checkSell:ConsolidationBreakDown(NotShapeA)-2week,checkSellConsolidationBreakDown-2week,week2BarLowChangeLT0,",1.4758881242683715,1,1,0
"PCDCGT0PCTChangeLT-1,year2Low,_HTGT3.0__LTGT3.0_,,,%%HLTF-Last2LowTail:(DOWNTREND)sellHighLowerTailPre-1,",-2.9008291594738225,1,0,1
"PCTChangeLT-2,_LTGT1.5_,,,(Test)MayBuy-CheckChart(upTrend-lastDayDown),zigZagVolCrossedFromUp,##MAPositive_Uptrend(LT-2),##MA-SMA200GT0SMA100GT0,",2.9909724283493495,1,1,0
"PCTChangeGT3,_HTGT1.5_,,,##MANegative_Downtrend_(GT4.5),##MA-SMA200LT0SMA100LT0,",0.2463340710443179,3,2,1
"PCTChangeLT-1,,,,volSellContinueLast2DayDown-VolUp,checkSellConsolidationBreakDown-2week,week2BarLowChangeLT0,brokenToday,",0.2631843064957009,2,1,1
"PCTChangeGT3,_HTGT1.5_,,,chisBuyUpTrend-1-YearHigh,volSellVolumeUpsergedLast2n3DayDown,weekBarHighChangeGT2,brokenToday,",-0.8435113794758604,1,0,1
"PCTChangeGT0,,,,chisBuyYearHigh-3,",0.08750189020642582,285,138,146
"PCTChangeLT-3,,,,%%:checkSell:Flag2Week,checkCupDown-2dayDown-mayReversalBuy,##last2DayLow(LT-3)-M3LGT0,",5.45801060800334,1,1,0
"PCTChangeLT-3,_LTGT1.5_,,,volSellContinueLast2DayDown-VolUp,(SMA9LT0),",-2.998036795496706,1,0,1
"PCTChangeGT5,year2High,,,,##last2DayHighGT3-M3HGT0,",0.07764407195867759,31,18,13
"PCTChangeLT-3,_HTGT1.5_,,,weekBarLowChangeLT-2,##DOWNTREND:sellMonth3LowBreak,",-0.5911315015971376,1,0,1
"PCTChangeLT-3,,,,(GLOBALFUTDOWN-DOWNTRENDMARKET)checkSellConsolidationBreakDown-week2-lowNotReachedWeek3,week2BarLowChangeLT-2,chisDownTrend-Risky-nearHigh,##DOWNTREND:sellMonth3HighReversal(InDownTrend),##(Check-chart-buy):month3High-InMinus,ReversalHighMonth3,",3.477219991391773,1,1,0
"PCTChangeLT-2,,,,VOL:sell(GLOBALFUTUP-GLOBALMARKETUP)Buy-UpVol-3dayDown-Week2High,##(Check-chart-buy):month3High-InMinus,BreakHighMonth3,",3.090279190628629,1,1,0
"PCTChangeLT-1,,,,checkCupDown-inDownTrend-month3HighLTmonth3Low,bar_low,sellFinal,",-0.8330808691768397,1,0,1
"PCTChangeLT-2,,,,checkCupDown-near2WeekDown-mayReveresalBuy,(GLOBALFUTDOWN-DOWNTRENDMARKET)checkSellConsolidationBreakDown-week2-lowNotReachedWeek3,week2BarLowChangeLT0,##(Check-chart-buy):YearHigh-InMinus,ReversalHighYear,",-1.3358253218718972,3,1,2
"PCTChangeGT3,,,,##(Check-chart-sell):month3Low-InPlus,ReversalLowMonth3,chisUpTrend-Risky-nearLow,volumeUpsergedLast2n3n4DayDown,##UPTREND:buyYearLowReversal(Confirm),##last2DayHighGT3-M3HLT0,",2.217153021993233,1,1,0
"PCTChangeGT5,_HTGT3.0__HTGTPCTDayChange_,,,weekBarHighChangeGT2,",2.975338876665702,1,1,0
"PCTChangeLT-3,,,,chisSellDownTrend-nearHigh,##DOWNTREND:sellYearHigh(InDownTrend),##(Check-chart-buy):month3High-InMinus,NearHighMonth3,",-0.5554088148304904,2,0,2
"PCTChangeGT3,,,,volBuyContinueLast2DayUp-VolUp,chisCheckConsolidationBreakoutLT(4.5),##(check-chart)mayBuy-EMA6-LT-May-MT-EMA14,",-0.5285040021587513,1,0,1
"PCTChangeLT-1,,,,weekBarLowChangeLT0,sellPatternsML,",-3.1366221340402163,1,0,1
"PCTChangeGT3,_HTGT3.0_,,,%%HLTF-Risky9:30:maySellTail-tailGT2-7,10thDayGT15,%%HLTF:(UPTREND-GLOBAL/SGX-UP)BuyHighUpperTail-Reversal-7,10thDayGT15-LastDayMarketDown,",2.012680222984331,1,1,0
"PCTChangeLT-5,year2High,,,,chisSellUpTrend-Risky-2,",-5.386267404187907,1,0,1
"PCTChangeLT-5,_LTGT3.0_,,,##MANegative_Downtrend_(LT-4.5),##MA-SMA200GT0SMA100LT0,##DOWNTREND:sellMonth3LowBreak,",4.32301410345027,1,1,0
"PCTChangeLT-8,,,,maySellHighVolatileDownContinueLT-8,volSellContinueLast2DayDown-VolUp,",2.4529060481654796,1,1,0
"PCTChangeLT-3,_LTGT1.5_,,,volSellContinueLast2DayDown-VolUp,(GLOBALFUTDOWN-DOWNTRENDMARKET)checkSellConsolidationBreakDown-week2-lowNotReachedWeek3,week2BarLowChangeLT-2,##MANegative_Downtrend_(LT-2),##MA-SMA200GT0SMA100LT0,",-2.947499460765565,1,0,1
"PCDCLT0PCTChangeGT0,_HTGT1.5_,,,%%HLTF:(UPTREND-MorningTrend-UP)mayBuyTail-highTailGT2-7,10thDayGT10-Last2DayStockDown,",-0.1188914845652127,2,1,1
"PCTChangeGT1,_LTGT1.5_,,,%%:sellUpTrend-month3High,##MAPositive_Uptrend(GT2),##MA-SMA200GT0SMA100GT0,",-0.36726411671813997,2,1,1
"PCTChangeGT1,_HTGT3.0__HTGTPCTDayChange_,,,chisSellEveningStar-2(Check2-3MidCapCross),",-1.4418552770131765,3,0,3
"PCTChangeGT3,_HTGT3.0__HTGTPCTDayChange_,,,sellEveningStar-0,##lastDayHighGT5TodayGT1,",2.0945918452632215,1,1,0
"PCTChangeGT0.5,_HTGT3.0__HTGTPCTDayChange_,,,%%HLTF:maySellTail-tailGT2-7,10thDayGT20,chisBuyYearHigh-3,",-0.9000704174941748,1,0,1
"PCTChangeLT-3,,,,chisSellFinalCandidate-(lastDayUp)-(highChange),",-0.37398195803367235,2,0,2
"PCTChangeLT-2,year2High,_HTGT1.5__HTGTPCTDayChange_,,,checkCupDown-inDownTrend-month3HighLTmonth3Low,bar_low,%%HLTF:(UPTREND-MorningTrend-UP)mayBuyTail-highTailGT2-7,10thDayGT10-Last2DayStockDown,",-1.8094534711964607,1,0,1
"PCTChangeGT2,_HTGT3.0__HTGTPCTDayChange_,,,volSellRevarsalVolCrossed,",3.9596058682927566,1,1,0
"PCTChangeGT2,,,,volumeUpsergedLast2n3n4DayDown,##(Check-chart)ML:buyMonth3High-Continue,",0.06681559995968622,3,2,1
"PCDCGT0PCTChangeLT-3,PCDayChange-0.5to0.5,_HTGT3.0_,,,maySellFromBuyPattern-LT-1.8,",-2.028573172433045,1,0,1
"PCTChangeLT-1,PCDayChange-0.5to0.5,,,,chisSell:Super03-monthLow,",0.27086773094539407,10,5,5
"PCTChangeGT2,,,,week2BarHighChangeGT0,brokenToday,##UPTREND:buyMonth3LowReversal(Confirm),",0.2682477285162579,2,2,0
"PCTChangeLT-2,_HTGT1.5_,,,VOL:sell(GLOBALFUTUP-GLOBALMARKETUP)Buy-UpVol-3dayDown-Week2High,",1.768221609705368,2,2,0
"PCTChangeGT5,_HTGT3.0_,,,##MAPositive_Uptrend(GT4.5),##MA-SMA200LT0SMA100LT0,",-1.8456486044694265,7,4,3
"PCTChangeLT-3,,,,vol-buy-DownVol-3dayDown-Week2Low,##MANegative_Downtrend_(LT-2),##MA-SMA200GT0SMA100LT0,",-1.7470627170016506,1,0,1
"PCTChangeLT-2,_LTGT1.5_,,,volBuyVolumeUpsergedLast2n3DayUp,weekBarLowChangeLT-2,chisDownTrend-Risky-nearHigh,##DOWNTREND:sellYear2HighReversal(InDownTrend),##(Check-chart-buy):month3High-InMinus,ReversalHighMonth3,",-3.103322384542201,1,0,1
"PCTChangeLT-2,,,,chisDownTrend-Risky-nearHigh,##(Check-chart-buy):month3High-InMinus,ReversalHighMonth3,",-0.03186706363615934,229,113,114
"PCDCGT0PCTDayChangeLT0,_HTGT3.0__HTGTPCTDayChange_,,,##MA-SMA200GT0SMA100GT0,",5.564790861159537,2,2,0
"PCTChangeGT3,_HTGT1.5_,,,%%HLTF-Last2HighTail:(UPTREND)buy(DOWNTREND)sell:HighUpperTailPre-last2DayUp,%%HLTF:(DOWNTREND-OR-GLOBALDOWN)maySellTail-tailGT2-2,3,4thDayGT0,(GLOBALFUTUP-UPTRENDMARKET)checkBuyConsolidationBreakUp-week2-highNotReachedWeek3,week2BarHighChangeGT0,brokenToday,",-0.49759997297084707,1,0,1
"PCTChangeGT5,,,,chisUpTrend-Risky-nearLow,volumeUpsergedLast2n3n4DayDown,VOL:buy(GLOBALFUTDOWN-GLOBALMARKETDOWN)Sell-UpVol-3dayUp-Week2Low,##last2DayHighGT3-M3HLT0,",3.028288890110297,1,1,0
"PCTChangeGT8,year2High,_HTGT3.0__HTGTPCTDayChange_,,,%%HLTF-Last2HighTail:(UPTREND)buy(DOWNTREND)sell:HighUpperTailPre-last2DayUp,%%HLTF:maySellTail-tailGT2-7,10thDayGT20,",-0.8616877701358405,1,0,1
"PCTChangeLT-5,_LTGT1.5_,,,VOL:sell(GLOBALFUTUP-GLOBALMARKETUP)Buy-UpVol-3dayDown-Week2High,##DOWNTREND:sellYear2HighReversal(InDownTrend),",-1.2415875973277577,1,0,1
"PCTChangeGT3,year2High,_HTGT3.0__LTGT1.5__HTGTPCTDayChange_,,,%%HLTF-Last2HighTail:(UPTREND)buy(DOWNTREND)sell:HighUpperTailPre-last2DayUp,weekBarHighChangeGT0,brokenToday,##last2DayHighGT3-M3HGT0,",-5.077217720650347,1,0,1
"PCTChangeGT2,,,,chisBuyUpTrend-1-YearHigh,chisUpTrend-Risky-nearLow,volumeUpsergedLast2n3n4DayDown,",-3.344592480823939,1,0,1
"PCDCGT0PCTChangeLT-1,year2High,_HTGT3.0__HTGTPCTDayChange_,,,%%HLTF-Risky9:30:maySellTail-tailGT2-7,10thDayGT15,",0.9022533445429924,1,1,0
"PCTChangeLT-5,,,,(GLOBALFUTDOWN-DOWNTRENDMARKET)checkSellConsolidationBreakDown-week2-lowNotReachedWeek3,week2BarLowChangeLT0,weekLowLTweek2Low,",-0.6504862890328373,1,0,1
"PCTDayChangeLT0,_LTGT3.0_,,,##MANegative_Downtrend_(LT-1),##MA-SMA200GT0SMA100GT0,buyMorningStar-HighLowerTail-(checkChart),",-5.510205638651948,1,0,1
"PCTChangeGT1,year2High,_HTGT1.5_,,,%%HLTF:(GLOBAL-SGX-DOWN)maySellTail-2,3,4thDayGT0,shortUpTrendSellReversal-MonthHigh,",0.20255239938681346,2,1,1
"PCTChangeLT-5,,,,maySellHighVolatileDownContinueLT-8,volSellContinueLast2DayDown-VolUp,sellPatternsML,##MANegative_Downtrend_(LT-4.5),##MA-SMA200LT0SMA100LT0,",-12.817404462274851,1,0,1
"PCTChangeGT3,_HTGT1.5_,,,volumeUpsergedLast2n3n4DayDown,volBuyContinueLast2DayUp-VolUp,",-1.518950617129208,10,2,8
"PCDCLT0PCTChangeGT5,_HTGT3.0__LTGT1.5__HTGTPCTDayChange__LTGTPCTDayChange_,,,chisSellLastDayHighUpReversal,",0.21014173064195915,1,1,0
"PCTChangeGT3,,,,chisCheckConsolidationBreakoutLT(4.5),(GLOBALFUTUP-UPTRENDMARKET)checkBuyConsolidationBreakUp-week2-highNotReachedWeek3,week2BarHighChangeGT2,weekHighGTweek2High,##(check-chart)sellEMA6>EMA14,",-1.3899185210036207,1,0,1
"PCTChangeGT0,_HTGT1.5__HTGTPCTDayChange_,,,(Test)(check-chart-2-3MidCapCross)MaySellCheckChart-Risky,buyYearHigh-0,",0.31450852346806585,3,2,1
"PCTChangeLT-0.5,_HTGT1.5__HTGTPCTDayChange_,,,%%HLTF:maySellTail-tailGT2-7,10thDayGT20,",1.50084411021382,2,1,1
"PCTChangeGT5,,,,weekBarHighChangeGT5,brokenToday,##(Check-chart):year2High-InPlus,",3.062242689963701,1,1,0
"PCTChangeGT0.5,,,,%%:checkBuyContinue:CupDownDoji-last2dayUp,",-1.1511712639402742,9,1,8
"PCTChangeGT3,_LTGT1.5_,,,chisUpTrend-Risky-nearLow,(GLOBALFUTUP-UPTRENDMARKET)checkBuyConsolidationBreakUp-week2-highNotReachedWeek3,week2BarHighChangeGT0,brokenToday,##UPTREND:buyYearLowReversal(Confirm),##last2DayHighGT3-M3HLT0,",-0.30960291381450145,1,0,1
"PCDCLT0PCTChangeGT0,_LTGT1.5_,,,##MA-SMA200GT0SMA100GT0,",1.8073671229994404,4,3,1
"PCTChangeGT5,,,,volBuyContinueLast2DayUp-VolUp,chisCheckConsolidationBreakoutGT(4.5),BuyYearLow,",-0.1639185762532068,1,0,1
"PCTChangeLT-1,_HTGT1.5_,,,%%HLTF-Last2HighTail:(DOWNTREND)sellHighUpperTailPre,",0.2134045558398994,27,12,15
"PCTChangeLT-1,,,,checkCupDown-near2WeekDown-mayReveresalBuy,(GLOBALFUTDOWN-DOWNTRENDMARKET)checkSellConsolidationBreakDown-week2-lowNotReachedWeek3,week2BarLowChangeLT0,weekLowLTweek2Low,chisDownTrend-Risky-nearHigh,##(Check-chart-buy):month3High-InMinus,ReversalHighMonth3,",-2.7039457622327467,1,0,1
"PCTChangeGT3,_LTGT1.5_,,,%%HLTF:(GLOBAL-DOWN)sellHighLowerTail-Reversal-LastDayMarketUp,##MAPositive_Uptrend(GT2),##MA-SMA200LT0SMA100LT0,",10.114946036503229,1,1,0
"PCTChangeLT-2,,,,weekBarLowChangeLT0,chisDownTrend-Risky-nearHigh,##(Check-chart-buy):month3High-InMinus,ReversalHighMonth3,",0.3747859413354255,3,2,1
"PCTChangeGT1,_HTGT1.5_,,,chisUpTrend-Risky-nearLow,##UPTREND:buyMonth3LowReversal(Confirm),",0.8778579362476119,1,1,0
"PCTChangeLT-1,_HTGT3.0__LTGT1.5__HTGTPCTDayChange__LTGTPCTDayChange_,,,##(Check-chart-buy):month3High-InMinus,NearHighMonth3,",2.5632169876975515,1,1,0
"PCTChangeLT-2,,,,weekBarLowChangeLT-2,##(Check-chart-buy):month3High-InMinus,ReversalHighMonth3,",0.12420506543746952,24,10,13
"PCTChangeLT-1,_HTGT1.5__LTGT3.0__LTGTPCTDayChange_,,,##(Test)(Check-chart):year2Low-InMinus,",-0.050301810865185786,1,0,1
"PCTChangeGT0.5,,,,week2BarHighChangeGT0,weekHighGTweek2High,",0.6548361858241941,8,4,4
"PCTChangeGT2,_HTGT1.5__LTGT1.5_,,,chisBuyDownTrend-lowTail,",3.087881078582517,1,1,0
"PCTChangeGT16,_HTGT3.0_,,,##MAPositive_Uptrend(GT4.5),##MA-SMA200LT0SMA100LT0,",-18.042039781248068,1,0,1
"PCTChangeGT3,,,,chisUpTrend-Risky-nearLow,(GLOBALFUTUP-UPTRENDMARKET)checkBuyConsolidationBreakUp-week2-highNotReachedWeek3,week2BarHighChangeGT0,brokenToday,##(Test)buyBottomReversal-1,##UPTREND:buyYearLowReversal(Confirm),",-0.3583256838793452,1,0,1
"PCTChangeLT-2,,,,volBuyReversalLast2DayDown-VolDown,chisDownTrend-Risky-nearHigh,",-1.0711339474067363,8,4,4
"PCTChangeGT1,_HTGT3.0__LTGT1.5__HTGTPCTDayChange_,,,##MANegative_Downtrend_(GT2),##MA-SMA200LT0SMA100LT0,",4.129877455976156,1,1,0
"PCTChangeLT-3,_HTGT1.5_,,,chisBuyMay5DayFloorReversal,(GLOBALFUTDOWN-DOWNTRENDMARKET)checkSellConsolidationBreakDown-week2-lowNotReachedWeek3,week2BarLowChangeLT0,weekLowLTweek2Low,",-3.388531921775475,1,0,1
"PCTChangeLT-8,year2Low,_HTGT1.5__LTGT3.0__LTGTPCTDayChange_,,,VOL:sellAboveTail-BuyAtClose:upVol3dayDownWeek2Low-highLowerTail,chisRSISellCandidate(yearLow)-lessThanMinus5,",1.2004218094290697,1,1,0
"PCTChangeGT3,,,,chisUpTrend-Risky-nearLow,weekBarHighChangeGT2,##(Test)buyBottomReversal-1,",-0.5990249894941931,1,0,1
"PCTChangeGT0.5,year2High,_HTGT3.0_,,,%%HLTF-Last2HighTail:(UPTREND)buy(DOWNTREND)sell:HighUpperTailPre-last2DayUp,chisSellEveningStar-2(Check2-3MidCapCross),",-2.3846261599648746,2,0,2
"PCTChangeLT-5,,,,vol-buy-DownVol-3dayDown-Week2Low,chisSellDayLowVolLow-0,",1.8062371864697973,1,1,0
"PCDCGT0PCTDayChangeLT0,PCDayChange-0.5to0.5,_HTGT3.0__LTGT3.0_,,,%%HLTF-Last2LowTail:(DOWNTREND)sellHighLowerTailPre-1,",-4.2191058101535655,1,0,1
"PCTChangeGT2,,,,volBuyVolumeUpsergedLast2n3DayDown,chisBuyDownTrend-Risky-2,",-0.27354606217971317,1,0,1
"PCTChangeGT5,,,,##MAPositive_Uptrend(GT4.5),##MA-SMA200GT0SMA100GT0,##last3DayHighGT3-M3HLT0,",-3.8199154750493465,1,0,1
"PCTChangeGT8,year2High,_LTGT1.5_,,,volumeUpsergedLast2n3n4DayDown,volBuyContinueLast2DayUp-VolUp,",-3.625625125476717,1,0,1
"PCDCGT0PCTDayChangeLT0,_HTGT1.5__LTGT1.5_,,,maySellFromBuyPattern-LT-1.8,",-1.9187315304979482,1,0,1
"PCTChangeLT-2,_HTGT1.5_,,,volumeUpsergedLast2n3n4DayUp,volSellContinueLast2DayDown-VolUp,##(Check-chart-buy):month3High-InMinus,NearHighMonth3,",5.053332917959479,1,1,0
"PCTChangeGT3,year2High,_LTGT3.0_,,,%%HLTF:(GLOBAL-DOWN)sellHighLowerTail-Reversal-LastDayMarketUp,volBuyContinueLast2DayUp-VolUp,",-0.2690610329666373,1,0,1
"PCTChangeGT2,,,,weekBarHighChangeGT2,##MAPositive_Uptrend(GT2),##MA-SMA200LT0SMA100LT0,",1.3310738474287072,2,1,1
"PCTChangeLT-2,year2High,,,,##(Test)(check-chart)-buySMAUpTrend,",-3.7645275391611865,1,0,1
"PCTChangeLT-3,,,,checkCupDown-2dayDown-mayReversalBuy,##last2DayLow(LT-3)-M3LGT0,volBuyRevarsalVolCrossed,",1.4561382092927682,1,1,0
"PCTChangeGT0.5,_HTGT1.5__HTGTPCTDayChange_,,,(Test)MaySell-CheckChart(downTrend-lastDayUp),",0.002929644991224334,4,3,1
"PCTChangeGT3,_HTGT3.0__HTGTPCTDayChange_,,,%%HLTF-Last2HighTail:(UPTREND)buy(DOWNTREND)sell:HighUpperTailPre-last2DayUp,%%HLTF:(DOWNTREND-OR-GLOBALDOWN)maySellTail-tailGT2-2,3,4thDayGT0,",2.7127840507206504,1,1,0
"PCTChangeGT3,_HTGT1.5_,,,chisUpTrend-Risky-nearLow,##UPTREND:buyMonth6LowReversal(Confirm),",-3.388167215305967,2,0,2
"PCTChangeGT0,PCDayChange-0.5to0.5,_HTGT1.5_,,,%%:checkSell:CupDownDoji-last2lastDayLT0orTodayGT0,",-1.3763877396053439,2,0,2
"PCTChangeGT1,,,,volSellReversalLast2DayUp-VolDown,##MA-SMA200GT0SMA100GT0,",4.333330790201815,1,1,0
"PCTChangeGT3,,,,(GLOBALFUTUP-UPTRENDMARKET)checkBuyConsolidationBreakUp-week2,weekBarHighChangeGT2,##MAPositive_Uptrend(GT2),##MA-SMA200LT0SMA100GT0,",-2.0661157769219005,1,0,1
"PCTChangeLT-1,_LTGT1.5_,,,%%HLTF:(SGXNIFTYUP)buyHighLowerTail-Continue,(Test)(check-chart-2-3MidCapCross)MayBuyCheckChart-Risky,",-0.15546463362196788,5,3,2
"PCTChangeGT3,,,,chisBuy-2week-breakoutup(check-chart)(|-|-| or --|),##(check-chart)mayBuy-EMA6-LT-May-MT-EMA14,",-1.425251778611623,2,0,2
"PCTDayChangeLT0,_HTGT1.5_,,,%%:checkSell:CupDownDoji-lastDayLT(-2)TodayDoji,",-2.7492069753637987,1,0,1
"PCTChangeGT3,_HTGT1.5_,,,volSellVolumeUpsergedLast2n3DayDown,##MAPositive_Uptrend(GT2),##MA-SMA200GT0SMA100GT0,",2.5436556296183,1,1,0
"PCTChangeGT5,_HTGT1.5_,,,chisCheckConsolidationBreakoutGT(4.5),weekBarHighChangeGT2,",-0.6792709252709982,1,0,1
"PCTChangeGT16,_HTGT3.0_,,,%%HLTF-Last2HighTail:(UPTREND)buy(DOWNTREND)sell:HighUpperTailPre-last2DayUp,",-8.786610878661087,1,0,1
"PCTChangeGT2,year2High,_HTGT1.5_,,,%%HLTF-Last2HighTail:(UPTREND)buy(DOWNTREND)sell:HighUpperTailPre-last2DayUp,%%:sellUpTrend-month3High,volBuyContinueLast2DayUp-VolUp,weekBarHighChangeGT2,brokenToday,",-0.4495368322112601,1,0,1
"PCTChangeLT-3,,,,volBuyVolumeUpsergedLast2n3DayUp,weekBarLowChangeLT0,brokenToday,chisDownTrend-Risky-nearHigh,##(Check-chart-buy):YearHigh-InMinus,NearHighYear,",1.6599504883885994,1,1,0
"PCTChangeGT3,_LTGT1.5_,,,chisCheckConsolidationBreakoutLT(4.5),##ML:sellRisingMAuptrend-1,##UPTREND:buyYear2LowReversal(Confirm),",2.634633281266787,1,1,0
"PCTChangeLT-3,,,,(GLOBALFUTDOWN-DOWNTRENDMARKET)checkSellConsolidationBreakDown-week2-lowNotReachedWeek3,week2BarLowChangeLT-2,##longDownTrend-2-IndexNotDownLastDay(checkBase),chisDownTrend-Risky-nearHigh,",4.017135065686988,1,1,0
"PCTChangeGT5,year2High,_HTGT1.5_,,,volSellReversalLast2DayUp-VolDown,chisCheckConsolidationBreakoutLT(4.5),",4.550880115671318,1,1,0
"PCTChangeLT-3,_HTGT1.5__LTGT1.5_,,,(GLOBALFUTDOWN-DOWNTRENDMARKET)checkSellConsolidationBreakDown-week2-lowNotReachedWeek3,week2BarLowChangeLT-2,##(Check-chart-buy):YearHigh-InMinus,ReversalHighYear,",-0.6249966828719369,1,0,1
"PCTChangeLT-2,_LTGT1.5_,,,chisSellFlag2Week-Risky,",2.2959290032594297,2,2,0
"PCDCGT0PCTChangeLT-1,PCDayChange-0.5to0.5,_HTGT1.5_,,,%%HLTF-Last2HighTail:(DOWNTREND)sellHighUpperTailPre-1,chisBuyYearHigh-3,",-0.864485981308424,1,0,1
"PCTChangeLT-2,_HTGT1.5__LTGT1.5_,,,VOL:buy-DownVol-3dayDown-Week2High,",0.7957780864876841,1,1,0
"PCTChangeLT-2,,,,checkSellConsolidationBreakDown-month3HighGTMonth3Low,chisDownTrend-Risky-nearHigh,##(Check-chart-buy):YearHigh-InMinus,ReversalHighYear,",-1.0125020345052183,1,0,1
"PCDCGT0PCTDayChangeLT0,PCDayChange-0.5to0.5,_HTGT1.5_,,,%%HLTF-Last2HighTail:(UPTREND)buy(DOWNTREND)sell:HighUpperTailPre-last2DayUp,",-0.41045330678189396,8,3,5
"PCTChangeGT0.5,_HTGT1.5__LTGT1.5_,,,chisBuyYearHigh-1,",-1.9809230543279903,1,0,1
"PCTChangeLT-2,_HTGT1.5_,,,volSellContinueLast2DayDown-VolUp,##DOWNTREND:sellMonth6HighReversal(InDownTrend),##(Check-chart-buy):month3High-InMinus,ReversalHighMonth3,",-0.18067974878101334,1,0,1
"PCTChangeGT3,,,,volBuyContinueLast2DayUp-VolUp,checkBuyConsolidationBreakUp-2week,week2BarHighChangeGT2,brokenToday,",5.524460399694793,1,1,0
"PCTChangeGT2,year2High,_HTGT1.5_,,,%%HLTF:(GLOBAL-SGX-DOWN)maySellTail-2,3,4thDayGT0,",-0.9975751549830871,1,0,1
"PCTChangeLT-1,_HTGT1.5_,,,checkCupDown-3dayDown,##(Check-chart-buy):month3High-InMinus,ReversalHighMonth3,",0.7526464708370368,1,1,0
"PCTChangeGT1,_HTGT1.5__HTGTPCTDayChange__LTGTPCTDayChange_,,,shortUpTrendBuyContinue-Doji-Last2DayGTToday,",-2.67575867778934,1,0,1
"PCTChangeGT8,year2High,_HTGT3.0_,,,%%HLTF-Last2HighTail:(UPTREND)buy(DOWNTREND)sell:HighUpperTailPre-last2DayUp,volumeUpsergedLast2n3n4DayDown,volBuyContinueLast2DayUp-VolUp,",-4.2736173466852625,1,0,1
"PCTChangeLT-0.5,_HTGT1.5_,,,%%HLTF-LastDayUp:(DOWNTREND-OR-GLOBALDOWN)MaySellHighTail-LastDayMarketUp,chisDownTrend-Risky-nearHigh,",0.5796023730407394,5,4,1
"PCTChangeGT0.5,_HTGT1.5__LTGT1.5__LTGTPCTDayChange_,,,##MA-SMA200GT0SMA100GT0,",5.323951368042116,1,1,0
"PCTChangeGT3,_HTGT1.5__LTGT1.5_,,,volumeUpsergedLast2n3n4DayDown,volBuyContinueLast2DayUp-VolUp,##buyTenDaysLessThanMinusTen,",3.0145953485068806,1,1,0
"PCTChangeGT5,_HTGT1.5_,,,zigZagVolCrossedFromDown,##(check-chart)sellEMA6>EMA14,",-2.1906338864312356,1,0,1
"PCTChangeLT-3,,,,VOL:buy-DownVol-3dayDown-Week2High,##last2DayLow(LT-3)-M3LGT0,",3.79912121904211,2,2,0
"PCTChangeGT1,,,,chisBuyUpTrend-1,chisCheckConsolidationBreakoutLT(4.5),",-0.9156736570677279,1,0,1
"PCTChangeLT-3,_HTGT1.5_,,,%%:checkSell:ConsolidationBreakDown(NotShapeA)-2week,volSellContinueLast2DayDown-VolUp,checkSellConsolidationBreakDown-2week,week2BarLowChangeLT0,weekLowLTweek2Low,brokenToday,chisDownTrend-Risky-nearHigh,##(Check-chart-buy):month3High-InMinus,ReversalHighMonth3,",1.1481504087094916,1,1,0
"PCTChangeGT1,,,,chisSellFinalContinue-(lastDayDown)-1,buyFinal1,",1.4868950192071004,2,2,0
"PCTChangeLT-3,,,,checkCupDown-2dayDown-mayReversalBuy,vol-buy-DownVol-3dayDown-Week2Low,##last2DayLow(LT-3)-M3LGT0,",-0.47258475796768423,1,0,1
"PCTChangeLT-3,year2High,_LTGT1.5_,,,##sellTenDaysMoreThanTen,",-1.3386727976592854,6,2,4
"PCTChangeGT0.5,PCDayChange-0.5to0.5,year2High,_HTGT1.5_,,,shortUpTrendSellReversal-Month3High-Doji-Last2DayGTToday,",0.10963075960771962,3,2,1
"PCDCGT0PCTChangeLT-1,_HTGT1.5__LTGT1.5_,,,%%HLTF:(UPTREND-MorningTrend-UP)mayBuyTail-highTailGT2-7,10thDayGT10-Last2DayStockDown,",-1.3461538461538463,1,0,1
"PCTChangeLT-3,_HTGT1.5_,,,chisDownTrend-Risky-nearHigh,zigZagVolCrossedFromUp,##ML:BuyRisingMA-Risky-0,",1.8468495961782152,1,1,0
"PCTChangeGT2,_HTGT1.5__LTGT3.0__HTGTPCTDayChange__LTGTPCTDayChange_,,,%%HLTF:(SGXNIFTYUP)buyHighLowerTail-Continue,$$MayBuyContinue-CheckChart(inUpTrend-monthHigh)-lowTail,",0.6962025316455696,1,1,0
"PCTChangeLT-1,,,,chisSellDownTrend-nearHigh,zigZagVolCrossedFromUp,",2.108646949607133,2,2,0
"PCTChangeLT-2,,,,vol-buy-DownVol-3dayDown-Week2Low,weekBarLowChangeLT-2,##DOWNTREND:sellYearLowBreak,",1.2477718360071408,1,1,0
"PCTChangeLT-1,_LTGT1.5_,,,volSellContinueLast2DayDown-VolUp,(GLOBALFUTDOWN-DOWNTRENDMARKET)checkSellConsolidationBreakDown-week2,weekBarLowChangeLT0,",6.9534708476043425,1,1,0
"PCTChangeLT-3,_HTGT1.5_,,,%%HLTF:(UPTREND-MorningTrend-UP)mayBuyTail-highTailGT2-7,10thDayGT10-Last2DayStockDown,volBuyReversalLast2DayDown-VolDown,##sellTenDaysMoreThanTen,",0.7933168670080772,1,1,0
"PCTDayChangeLT0,,,,(GLOBALFUTDOWN-DOWNTRENDMARKET)checkSellConsolidationBreakDown-week2-lowNotReachedWeek3,week2BarLowChangeLT-2,",-0.6027991749415995,1,0,1
"PCTChangeGT0,_HTGT1.5__LTGT3.0__HTGTPCTDayChange__LTGTPCTDayChange_,,,%%HLTF:(GLOBAL-DOWN)sellHighLowerTail-Reversal-LastDayMarketUp,",3.529250279661791,1,1,0
"PCTChangeLT-5,_LTGT3.0_,,,##MANegative_Downtrend_(LT-4.5),##MA-SMA200GT0SMA100LT0,",1.1448346210447709,7,3,4
"PCTChangeGT0,PCDayChange-0.5to0.5,_HTGT1.5_,,,shortUpTrendSellReversal-MonthHigh,",-0.9497572100340216,8,3,5
"PCTChangeLT-1,,,,volSellVolumeUpsergedLast2n3DayUp,chisDownTrend-Risky-nearHigh,##(Check-chart-buy):month3High-InMinus,ReversalHighMonth3,",6.157192965996833,2,2,0
"PCTChangeGT2,year2Low,_LTGT1.5_,,,volSellRevarsalVolCrossed,",-1.3368984320845785,1,0,1
"PCTChangeLT-2,,,,volBuyVolumeUpsergedLast2n3DayUp,(GLOBALFUTDOWN-DOWNTRENDMARKET)checkSellConsolidationBreakDown-week2-lowNotReachedWeek3,week2BarLowChangeLT-2,chisDownTrend-Risky-nearHigh,##(Check-chart-buy):month6High-InMinus,ReversalHighMonth6,",-1.0445049954586623,1,0,1
"PCTChangeGT1,,,,week2BarHighChangeGT0,chisBuyYearHigh-1,",2.7040816326530615,1,1,0
"PCDCGT0PCTChangeLT-5,_HTGT3.0__LTGT3.0__HTGTPCTDayChange__LTGTPCTDayChange_,,,%%HLTF-Last2LowTail:(DOWNTREND)sellHighLowerTailPre-1,",5.222222222222221,1,1,0
"PCTChangeGT5,_LTGT1.5_,,,VOL:sell-UpVol-3dayUp-Week2High,weekBarHighChangeGT2,##last3DayHighGT3-M3HLT0,",-1.5370347764756864,1,0,1
"PCTChangeGT1,PCDayChange-0.5to0.5,_HTGT1.5_,,,%%HLTF-Risky9:30:maySellTail-tailGT2-7,10thDayGT15,",0.4070008155151447,3,2,1
"PCTChangeGT3,_HTGT1.5_,,,weekBarHighChangeGT2,##last2DayHighGT3-M3HLT0,",0.8617924257958242,2,2,0
"PCTChangeLT-5,_HTGT3.0__LTGT3.0__HTGTPCTDayChange__LTGTPCTDayChange_,,,##MANegative_Downtrend_(LT-2),##MA-SMA200GT0SMA100LT0,",-1.612700063756216,1,0,1
"PCTChangeGT3,,,,volumeUpsergedLast2n3n4DayDown,",-0.045654568867836136,81,32,47
"PCTChangeLT-3,,,,checkCupDown-2dayDown-mayReversalBuy,volumeUpsergedLast2n3n4DayUp,chisDownTrend-Risky-nearHigh,##(Check-chart-buy):month3High-InMinus,NearHighMonth3,",1.3175655055690343,1,1,0
"PCTChangeLT-1,,,,%%:checkSell:Super0,(GLOBALFUTDOWN-DOWNTRENDMARKET)checkSellConsolidationBreakDown-week2-lowNotReachedWeek3,week2BarLowChangeLT0,weekLowLTweek2Low,",-4.2136796655251585,1,0,1
"PCTChangeLT-0.5,_LTGT1.5_,,,##(Test)(check-chart)-buySMAUpTrend,",-0.4295640374336789,9,3,6
"PCTChangeLT-8,year2Low,,,,chisRSISellCandidate(yearLow)-lessThanMinus5,",7.723578939583312,2,1,1
"PCTChangeGT3,,,,##(Check-chart-sell):month3Low-InPlus,NearLowMonth3,chisBuyUpTrend-nearLow,",-0.6137562678244353,8,3,5
"PCTChangeLT-3,_LTGT3.0_,,,##MANegative_Downtrend_(LT-4.5),##MA-SMA200GT0SMA100GT0,",0.8284083531687975,1,1,0
"PCTChangeGT0,_LTGT1.5_,,,%%HLTF:(SGXNIFTYUP)buyHighLowerTail-Continue,chisBuyYearHigh-3,",-1.0381680218568645,1,0,1
"PCTChangeGT8,,,,volumeUpsergedLast2n3n4DayDown,##last2DayHighGT3-M3HLT0,",5.550461515374142,1,1,0
"PCTChangeGT3,year2High,,,,volumeUpsergedLast2n3n4DayDown,volBuyContinueLast2DayUp-VolUp,chisCheckConsolidationBreakout2WeekLT(4.5),",0.6294414135536517,2,2,0
"PCTChangeGT5,_HTGT3.0__LTGT1.5__HTGTPCTDayChange_,,,brokenToday,",0.44068741318984755,1,1,0
"PCTChangeGT2,,,,##(Check-chart-sell):month3Low-InPlus,ReversalLowMonth3,VOL:buy-DownVol-3dayUp-Week2Low,chisCheckConsolidationBreakoutLT(4.5),##UPTREND:buyMonth3LowReversal(Confirm),",0.0,1,0,0
"PCTChangeLT-5,,,,chisDownTrend-Risky-nearHigh,chisSellDayLowVolLow-02-checkMorningTrend(.5SL),",-0.3696520575161604,1,0,1
"PCTChangeGT1,_LTGT1.5_,,,%%HLTF-Risky:(GLOBAL-DOWN)sellHighLowerTail-Reversal-LastDayMarketUp,",-0.8590773518072579,7,3,4
"PCTChangeGT3,_HTGT1.5__HTGTPCTDayChange_,,,week2BarHighChangeGT2,",-0.07022531796084294,1,0,1
"PCTChangeGT3,_HTGT1.5__LTGT1.5_,,,zigZagVolCrossedFromDown,week2BarHighChangeGT0,",-1.7651642017471851,1,0,1
"PCTChangeGT3,_HTGT1.5_,,,%%HLTF-Last2HighTail:(UPTREND)buy(DOWNTREND)sell:HighUpperTailPre-last2DayUp,",-0.05642242210067719,21,7,14
"PCTChangeGT0,year2High,,,,shortUpTrendSellReversal-Month3High-Doji-Last2DayGTToday,",-0.26897815371753114,2,1,1
"PCTChangeGT3,,,,(Test)sellHeavyUpTrend-Reversal-1,weekBarHighChangeGT2,",-0.16000520405146726,2,1,1
"PCTChangeGT5,_LTGT3.0_,,,%%HLTF-Risky:(GLOBAL-DOWN)sellHighLowerTail-Reversal-LastDayMarketUp,chisUpTrend-Risky-nearLow,",0.6646562865407084,1,1,0
"PCTChangeLT-0.5,,,,%%:checkSell:CupDownDoji-last2lastDayLT0orTodayGT0,",-0.39097650240805537,14,5,9
"PCTChangeLT-3,,,,volSellVolumeUpsergedLast2n3DayUp,(GLOBALFUTDOWN-DOWNTRENDMARKET)checkSellConsolidationBreakDown-week2-lowNotReachedWeek3,week2BarLowChangeLT0,weekLowLTweek2Low,chisDownTrend-Risky-nearHigh,##(Check-chart-buy):month3High-InMinus,ReversalHighMonth3,",-4.172187451495249,1,0,1
"PCTChangeLT-1,,,,chisSellFlagWeek-Risky,",0.8689725459773326,6,4,2
"PCTChangeGT5,_LTGT3.0_,,,%%HLTF-Risky:(GLOBAL-DOWN)sellHighLowerTail-Reversal-LastDayMarketUp,(GLOBALFUTUP-UPTRENDMARKET)checkBuyConsolidationBreakUp-week2-highNotReachedWeek3,week2BarHighChangeGT5,weekHighGTweek2High,",-1.4464544480846668,1,0,1
"PCTChangeLT-3,_LTGT1.5_,,,##MANegative_Downtrend_(LT-2),##MA-SMA200LT0SMA100LT0,##last3DayLow(LT-3)-M3LLT0,",0.14583587646484375,1,1,0
"PCTChangeGT2,,,,chisUpTrend-Risky-nearLow,chisCheckConsolidationBreakoutLT(4.5),",0.26418092770367213,4,2,2
"PCTChangeGT2,,,,##MANegative_Downtrend_(GT1),##MA-SMA200LT0SMA100LT0,chisBuyDownTrend-lowTail,",-0.5660376619418825,1,0,1
"PCTChangeGT3,_HTGT1.5__LTGT1.5_,,,weekBarHighChangeGT2,",2.5000035077676084,1,1,0
"PCTChangeLT-0.5,_LTGT1.5_,,,chisSell-smallUptrendReversal,",0.41841938045280685,6,2,4
"PCTDayChangeLT0,_LTGT1.5_,,,##MANegative_Downtrend_(LT-1),##MA-SMA200GT0SMA100LT0,",-0.4896106513202084,2,1,1
"PCTChangeLT-3,,,,checkCupDown-2dayDown-mayReversalBuy,VOL:buy-DownVol-3dayDown-Week2High,##last2DayLow(LT-3)-M3LGT0,",1.957028452794404,2,2,0
"PCTChangeLT-1,_LTGT1.5_,,,volumeUpsergedLast2n3n4DayUp,volSellContinueLast2DayDown-VolUp,##(Check-chart-buy):month3High-InMinus,NearHighMonth3,",-0.8903257308467795,1,0,1
"PCTChangeGT0,PCDayChange-0.5to0.5,_HTGT1.5_,,,%%:checkBuyContinue:CupDownDoji,",0.6288841946938265,1,1,0
"PCDCLT0PCTChangeGT0,_HTGT1.5_,,,%%HLTF-LastDayUp:(DOWNTREND-OR-GLOBALDOWN)MaySellHighTail-LastDayMarketUp,##MAPositive_Uptrend(LT0),##MA-SMA200GT0SMA100GT0,",5.283599391630752,1,1,0
"PCDCLT0PCTChangeGT3,_HTGT1.5__LTGT1.5_,,,(SMA4GT(1.5)),",3.4160846212635745,1,1,0
"PCTChangeGT5,_HTGT3.0__HTGTPCTDayChange_,,,chisSellYear2LowLT-40-last3DayDown(triggerAfter-9:15),",0.09148990972465278,1,1,0
"PCTChangeGT5,_LTGT1.5_,,,weekBarHighChangeGT2,",-0.08741258741258305,1,0,1
"PCTChangeLT-2,_HTGT3.0__HTGTPCTDayChange_,,,%%HLTF-Last2HighTail:(DOWNTREND)sellHighUpperTailPre,",-0.14459759356508203,1,0,1
"PCTChangeGT5,_LTGT1.5_,,,volumeUpsergedLast2n3n4DayDown,volBuyContinueLast2DayUp-VolUp,",-2.4310869945377,2,1,1
"PCDCLT0PCTChangeGT0,PCDayChange-0.5to0.5,_LTGT1.5_,,,##(Test)(check-chart)-buySMAUpTrend,chisBuyYearHigh-3,",-0.1056815722940791,1,0,1
"PCTChangeLT-3,_LTGT1.5_,,,volSellContinueLast2DayDown-VolUp,##DOWNTREND:sellMonth3LowBreak,",-0.25144344849263,2,0,2
"PCTChangeGT2,,,,VOL:buy-DownVol-3dayUp-Week2Low,chisCheckConsolidationBreakoutLT(4.5),",-2.135398490093982,1,0,1
"PCTChangeGT1,_LTGT1.5_,,,week2BarHighChangeGT2,weekHighGTweek2High,##UPTREND:buyYearLowReversal(Confirm),",0.12516244634778864,1,1,0
"PCTChangeLT-1,_HTGT3.0__HTGTPCTDayChange_,,,volSellContinueLast2DayDown-VolUp,",2.3543236679429502,4,3,1
"PCTChangeGT0.5,_HTGT3.0_,,,chisBuyYearHigh-1,",-1.057874636186761,2,0,2
"PCTChangeLT-3,year2High,,,,chisSellUpTrend-Risky-2,",0.36311377743414663,11,6,5
"PCTChangeGT3,_LTGT1.5_,,,##(Check-chart-sell):month3Low-InPlus,ReversalLowMonth3,chisBuyUpTrend-nearLow,volBuyVolumeUpsergedLast2n3DayDown,##UPTREND:buyMonth3LowReversal(Confirm),",1.1160714285714264,1,1,0
"PCDCLT0PCTChangeGT0,_LTGT1.5_,,,%%:checkBuyContinue:CupDownDoji-last2dayUp,%%HLTF:(GLOBAL-DOWN)sellHighLowerTail-Reversal-LastDayMarketUp,",-1.210141389266304,1,0,1
"PCTChangeLT-1,_LTGT3.0_,,,volSellContinueLast2DayDown-VolUp,chisSellDownTrend-nearHigh,##(Check-chart-buy):month3High-InMinus,ReversalHighMonth3,",0.24412643061345,1,1,0
"PCTChangeGT2,_HTGT1.5_,,,chisBuyUpTrend-1-YearHigh,chisCheckConsolidationBreakoutLT(4.5),(GLOBALFUTUP-UPTRENDMARKET)checkBuyConsolidationBreakUp-week2-highNotReachedWeek3,week2BarHighChangeGT0,brokenToday,",2.4742268041237003,1,1,0
"PCTDayChangeLT0,PCDayChange-0.5to0.5,_HTGT1.5_,,,%%HLTF-LastDayUp:(DOWNTREND-OR-GLOBALDOWN)MaySellHighTail-LastDayMarketUp,##MAPositive_Uptrend(LT0),##MA-SMA200GT0SMA100GT0,",-1.622755852257701,5,3,2
"PCTChangeGT3,,,,chisUpTrend-Risky-nearLow,week2BarHighChangeGT0,",0.26190542812553547,2,1,1
"PCTChangeGT3,,,,chisBuyUpTrend-nearLow,##UPTREND:buyMonth6Low,",0.9634814782816936,2,1,1
"PCTChangeGT1,PCDayChange-0.5to0.5,_HTGT1.5_,,,chisSellDowningMA-(check5MinuteDownTrendAndSellDowntrend),",0.9112872631993817,4,2,2
"PCTChangeLT-2,_HTGT3.0__HTGTPCTDayChange_,,,%%HLTF-Last2HighTail:(DOWNTREND)sell(UPTREND)buy:HighUpperTailPre,",-0.12249133766285908,1,0,1
"PCTChangeGT5,_HTGT3.0__LTGT3.0_,,,chisSellYear2LowLT-40-last4DayDown(triggerAfter-9:15),##MANegative_Downtrend_(GT4.5),##MA-SMA200LT0SMA100LT0,",-2.9830863868914097,1,0,1
"PCTChangeGT1,_HTGT1.5_,,,%%HLTF:(GLOBAL-SGX-DOWN)maySellTail-2,3,4thDayGT0,buyYearHigh-0,",-1.5966767147008203,2,0,2
"PCTDayChangeLT0,_HTGT3.0__HTGTPCTDayChange_,,,%%HLTF:maySellTail-tailGT2-allDayGT0,",2.57634890286527,2,2,0
"PCTChangeLT-2,,,,volBuyReversalLast2DayDown-VolDown,weekBarLowChangeLT-2,",-0.005989898176297105,7,4,3
"PCTChangeGT2,_HTGT1.5__HTGTPCTDayChange_,,,##(Check-chart)sellMonth3High-Continue,",0.41350348531183617,3,1,2
"PCTChangeGT5,_HTGT1.5__LTGT1.5_,,,(GLOBALFUTUP-UPTRENDMARKET)checkBuyConsolidationBreakUp-week2-highNotReachedWeek3,week2BarHighChangeGT0,brokenToday,##last2DayHighGT3-M3HLT0,",2.701488893423496,1,1,0
"PCTChangeLT-2,_LTGT1.5_,,,brokenToday,",-3.000003130008018,1,0,1
"PCTChangeLT-2,,,,volBuyVolumeUpsergedLast2n3DayUp,weekBarLowChangeLT0,brokenToday,chisDownTrend-Risky-nearHigh,##DOWNTREND:sellMonth6HighReversal(InDownTrend),##(Check-chart-buy):month6High-InMinus,ReversalHighMonth6,",-1.3708513708513725,1,0,1
"PCTChangeGT3,_HTGT1.5__HTGTPCTDayChange_,,,chisCheckConsolidationBreakoutLT(4.5),weekBarHighChangeGT0,brokenToday,",-2.9540624373998443,1,0,1
"PCTDayChangeLT0,_HTGT1.5__LTGT3.0__LTGTPCTDayChange_,,,%%HLTF:(GLOBAL-DOWN)sellHighLowerTail-Reversal-LastDayMarketUp,",1.1570868284955613,1,1,0
"PCTChangeGT0.5,_HTGT1.5_,,,%%:checkSell:Super2,-+,%%:sellDowntrend-lastDayUp-ReversalHighTail,chisSellDowningMA-(check5MinuteDownTrendAndSellDowntrend)-Already10DayDown,",-0.790558274556947,1,0,1
"PCTDayChangeLT0,PCDayChange-0.5to0.5,_HTGT3.0__LTGT1.5_,,,%%:checkSell:CupDownDoji-last2lastDayLT0orTodayGT0,",-0.25889572587987025,1,0,1
"PCTChangeLT-2,_LTGT3.0_,,,buyMorningStar-HighLowerTail,",-0.4320993737592337,10,4,6
"PCTChangeLT-3,year2Low,_HTGT1.5__HTGTPCTDayChange_,,,volumeUpsergedLast2n3n4DayUp,",0.15420970260600914,1,1,0
"PCTChangeGT3,year2High,,,,shortUpTrendSellReversal-MonthHigh,volBuyContinueLast2DayUp-VolUp,weekBarHighChangeGT2,brokenToday,",-2.8864460443160547,1,0,1
"PCDCGT0PCTChangeLT-1,_HTGT1.5__LTGT3.0__LTGTPCTDayChange_,,,##MA-SMA200GT0SMA100GT0,",-1.5656827015183477,1,0,1
"PCTChangeLT-2,_LTGT1.5_,,,volBuyReversalLast2DayDown-VolUp,",-4.072601464972502,2,0,2
"PCTChangeLT-3,_HTGT3.0__HTGTPCTDayChange_,,,volSellContinueLast2DayDown-VolUp,##(Check-chart-buy):month3High-InMinus,BreakHighMonth3,",0.3947341651247287,1,1,0
"PCTChangeLT-3,,,,weekBarLowChangeLT-2,(SMA9LT0),##last2DayLow(LT-3)-M3LGT0,",0.2588081563017713,1,1,0
"PCTChangeLT-2,_LTGT1.5_,,,weekBarLowChangeLT-2,##DOWNTREND:sellYearHighReversal(InDownTrend),",1.8274624244636588,1,1,0
"PCTChangeGT2,,,,chisCheckConsolidationBreakoutLT(4.5),##UPTREND:buyYearLowReversal(Confirm),",1.059526715959831,1,1,0
"PCTChangeLT-3,year2Low,_LTGT3.0_,,,chisBuyYear2Low,BreakLowYear2,",-2.1833827521928586,2,1,1
"PCTChangeGT0,_HTGT1.5_,,,%%:checkSell:CupDownDoji,",1.3928244146866395,4,2,2
"PCTChangeLT-2,,,,volSellContinueLast2DayDown-VolUp,(GLOBALFUTDOWN-DOWNTRENDMARKET)checkSellConsolidationBreakDown-week2-lowNotReachedWeek3,week2BarLowChangeLT0,",-0.4887447760538607,13,4,9
"PCTChangeGT1,_LTGT1.5_,,,%%:sellUpTrend-month3High,",-0.36598973802041895,8,3,5
"PCTChangeGT5,,,,volSellReversalLast2DayUp-VolDown,chisCheckConsolidationBreakoutGT(4.5),",2.2512222249388034,1,1,0
"PCTChangeGT3,_LTGT1.5_,,,%%:checkSell:Super2,",1.8030959947974226,1,1,0
"PCTChangeGT3,year2High,,,,volumeUpsergedLast2n3n4DayDown,chisBuyConsolidationBreakUp-2week-(Risky)-year2High,week2BarHighChangeGT2,",0.1325837946737913,1,1,0
"PCTChangeGT3,,,,volumeUpsergedLast2n3n4DayDown,chisCheckConsolidationBreakoutLT(4.5),chisBuyConsolidationBreakUp-2week-(Risky)-year2High,week2BarHighChangeGT0,brokenToday,",3.906852112553869,1,1,0
"PCDCGT0PCTDayChangeLT0,_HTGT3.0__HTGTPCTDayChange_,,,chisBuyYearHigh-3,",-2.502465459513547,1,0,1
"PCTChangeGT2,year2Low,_HTGT3.0__LTGT3.0__HTGTPCTDayChange__LTGTPCTDayChange_,,,zigZagVolCrossedFromDown,",-8.644832889196179,1,0,1
"PCTChangeLT-2,_LTGT1.5_,,,%%HLTF:(GLOBAL-DOWN)sellHighLowerTail-Reversal-LastDayMarketUp,volBuyReversalLast2DayDown-VolDown,##DOWNTREND:sellYearHigh(InDownTrend),##(Check-chart-buy):month3High-InMinus,NearHighMonth3,",0.5147258430378369,1,1,0
"PCTChangeLT-0.5,_HTGT1.5__LTGT1.5_,,,(GLOBALFUTDOWN-DOWNTRENDMARKET)checkSellConsolidationBreakDown-week2-lowNotReachedWeek3,week2BarLowChangeLT0,weekLowLTweek2Low,",-2.72727735114821,1,0,1
"PCTChangeGT3,,,,volumeUpsergedLast2n3n4DayDown,volBuyContinueLast2DayUp-VolUp,week2BarHighChangeGT2,brokenToday,",-0.013496398925776802,1,0,1
"PCTChangeGT3,,,,chisCheckConsolidationBreakoutLT(4.5),(GLOBALFUTUP-UPTRENDMARKET)checkBuyConsolidationBreakUp-week2-highNotReachedWeek3,week2BarHighChangeGT2,brokenToday,",0.7172464379465494,3,2,1
"PCTChangeLT-1,,,,checkCupDown-2dayDown-mayReversalBuy,##(Check-chart-buy):YearHigh-InMinus,ReversalHighYear,",2.2958167956189746,1,1,0
"PCTChangeLT-2,_LTGT1.5_,,,##MANegative_Downtrend_(LT-2),##MA-SMA200LT0SMA100LT0,MayBuyCheckChart-(IndexNotUpInSecondHalf),%%:buyDownTrend-month3Low,",-6.57582635525282,1,0,1
"PCTChangeLT-3,_HTGT1.5__LTGT1.5_,,,volBuyReversalLast2DayDown-VolDown,##sellTenDaysMoreThanTen,##ML:BuyRisingMA-Risky-0,##MAPositive_Uptrend(LT-2),##MA-SMA200LT0SMA100LT0,",1.977393244720563,1,1,0
"PCTChangeLT-1,_HTGT1.5__HTGTPCTDayChange_,,,%%HLTF-Risky9:30:maySellTail-tailGT2-7,10thDayGT15,",1.137840064354598,3,2,1
"PCTChangeLT-2,,,,##(check-chart)buyEMA6<EMA14,",-0.8018118523606113,5,2,3
"PCTChangeGT0.5,PCDayChange-0.5to0.5,_LTGT1.5_,,,buyMorningStar-(checkChart),",-0.08133714332604508,2,1,1
"PCTChangeGT3,year2High,_LTGT3.0_,,,%%HLTF:(SGXNIFTYUP)buyHighLowerTail-Continue,weekBarHighChangeGT2,",5.743273895935202,1,1,0
"PCTChangeGT3,_LTGT1.5_,,,%%HLTF-Risky:(GLOBAL-DOWN)sellHighLowerTail-Reversal-LastDayMarketUp,",-3.8018305739547964,5,0,5
"PCTChangeGT3,_HTGT1.5_,,,(GLOBALFUTUP-UPTRENDMARKET)checkBuyConsolidationBreakUp-week2-highNotReachedWeek3,week2BarHighChangeGT0,chis-breakoutup-2week,chisSell-2week-breakoutup,",0.3238418241642808,1,1,0
"PCTChangeGT0.5,,,,##MAPositive_Uptrend(GT0),##MA-SMA200GT0SMA100GT0,",-0.38850326177511985,3,2,1
"PCTChangeGT1,year2Low,,,,chisSellYear2LowLT-40-last3DayDown(triggerAfter-9:15),",-1.821608040200998,1,0,1
"PCTChangeGT3,,,,##(Check-chart-sell):month3Low-InPlus,ReversalLowMonth3,(GLOBALFUTUP-UPTRENDMARKET)checkBuyConsolidationBreakUp-week2-highNotReachedWeek3,week2BarHighChangeGT0,weekHighGTweek2High,brokenToday,chis-breakoutup-2week,chisBuy-2week-breakoutup,##UPTREND:buyMonth3LowReversal(Confirm),",0.3817878980818768,1,1,0
"PCTChangeLT-2,_HTGT1.5__LTGT1.5_,,,VOL:sell(GLOBALFUTUP-GLOBALMARKETUP)Buy-UpVol-3dayDown-Week2High,##(Check-chart-buy):YearHigh-InMinus,NearHighYear,",-2.9796558323816518,1,0,1
"PCTChangeGT0,_HTGT1.5_,,,(GLOBALFUTUP-UPTRENDMARKET)checkBuyConsolidationBreakUp-week2-highNotReachedWeek3,week2BarHighChangeGT0,",4.466017936039898,1,1,0
"PCTChangeLT-2,,,,%%:checkSell:Super0,mayBuyFromSellPattern-GT1.8,##MANegative_Downtrend_(LT-2),##MA-SMA200LT0SMA100LT0,",2.44755244755245,1,1,0
"PCTChangeLT-1,_HTGT1.5_,,,weekBarLowChangeLT0,##ML:buyRisingMA-down-0,",-0.049170267984447555,1,0,1
"PCTChangeGT3,,,,chisCheckConsolidationBreakoutLT(4.5),weekBarHighChangeGT2,brokenToday,",0.0866519525718405,19,8,10
"PCTChangeGT3,_LTGT1.5_,,,volBuyVolumeUpsergedLast2n3DayDown,volBuyContinueLast2DayUp-VolUp,",-1.6493275562885081,1,0,1
"PCTChangeLT-2,,,,volBuyReversalLast2DayDown-VolDown,##(Check-chart-buy):month3High-InMinus,NearHighMonth3,",-1.9075971271593883,4,0,4
"PCTChangeGT0.5,PCDayChange-0.5to0.5,year2High,_LTGT3.0_,,,%%HLTF:(SGXNIFTYUP)buyHighLowerTail-Continue,",1.2775201537347223,4,3,1
"PCTChangeGT0,PCDayChange-0.5to0.5,_HTGT1.5__LTGT1.5_,,,shortUpTrendBuyContinue-Doji-Last2DayGTToday,##MAPositive_Uptrend(GT0),##MA-SMA200LT0SMA100LT0,",1.5925508150855454,1,1,0
"PCDCGT0PCTDayChangeLT0,PCDayChange-0.5to0.5,_HTGT3.0__LTGT1.5_,,,%%HLTF-Last2HighTail:(UPTREND)buy(DOWNTREND)sell:HighUpperTailPre-last2DayUp,%%HLTF-Risky9:30:maySellTail-tailGT2-7,10thDayGT15,%%HLTF:(UPTREND-GLOBAL/SGX-UP)BuyHighUpperTail-Reversal-7,10thDayGT15-LastDayMarketDown,",3.116927167039056,1,1,0
"PCTChangeGT5,_HTGT3.0__LTGT3.0__HTGTPCTDayChange__LTGTPCTDayChange_,,,%%HLTF-Last2HighTail:(UPTREND)buy(DOWNTREND)sell:HighUpperTailPre-last2DayUp,%%HLTF:(UPTREND-GLOBAL/SGX-UP)BuyHighUpperTail-Reversal-7,10thDayGT15-LastDayMarketDown,##MAPositive_Uptrend(GT2),##MA-SMA200LT0SMA100GT0,",-0.39682539682539697,1,0,1
"PCTChangeGT16,year2Low,,,,chisSellYear2LowLT-40-last4DayDown(triggerAfter-9:15),",9.83182169997116,1,1,0
"PCTChangeLT-2,_LTGT1.5_,,,chisDownTrend-Risky-nearHigh,##DOWNTREND:sellMonth3High(InDownTrend),##(Check-chart-buy):month3High-InMinus,NearHighMonth3,",-0.8435262007193932,1,0,1
"PCTChangeLT-1,_HTGT1.5_,,,volSellContinueLast2DayDown-VolUp,chisSellDownTrend-nearHigh,##(Check-chart-buy):month3High-InMinus,BreakHighMonth3,",0.32292294664786664,1,1,0
"PCTChangeLT-2,,,,##(Check-chart-sell)Month3Low-Continue(InUpTrend),ReversalLowMonth3,",-1.4162541272899027,23,6,17
"PCTChangeGT5,year2High,_LTGT3.0_,,,%%HLTF-Risky:(GLOBAL-DOWN)sellHighLowerTail-Reversal-LastDayMarketUp,##last2DayHighGT3-M3HGT0,",2.035414377848294,1,1,0
"PCTChangeGT2,,,,week2BarHighChangeGT0,brokenToday,chisBuyYearHigh-3,",-0.6033496374047148,4,1,3
"PCTChangeGT2,_HTGT1.5_,,,chisBuyUpTrend-1-YearHigh,VOL:buy(GLOBALFUTDOWN-GLOBALMARKETDOWN)Sell-UpVol-3dayUp-Week2Low,chisSell-2week-breakoutup,BuyYearLow,",0.9175584901430478,1,1,0
"PCTChangeGT3,year2High,_HTGT1.5_,,,volumeUpsergedLast2n3n4DayDown,chisCheckConsolidationBreakoutLT(4.5),",-1.6852507044057226,1,0,1
"PCTChangeGT2,_HTGT3.0__LTGT1.5__HTGTPCTDayChange_,,,##MAPositive_Uptrend(GT2),##MA-SMA200GT0SMA100GT0,",-2.1601550314107754,3,0,3
"PCTChangeGT3,_LTGT1.5_,,,%%:checkSell:CupDownDoji,%%HLTF-Risky:(GLOBAL-DOWN)sellHighLowerTail-Reversal-LastDayMarketUp,##RisingMA(Test)(check-chart-buy)-1DayUp,##MAPositive_Uptrend(GT1),##MA-SMA200LT0SMA100LT0,",0.08982035928143713,1,1,0
"PCDCGT0PCTChangeLT-1,PCDayChange-0.5to0.5,_LTGT1.5_,,,%%:checkSell:Super2,-+,",-1.6314750460948702,1,0,1
"PCTChangeLT-1,_LTGT1.5_,,,MayBuyCheckChart-(IndexNotUpInSecondHalf),##(Check-chart-buy):YearHigh-InMinus,ReversalHighYear,",-1.1360074657225545,1,0,1
"PCTChangeLT-5,,,,(GLOBALFUTDOWN-DOWNTRENDMARKET)checkSellConsolidationBreakDown-week2-lowNotReachedWeek3,week2BarLowChangeLT-5,weekLowLTweek2Low,",-0.3102745215422211,3,2,1
"PCDCGT0PCTChangeLT-1,_HTGT3.0__HTGTPCTDayChange_,,,%%HLTF-Last2HighTail:(UPTREND)buy(DOWNTREND)sell:HighUpperTailPre-last2DayUp,",2.428574335007435,1,1,0
"PCTChangeGT2,_LTGT1.5_,,,chisSellYear2LowLT-40-last4DayDown(triggerAfter-9:15),chisBuyDownTrend-Risky-1,",-1.7352560781857411,1,0,1
"PCTChangeGT3,_HTGT3.0__LTGT1.5_,,,%%HLTF-Last2HighTail:(UPTREND)buy(DOWNTREND)sell:HighUpperTailPre-last2DayUp,##MAPositive_Uptrend(GT4.5),##MA-SMA200GT0SMA100GT0,",9.760878890846817,1,1,0
"PCTChangeGT1,,,,weekBarHighChangeGT0,brokenToday,chisFinalBreakOutBuyContinue-1-test-atYearLow,chisFinalBreakOutBuyContinue-0-test-atYearLow,",0.2725631063277319,1,1,0
"PCTChangeGT2,_LTGT1.5_,,,volSellVolumeUpsergedLast2n3DayDown,weekBarHighChangeGT2,",-0.15470297029702593,1,0,1
"PCDCGT0PCTDayChangeLT0,year2High,_HTGT3.0__HTGTPCTDayChange_,,,%%HLTF:maySellTail-tailGT2-7,10thDayGT20,",-2.3106083725437974,1,0,1
"PCTChangeLT-3,_HTGT1.5_,,,vol-buy-DownVol-3dayDown-Week2Low,##MANegative_Downtrend_(LT-2),##MA-SMA200LT0SMA100LT0,",0.5414287606715252,3,1,2
"PCTChangeGT3,,,,volumeUpsergedLast2n3n4DayDown,(GLOBALFUTUP-UPTRENDMARKET)checkBuyConsolidationBreakUp-week2-highNotReachedWeek3,week2BarHighChangeGT2,brokenToday,",0.4041072076611604,2,1,1
"PCTChangeGT3,_HTGT1.5__HTGTPCTDayChange_,,,##UPTREND:buyMonth3LowReversal(Confirm),",0.08035039301588043,2,1,1
"PCTChangeLT-1,,,,chisBuyFinalContinue-2,##(Check-chart-buy):month3High-InMinus,BreakHighMonth3,",5.878788671452255,1,1,0
"PCTChangeGT2,_LTGT1.5_,,,%%HLTF-Risky:(GLOBAL-DOWN)sellHighLowerTail-Reversal-LastDayMarketUp,vol-sell-DownVol-3dayUp-Week2High,##MAPositive_Uptrend(GT2),##MA-SMA200GT0SMA100GT0,",-2.962962962962962,1,0,1
"PCTChangeGT3,_HTGT3.0__LTGT1.5__HTGTPCTDayChange_,,,%%HLTF-Last2HighTail:(UPTREND)buy(DOWNTREND)sell:HighUpperTailPre-last2DayUp,##(Check-chart-sell):month3Low-InPlus,ReversalLowMonth3,(GLOBALFUTUP-UPTRENDMARKET)checkBuyConsolidationBreakUp-week2-highNotReachedWeek3,week2BarHighChangeGT0,##UPTREND:buyYear2LowReversal(Confirm),",-3.384365028109194,1,0,1
"PCTChangeLT-2,_HTGT1.5_,,,vol-buy-DownVol-3dayDown-Week2Low,(GLOBALFUTDOWN-DOWNTRENDMARKET)checkSellConsolidationBreakDown-month,weekBarLowChangeLT-2,",1.6077685469492766,1,1,0
"PCTChangeLT-2,,,,weekBarLowChangeLT-2,##(check-chart)maySell-EMA6-MT-May-LT-EMA14,",1.7634854771784232,1,1,0
"PCTChangeGT3,year2High,_HTGT1.5__LTGT1.5_,,,%%:sellUpTrend-month3High,weekBarHighChangeGT2,",1.2738080984464641,1,1,0
"PCTChangeLT-3,_HTGT1.5__LTGT3.0_,,,##MANegative_Downtrend_(LT-4.5),##MA-SMA200GT0SMA100LT0,##last2DayLow(LT-3)-M3LGT0,chisSellDayLowVolLow-01,",2.0533880045661475,1,1,0
"PCTChangeLT-2,,,,%%checkCupDown-2dayDown-continue,chisDownTrend-Risky-nearHigh,##(Check-chart-buy):month3High-InMinus,ReversalHighMonth3,##sellRisingMA,",-1.4632849618783055,1,0,1
"PCTChangeGT5,_LTGT1.5_,,,volumeUpsergedLast2n3n4DayDown,##MAPositive_Uptrend(GT2),##MA-SMA200GT0SMA100GT0,",-3.3382310107040363,1,0,1
"PCTChangeLT-1,PCDayChange-0.5to0.5,_LTGT3.0_,,,shortDownTrendBuyReversal-Month3Low-Doji-Last2DayLTToday,buyMorningStar-HighLowerTail-(checkChart),",6.468243409827107,1,1,0
"PCTChangeGT2,_LTGT1.5_,,,chisBuyUpTrend-nearLow,volBuyVolumeUpsergedLast2n3DayDown,",-0.15048530881770175,1,0,1
"PCTChangeGT5,_HTGT3.0__LTGT1.5__HTGTPCTDayChange_,,,chisBuyUpTrend-nearLow,",0.15337423312883774,1,1,0
"PCTChangeLT-2,,,,checkCupDown-3dayDown,VOL:sell(GLOBALFUTUP-GLOBALMARKETUP)Buy-UpVol-3dayDown-Week2High,",0.04186261341829833,2,1,1
"PCTChangeLT-3,year2High,_HTGT1.5_,,,chisSellUpTrend-Risky-2,",0.5326397348031122,2,1,1
"PCTDayChangeLT0,,,,%%:checkSell:CupDownDoji-lastDayLT(-2)TodayDoji,chisDownTrend-Risky-nearHigh,",3.258146721227794,1,1,0
"PCTChangeGT2,,,,checkBuyConsolidationBreakout-allPreLT0,week2BarHighChangeGT0,weekHighGTweek2High,",1.148408076086887,1,1,0
"PCTChangeGT1,,,,maySellFromBuyPattern-LT-1.8,",-2.1428951012746285,13,1,12
"PCTChangeLT-2,,,,volumeUpsergedLast2n3n4DayUp,",-0.3797588685109142,13,5,8
"PCDCGT0PCTDayChangeLT0,PCDayChange-0.5to0.5,_HTGT1.5_,,,%%HLTF:(UPTREND-MorningTrend-UP)mayBuyTail-highTailGT2-7,10thDayGT10-Last2DayStockDown,",-0.005104605037258743,1,0,1
"PCTChangeLT-2,year2Low,_LTGT1.5_,,,volSellContinueLast2DayDown-VolUp,",-0.9848507967862196,1,0,1
"PCTChangeLT-2,,,,vol-buy-DownVol-3dayDown-Week2Low,##MANegative_Downtrend_(LT-2),##MA-SMA200LT0SMA100LT0,##DOWNTREND:sellMonth3LowBreak,",-6.607146490187879,1,0,1
"PCTChangeLT-1,_LTGT1.5_,,,%%HLTF:(GLOBAL-DOWN)sellHighLowerTail-Reversal-LastDayMarketUp,volSellContinueLast2DayDown-VolUp,",-1.7187440009405641,1,0,1
"PCTChangeGT0.5,_HTGT1.5__HTGTPCTDayChange_,,,(Test)(check-chart-2-3MidCapCross)MaySellCheckChart-Risky,chisBuyYearHigh-1,",0.07137104951492448,1,1,0
"PCTChangeLT-1,,,,volumeUpsergedLast2n3n4DayUp,chisDownTrend-Risky-nearHigh,",-1.781868406225086,2,0,2
"PCTChangeGT0,_HTGT1.5_,,,%%:checkSell:Super2,-+,",-2.1414357502023806,1,0,1
"PCTChangeLT-2,,,,##(Check-chart-buy):month6High-InMinus,NearHighMonth6,",-1.8725326367659172,4,1,3
"PCTChangeGT0.5,_HTGT1.5__LTGT1.5__HTGTPCTDayChange__LTGTPCTDayChange_,,,chisSellDowningMA-(check5MinuteDownTrendAndSellDowntrend)-Already10DayDown,$$(DOWNTREND-OR-GLOBALDOWN)MaySellContinue-CheckChart(inuptrend-monthlow)-highTail,",1.2645651078251052,1,1,0
"PCDCLT0PCTChangeGT1,PCDayChange-0.5to0.5,_HTGT3.0_,,,##MA-SMA200LT0SMA100LT0,",2.190479096912197,1,1,0
"PCTChangeGT2,,,,weekBarHighChangeGT0,brokenToday,chisFinalBreakOutBuyContinue-11-test-atYearLow,chisFinalBreakOutBuyContinue-00-test-atYearLow,",0.5472667181669855,1,1,0
"PCTChangeGT0.5,PCDayChange-0.5to0.5,_HTGT3.0__LTGT1.5_,,,##MAPositive_Uptrend(GT0),##MA-SMA200GT0SMA100GT0,",-0.7901890726115461,1,0,1
"PCTChangeGT1,_HTGT3.0__LTGT1.5_,,,%%HLTF-Last2HighTail:(UPTREND)buy(DOWNTREND)sell:HighUpperTailPre-last2DayUp,chisUpTrend-Risky-nearLow,",10.069616800298052,1,1,0
"PCTChangeGT0,PCDayChange-0.5to0.5,year2High,,,,buyPatternsML,buyPattern-GT1.5-SMAGT0,(SMA9GT0),",2.488870215942468,1,1,0
"PCTChangeLT-2,,,,chisDownTrend-Risky-nearHigh,##(check-chart)buyEMA6<EMA14,##(Check-chart-buy):month3High-InMinus,ReversalHighMonth3,",0.6334097271600371,3,2,1
"PCTChangeGT2,_HTGT1.5_,,,%%HLTF-Last2HighTail:(UPTREND)buy(DOWNTREND)sell:HighUpperTailPre-last2DayUp,",-1.1050223405701978,19,5,14
"PCTChangeGT2,,,,volBuyContinueLast2DayUp-VolUp,##UPTREND:buyYearLow,",1.6708438187051786,1,1,0
"PCTChangeGT3,_LTGT1.5_,,,##MAPositive_Uptrend(GT1),##MA-SMA200GT0SMA100GT0,",-1.535035075327042,4,1,3
"PCTChangeGT3,,,,volBuyContinueLast2DayUp-VolUp,weekBarHighChangeGT2,##MAPositive_Uptrend(GT4.5),##MA-SMA200GT0SMA100GT0,",-1.0785832131314115,1,0,1
"PCTChangeLT-2,,,,(GLOBALFUTDOWN-DOWNTRENDMARKET)checkSellConsolidationBreakDown-week2-lowNotReachedWeek3,week2BarLowChangeLT0,chisBuyDayLowVolLow-03-checkMorningTrend(.5SL)-after10:30,",-1.2321472167968663,1,0,1
"PCDCLT0PCTChangeGT0,_HTGT3.0_,,,%%HLTF-Last2HighTail:(DOWNTREND)sellHighUpperTailPre,",1.0035041963702573,1,1,0
"PCTChangeGT1,_LTGT1.5_,,,%%HLTF-Risky:(GLOBAL-DOWN)sellHighLowerTail-Reversal-LastDayMarketUp,weekBarHighChangeGT0,",0.6782040711505083,1,1,0
"PCTDayChangeLT0,PCDayChange-0.5to0.5,_LTGT1.5_,,,%%:checkBuyContinue:CupDownDoji-last2dayUp,",-5.469060657980906,1,0,1
"PCTChangeGT2,year2High,_HTGT3.0__LTGT1.5__HTGTPCTDayChange__LTGTPCTDayChange_,,,weekBarHighChangeGT2,",-1.7237467608821433,1,0,1
"PCTChangeLT-5,_LTGT3.0_,,,%%HLTF:(GLOBAL-DOWN)sellHighLowerTail-Reversal-LastDayMarketUp,##MAPositive_Uptrend(LT-4.5),##MA-SMA200GT0SMA100GT0,",-3.212616074053564,2,0,2
"PCTChangeGT0.5,_LTGT3.0_,,,%%:checkSell:lastDayLT(-4.5),",-0.6760033852580816,1,0,1
"PCTChangeLT-5,,,,VOL:buy-UpVol-3dayDown-Week2Low,(GLOBALFUTDOWN-DOWNTRENDMARKET)checkSellConsolidationBreakDown-week2-lowNotReachedWeek3,week2BarLowChangeLT-5,weekLowLTweek2Low,",-4.886986440148293,1,0,1
"PCTChangeGT3,,,,volumeUpsergedLast2n3n4DayDown,week2BarHighChangeGT2,",-3.977516110336838,2,0,2
"PCTChangeGT2,_HTGT1.5__HTGTPCTDayChange_,,,MaySellCheckChart-(IndexNotDownInSecondHalf),week2BarHighChangeGT0,weekHighGTweek2High,brokenToday,",2.6262852392256826,1,1,0
"PCTChangeGT1,year2High,,,,$$MaySell-CheckChart(downTrend-mayReverseLast4DaysUp),%%:sellUpTrend-month3High,",-1.2968316603765124,1,0,1
"PCTChangeGT2,,,,chisSellFlag2Week-doji-Risky,",-1.3643891383841897,1,0,1
"PCTChangeLT-2,_LTGT1.5_,,,$$MayBuy-CheckChart(monthLow-minimumLast4DayDown),chisBuyYear2Low,",-0.08137784202480916,1,0,1
"PCTChangeLT-8,year2Low,_HTGT3.0__LTGT3.0__HTGTPCTDayChange__LTGTPCTDayChange_,,,##last3DayLow(LT-3)-M3LLT0,",9.584857543184096,1,1,0
"PCTChangeGT0,PCDayChange-0.5to0.5,_HTGT3.0_,,,$$MaySell-CheckChart-baseLine(inDownTrend-monthHigh)-MLCGT10,##MAPositive_Uptrend(GT0),##MA-SMA200LT0SMA100LT0,",1.920357999367238,1,1,0
"PCDCLT0PCTChangeGT1,year2High,_HTGT1.5__LTGT3.0_,,,%%HLTF-Last2DayMarketUp:(GLOBAL-DOWN)sellHighLowerTail-Reversal-LastDayMarketUp,",-5.016663869221996,1,0,1
"PCTChangeLT-8,_HTGT1.5__LTGT1.5_,,,(GLOBAL-DOWN)maySellContinueHighVolatileLastDayDOWN-month6LowGT0-(LT-8),##MANegative_Downtrend_(LT-4.5),##MA-SMA200LT0SMA100LT0,",0.4058549066217958,1,1,0
"PCTChangeLT-3,,,,%%:checkSell:Flag2Week,chisSell-smallUptrendReversal,",-6.65305442451887,1,0,1
"PCTChangeLT-1,,,,volBuyVolumeUpsergedLast2n3DayUp,chisDownTrend-Risky-nearHigh,##(Check-chart-buy):month3High-InMinus,NearHighMonth3,",1.3035365725048962,1,1,0
"PCTChangeGT5,,,,buyPatternsML,",3.588856490166742,6,6,0
"PCTChangeGT3,_LTGT1.5_,,,%%HLTF:(GLOBAL-DOWN)sellHighLowerTail-Reversal-LastDayMarketUp,##MAPositive_Uptrend(GT4.5),##MA-SMA200GT0SMA100GT0,",-0.5347262726021856,2,1,1
"PCDCGT0PCTChangeLT-1,_LTGT1.5_,,,%%HLTF:(GLOBAL-DOWN)sellHighLowerTail-Reversal-LastDayMarketUp,",1.8487431163855315,2,2,0
"PCTChangeGT3,,,,volSellVolumeUpsergedLast2n3DayDown,weekBarHighChangeGT0,brokenToday,##buyRisingMAuptrend-(Risky),",0.46296296296296563,1,1,0
"PCTChangeGT3,year2High,_HTGT1.5__LTGT1.5_,,,zigZagVolCrossedFromDown,",-3.615637167268937,1,0,1
"PCTChangeGT3,_LTGT1.5_,,,weekBarHighChangeGT2,",-0.8338568383477237,9,2,7
"PCTChangeGT3,year2High,_HTGT1.5_,,,chisCheckConsolidationBreakoutLT(4.5),",-3.473055719615458,1,0,1
"PCTChangeLT-2,,,,chisSellDownTrend-nearHigh,##ML:BuyRisingMA-Risky-0,",0.23459064436564292,2,1,1
"PCTChangeLT-3,_LTGT3.0_,,,(GLOBALFUTDOWN-DOWNTRENDMARKET)checkSellConsolidationBreakDown-week2-lowNotReachedWeek3,week2BarLowChangeLT-2,weekLowLTweek2Low,##MANegative_Downtrend_(LT-2),##MA-SMA200LT0SMA100LT0,",0.2361085679796072,1,1,0
"PCTChangeLT-2,_LTGT3.0_,,,%%HLTF:(GLOBAL-DOWN)sellHighLowerTail-Reversal-LastDayMarketUp,##(Check-chart-buy):month3High-InMinus,ReversalHighMonth3,",-0.6764357325414588,1,0,1
"PCTChangeLT-3,_LTGT1.5_,,,volSellContinueLast2DayDown-VolUp,chisDownTrend-Risky-nearHigh,##(Check-chart-buy):month3High-InMinus,ReversalHighMonth3,",-0.07692777193509305,1,0,1
"PCTChangeGT1,,,,volBuyContinueLast2DayUp-VolUp,",0.3775820803148431,67,36,31
"PCTChangeGT3,year2High,_HTGT3.0__HTGTPCTDayChange_,,,%%:sellUpTrend-month3High,weekBarHighChangeGT2,",-3.865393467905824,1,0,1
"PCTChangeLT-3,_HTGT1.5_,,,VOL:buy-UpVol-3dayDown-Week2Low,##MANegative_Downtrend_(LT-2),##MA-SMA200LT0SMA100LT0,",3.5294117647058734,1,1,0
"PCTChangeGT0,PCDayChange-0.5to0.5,_HTGT1.5_,,,%%HLTF-Risky9:30:maySellTail-tailGT2-7,10thDayGT15,",1.0541669577814328,4,2,2
"PCTChangeGT0.5,_LTGT3.0_,,,chisSellFinalContinue-(lastDayUp)-2,",1.8260856296705097,1,1,0
"PCTChangeGT1,year2Low,,,,volBuyVolumeUpsergedLast2n3DayDown,",1.3991365004683571,2,1,1
"PCTChangeGT2,year2High,_HTGT1.5_,,,%%HLTF-Risky9:30:maySellTail-tailGT2-7,10thDayGT15,",0.05687016243681551,1,1,0
"PCTChangeLT-2,_LTGT3.0_,,,%%HLTF:(GLOBAL-DOWN)sellHighLowerTail-Reversal-LastDayMarketUp,chisSellFinalCandidate-(lastDayUp)-(highChange),##sellTenDaysMoreThanTen,##MA-SMA200LT0SMA100LT0,",-0.9986684623681377,1,0,1
"PCTChangeGT3,,,,volBuyVolumeUpsergedLast2n3DayDown,chisCheckConsolidationBreakoutLT(4.5),(GLOBALFUTUP-UPTRENDMARKET)checkBuyConsolidationBreakUp-week2-highNotReachedWeek3,week2BarHighChangeGT0,brokenToday,chis-breakoutup-2week,##(check-chart)mayBuy-EMA6-LT-May-MT-EMA14,",0.8676767330172074,1,1,0
"PCDCGT0PCTChangeLT-1,,,,%%:checkSell:FlagWeek-doji,",0.7905810559004505,2,1,1
"PCTChangeLT-2,,,,brokenToday,chisDownTrend-Risky-nearHigh,",-0.08387411794354933,1,0,1
"PCTChangeLT-3,,,,vol-buy-DownVol-3dayDown-Week2Low,##DOWNTREND:sellMonth3LowBreak,",2.145517004693364,1,1,0
"PCTChangeLT-3,,,,(GLOBALFUTDOWN-DOWNTRENDMARKET)checkSellConsolidationBreakDown-week2-lowNotReachedWeek3,week2BarLowChangeLT-5,##last2DayLow(LT-3)-M3LGT0,",-1.9662921348314693,1,0,1
"PCTChangeLT-3,,,,weekBarLowChangeLT-2,##DOWNTREND:sellYearHighReversal(InDownTrend),##(Check-chart-buy):month3High-InMinus,ReversalHighMonth3,",0.8533650389971592,2,2,0
"PCTChangeGT3,,,,sellHeavyUpTrend-Reversal,VOL:sell-UpVol-3dayUp-Week2High,weekBarHighChangeGT2,##MAPositive_Uptrend(GT2),##MA-SMA200GT0SMA100GT0,",3.7983559188528733,1,1,0
"PCTChangeLT-3,,,,volSellContinueLast2DayDown-VolUp,(GLOBALFUTDOWN-DOWNTRENDMARKET)checkSellConsolidationBreakDown-week2-lowNotReachedWeek3,week2BarLowChangeLT-2,weekLowLTweek2Low,chisDownTrend-Risky-nearHigh,##DOWNTREND:sellYear2HighReversal(InDownTrend),",0.7592571177859382,1,1,0
"PCTChangeLT-1,_HTGT3.0__LTGT1.5__HTGTPCTDayChange_,,,##MANegative_Downtrend_(LT-1),##MA-SMA200LT0SMA100LT0,",-2.8844348228979313,1,0,1
"PCTChangeLT-3,,,,$$(UPTREND-OR-GLOBALUP)$$MayBuyContinue-CheckChart-baseLine(inDownTrend-monthHigh)-PCTDayChangeLT(-2),",-1.276589624737475,2,1,1
"PCTDayChangeLT0,,,,(SMA9GT0),mayBuyFromSellPattern-GT1.8,",2.1196368603714855,3,2,1
"PCTChangeGT2,,,,(Test)sellHeavyUpTrend-Reversal-1,volumeUpsergedLast2n3n4DayDown,",-1.3370929441687391,1,0,1
"PCTChangeLT-5,_LTGT1.5_,,,(GLOBALFUTDOWN-DOWNTRENDMARKET)checkSellConsolidationBreakDown-week2-lowNotReachedWeek3,week2BarLowChangeLT-5,weekLowLTweek2Low,",-2.6855145242104683,1,0,1
"PCTChangeLT-2,,,,volBuyReversalLast2DayDown-VolDown,chisSellDownTrend-nearHigh,##(Check-chart-buy):YearHigh-InMinus,NearHighYear,",-0.04141502615275713,6,3,3
"PCTChangeLT-0.5,_HTGT1.5_,,,%%:checkSell:Super01-monthLow,%%HLTF-Last2HighTail:(DOWNTREND)sellHighUpperTailPre-1,",1.588381003515019,1,1,0
"PCTChangeLT-1,_LTGT3.0_,,,(GLOBALFUTDOWN-DOWNTRENDMARKET)checkSellConsolidationBreakDown-week2-lowNotReachedWeek3,week2BarLowChangeLT0,weekLowLTweek2Low,",-1.2028265552805146,3,0,3
"PCTChangeLT-2,,,,chisSellFlag2Week-Risky,volBuyReversalLast2DayDown-VolDown,",-1.3379327182112168,1,0,1
"PCTChangeGT3,_HTGT1.5__LTGT3.0_,,,%%HLTF-Last2DayMarketUp:(GLOBAL-DOWN)sellHighLowerTail-Reversal-LastDayMarketUp,",2.018579836515348,1,1,0
"PCTChangeGT16,_HTGT3.0_,,,chisBuyDayHighVolLow-0,##MAPositive_Uptrend(GT4.5),##MA-SMA200GT0SMA100GT0,",6.4290054760348605,1,1,0
"PCTChangeLT-5,year2High,,,,%%:checkBuyRevarsalLast3DayDownAtMonth3High,",-4.631336405529949,1,0,1
"PCTChangeGT1,,,,weekBarHighChangeGT0,brokenToday,buyYearHigh-0,",1.0291188311216966,2,2,0
"PCTDayChangeLT0,PCDayChange-0.5to0.5,,,,shortDownTrendBuyReversal-MonthLow-Doji-Last2DayLTToday,",0.26483973630548474,3,2,1
"PCTChangeLT-1,_HTGT1.5__HTGTPCTDayChange_,,,%%HLTF-Last2HighTail:(DOWNTREND)sell(UPTREND)buy:HighUpperTailPre,sellFinal,chisSellDownTrend-nearHigh,",-2.28908675082002,1,0,1
"PCTChangeLT-1,_HTGT1.5_,,,##MANegative_Downtrend_(LT0),##MA-SMA200LT0SMA100LT0,",0.08360786897334338,2,1,1
"PCTChangeGT3,,,,week2BarHighChangeGT0,weekHighGTweek2High,brokenToday,",-0.3700142445814038,17,6,11
"PCTChangeLT-1,_HTGT1.5_,,,##buyYear2LowMovingSMA,",0.06590188040568369,1,1,0
"PCTChangeLT-2,PCDayChange-0.5to0.5,_LTGT1.5_,,,##ML:BuyRisingMA-Risky-0,",-2.903887976898006,1,0,1
"PCTChangeLT-1,year2High,_HTGT1.5_,,,checkCupDown-inDownTrend-month3HighLTmonth3Low,bar_low,%%HLTF:(UPTREND-MorningTrend-UP)mayBuyTail-highTailGT2-7,10thDayGT10-Last2DayStockDown,volBuyReversalLast2DayDown-VolDown,",-2.250483540655356,1,0,1
"PCTChangeLT-2,,,,volBuyVolumeUpsergedLast2n3DayUp,chisDownTrend-Risky-nearHigh,##DOWNTREND:sellMonth6HighReversal(InDownTrend),##(Check-chart-buy):month3High-InMinus,ReversalHighMonth3,",-1.1641783641447148,1,0,1
"PCTChangeLT-1,PCDayChange-0.5to0.5,_HTGT1.5__LTGT1.5_,,,##MAPositive_Uptrend(LT0),##MA-SMA200GT0SMA100GT0,",0.34289837042780336,2,2,0
"PCTChangeLT-1,,,,weekBarLowChangeLT0,",-0.34291879451642926,370,146,221
"PCTChangeGT5,_HTGT1.5_,,,chisCheckConsolidationBreakoutGT(4.5),",-0.5768441124943797,8,2,6
"PCDCLT0PCTChangeGT0,PCDayChange-0.5to0.5,_LTGT3.0_,,,%%HLTF:(SGXNIFTYUP)buyHighLowerTail-Continue,##(Test)(check-chart)-buySMAUpTrend,",-0.7318822888360438,1,0,1
"PCTChangeLT-1,_HTGT3.0__HTGTPCTDayChange_,,,##(Check-chart-buy):month3High-InMinus,ReversalHighMonth3,",0.18819923402649347,5,3,2
"PCTChangeGT1,,,,##MAPositive_Uptrend(GT2),##MA-SMA200GT0SMA100GT0,",-0.2950252381911669,31,14,17
"PCTDayChangeLT0,PCDayChange-0.5to0.5,_HTGT1.5_,,,##buyYear2LowMovingSMA,",1.0649640563821066,5,3,2
"PCTChangeLT-5,,,,##MAPositive_Uptrend(LT-4.5),##MA-SMA200GT0SMA100GT0,",2.2560948576715174,2,1,1
"PCTChangeLT-1,_HTGT1.5__LTGT1.5_,,,%%:checkSell:CupDownDoji-lastDayLT(-2)TodayDoji,",-1.5498905323731833,2,1,1
"PCTChangeGT2,,,,volBuyContinueLast2DayUp-VolUp,",-0.053151717207598675,75,32,43
"PCTChangeGT0,PCDayChange-0.5to0.5,,,,%%:checkSell:Super2,-+,chisSellDowningMA-(check5MinuteDownTrendAndSellDowntrend)-Already10DayDown,",0.015168421476787652,2,1,1
"PCTChangeLT-3,,,,VOL:sell(GLOBALFUTUP-GLOBALMARKETUP)Buy-UpVol-3dayDown-Week2High,",0.06368311795939098,13,7,6
"PCTChangeGT5,_HTGT1.5_,,,week2BarHighChangeGT0,brokenToday,",0.004548057525060156,2,1,1
"PCDCGT0PCTChangeLT-3,_HTGT3.0__LTGT3.0__HTGTPCTDayChange__LTGTPCTDayChange_,,,##MA-SMA200GT0SMA100LT0,",-3.9226293090177937,3,0,3
"PCTChangeGT1,,,,$$MaySell-CheckChart(downTrend-mayReverseLast4DaysUp),%%:sellUpTrend-month3High,",-1.0741053017541764,1,0,1
"PCTChangeLT-2,_HTGT1.5_,,,volumeUpsergedLast2n3n4DayUp,weekBarLowChangeLT-2,chisDownTrend-Risky-nearHigh,##DOWNTREND:sellMonth3HighReversal(InDownTrend),##(Check-chart-buy):month3High-InMinus,ReversalHighMonth3,",0.5584357766544082,1,1,0
"PCDCGT0PCTDayChangeLT0,PCDayChange-0.5to0.5,_HTGT1.5__LTGT1.5_,,,%%:checkBuyContinue:CupDownDoji-last2dayUp,",-1.614730878186969,1,0,1
"PCTChangeLT-3,_LTGT1.5_,,,%%HLTF:(GLOBAL-DOWN)sellHighLowerTail-Reversal-LastDayMarketUp,VOL:buy-DownVol-3dayDown-Week2High,##(Check-chart-buy):month3High-InMinus,ReversalHighMonth3,",0.28614825512989095,1,1,0
"PCTChangeLT-2,_HTGT1.5_,,,weekBarLowChangeLT-2,##DOWNTREND:sellYearHighReversal(InDownTrend),##(Check-chart-buy):month3High-InMinus,ReversalHighMonth3,",-2.361903760706126,1,0,1
"PCTChangeLT-3,year2High,_HTGT3.0__HTGTPCTDayChange_,,,checkCupDown-2dayDown-mayReversalBuy,",-3.5175071894401464,1,0,1
"PCTChangeLT-2,_LTGT1.5_,,,volBuyVolumeUpsergedLast2n3DayUp,chisDownTrend-Risky-nearHigh,",-1.4611292780244622,1,0,1
"PCTChangeGT3,year2High,,,,volumeUpsergedLast2n3n4DayDown,",0.575547824720655,7,4,3
"PCTChangeLT-2,PCDayChange-0.5to0.5,_LTGT1.5_,,,##MA-SMA200LT0SMA100LT0,chisBuyMorningStar-dayDown,(SMA9LT0),",-3.3163313666869634,1,0,1
"PCTChangeLT-2,PCDayChange-0.5to0.5,_HTGT3.0_,,,%%:checkSell:CupDownDoji-lastDayLT(-2)TodayDoji,",-7.150203314558165,1,0,1
"PCTChangeLT-3,_HTGT3.0__HTGTPCTDayChange_,,,##MANegative_Downtrend_(LT-2),##MA-SMA200LT0SMA100LT0,",1.2468886350980237,3,2,1
"PCTChangeGT3,_HTGT1.5__LTGT3.0_,,,%%HLTF:(SGXNIFTYUP)buyHighLowerTail-Continue,",-3.1368408203124982,1,0,1
"PCDCLT0PCTChangeGT1,PCDayChange-0.5to0.5,_LTGT1.5_,,,sellPatterns-LT-1.5-SMALT0,(SMA9LT0),",-1.3541698455810411,1,0,1
"PCTChangeLT-3,,,,checkCupDown,bar_low,",0.28533389433493783,1,1,0
"PCTChangeGT3,,,,VOL:sell-UpVol-3dayUp-Week2High,##MAPositive_Uptrend(GT4.5),##MA-SMA200LT0SMA100LT0,##last2DayHighGT3-M3HLT0,",-1.4933705100526715,2,0,2
"PCTChangeLT-1,_LTGT1.5_,,,MayBuyCheckChart-(IndexNotUpInSecondHalf),##(Check-chart-buy):month3High-InMinus,ReversalHighMonth3,",5.348082064490633,1,1,0
"PCTChangeLT-2,year2Low,_HTGT3.0__LTGT1.5__HTGTPCTDayChange__LTGTPCTDayChange_,,,volBuyVolumeUpsergedLast2n3DayUp,%%:buyDownTrend-month3Low,",5.821051346628289,1,1,0
"PCDCGT0PCTChangeLT-1,PCDayChange-0.5to0.5,_LTGT1.5_,,,chisSellSuper-Risky,-+,",-5.801888231961224,1,0,1
"PCTChangeGT2,_HTGT3.0__HTGTPCTDayChange_,,,%%HLTF:(DOWNTREND-OR-GLOBALDOWN)maySellTail-tailGT2-2,3,4thDayGT0,sellEveningStar-0,VOL:sell-DownVol-3dayUp-Week2Low,##UPTREND:buyYearLowReversal(Confirm),",3.6528513221542913,1,1,0
"PCTChangeGT2,,,,##UPTREND:buyYearLow,",-0.5216545612373603,3,1,2
"PCTChangeLT-3,,,,##DOWNTREND:sellMonth6HighReversal(InDownTrend),##last2DayLow(LT-3)-M3LGT0,##(Check-chart-buy):month6High-InMinus,ReversalHighMonth6,",-0.6341436448748263,2,1,1
"PCTChangeLT-2,,,,%%:checkSell:Super0,##MANegative_Downtrend_(LT-2),##MA-SMA200GT0SMA100LT0,##DOWNTREND:sellMonth3LowBreak,",4.88814730491695,1,1,0
"PCTChangeGT3,year2High,_HTGT1.5_,,,checkBuyConsolidationBreakUp-month3HighLTMonth3Low,",-1.138159812697747,1,0,1
"PCTChangeGT5,_HTGT3.0__LTGT1.5__HTGTPCTDayChange_,,,%%HLTF:(UPTREND-GLOBAL/SGX-UP)BuyHighUpperTail-Reversal-7,10thDayGT15-LastDayMarketDown,volSellReversalLast2DayUp-VolUp,##MAPositive_Uptrend(GT2),##MA-SMA200GT0SMA100GT0,##last2DayHighGT3-M3HGT0,",-1.6020620352268675,1,0,1
"PCTChangeGT8,year2High,_HTGT3.0_,,,volBuyContinueLast2DayUp-VolUp,",-0.44766137111660037,3,1,2
"PCTChangeLT-5,,,,##last2DayLow(LT-3)-M3LGT0,chisBuyDayLowVolLow-02-checkMorningTrend(.5SL),",-0.06372194572342661,2,1,1
"PCTChangeLT-2,,,,volSellVolumeUpsergedLast2n3DayUp,VOL:sell(GLOBALFUTUP-GLOBALMARKETUP)Buy-UpVol-3dayDown-Week2High,chisDownTrend-Risky-nearHigh,##DOWNTREND:sellMonth3HighReversal(InDownTrend),##(Check-chart-buy):month3High-InMinus,ReversalHighMonth3,##(check-chart)maySell-EMA6-MT-May-LT-EMA14,",-0.6473018915326757,1,0,1
"PCTChangeLT-1,year2High,_HTGT1.5_,,,volSellVolumeUpsergedLast2n3DayUp,volSellContinueLast2DayDown-VolUp,",-3.263599603245938,1,0,1
"PCTDayChangeLT0,PCDayChange-0.5to0.5,_HTGT1.5__LTGT1.5_,,,chisSellSuper-Risky,--,",-1.8509326420662737,1,0,1
"PCTChangeLT-2,year2High,_HTGT1.5_,,,VOL:sell(GLOBALFUTUP-GLOBALMARKETUP)Buy-UpVol-3dayDown-Week2High,",1.588358672396626,2,2,0
"PCTChangeGT1,PCDayChange-0.5to0.5,,,,chisSellFlag2Week-doji-Risky,shortUpTrendBuyContinue-Doji-Last2DayGTToday,",3.5688427911288545,1,1,0
"PCTChangeLT-2,,,,(GLOBALFUTDOWN-DOWNTRENDMARKET)checkSellConsolidationBreakDown-week2-lowNotReachedWeek3,week2BarLowChangeLT0,volBuyRevarsalVolCrossed,",-0.9508341256829811,2,1,1
"PCTChangeGT2,_LTGT1.5_,,,##(check-chart)sellEMA6>EMA14,",-8.72994425832162,1,0,1
"PCTChangeGT0,_LTGT3.0_,,,##MANegative_Downtrend_(GT0),##MA-SMA200LT0SMA100LT0,",-0.1882336186427755,1,0,1
"PCTChangeLT-3,,,,%%:checkSell:Flag2Week,checkCupDown-inDownTrend,bar_low,",-3.9310172752097854,1,0,1
"PCTChangeLT-3,year2High,_HTGT3.0__LTGT1.5__HTGTPCTDayChange_,,,(Test)sellUptrendReversal,",10.787882949366708,1,1,0
"PCTChangeGT3,_HTGT1.5_,,,volumeUpsergedLast2n3n4DayDown,##UPTREND:buyYear2LowReversal(Confirm),",-0.3389053550618229,1,0,1
"PCTChangeGT0.5,,,,chisBuyYearHigh-3,",0.017551518410111867,564,267,292
"PCTChangeGT2,year2High,,,,checkBuyConsolidationBreakout-allPreLT0,weekBarHighChangeGT2,",1.8165312038631976,1,1,0
"PCTChangeLT-0.5,_LTGT1.5_,,,checkSellConsolidationBreakDown-2week,week2BarLowChangeLT0,brokenToday,",4.669885563998162,1,1,0
"PCTChangeGT2,,,,volSellRevarsalVolCrossed,VOL:sell-DownVol-3dayUp-Week2Low,",-1.8561484918793416,1,0,1
"PCTChangeLT-3,,,,##(Test)(Check-chart-sell):yearLow-InMinus,",-0.27344308239329024,2,1,1
"PCTChangeLT-2,,,,checkCupDown-2dayDown-mayReversalBuy,weekBarLowChangeLT-2,brokenToday,",3.1735176046424245,1,1,0
"PCDCLT0PCTChangeGT3,year2Low,_HTGT1.5__LTGT3.0__HTGTPCTDayChange__LTGTPCTDayChange_,,,##lastDayHigh(LT-5)Today(LT-1),",3.6900369003690034,1,1,0
"PCDCGT0PCTChangeLT-3,_LTGT1.5_,,,(SMA9LT0),",-2.6577864643708873,1,0,1
"PCTChangeGT5,_HTGT3.0_,,,checkBuyConsolidationBreakUp-2week,week2BarHighChangeGT2,",-5.375003814697254,1,0,1
"PCTChangeLT-2,_HTGT1.5__HTGTPCTDayChange_,,,weekBarLowChangeLT-2,",-0.39080290059722833,4,2,2
"PCTChangeGT3,,,,volBuyVolumeUpsergedLast2n3DayDown,volBuyContinueLast2DayUp-VolUp,weekBarHighChangeGT0,brokenToday,chis-breakoutup-2week,chisBuy-2week-breakoutup,",-1.4805029498420392,1,0,1
"PCTChangeLT-0.5,_LTGT1.5_,,,(SMA9LT0),chisDownTrend-Risky-nearHigh,",-1.1142839704241059,1,0,1
"PCTChangeGT2,,,,chisSellFinalContinue-(lastDayUp)-1,chisBuyFinalContinueReversal-2,",0.4930482803556778,1,1,0
"PCTChangeLT-3,_LTGT1.5_,,,volBuyVolumeUpsergedLast2n3DayUp,chisDownTrend-Risky-nearHigh,##(Check-chart-buy):YearHigh-InMinus,ReversalHighYear,",0.21739130434781595,1,1,0
"PCTChangeLT-0.5,year2Low,_LTGT3.0_,,,##ML:sellRisingMA-down-(Risky),",4.603725883155741,1,1,0
"PCTChangeLT-2,,,,vol-buy-DownVol-3dayDown-Week2Low,##MA-SMA200LT0SMA100LT0,##DOWNTREND:sellYearLowBreak,",2.704340714299956,1,1,0
"PCTChangeLT-3,_HTGT1.5_,,,##MANegative_Downtrend_(LT-2),##MA-SMA200LT0SMA100LT0,##DOWNTREND:sellMonth6LowBreak,",2.770147573443816,1,1,0
"PCTChangeGT2,,,,week2BarHighChangeGT0,chisBuyYearHigh-3,",4.107038789897476,1,1,0
"PCTChangeLT-3,_LTGT1.5_,,,volSellContinueLast2DayDown-VolUp,chisDownTrend-Risky-nearHigh,##DOWNTREND:sellYear2HighReversal(InDownTrend),",1.6696566953265133,1,1,0
"PCTChangeGT5,,,,(GLOBALFUTUP-UPTRENDMARKET)checkBuyConsolidationBreakUp-week2-highNotReachedWeek3,week2BarHighChangeGT5,weekHighGTweek2High,##MAPositive_Uptrend(GT2),##MA-SMA200GT0SMA100GT0,",6.630756073550131,1,1,0
"PCDCLT0PCTChangeGT3,year2Low,_LTGT3.0_,,,chisBuyYear2Low,BreakLowYear2,",15.517241379310345,1,1,0
"PCTChangeGT3,_HTGT1.5_,,,chisUpTrend-Risky-nearLow,volumeUpsergedLast2n3n4DayDown,BuyYearLow,##UPTREND:buyYearLowReversal(Confirm),##last2DayHighGT3-M3HLT0,",-0.2559960937499901,1,0,1
"PCTChangeLT-2,_HTGT1.5_,,,checkCupDown-inDownTrend-month3HighLTmonth3Low,bar_low,chisDownTrend-Risky-nearHigh,",-0.8151589215572981,1,0,1
"PCTChangeGT1,_HTGT1.5_,,,volBuyContinueLast2DayUp-VolUp,",0.23222393606479338,18,9,9
"PCTChangeLT-1,_HTGT1.5_,,,chisSellConsolidationBreakDown-forecastDayPCT7LT0,chisSellDownTrend-nearHigh,##(Check-chart-buy):YearHigh-InMinus,ReversalHighYear,",-2.0042506318835467,1,0,1
"PCTChangeLT-1,,,,volSellContinueLast2DayDown-VolUp,chisDownTrend-Risky-nearHigh,##(Check-chart-buy):YearHigh-InMinus,ReversalHighYear,",-0.8673752536151049,3,1,2
"PCTChangeGT2,_HTGT1.5_,,,volSellVolumeUpsergedLast2n3DayDown,weekBarHighChangeGT2,brokenToday,",6.322444678609071,1,1,0
"PCTDayChangeLT0,_LTGT3.0_,,,(Test)MayBuy-CheckChart(upTrend-lastDayDown),",0.4523251959581387,4,2,2
"PCTChangeLT-0.5,PCDayChange-0.5to0.5,_HTGT1.5__LTGT1.5_,,,%%HLTF-LastDayUp:(DOWNTREND-OR-GLOBALDOWN)MaySellHighTail-LastDayMarketUp,",0.020124572596110113,9,5,4
"PCDCLT0PCTChangeGT1,_HTGT3.0__LTGT1.5__HTGTPCTDayChange_,,,volBuyRevarsalVolCrossed,",1.9799115833490468,2,1,1
"PCTChangeLT-1,,,,$$MayBuy-CheckChart(monthLow-minimumLast4DayDown),",-0.3407545453539419,30,14,15
"PCTChangeLT-2,,,,checkCupDown-3dayDown-mayReversalBuy,##(Check-chart-buy):month3High-InMinus,ReversalHighMonth3,",0.7256322345172121,1,1,0
"PCTChangeGT2,_LTGT1.5_,,,chisSellFinalContinue-(lastDayUp)-(volLow),buyFinal,",-6.171430315290187,1,0,1
"PCTChangeGT3,year2High,_LTGT3.0_,,,%%HLTF:(SGXNIFTYUP)buyHighLowerTail-Continue,",0.6493520189842041,2,1,1
"PCTChangeLT-3,_HTGT3.0__LTGT3.0_,,,weekBarLowChangeLT0,brokenToday,##MANegative_Downtrend_(LT-2),##MA-SMA200GT0SMA100GT0,",7.13700103759766,1,1,0
"PCTChangeGT2,,,,volumeUpsergedLast2n3n4DayDown,volBuyContinueLast2DayUp-VolUp,weekBarHighChangeGT2,brokenToday,",-1.233382947185122,1,0,1
"PCTChangeGT2,,,,chisUpTrend-Risky-nearLow,weekBarHighChangeGT0,brokenToday,",1.0686961251630867,2,1,1
"PCTChangeGT0.5,PCDayChange-0.5to0.5,_LTGT1.5_,,,chisSellFlagWeek-doji-Risky,",-0.481866965460793,4,1,3
"PCTChangeLT-3,,,,##(Test)(Check-chart):year2Low-InMinus,",0.6342209853163774,4,3,1
"PCDCLT0PCTChangeGT0,_HTGT3.0__LTGT3.0__HTGTPCTDayChange__LTGTPCTDayChange_,,,##MA-SMA200LT0SMA100GT0,",-0.44355084819178714,1,0,1
"PCTChangeGT3,_LTGT1.5_,,,volBuyContinueLast2DayUp-VolUp,weekBarHighChangeGT2,",0.07454408418148185,1,1,0
"PCTChangeGT3,,,,zigZagVolCrossedFromDown,##MAPositive_Uptrend(GT2),##MA-SMA200GT0SMA100GT0,",1.7885700578358554,6,5,1
"PCDCLT0PCTChangeGT0,,,,##MA-SMA200GT0SMA100GT0,",-0.661593961749991,9,4,5
"PCTChangeGT5,_HTGT1.5__LTGT1.5_,,,volumeUpsergedLast2n3n4DayDown,##last2DayHighGT3-M3HLT0,",-8.107147216796868,1,0,1
"PCTChangeLT-2,,,,VOL:buy-UpVol-3dayDown-Week2Low,weekBarLowChangeLT-2,##DOWNTREND:sellMonth3LowBreak,",0.7142877903114443,1,1,0
"PCTChangeLT-3,,,,volBuyReversalLast2DayDown-VolDown,(GLOBALFUTDOWN-DOWNTRENDMARKET)checkSellConsolidationBreakDown-week2-lowNotReachedWeek3,week2BarLowChangeLT-2,weekLowLTweek2Low,chisDownTrend-Risky-nearHigh,",2.9993776675924377,1,1,0
"PCTChangeLT-8,year2Low,_HTGT3.0_,,,chisRSISellCandidate(yearLow)-lessThanMinus5,",20.79741379310344,1,1,0
"PCTChangeGT3,_HTGT1.5_,,,%%HLTF:(DOWNTREND-OR-GLOBALDOWN)maySellTail-tailGT2-2,3,4thDayGT0,volSellReversalLast2DayUp-VolDown,chisCheckConsolidationBreakoutLT(4.5),week2BarHighChangeGT0,brokenToday,",1.1715566713553958,1,1,0
"PCTChangeGT3,_HTGT1.5__LTGT1.5_,,,chisSelldowntrendReversalMayFail,##buyTenDaysLessThanMinusTen,",-4.819585531437932,1,0,1
"PCTChangeGT3,,,,zigZagVolCrossedFromDown,shortUpTrendSellReversal-MonthHigh,(GLOBALFUTUP-UPTRENDMARKET)checkBuyConsolidationBreakUp-week2-highNotReachedWeek3,week2BarHighChangeGT0,weekHighGTweek2High,",-2.984136898967392,1,0,1
"PCTChangeGT5,_HTGT3.0_,,,volBuyContinueLast2DayUp-VolUp,",3.1974693592547156,7,6,1
"PCTChangeGT1,_HTGT3.0_,,,%%HLTF-Last2HighTail:(UPTREND)buy(DOWNTREND)sell:HighUpperTailPre-last2DayUp,##MA-SMA200GT0SMA100GT0,",6.05776710045111,2,1,1
"PCTChangeGT0,PCDayChange-0.5to0.5,_LTGT3.0_,,,%%:checkSell:CupDownDoji,%%HLTF:(GLOBAL-DOWN)sellHighLowerTail-Reversal-LastDayMarketUp,",8.79121362016079,1,1,0
"PCTChangeLT-2,,,,chisSell:Super03-monthLow,volSellContinueLast2DayDown-VolUp,##(Check-chart-sell)Month3Low-Continue(InUpTrend),ReversalLowMonth3,",0.015624364217121267,1,1,0
"PCTChangeGT2,,,,week2BarHighChangeGT0,weekHighGTweek2High,brokenToday,chisBuyYearHigh-3,",3.73235906212075,1,1,0
"PCDCGT0PCTDayChangeLT0,_HTGT1.5__HTGTPCTDayChange_,,,(SMA9GT0),",0.7578800109498232,1,1,0
"PCTChangeGT1,year2High,_HTGT1.5_,,,shortUpTrendSellReversal-MonthHigh,weekBarHighChangeGT0,",-0.8000000000000013,1,0,1
"PCTChangeLT-2,_LTGT1.5_,,,##(Check-chart-sell)Month3Low-Continue(InUpTrend),ReversalLowMonth3,##ML:buyRisingMA-down-Risky,",2.22811509190567,1,1,0
"PCTChangeLT-3,,,,chisDownTrend-Risky-nearHigh,##DOWNTREND:sellYear2HighReversal(InDownTrend),",1.239004289202446,4,3,1
"PCTChangeGT1,,,,$$MaySell-CheckChart(downTrend-mayReverseLast4DaysUp)-Risky,maySellFromBuyPattern-LT-1.8,",-0.042064373309785415,1,0,1
"PCTChangeLT-5,_HTGT3.0__LTGT1.5_,,,chisBuy-smallUptrendContinue,chisDownTrend-Risky-nearHigh,",0.5652187181555707,1,1,0
"PCTChangeGT3,year2High,_HTGT3.0__LTGT1.5_,,,week2BarHighChangeGT0,weekHighGTweek2High,brokenToday,",-1.659395861129306,1,0,1
"PCTChangeGT5,,,,volBuyContinueLast2DayUp-VolUp,(GLOBALFUTUP-UPTRENDMARKET)checkBuyConsolidationBreakUp-week2-highNotReachedWeek3,week2BarHighChangeGT2,brokenToday,",-1.1568984504651643,2,0,2
"PCTChangeLT-5,_HTGT1.5__LTGT3.0__LTGTPCTDayChange_,,,##last2DayLow(LT-3)-M3LGT0,chisBuyDayLowVolLow,",3.1156984439566218,1,1,0
"PCTChangeLT-2,_LTGT1.5_,,,weekBarLowChangeLT-2,##DOWNTREND:sellYear2HighReversal(InDownTrend),##(Check-chart-buy):month3High-InMinus,ReversalHighMonth3,",-1.3275869961442595,1,0,1
"PCTChangeGT2,_LTGT1.5_,,,vol-sell-DownVol-3dayUp-Week2High,",-0.2878674959653893,8,4,4
"PCTChangeLT-3,_HTGT1.5_,,,volSellContinueLast2DayDown-VolUp,chisSellFinalCandidate-4,sellFinal,",4.545454545454549,1,1,0
"PCTChangeLT-1,_LTGT1.5_,,,weekBarLowChangeLT0,##(Check-chart-buy):YearHigh-InMinus,ReversalHighYear,",1.0732396078012332,3,2,1
"PCTChangeGT0.5,_HTGT1.5__HTGTPCTDayChange_,,,(Test)(check-chart-2-3MidCapCross)MaySellCheckChart-Risky,buyYearHigh-0,",0.03245212259324426,3,1,2
"PCTChangeGT2,year2Low,,,,(Test)MaySell-CheckChart(downTrend-lastDayUp),",0.2598463644192943,1,1,0
"PCTChangeGT3,_HTGT1.5_,,,volumeUpsergedLast2n3n4DayDown,##MAPositive_Uptrend(GT4.5),##MA-SMA200GT0SMA100GT0,",4.466668991815475,1,1,0
"PCDCGT0PCTChangeLT-1,_HTGT1.5_,,,%%:checkSell:CupDownDoji,%%:sellDowntrend-lastDayUp-ReversalHighTail,",-3.7845273563842854,1,0,1
"PCTChangeLT-2,,,,weekBarLowChangeLT0,brokenToday,chisDownTrend-Risky-nearHigh,##DOWNTREND:sellYear2HighReversal(InDownTrend),",-0.2910640037254401,1,0,1
"PCTChangeEQ0,PCDayChange-0.5to0.5,_HTGT1.5_,,,%%HLTF-LastDayUp:(DOWNTREND-OR-GLOBALDOWN)MaySellHighTail-LastDayMarketUp,",0.020932691585342365,13,5,7
"PCTChangeLT-0.5,_HTGT1.5__LTGT1.5__HTGTPCTDayChange__LTGTPCTDayChange_,,,##MAPositive_Uptrend(LT-1),##MA-SMA200LT0SMA100LT0,",-1.6806722689075584,1,0,1
"PCTChangeGT1,PCDayChange-0.5to0.5,_HTGT3.0__LTGT3.0_,,,%%HLTF-Last2LowTail:(DOWNTREND)sellHighLowerTailPre-1,",1.165018507548137,1,1,0
"PCTChangeGT0,PCDayChange-0.5to0.5,_HTGT3.0_,,,%%HLTF-Last2HighTail:(UPTREND)buy(DOWNTREND)sell:HighUpperTailPre-last2DayUp,buyYearHigh-0,",-2.502767024303779,1,0,1
"PCTChangeLT-2,,,,checkCupDown,bar_low,VOL:buy-DownVol-3dayDown-Week2High,",0.037396814440135005,1,1,0
"PCTChangeGT5,_HTGT1.5__LTGT1.5_,,,chisBuyUpTrend-nearLow,##last2DayHighGT3-M3HLT0,",-1.1106706326165054,1,0,1
"PCTChangeGT1,,,,volBuyVolumeUpsergedLast2n3DayDown,chisBuyDownTrend-Risky-2,",-0.0613178886666951,2,1,1
"PCTChangeGT2,,,,weekBarHighChangeGT0,brokenToday,buyYearHigh-0,",-0.8617457560562776,8,1,7
"PCTChangeGT8,,,,##(check-chart)sellEMA6>EMA14,##MAPositive_Uptrend(GT4.5),##MA-SMA200LT0SMA100LT0,",0.2515406944297908,1,1,0
"PCTChangeLT-2,_HTGT1.5_,,,chisSellFlag2Week-Risky,checkCupDown-2dayDown,##MANegative_Downtrend_(LT-2),##MA-SMA200LT0SMA100LT0,",-1.0258404566134443,1,0,1
"PCTChangeLT-2,_HTGT1.5__HTGTPCTDayChange_,,,chisBuyMay5DayFloorReversal,%%HLTF-Last2HighTail:(DOWNTREND)sellHighUpperTailPre,",-1.343490983969386,1,0,1
"PCTChangeLT-2,,,,##DOWNTREND:sellMonth6HighReversal(InDownTrend),##(Check-chart-buy):month3High-InMinus,ReversalHighMonth3,",-0.5968729899752157,16,6,10
"PCDCLT0PCTChangeGT0,,,,(GLOBALFUTDOWN-DOWNTRENDMARKET)checkSellConsolidationBreakDown-week2-lowNotReachedWeek3,week2BarLowChangeLT0,weekLowLTweek2Low,",0.47506768395292454,7,4,3
"PCTChangeGT5,,,,VOL:sell-UpVol-3dayUp-Week2High,weekBarHighChangeGT5,",-3.5338621660000604,1,0,1
"PCTChangeGT0,,,,shortUpTrendSellReversal-MonthHigh,chisBuyYearHigh-3,",-1.2527499356112626,1,0,1
"PCTChangeLT-5,,,,##last3DayLow(LT-3)-M3LGT0,",-2.288484873249302,2,0,2
"PCTChangeLT-2,_LTGT1.5_,,,volBuyVolumeUpsergedLast2n3DayUp,",-1.3624368022768576,4,0,4
"PCTChangeGT5,_HTGT1.5_,,,$$MaySell-CheckChart-baseLine(inDownTrend-monthHigh)-PCTDayChangeGT0,volBuyContinueLast2DayUp-VolUp,chisCheckConsolidationBreakoutLT(4.5),weekBarHighChangeGT5,",0.5284274397707813,1,1,0
"PCTChangeGT5,_HTGT1.5_,,,zigZagVolCrossedFromDown,",0.7185182510207535,6,3,3
"PCTChangeLT-2,_LTGT1.5_,,,chisSell:Super03-monthLow,##MA-SMA200LT0SMA100LT0,",0.5200207925794201,1,1,0
"PCTChangeGT5,_HTGT1.5_,,,%%HLTF:maySellTail-tailGT2-7,10thDayGT20,##MA-SMA200GT0SMA100GT0,",-1.5576923076923077,1,0,1
"PCDCLT0PCTChangeGT1,_HTGT3.0__HTGTPCTDayChange_,,,%%HLTF:maySellTail-tailGT2-7,10thDayGT20,",-3.205628166698272,1,0,1
"PCTChangeLT-2,,,,checkCupDown-month3HighLTmonth3Low,bar_low,chisDownTrend-Risky-nearHigh,##DOWNTREND:sellYearHigh(InDownTrend),##(Check-chart-buy):YearHigh-InMinus,NearHighYear,",0.4166627541566401,1,1,0
"PCTChangeGT3,_HTGT1.5_,,,##(Check-chart-sell):month3Low-InPlus,ReversalLowMonth3,(GLOBALFUTUP-UPTRENDMARKET)checkBuyConsolidationBreakUp-week2-highNotReachedWeek3,week2BarHighChangeGT0,##UPTREND:buyMonth3LowReversal(Confirm),",-4.399396242226561,1,0,1
"PCTChangeLT-3,,,,%%:checkSell:Flag2Week,##(Check-chart-sell)Month3Low-Continue(InUpTrend),ReversalLowMonth3,##last2DayLow(LT-3)-M3LGT0,",-1.4185860390896492,1,0,1
"PCTChangeLT-3,_LTGT3.0_,,,volSellContinueLast2DayDown-VolUp,",1.3076635218170538,10,7,3
"PCTChangeLT-2,,,,##sellTenDaysMoreThanTen,",0.14505957966513017,66,41,25
"PCTChangeGT3,year2High,_HTGT3.0_,,,chisCheckConsolidationBreakoutGT(4.5),weekBarHighChangeGT2,",-2.5978915662650595,1,0,1
"PCTChangeGT3,,,,##(Check-chart-sell):month3Low-InPlus,ReversalLowMonth3,chisUpTrend-Risky-nearLow,##UPTREND:buyMonth3LowReversal(Confirm),",-0.2110908565220373,24,9,15
"PCTChangeGT3,,,,volSellVolumeUpsergedLast2n3DayDown,##MAPositive_Uptrend(GT4.5),##MA-SMA200GT0SMA100GT0,##last2DayHighGT3-M3HGT0,",-1.362181139598446,1,0,1
"PCTChangeLT-3,,,,##MANegative_Downtrend_(LT-4.5),##MA-SMA200LT0SMA100LT0,##last2DayLow(LT-3)-M3LGT0,",-1.355872642353313,4,2,2
"PCTChangeLT-1,,,,volSellVolumeUpsergedLast2n3DayUp,(SMA9LT0),",-1.8978387576399347,1,0,1
"PCTChangeGT3,_HTGT3.0__LTGT3.0_,,,##buyTenDaysLessThanMinusTen,",-3.6942662200603724,1,0,1
"PCTChangeLT-2,_HTGT1.5__LTGT1.5__HTGTPCTDayChange__LTGTPCTDayChange_,,,volBuyReversalLast2DayDown-VolUp,##ML:buyRisingMA-down-Risky,",-0.32639672698275907,1,0,1
"PCTChangeLT-2,,,,chisSellDownTrend-nearHigh,##(Check-chart-buy):month3High-InMinus,BreakHighMonth3,",0.6993509967085904,11,7,4
"PCTChangeGT0.5,,,,chisBuyUpTrend-nearLow,chisBuyYearHigh-1,",0.8723400138793296,1,1,0
"PCTChangeLT-5,_HTGT1.5__LTGT1.5__HTGTPCTDayChange__LTGTPCTDayChange_,,,(GLOBALFUTDOWN-DOWNTRENDMARKET)checkSellConsolidationBreakDown-week2-lowNotReachedWeek3,week2BarLowChangeLT0,chisDownTrend-Risky-nearHigh,",1.2791141657120855,1,1,0
"PCTChangeLT-1,_LTGT1.5_,,,%%:checkSell:Super01-monthLow,%%HLTF:(GLOBAL-DOWN)sellHighLowerTail-Reversal-LastDayMarketUp,",-2.598416214984515,2,0,2
"PCTChangeGT1,,,,volSellReversalLast2DayUp-VolDown,(GLOBALFUTUP-UPTRENDMARKET)checkBuyConsolidationBreakUp-week2-highNotReachedWeek3,week2BarHighChangeGT0,brokenToday,",-0.39999624399039935,1,0,1
"PCTChangeGT1,PCDayChange-0.5to0.5,_LTGT1.5_,,,(SMA9GT0),",0.22296646427154543,1,1,0
"PCTChangeGT3,,,,##RisingMA(Test)(check-chart-buy)-2DayUp,##MAPositive_Uptrend(GT1),##MA-SMA200LT0SMA100LT0,",-3.4400035511363636,1,0,1
"PCTChangeGT3,year2High,_HTGT1.5_,,,##last3DayHighGT3-M3HGT0,",-1.92713913615275,2,1,1
"PCTChangeLT-2,,,,##(check-chart)buyEMA6<EMA14,##(Check-chart-buy):month6High-InMinus,ReversalHighMonth6,",-7.77974331345167,1,0,1
"PCTChangeLT-3,,,,##MANegative_Downtrend_(LT-2),##MA-SMA200LT0SMA100LT0,##last2DayLow(LT-3)-M3LGT0,chisBuyDayLowVolLow-03-checkMorningTrend(.5SL)-after10:30,",-2.056906113960776,2,1,1
"PCTChangeGT2,,,,chisBuyYearHigh-3,##(Check-chart)ML:buyMonth3High-Continue,",0.7594952974059076,1,1,0
"PCTChangeLT-5,,,,(GLOBALFUTDOWN-DOWNTRENDMARKET)checkSellConsolidationBreakDown-week2-lowNotReachedWeek3,week2BarLowChangeLT-2,weekLowLTweek2Low,",0.40990955072875773,5,3,2
"PCTChangeLT-3,_LTGT1.5_,,,##DOWNTREND:sellYear2HighReversal(InDownTrend),##(Check-chart-buy):month3High-InMinus,ReversalHighMonth3,",1.4949484491594467,7,5,2
"PCTChangeGT3,_LTGT1.5_,,,$$MaySellContinue-CheckChart(inuptrend-monthlow)-PCTDayChangeGT2,",-2.265817233727668,2,0,2
"PCTChangeGT0.5,,,,##MAPositive_Uptrend(GT1),##MA-SMA200LT0SMA100GT0,",-1.021985182859083,1,0,1
"PCTChangeLT-2,,,,vol-buy-DownVol-3dayDown-Week2Low,(GLOBALFUTDOWN-DOWNTRENDMARKET)checkSellConsolidationBreakDown-week2-lowNotReachedWeek3,week2BarLowChangeLT-2,weekLowLTweek2Low,",-1.2152884001951898,3,1,2
"PCTChangeGT2,_HTGT3.0__HTGTPCTDayChange_,,,##MANegative_Downtrend_(GT1),##MA-SMA200LT0SMA100LT0,",-2.3827213490071792,2,0,2
"PCTChangeGT3,_HTGT1.5__LTGT3.0__LTGTPCTDayChange_,,,%%HLTF:(SGXNIFTYUP)buyHighLowerTail-Continue,##MAPositive_Uptrend(GT2),##MA-SMA200GT0SMA100GT0,",-6.549008705565246,1,0,1
"PCDCLT0PCTChangeGT0,PCDayChange-0.5to0.5,_HTGT1.5_,,,%%HLTF-Last2HighTail:(DOWNTREND)sellHighUpperTailPre-1,",0.3853404732020257,2,2,0
"PCTChangeLT-2,_HTGT1.5__LTGT1.5_,,,weekBarLowChangeLT-2,chisDownTrend-Risky-nearHigh,$$MaySellContinue-CheckChart(inuptrend-monthlow)-highTail,",-2.468396118516978,1,0,1
"PCTChangeGT3,,,,##MAPositive_Uptrend(GT4.5),##MA-SMA200LT0SMA100LT0,",-1.1279525874543996,10,3,7
"PCTChangeLT-2,year2High,,,,checkCupDown-inDownTrend-month3HighLTmonth3Low,bar_low,volBuyReversalLast2DayDown-VolDown,chisSellUpTrend-Risky-2,",-1.0806625565317414,1,0,1
"PCTChangeLT-2,,,,##sellTenDaysMoreThanTen,##DOWNTREND:sellYearHigh(InDownTrend),",-0.941422594142258,1,0,1
"PCTChangeLT-3,year2Low,,,,weekBarLowChangeLT-5,##last2DayLow(LT-3)-M3LLT0,",-6.018520589827521,1,0,1
"PCTChangeGT2,,,,zigZagVolCrossedFromDown,shortUpTrendSellReversal-MonthHigh,",0.06521828120835299,1,1,0
"PCTChangeLT-0.5,_LTGT1.5_,,,%%:checkBuyRevarsalLast3DayDownAtMonth3High,",-0.3470751141088301,1,0,1
"PCTChangeLT-3,,,,volumeUpsergedLast2n3n4DayUp,(GLOBALFUTDOWN-DOWNTRENDMARKET)checkSellConsolidationBreakDown-week2-lowNotReachedWeek3,week2BarLowChangeLT0,##longDownTrend-2-IndexNotDownLastDay(checkBase),",-1.1013839285120124,1,0,1
"PCTChangeLT-1,_HTGT1.5_,,,%%:checkBuyRevarsalLast3DayDownAtMonth3High,##(Check-chart-buy):month3High-InMinus,ReversalHighMonth3,",3.4168941474388164,1,1,0
"PCTChangeLT-1,,,,%%:checkSell:Flag2Week,volSellContinueLast2DayDown-VolUp,",0.32543257362947503,3,3,0
"PCTChangeLT-8,_HTGT1.5__LTGT1.5_,,,(GLOBAL-DOWN)maySellContinueHighVolatileLastDayDOWN-month3LowGT0-(LT-8),volSellContinueLast2DayDown-VolUp,chisDownTrend-Risky-nearHigh,",8.827085852478843,1,1,0
"PCTChangeLT-5,,,,chisSellFlagWeek-Risky,volSellContinueLast2DayDown-VolUp,",-4.128294776745347,1,0,1
"PCTChangeLT-2,_HTGT3.0_,,,chisDownTrend-Risky-nearHigh,",1.8517374713397217,3,3,0
"PCTChangeGT5,,,,chisSellYear2LowLT-40-last4DayDown(triggerAfter-9:15),chisBuyDownTrend-Risky-2,",-0.13060646745477927,1,0,1
"PCTChangeGT1,_HTGT3.0__LTGT3.0__HTGTPCTDayChange__LTGTPCTDayChange_,,,##MAPositive_Uptrend(GT2),##MA-SMA200GT0SMA100GT0,",2.841263914102921,1,1,0
"PCTChangeLT-2,year2High,_HTGT1.5__LTGT1.5_,,,(GLOBALFUTDOWN-DOWNTRENDMARKET)checkSellConsolidationBreakDown-week2-lowNotReachedWeek3,week2BarLowChangeLT0,weekLowLTweek2Low,",-2.0070158305920964,1,0,1
"PCTChangeGT3,_HTGT1.5__LTGT3.0__LTGTPCTDayChange_,,,zigZagVolCrossedFromDown,",0.38531881064569706,2,1,1
"PCDCLT0PCTChangeGT1,_HTGT3.0__LTGT3.0__HTGTPCTDayChange__LTGTPCTDayChange_,,,##MA-SMA200LT0SMA100LT0,",10.679190660167787,2,2,0
"PCTChangeGT3,_HTGT3.0__HTGTPCTDayChange_,,,%%HLTF-Last2HighTail:(UPTREND)buy(DOWNTREND)sell:HighUpperTailPre-last2DayUp,volSellReversalLast2DayUp-VolDown,chisCheckConsolidationBreakoutLT(4.5),(GLOBALFUTUP-UPTRENDMARKET)checkBuyConsolidationBreakUp-week2-highNotReachedWeek3,week2BarHighChangeGT0,",-1.579900614994857,1,0,1
"PCTChangeGT1,,,,##buyRisingMAuptrend-(Risky),",-0.30269434186205224,2,0,2
"PCTChangeGT5,_LTGT1.5_,,,weekBarHighChangeGT2,brokenToday,##MAPositive_Uptrend(GT2),##MA-SMA200LT0SMA100GT0,",-5.018820769337836,1,0,1
"PCDCLT0PCTChangeGT0,_HTGT1.5__LTGT3.0__HTGTPCTDayChange__LTGTPCTDayChange_,,,%%HLTF-Last2DayMarketUp:(GLOBAL-DOWN)sellHighLowerTail-Reversal-LastDayMarketUp,##MA-SMA200LT0SMA100GT0,",-3.238052790368494,1,0,1
"PCTChangeLT-5,,,,(GLOBALFUTDOWN-DOWNTRENDMARKET)checkSellConsolidationBreakDown-week2-lowNotReachedWeek3,week2BarLowChangeLT0,##DOWNTREND:sellYear2HighReversal(InDownTrend),##last3DayLow(LT-3)-M3LGT0,volBuyRevarsalVolCrossed,",-5.402123580459182,1,0,1
"PCTChangeLT-2,_HTGT1.5_,,,(GLOBALFUTDOWN-DOWNTRENDMARKET)checkSellConsolidationBreakDown-week2-lowNotReachedWeek3,week2BarLowChangeLT0,weekLowLTweek2Low,chisDownTrend-Risky-nearHigh,##DOWNTREND:sellYear2HighReversal(InDownTrend),##(Check-chart-buy):month3High-InMinus,ReversalHighMonth3,",0.2002259794269512,1,1,0
"PCTChangeLT-1,,,,volSellContinueLast2DayDown-VolUp,weekBarLowChangeLT0,",1.2042062118830597,6,5,1
"PCTChangeLT-3,,,,volBuyReversalLast2DayDown-VolDown,(GLOBALFUTDOWN-DOWNTRENDMARKET)checkSellConsolidationBreakDown-week2-lowNotReachedWeek3,week2BarLowChangeLT-2,##DOWNTREND:sellMonth3HighReversal(InDownTrend),volBuyRevarsalVolCrossed,##(Check-chart-buy):month3High-InMinus,ReversalHighMonth3,",-2.1932033545504255,1,0,1
"PCDCGT0PCTDayChangeLT0,year2High,_HTGT1.5_,,,buyPattern-GT1.5-SMAGT0,(SMA9GT0),",0.0150929321033688,1,1,0
"PCTChangeGT5,_LTGT3.0_,,,##UPTREND:buyMonth3Low,",-6.551099382557118,1,0,1
"PCTChangeGT2,,,,volBuyContinueLast2DayUp-VolUp,chisCheckConsolidationBreakoutLT(4.5),(GLOBALFUTUP-UPTRENDMARKET)checkBuyConsolidationBreakUp-week2-highNotReachedWeek3,week2BarHighChangeGT0,",2.3501562528992754,1,1,0
"PCTChangeLT-2,_HTGT3.0_,,,(GLOBALFUTDOWN-DOWNTRENDMARKET)checkSellConsolidationBreakDown-week2-lowNotReachedWeek3,week2BarLowChangeLT0,##DOWNTREND:sellMonth6HighReversal(InDownTrend),##(Check-chart-buy):month6High-InMinus,ReversalHighMonth6,",1.7941176470588234,1,1,0
"PCTChangeLT-3,_LTGT1.5_,,,vol-buy-DownVol-3dayDown-Week2Low,weekBarLowChangeLT-2,##MANegative_Downtrend_(LT-2),##MA-SMA200LT0SMA100LT0,",5.772138323102674,1,1,0
"PCTChangeGT5,year2High,_HTGT3.0_,,,volBuyContinueLast2DayUp-VolUp,##last2DayHighGT3-M3HGT0,",-3.2712029776138642,1,0,1
"PCTChangeLT-5,_LTGT1.5_,,,vol-buy-DownVol-3dayDown-Week2Low,##last2DayLow(LT-3)-M3LGT0,chisBuyDayLowVolLow,",3.9434008328419887,1,1,0
"PCTChangeLT-2,,,,checkCupDown-3dayDown-mayReversalBuy,##DOWNTREND:sellYear2HighReversal(InDownTrend),##(Check-chart-buy):month3High-InMinus,ReversalHighMonth3,",-0.8868354754924369,4,1,3
"PCTChangeGT3,_HTGT1.5__LTGT3.0__LTGTPCTDayChange_,,,%%HLTF:(GLOBAL-DOWN)sellHighLowerTail-Reversal-LastDayMarketUp,",-2.1867895452199644,1,0,1
"PCTChangeGT5,_HTGT1.5_,,,weekBarHighChangeGT2,",-2.312304617645623,2,0,2
"PCTChangeLT-2,,,,volSellContinueLast2DayDown-VolUp,chisDownTrend-Risky-nearHigh,##(Check-chart-buy):YearHigh-InMinus,ReversalHighYear,",-0.24816530543120263,2,0,2
"PCTChangeGT1,,,,shortUpTrendSellReversal-MonthHigh,chisBuyYearHigh-3,",0.33333333333334203,1,1,0
"PCTChangeGT0.5,_HTGT1.5__HTGTPCTDayChange_,,,volSellReversalLast2DayUp-VolDown,chisCheckConsolidationBreakoutLT(4.5),(GLOBALFUTUP-UPTRENDMARKET)checkBuyConsolidationBreakUp-week2-highNotReachedWeek3,week2BarHighChangeGT0,weekHighGTweek2High,",-0.09724077567867212,1,0,1
"PCDCGT0PCTDayChangeLT0,PCDayChange-0.5to0.5,,,,chisSellSuper-Risky,-+,",0.9702715474213897,4,3,1
"PCTChangeLT-3,_LTGT1.5_,,,(GLOBALFUTDOWN-DOWNTRENDMARKET)checkSellConsolidationBreakDown-week2-lowNotReachedWeek3,week2BarLowChangeLT-2,",-1.2071809648571286,8,3,5
"PCTChangeLT-1,_HTGT1.5_,,,checkCupDown-2dayDown-mayReversalBuy,chisDownTrend-Risky-nearHigh,",4.926333077309421,1,1,0
"PCTChangeLT-3,,,,chisRSISellCandidate(yearLow)-lessThanMinus5,##MANegative_Downtrend_(LT-4.5),##MA-SMA200LT0SMA100LT0,##last2DayLow(LT-3)-M3LLT0,",-5.933100740674508,1,0,1
"PCTChangeLT-1,,,,checkCupDown-inDownTrend-month3HighLTmonth3Low,bar_low,chisSellUpTrend-Risky-2,##(Check-chart-buy):YearHigh-InMinus,NearHighYear,",-1.3475206163194346,1,0,1
"PCDCLT0PCTChangeGT1,PCDayChange-0.5to0.5,_LTGT3.0_,,,##MA-SMA200LT0SMA100LT0,",4.7755105154854895,1,1,0
"PCDCGT0PCTChangeLT-1,_HTGT3.0__LTGT1.5_,,,%%HLTF-Last2HighTail:(UPTREND)buy(DOWNTREND)sell:HighUpperTailPre-last2DayUp,##MA-SMA200GT0SMA100GT0,",-2.7289210966709243,1,0,1
"PCTChangeLT-2,,,,zigZagVolCrossedFromUp,##(Check-chart-buy):month3High-InMinus,ReversalHighMonth3,",-0.005798019298725587,2,1,1
"PCTChangeGT2,_LTGT1.5_,,,volSellVolumeUpsergedLast2n3DayDown,(GLOBALFUTUP-UPTRENDMARKET)checkBuyConsolidationBreakUp-week2-highNotReachedWeek3,week2BarHighChangeGT0,",-1.540535372242178,1,0,1
"PCTChangeGT3,,,,VOL:buy(GLOBALFUTDOWN-GLOBALMARKETDOWN)Sell-UpVol-3dayUp-Week2Low,BuyYearLow,",0.5461496267971994,1,1,0
"PCTChangeLT-3,_LTGT3.0_,,,##MANegative_Downtrend_(LT-4.5),##MA-SMA200GT0SMA100LT0,##last2DayLow(LT-3)-M3LLT0,",-2.1649125781006395,2,1,1
"PCTChangeGT3,year2Low,_HTGT3.0__HTGTPCTDayChange_,,,checkBuyConsolidationBreakout-allPreLT0,",-5.747970990134432,1,0,1
"PCTChangeGT2,_LTGT1.5_,,,##MA-SMA200LT0SMA100GT0,",-0.2442190763576435,1,0,1
"PCTChangeGT0.5,PCDayChange-0.5to0.5,_LTGT3.0_,,,##MANegative_Downtrend_(GT0),##MA-SMA200LT0SMA100LT0,buyMorningStar-(checkChart),",4.240066976333117,1,1,0
"PCDCLT0PCTChangeGT0,PCDayChange-0.5to0.5,_LTGT1.5_,,,%%:checkBuyContinue:CupDownDoji,",2.761051263121762,1,1,0
"PCTChangeGT3,,,,chisCheckConsolidationBreakoutLT(4.5),weekBarHighChangeGT2,chisBuy-2week-breakoutup(check-chart)(|-|-| or --|),",1.9779863384963428,3,3,0
"PCTChangeLT-3,,,,chisSellFlag2Week-Risky,##ML:buyRisingMA-down-Risky,",0.3023385391214879,1,1,0
"PCTChangeLT-0.5,,,,chisDownTrend-Risky-nearHigh,##(check-chart)maySell-EMA6-MT-May-LT-EMA14,",-0.21176326976102564,1,0,1
"PCTChangeGT2,,,,weekBarHighChangeGT0,brokenToday,",0.14962681799321606,183,91,91
"PCTChangeLT-2,,,,(GLOBALFUTDOWN-DOWNTRENDMARKET)checkSellConsolidationBreakDown-week2,weekBarLowChangeLT-2,##DOWNTREND:sellMonth3LowBreak,",-2.2812219900058412,2,1,1
"PCTChangeGT3,,,,chisCheckConsolidationBreakoutLT(4.5),(GLOBALFUTUP-UPTRENDMARKET)checkBuyConsolidationBreakUp-week2-highNotReachedWeek3,week2BarHighChangeGT2,chisSell-2week-breakoutup,BuyYearLow,##UPTREND:buyYear2LowReversal(Confirm),",-0.008878826459821264,1,0,1
"PCTChangeGT3,,,,(GLOBALFUTUP-UPTRENDMARKET)checkBuyConsolidationBreakUp-week2-highNotReachedWeek3,week2BarHighChangeGT2,brokenToday,##UPTREND:buyYear2LowReversal(Confirm),",-0.925723959734922,1,0,1
"PCDCLT0PCTChangeGT0,,,,##MANegative_Downtrend_(LT0),##MA-SMA200LT0SMA100LT0,",-3.6903994320011555,2,0,2
"PCTChangeLT-2,_HTGT1.5__LTGT3.0__LTGTPCTDayChange_,,,##MANegative_Downtrend_(LT-2),##MA-SMA200GT0SMA100GT0,##DOWNTREND:sellMonth3LowBreak,",-0.10486577449684475,1,0,1
"PCTChangeGT1,_HTGT1.5_,,,volumeUpsergedLast2n3n4DayDown,volBuyContinueLast2DayUp-VolUp,",-0.9026393764960352,2,1,1
"PCTChangeGT5,_HTGT1.5_,,,%%HLTF-Last2HighTail:(UPTREND)buy(DOWNTREND)sell:HighUpperTailPre-last2DayUp,volBuyContinueLast2DayUp-VolUp,##MAPositive_Uptrend(GT4.5),##MA-SMA200GT0SMA100GT0,##last2DayHighGT3-M3HGT0,",4.415098946049527,1,1,0
"PCTChangeLT-5,_HTGT1.5__LTGT3.0__LTGTPCTDayChange_,,,volBuyReversalLast2DayDown-VolUp,##MANegative_Downtrend_(LT-4.5),##MA-SMA200GT0SMA100LT0,##last2DayLow(LT-3)-M3LLT0,",-12.60923845193507,1,0,1
"PCTChangeLT-3,,,,%%:checkSell:Super01-monthLow,volSellContinueLast2DayDown-VolUp,",-1.634614080445374,1,0,1
"PCTChangeLT-2,_HTGT1.5_,,,%%:checkSell:ConsolidationBreakDown(NotShapeA)-2week,checkSellConsolidationBreakDown-2week,week2BarLowChangeLT-2,weekLowLTweek2Low,",-0.009466043067061669,2,1,1
"PCTDayChangeLT0,PCDayChange-0.5to0.5,_HTGT1.5__LTGT1.5_,,,##sellSMA25GT10,##buyYear2LowMovingSMA,",-7.90403732145676,1,0,1
"PCTChangeGT2,,,,chisSellFinalContinue-(lastDayDown)-1,buyFinal,chisBuyDownTrend-Risky-1,",0.01339503696987228,1,1,0
"PCTChangeLT-5,_HTGT1.5_,,,##buyRisingMA-1,",1.4705882352941202,1,1,0
"PCDCLT0PCTChangeGT0,_HTGT1.5__HTGTPCTDayChange_,,,chisSell-smallUptrendReversal,",-1.8841300612008398,3,1,2
"PCTChangeGT5,,,,chisBuyDayHighVolLow-0,##UPTREND:buyMonth3LowReversal(Confirm),",-3.897737524627044,1,0,1
"PCTChangeLT-1,,,,%%HLTF-Last2DayMarketDown:(GLOBAL-UP)buyHighUpperTailPre1-Reversal-LastDayMarketDown,chisDownTrend-Risky-nearHigh,##(Check-chart-buy):YearHigh-InMinus,ReversalHighYear,",-1.7250657402922844,1,0,1
"PCTChangeGT2,_HTGT3.0__HTGTPCTDayChange_,,,weekBarHighChangeGT2,",2.2435947917752257,3,3,0
"PCTChangeGT1,_HTGT1.5__HTGTPCTDayChange__LTGTPCTDayChange_,,,%%HLTF-Last2HighTail:(UPTREND)buy(DOWNTREND)sell:HighUpperTailPre-last2DayUp,chisBuyUpTrend-nearLow,",-1.5666671663697156,1,0,1
"PCTChangeLT-3,,,,volSellVolumeUpsergedLast2n3DayUp,chisDownTrend-Risky-nearHigh,",-0.08238739108881271,2,0,2
"PCTChangeLT-2,_LTGT1.5_,,,##(check-chart)buyEMA6<EMA14,zigZagVolCrossedFromUp,",0.4015498900540116,1,1,0
"PCTChangeGT2,_HTGT1.5_,,,chisCheckConsolidationBreakoutLT(4.5),checkBuyConsolidationBreakUp-2week,week2BarHighChangeGT0,",1.9568050673925024,1,1,0
"PCTDayChangeLT0,_LTGT1.5_,,,%%HLTF:(GLOBAL-DOWN)sellHighLowerTail-Reversal-LastDayMarketUp,",-0.03578903660290696,10,5,5
"PCTChangeGT1,year2Low,,,,chisBuyDownTrend-lowTail,",-5.808381406133047,1,0,1
"PCTChangeLT-12,year2Low,_HTGT1.5_,,,chisRSISellCandidate(yearLow)-lessThanMinus5,##last2DayLow(LT-3)-M3LLT0,",10.942760661661138,1,1,0
"PCTChangeGT0.5,,,,shortUpTrendSellReversal-MonthHigh-Doji-Last2DayGTToday,",4.550193635542495,1,1,0
"PCTChangeGT3,year2High,,,,buyPatternsML,",3.9455803073182345,1,1,0
"PCTChangeGT8,_HTGT3.0_,,,volumeUpsergedLast2n3n4DayDown,volBuyContinueLast2DayUp-VolUp,##MAPositive_Uptrend(GT4.5),##MA-SMA200LT0SMA100GT0,",-3.170110374570287,2,0,2
"PCTChangeLT-0.5,year2High,_LTGT1.5_,,,volSellContinueLast2DayDown-VolUp,",-1.8262229422264753,1,0,1
"PCTChangeLT-2,,,,chisSellDownTrend-nearHigh,zigZagVolCrossedFromUp,",0.6665064234420761,2,1,1
"PCTChangeLT-2,,,,volSellContinueLast2DayDown-VolUp,chisDownTrend-Risky-nearHigh,##(Check-chart-buy):YearHigh-InMinus,NearHighYear,",-1.2283812771966804,2,1,1
"PCTChangeLT-3,,,,(GLOBALFUTDOWN-DOWNTRENDMARKET)checkSellConsolidationBreakDown-week2-lowNotReachedWeek3,week2BarLowChangeLT0,chisDownTrend-Risky-nearHigh,",-0.8195310814534935,13,3,10
"PCTChangeGT3,,,,chisCheckConsolidationBreakoutLT(4.5),(GLOBALFUTUP-UPTRENDMARKET)checkBuyConsolidationBreakUp-week2-highNotReachedWeek3,week2BarHighChangeGT0,brokenToday,BuyYearLow,##UPTREND:buyYearLowReversal(Confirm),",-0.7191697751589515,1,0,1
"PCTChangeGT3,year2High,,,,zigZagVolCrossedFromDown,shortUpTrendSellReversal-MonthHigh,",0.8155985081449527,1,1,0
"PCTChangeGT5,_HTGT1.5__LTGT3.0__LTGTPCTDayChange_,,,##MAPositive_Uptrend(GT2),##MA-SMA200GT0SMA100GT0,##lastDayHighGT5TodayGT1,",-3.136360862038353,1,0,1
"PCTChangeGT0,_HTGT1.5_,,,chisSellEveningStar-2(Check2-3MidCapCross),chisBuyYearHigh-1,",4.302650019078262,1,1,0
"PCTChangeLT-2,_LTGT3.0_,,,##MANegative_Downtrend_(LT-2),##MA-SMA200LT0SMA100LT0,##DOWNTREND:sellMonth6LowBreak,buyMorningStar-HighLowerTail,",0.9888036927180531,1,1,0
"PCTChangeLT-0.5,year2High,_HTGT1.5_,,,%%HLTF-Last2HighTail:(DOWNTREND)sellHighUpperTailPre,",1.0070358108298885,7,2,5
"PCTChangeGT1,_HTGT1.5_,,,##MAPositive_Uptrend(GT2),##MA-SMA200GT0SMA100GT0,",-0.30969376056953113,3,1,2
"PCTChangeLT-2,year2Low,,,,volBuyVolumeUpsergedLast2n3DayUp,(GLOBALFUTDOWN-DOWNTRENDMARKET)checkSellConsolidationBreakDown-week2,weekBarLowChangeLT-2,brokenToday,",2.347902691864822,1,1,0
"PCTChangeLT-3,_LTGT1.5_,,,%%HLTF:(GLOBAL-DOWN)sellHighLowerTail-Reversal-LastDayMarketUp,volSellVolumeUpsergedLast2n3DayUp,VOL:sell(GLOBALFUTUP-GLOBALMARKETUP)Buy-UpVol-3dayDown-Week2High,##(Check-chart-buy):month3High-InMinus,NearHighMonth3,",-2.3114714075307417,1,0,1
"PCTChangeGT1,_HTGT1.5__LTGT1.5__HTGTPCTDayChange__LTGTPCTDayChange_,,,week2BarHighChangeGT2,weekHighGTweek2High,",-2.050477950268142,1,0,1
"PCTChangeGT5,year2High,_LTGT1.5_,,,week2BarHighChangeGT0,weekHighGTweek2High,brokenToday,",3.9384610092531984,1,1,0
"PCTChangeLT-2,,,,checkCupDown-month3HighLTmonth3Low,bar_low,chisDownTrend-Risky-nearHigh,",1.858970446464339,1,1,0
"PCTChangeGT3,_LTGT1.5_,,,##(Check-chart-sell):month3Low-InPlus,ReversalLowMonth3,(GLOBALFUTUP-UPTRENDMARKET)checkBuyConsolidationBreakUp-week2-highNotReachedWeek3,week2BarHighChangeGT0,brokenToday,chisSell-2week-breakoutup,",-4.415586397245335,1,0,1
"PCTChangeGT3,year2High,,,,weekBarHighChangeGT0,brokenToday,",0.7710018124124866,24,14,10
"PCTChangeLT-3,year2High,_LTGT1.5_,,,##last2DayLow(LT-3)-M3LGT0,volBuyRevarsalVolCrossed,chisSellDayLowVolLow-03-checkMorningTrend(.5SL),",1.1832319622844838,1,1,0
"PCTChangeLT-0.5,PCDayChange-0.5to0.5,_HTGT3.0__LTGT1.5_,,,##MANegative_Downtrend_(LT0),##MA-SMA200LT0SMA100LT0,",-3.5272771661931914,1,0,1
"PCDCLT0PCTChangeGT1,_HTGT1.5_,,,##MA-SMA200LT0SMA100LT0,",7.271357995582349,1,1,0
"PCTChangeGT1,_HTGT1.5_,,,%%HLTF-Last2HighTail:(DOWNTREND)sellHighUpperTailPre-1,",-1.011807946411141,1,0,1
"PCTChangeLT-2,,,,%%:checkSell:ConsolidationBreakDown(NotShapeA)-2week,checkSellConsolidationBreakDown-2week,week2BarLowChangeLT0,brokenToday,chisDownTrend-Risky-nearHigh,##(Check-chart-buy):YearHigh-InMinus,ReversalHighYear,",-13.699998121995192,1,0,1
"PCDCLT0PCTChangeGT1,PCDayChange-0.5to0.5,_LTGT3.0_,,,%%:checkBuyContinue:CupDownDoji,",2.670296401353883,1,1,0
"PCTChangeGT2,,,,##RisingMA(Test)(check-chart-buy)-1DayUp,##UPTREND:buyYearLow,",-3.7423350328316674,1,0,1
"PCDCGT0PCTChangeLT-1,PCDayChange-0.5to0.5,year2Low,_LTGT1.5_,,,buyMorningStar-(checkChart),",-2.456141540646332,1,0,1
"PCTChangeGT2,_HTGT1.5__LTGT1.5__HTGTPCTDayChange__LTGTPCTDayChange_,,,##MAPositive_Uptrend(GT1),##MA-SMA200GT0SMA100GT0,",-1.0355295868694485,1,0,1
"PCTChangeLT-5,year2High,,,,volumeUpsergedLast2n3n4DayUp,",-4.773906750362787,2,0,2
"PCTChangeGT0.5,,,,chisCheckConsolidationBreakoutLT(4.5),weekBarHighChangeGT0,",3.6395075510287964,1,1,0
"PCTChangeGT5,_LTGT1.5_,,,%%HLTF-Risky:(GLOBAL-DOWN)sellHighLowerTail-Reversal-LastDayMarketUp,##MAPositive_Uptrend(GT4.5),##MA-SMA200GT0SMA100GT0,",5.788164036274224,2,2,0
"PCTChangeGT3,,,,volSellReversalLast2DayUp-VolDown,##UPTREND:buyMonth3LowReversal(Confirm),",1.356589147286814,1,1,0
"PCTChangeLT-2,,,,chisDownTrend-Risky-nearHigh,##DOWNTREND:sellYearHigh(InDownTrend),##(Check-chart-buy):YearHigh-InMinus,NearHighYear,",-0.6919273791981247,1,0,1
"PCDCLT0PCTChangeGT1,_HTGT1.5__HTGTPCTDayChange_,,,chisSell-smallUptrendReversal,",0.14613375119928151,1,1,0
"PCTChangeGT5,_HTGT3.0__LTGT1.5__HTGTPCTDayChange_,,,volumeUpsergedLast2n3n4DayDown,volBuyContinueLast2DayUp-VolUp,",-2.652101386443117,1,0,1
"PCTChangeLT-3,_LTGT1.5_,,,chisDownTrend-Risky-nearHigh,zigZagVolCrossedFromUp,",2.423556393934088,1,1,0
"PCTChangeLT-2,_HTGT1.5_,,,##buyRisingMA-1,##MAPositive_Uptrend(LT-1),##MA-SMA200LT0SMA100LT0,",1.7648587562584706,1,1,0
"PCTChangeLT-2,,,,(GLOBALFUTDOWN-DOWNTRENDMARKET)checkSellConsolidationBreakDown-week2-lowNotReachedWeek3,week2BarLowChangeLT-2,weekLowLTweek2Low,##DOWNTREND:sellYear2HighReversal(InDownTrend),##(Check-chart-buy):month3High-InMinus,ReversalHighMonth3,##(check-chart)maySell-EMA6-MT-May-LT-EMA14,",0.7044614492439839,3,2,1
"PCTChangeGT3,year2Low,_HTGT1.5_,,,volBuyContinueLast2DayUp-VolUp,",0.23872384076001396,2,1,1
"PCTChangeLT-2,PCDayChange-0.5to0.5,_HTGT1.5__LTGT1.5_,,,chisSellSuper-Risky,--,##MA-SMA200GT0SMA100LT0,",-7.774070183816578,1,0,1
"PCTChangeLT-2,,,,(GLOBALFUTDOWN-DOWNTRENDMARKET)checkSellConsolidationBreakDown-week2-lowNotReachedWeek3,week2BarLowChangeLT-2,chisDownTrend-Risky-nearHigh,##DOWNTREND:sellYear2HighReversal(InDownTrend),##(Check-chart-buy):month3High-InMinus,ReversalHighMonth3,##(check-chart)maySell-EMA6-MT-May-LT-EMA14,",1.1054612667624446,1,1,0
"PCTChangeLT-2,_LTGT1.5_,,,##sellTenDaysMoreThanTen,",-1.071773122500809,3,1,2
"PCDCLT0PCTChangeGT0,PCDayChange-0.5to0.5,_HTGT1.5_,,,%%:checkSell:CupDownDoji-last2lastDayLT0orTodayGT0,%%HLTF-Last2HighTail:(DOWNTREND)sell(UPTREND)buy:HighUpperTailPre,%%HLTF-LastDayUp:(DOWNTREND-OR-GLOBALDOWN)MaySellHighTail-LastDayMarketUp,",-5.411810316205014,1,0,1
"PCTChangeGT5,_LTGT3.0_,,,%%HLTF:(GLOBAL-DOWN)sellHighLowerTail-Reversal-LastDayMarketUp,##MAPositive_Uptrend(GT4.5),##MA-SMA200GT0SMA100GT0,",1.465857283237198,2,2,0
"PCTChangeGT8,_HTGT3.0_,,,##MAPositive_Uptrend(GT2),##MA-SMA200LT0SMA100GT0,",-2.2786925268954907,1,0,1
"PCTChangeGT1,,,,weekBarHighChangeGT0,buyYearHigh-0,",-0.26310830704722604,3,1,2
"PCTChangeLT-0.5,_LTGT3.0_,,,volBuyReversalLast2DayDown-VolUp,weekBarLowChangeLT0,chisDownTrend-Risky-nearHigh,",1.4578407493195589,1,1,0
"PCTChangeGT1,PCDayChange-0.5to0.5,_HTGT1.5_,,,$$MaySell-CheckChart-baseLine(inDownTrend-monthHigh)-PCTDayChangeGT0,",-0.08116575193871733,2,1,1
"PCTChangeGT2,_HTGT1.5__HTGTPCTDayChange_,,,%%HLTF:(DOWNTREND-OR-GLOBALDOWN)maySellTail-tailGT2-2,3,4thDayGT0,(Test)MaySell-CheckChart(downTrend-lastDayUp),chisBuyUpTrend-1,",0.4180215371621537,1,1,0
"PCTChangeLT-5,year2Low,,,,volSellContinueLast2DayDown-VolUp,##last2DayLow(LT-3)-M3LLT0,",2.6932814141281325,1,1,0
"PCTChangeLT-1,_LTGT3.0_,,,shortDownTrendSellContinue-Doji-Last2DayLTToday,$$MayBuy-CheckChart(downTrend-mayReverseLast4DaysDown)-Risky,",1.5763209909195337,1,1,0
"PCTChangeGT2,_HTGT1.5_,,,chisCheckConsolidationBreakoutLT(4.5),(SMA9GT0),",1.271183187336311,1,1,0
"PCTChangeLT-0.5,_HTGT3.0__LTGT1.5_,,,%%:sellDowntrend-lastDayDown-ReversalHighTail,",-1.9585594136447129,1,0,1
"PCTChangeLT-2,,,,(GLOBALFUTDOWN-DOWNTRENDMARKET)checkSellConsolidationBreakDown-week2,weekBarLowChangeLT-2,(SMA9LT0),",-1.7049666419570046,1,0,1
"PCTChangeLT-0.5,_LTGT1.5_,,,chisSellDownTrend-nearHigh,(Test)(check-chart-2-3MidCapCross)MayBuyCheckChart-Risky,",-2.3804626775523454,2,0,2
"PCTChangeGT2,,,,zigZagVolCrossedFromDown,(GLOBALFUTUP-UPTRENDMARKET)checkBuyConsolidationBreakUp-week2-highNotReachedWeek3,week2BarHighChangeGT0,##(check-chart)sellEMA6>EMA14,",6.858075188890686,1,1,0
"PCTChangeGT8,_HTGT1.5__LTGT3.0__HTGTPCTDayChange__LTGTPCTDayChange_,,,##lastDayHighGT5TodayGT1,",-2.870264114577213,1,0,1
"PCTChangeGT3,_LTGT1.5_,,,%%HLTF:(SGXNIFTYUP)buyHighLowerTail-Continue,(GLOBALFUTUP-UPTRENDMARKET)checkBuyConsolidationBreakUp-week2-highNotReachedWeek3,week2BarHighChangeGT0,##lastDayHighGT5TodayGT1,",-4.570789981728585,1,0,1
"PCTChangeGT0,PCDayChange-0.5to0.5,,,,chisSellDowningMA-(check5MinuteDownTrendAndSellDowntrend),MaySellCheckChart-(|_|`|),",-1.094523314417496,1,0,1
"PCDCGT0PCTChangeLT-5,PCDayChange-0.5to0.5,_HTGT3.0_,,,##ML:sellRisingMA-down-(Risky),",1.2106686072339814,1,1,0
"PCTChangeLT-5,_LTGT1.5_,,,vol-buy-DownVol-3dayDown-Week2Low,chisSellDayLowVolLow-0,",5.68325973953383,1,1,0
"PCTChangeGT3,_HTGT3.0_,,,checkBuyConsolidationBreakout-allPreLT0,",1.0465116279069846,1,1,0
"PCTChangeLT-3,,,,chisSellFlagWeek-Risky,checkCupDown-inDownTrend-month3HighLTmonth3Low,bar_low,%%HLTF-Last2DayMarketDown:(GLOBAL-UP)buyHighUpperTailPre1-Reversal-LastDayMarketDown,volBuyReversalLast2DayDown-VolDown,##sellTenDaysMoreThanTen,",4.589369636311306,1,1,0
"PCTChangeGT1,,,,chisUpTrend-Risky-nearLow,week2BarHighChangeGT2,weekHighGTweek2High,##UPTREND:buyMonth3LowReversal(Confirm),",4.092146837670651,1,1,0
"PCTChangeLT-3,_HTGT1.5__LTGT1.5_,,,%%HLTF:(UPTREND-MorningTrend-UP)mayBuyTail-highTailGT2-7,10thDayGT10-Last2DayStockDown,",1.8292682926829267,1,1,0
"PCTChangeLT-0.5,_LTGT1.5_,,,brokenToday,chisDownTrend-Risky-nearHigh,$$MayBuy-CheckChart-baseLine(inuptrend-monthlow)-PCTDayChangeLT0,",3.948415141961522,1,1,0
"PCTChangeLT-3,_LTGT1.5_,,,volBuyVolumeUpsergedLast2n3DayUp,weekBarLowChangeLT0,brokenToday,",-0.7838338290904455,1,0,1
"PCTChangeGT3,_LTGT1.5_,,,(GLOBALFUTUP-UPTRENDMARKET)checkBuyConsolidationBreakUp-week2-highNotReachedWeek3,week2BarHighChangeGT2,brokenToday,",1.4716958099941038,1,1,0
"PCTChangeLT-5,_HTGT1.5_,,,##MANegative_Downtrend_(LT-4.5),##MA-SMA200GT0SMA100GT0,",6.235154573788034,2,1,1
"PCTChangeGT0.5,_LTGT3.0_,,,volSellReversalLast2DayUp-VolDown,",2.6239067055393703,1,1,0
"PCTChangeGT0.5,PCDayChange-0.5to0.5,_HTGT1.5__LTGT1.5_,,,chisSellSuper-Risky,-+,",0.20990923296109631,2,1,1
"PCTChangeGT5,_HTGT3.0__LTGT3.0__HTGTPCTDayChange__LTGTPCTDayChange_,,,##MAPositive_Uptrend(GT1),##MA-SMA200GT0SMA100GT0,",-1.3704331436609227,1,0,1
"PCTChangeGT3,,,,(GLOBALFUTUP-UPTRENDMARKET)checkBuyConsolidationBreakUp-week2-highNotReachedWeek3,week2BarHighChangeGT0,weekHighGTweek2High,brokenToday,##(check-chart)mayBuy-EMA6-LT-May-MT-EMA14,",-0.737966507234693,1,0,1
"PCTChangeGT12,_LTGT1.5_,,,##MAPositive_Uptrend(GT4.5),##MA-SMA200LT0SMA100LT0,",0.7236882259971217,1,1,0
"PCDCGT0PCTChangeLT-1,_HTGT1.5_,,,buyYearHigh-0,",-1.2491664132903704,1,0,1
"PCTDayChangeLT0,_LTGT3.0_,,,shortDownTrendSellContinue-Doji-Last2DayLTToday,",2.0559002858260516,3,2,1
"PCTChangeGT0.5,,,,##(check-chart)sellEMA6>EMA14,",0.04841108593208656,1,1,0
"PCTChangeGT3,,,,chisBuyUpTrend-1-YearHigh,weekBarHighChangeGT2,brokenToday,",3.2097151706310476,3,2,1
"PCTChangeLT-8,,,,volumeUpsergedLast2n3n4DayUp,volSellContinueLast2DayDown-VolUp,chisDownTrend-Risky-nearHigh,",-3.9040200349203276,1,0,1
"PCTDayChangeLT0,_HTGT1.5__HTGTPCTDayChange__LTGTPCTDayChange_,,,%%HLTF-Risky9:30:maySellTail-tailGT2-7,10thDayGT15,",2.8467575860023624,1,1,0
"PCTChangeLT-1,_LTGT1.5_,,,shortDownTrendBuyReversal-Month3Low-Doji-Last2DayLTToday,MayBuyCheckChart-(IndexNotUpInSecondHalf),",1.9771628223562134,1,1,0
"PCTChangeGT8,_HTGT3.0_,,,volBuyContinueLast2DayUp-VolUp,##MAPositive_Uptrend(GT4.5),##MA-SMA200LT0SMA100GT0,",0.4768123615373988,1,1,0
"PCTChangeLT-5,,,,chisSellDownTrend-nearHigh,##ML:BuyRisingMA-Risky-0,",-4.014379012022275,1,0,1
"PCTChangeLT-1,PCDayChange-0.5to0.5,_LTGT1.5_,,,##MAPositive_Uptrend(LT0),##MA-SMA200GT0SMA100GT0,",2.5798278295693278,1,1,0
"PCTChangeGT3,_HTGT1.5_,,,##lastDayHighGT5TodayGT1,",-0.6623026125370506,6,2,4
"PCDCGT0PCTDayChangeLT0,PCDayChange-0.5to0.5,_HTGT1.5_,,,chisSellFlagWeek-doji-Risky,",0.2518072671188094,4,3,1
"PCTChangeLT-2,,,,checkCupDown-month3HighLTmonth3Low,bar_low,##DOWNTREND:sellYearHigh(InDownTrend),##(Check-chart-buy):month3High-InMinus,NearHighMonth3,",-0.44540469251341885,1,0,1
"PCTChangeLT-3,_LTGT1.5_,,,checkCupDown-2dayDown-mayReversalBuy,chisDownTrend-Risky-nearHigh,##DOWNTREND:sellYear2HighReversal(InDownTrend),##last2DayLow(LT-3)-M3LGT0,##(Check-chart-buy):month3High-InMinus,ReversalHighMonth3,",0.0035736451317978832,3,2,1
"PCTChangeGT0.5,PCDayChange-0.5to0.5,year2High,_LTGT1.5_,,,%%HLTF:(SGXNIFTYUP)buyHighLowerTail-Continue,",-2.825328179343729,1,0,1
"PCTChangeGT5,_HTGT1.5__LTGT3.0__LTGTPCTDayChange_,,,%%HLTF-Risky:(GLOBAL-DOWN)sellHighLowerTail-Reversal-LastDayMarketUp,buyYearHigh-0,##MAPositive_Uptrend(GT1),##MA-SMA200GT0SMA100GT0,",-0.3636377507989986,1,0,1
"PCTChangeGT8,_HTGT1.5__LTGT1.5_,,,##MAPositive_Uptrend(GT2),##MA-SMA200GT0SMA100LT0,",0.259629860058598,1,1,0
"PCTChangeGT5,,,,chisCheckConsolidationBreakoutGT(4.5),checkBuyConsolidationBreakUp-2week,week2BarHighChangeGT2,",-1.1354838709677346,1,0,1
"PCTDayChangeLT0,PCDayChange-0.5to0.5,_LTGT3.0_,,,shortDownTrendSellContinue-Doji-Last2DayLTToday,",-0.6918590855514883,2,1,1
"PCTChangeLT-3,_HTGT1.5_,,,volBuyReversalLast2DayDown-VolDown,chisBuyFinalContinue-3,##sellTenDaysMoreThanTen,##sellRisingMA,",1.9791709052191746,1,1,0
"PCTChangeLT-2,,,,vol-buy-DownVol-3dayDown-Week2Low,##MA-SMA200GT0SMA100GT0,",0.3634197115103682,1,1,0
"PCTChangeLT-1,,,,checkCupDown,bar_low,chisDownTrend-Risky-nearHigh,",-2.456138566223493,1,0,1
"PCTChangeLT-3,PCDayChange-0.5to0.5,_HTGT1.5__LTGT1.5_,,,%%:checkSell:Super01-monthLow,",0.5614407898612203,1,1,0
"PCTChangeLT-5,_LTGT3.0_,,,%%:checkSell:FlagWeek,",-7.384469009391241,1,0,1
"PCTChangeLT-2,year2Low,_LTGT3.0_,,,volSellContinueLast2DayDown-VolUp,",-3.917525773195876,1,0,1
"PCTChangeLT-5,_HTGT3.0__LTGT1.5__HTGTPCTDayChange__LTGTPCTDayChange_,,,##MANegative_Downtrend_(LT-2),##MA-SMA200LT0SMA100LT0,",6.213962398639036,1,1,0
"PCTChangeLT-5,_LTGT3.0_,,,volSellContinueLast2DayDown-VolUp,##MANegative_Downtrend_(LT-4.5),##MA-SMA200LT0SMA100LT0,",-0.26687638192654756,2,1,1
"PCTChangeLT-0.5,_HTGT1.5__HTGTPCTDayChange_,,,volBuyReversalLast2DayDown-VolUp,",0.6026038285810533,3,2,0
"PCTChangeLT-1,,,,chisSellUpTrend-Risky-2,##(Check-chart-buy):month3High-InMinus,BreakHighMonth3,",-1.7879551880292728,2,0,2
"PCTChangeLT-1,_HTGT1.5_,,,volBuyReversalLast2DayDown-VolUp,chisSellDownTrend-nearHigh,",-2.0599840753447176,1,0,1
"PCTChangeLT-0.5,_LTGT1.5_,,,##MANegative_Downtrend_(LT-1),##MA-SMA200GT0SMA100LT0,",-1.4043309952846583,2,0,2
"PCTChangeLT-3,_LTGT3.0_,,,chisDownTrend-Risky-nearHigh,##(Check-chart-buy):month3High-InMinus,ReversalHighMonth3,",0.1363767561515806,6,2,4
"PCTChangeGT1,,,,week2BarHighChangeGT0,brokenToday,##(Check-chart):year2High-InPlus,",-0.02118892978731085,2,1,1
"PCTChangeGT2,,,,week2BarHighChangeGT0,brokenToday,buyYearHigh-0,",0.09730157331756296,4,2,2
"PCTChangeLT-0.5,_LTGT1.5_,,,chisSell-smallUptrendReversal,%%HLTF:(SGXNIFTYUP)buyHighLowerTail-Continue,##RisingMA(check-chart-buy)-MayBuyCheckChart,##buyYear2LowMovingSMA,",0.8480543803831867,1,1,0
"PCTChangeLT-1,_HTGT1.5__LTGT3.0_,,,shortDownTrendSellContinue-Doji-Last2DayLTToday,",-5.859870667670185,1,0,1
"PCTChangeLT-2,_LTGT1.5_,,,volSellContinueLast2DayDown-VolUp,chisSellDownTrend-nearHigh,##(Check-chart-buy):month3High-InMinus,NearHighMonth3,",-0.6300348414606383,1,0,1
"PCTChangeLT-3,_LTGT1.5_,,,volBuyReversalLast2DayDown-VolDown,##sellTenDaysMoreThanTen,",-1.3161977049742104,2,1,1
"PCTChangeLT-8,_LTGT1.5_,,,(GLOBAL-DOWN)maySellContinueHighVolatileLastDayDOWN-PCT10GT0-(LT-8),##MANegative_Downtrend_(LT-4.5),##MA-SMA200LT0SMA100LT0,",2.945849563783848,1,1,0
"PCTChangeGT5,_HTGT1.5_,,,VOL:sell-UpVol-3dayUp-Week2High,chisCheckConsolidationBreakout2WeekLT(4.5),##MAPositive_Uptrend(GT2),##MA-SMA200GT0SMA100GT0,",-0.8547891212496563,1,0,1
"PCTChangeGT3,_LTGT1.5_,,,##(check-chart)sellEMA6>EMA14,",1.8321435492384606,3,1,2
"PCTChangeGT0,_HTGT1.5__LTGT1.5_,,,shortUpTrendBuyContinue-Doji-Last2DayGTToday,",-6.9506358665768415,1,0,1
"PCTChangeLT-2,_HTGT1.5_,,,chisSellDownTrend-nearHigh,##DOWNTREND:sellYear2HighReversal(InDownTrend),##(Check-chart-buy):month3High-InMinus,ReversalHighMonth3,",-1.5158398658441776,1,0,1
"PCTDayChangeLT0,_LTGT3.0_,,,%%HLTF:(GLOBAL-DOWN)sellHighLowerTail-Reversal-LastDayMarketUp,shortDownTrendSellContinue-Doji-Last2DayLTToday,",15.02927305640244,1,1,0
"PCTChangeGT5,_HTGT1.5_,,,week2BarHighChangeGT2,brokenToday,",1.3958547211525323,1,1,0
"PCDCLT0PCTChangeGT1,PCDayChange-0.5to0.5,_HTGT1.5_,,,chisSellSuper-Risky,--,",-0.6990586145452178,3,1,2
"PCTChangeGT2,_LTGT1.5_,,,volumeUpsergedLast2n3n4DayDown,volBuyContinueLast2DayUp-VolUp,(GLOBALFUTUP-UPTRENDMARKET)checkBuyConsolidationBreakUp-week2-highNotReachedWeek3,week2BarHighChangeGT0,brokenToday,",-2.421052631578945,1,0,1
"PCTChangeGT3,_HTGT1.5_,,,sellHeavyUpTrend-Reversal,weekBarHighChangeGT2,",2.1137717241298644,2,1,0
"PCTChangeLT-3,_HTGT1.5_,,,volBuyReversalLast2DayDown-VolDown,##(Check-chart-buy):month3High-InMinus,NearHighMonth3,",1.8779609666081176,1,1,0
"PCTChangeLT-2,_LTGT1.5_,,,(GLOBALFUTDOWN-DOWNTRENDMARKET)checkSellConsolidationBreakDown-week2-lowNotReachedWeek3,week2BarLowChangeLT0,$$MayBuy-CheckChart(monthLow-minimumLast4DayDown),##(Check-chart-buy):YearHigh-InMinus,ReversalHighYear,",-0.4055853633345328,1,0,1
"PCTChangeGT1,,,,volBuyVolumeUpsergedLast2n3DayDown,volBuyContinueLast2DayUp-VolUp,",1.983784030818009,2,1,1
"PCTChangeGT3,,,,vol-sell-DownVol-3dayUp-Week2High,##MAPositive_Uptrend(GT4.5),##MA-SMA200GT0SMA100GT0,##last3DayHighGT3-M3HGT0,",-4.028781369435715,1,0,1
"PCTChangeGT1,PCDayChange-0.5to0.5,year2High,_HTGT3.0__LTGT1.5_,,,%%HLTF-Last2HighTail:(UPTREND)buy(DOWNTREND)sell:HighUpperTailPre-last2DayUp,%%HLTF:maySellTail-tailGT2-7,10thDayGT20,",-1.6119184883625741,1,0,1
"PCTChangeLT-3,_HTGT3.0__HTGTPCTDayChange_,,,volSellContinueLast2DayDown-VolUp,",6.634309307985327,1,1,0
"PCTChangeGT2,year2High,,,,%%:sellUpTrend-month3High,",-0.3565580486971135,83,35,47
"PCTChangeGT5,,,,weekBarHighChangeGT2,##last2DayHighGT3-M3HLT0,",-2.5129484412443124,1,0,1
"PCTChangeLT-3,,,,(GLOBALFUTDOWN-DOWNTRENDMARKET)checkSellConsolidationBreakDown-week2-lowNotReachedWeek3,week2BarLowChangeLT0,##(Check-chart-buy):month3High-InMinus,ReversalHighMonth3,##(check-chart)maySell-EMA6-MT-May-LT-EMA14,",0.07890132299162984,6,4,2
"PCTChangeGT0.5,,,,(SMA9LT0),",-0.9687590457686548,9,2,7
"PCTChangeLT-3,_HTGT3.0__LTGT3.0__HTGTPCTDayChange__LTGTPCTDayChange_,,,##DOWNTREND:sellYear2HighReversal(InDownTrend),##(Check-chart-buy):month3High-InMinus,ReversalHighMonth3,",-5.81090999166326,1,0,1
"PCTChangeGT3,,,,##(Check-chart-sell):month3Low-InPlus,ReversalLowMonth3,brokenToday,chis-breakoutup-2week,chisSell-2week-breakoutup,##UPTREND:buyMonth3LowReversal(Confirm),",-2.5473132175538806,1,0,1
"PCTChangeGT5,year2Low,_LTGT1.5_,,,chisSellYear2LowLT-40-last4DayDown(triggerAfter-9:15),chisSellYear2LowContinue,",1.3322920046754556,1,1,0
"PCTChangeLT-3,_LTGT3.0_,,,volBuyReversalLast2DayDown-VolDown,(GLOBALFUTDOWN-DOWNTRENDMARKET)checkSellConsolidationBreakDown-week2-lowNotReachedWeek3,week2BarLowChangeLT-2,chisDownTrend-Risky-nearHigh,##DOWNTREND:sellYearHighReversal(InDownTrend),##(Check-chart-buy):month3High-InMinus,ReversalHighMonth3,",-2.4636534544208994,1,0,1
"PCTChangeGT3,,,,##(Check-chart-sell):month3Low-InPlus,ReversalLowMonth3,chis-breakoutup-2week,##(check-chart)mayBuy-EMA6-LT-May-MT-EMA14,##last2DayHighGT3-M3HLT0,",1.9946809320117351,1,1,0
"PCTChangeLT-8,,,,maySellHighVolatileDownContinueLT-8,chisDownTrend-Risky-nearHigh,##MANegative_Downtrend_(LT-4.5),##MA-SMA200LT0SMA100LT0,",-5.556877765632851,1,0,1
"PCTChangeLT-2,_HTGT1.5__LTGT1.5__HTGTPCTDayChange_,,,volSellContinueLast2DayDown-VolUp,",-2.1688327541599004,1,0,1
"PCDCLT0PCTChangeGT3,PCDayChange-0.5to0.5,_HTGT1.5__LTGT3.0_,,,##MA-SMA200LT0SMA100LT0,",-1.4935064935065059,1,0,1
"PCTChangeLT-1,_LTGT1.5_,,,%%:checkSell:Super01-monthLow,",-0.4115424231349403,27,9,18
"PCTChangeLT-1,,,,(SMA9LT0),",-1.037215351929615,27,6,21
"PCTChangeLT-3,,,,volSellContinueLast2DayDown-VolUp,weekBarLowChangeLT-2,brokenToday,chisDownTrend-Risky-nearHigh,##(Check-chart-buy):month3High-InMinus,ReversalHighMonth3,",-0.7794099695542392,1,0,1
"PCTChangeLT-12,_LTGT1.5_,,,VOL:sellAboveTail-BuyAtClose:upVol3dayDownWeek2Low-highLowerTail,##MANegative_Downtrend_(LT-4.5),##MA-SMA200LT0SMA100LT0,",-2.4786337828024907,1,0,1
"PCTChangeLT-1,_HTGT1.5_,,,%%HLTF:maySellTail-tailGT2-7,10thDayGT0,",0.5130195004938322,4,3,1
"PCTChangeGT1,_HTGT3.0__HTGTPCTDayChange_,,,%%HLTF-Last2HighTail:(UPTREND)buy(DOWNTREND)sell:HighUpperTailPre-last2DayUp,%%HLTF:maySellTail-tailGT2-7,10thDayGT20,%%HLTF:(UPTREND-GLOBAL/SGX-UP)BuyHighUpperTail-Reversal-7,10thDayGT15-LastDayMarketDown,sellEveningStar-0,",-1.691922274502849,1,0,1
"PCTChangeGT2,year2High,,,,chisCheckConsolidationBreakoutLT(4.5),chisBuyConsolidationBreakUp-2week-(Risky)-year2High,week2BarHighChangeGT0,",1.1817654847487218,3,3,0
"PCTChangeGT3,,,,volBuyContinueLast2DayUp-VolUp,weekBarHighChangeGT2,brokenToday,chisBuy-2week-breakoutup(check-chart)(|-|-| or --|),",-6.8670832617512385,2,1,1
"PCTChangeGT0.5,PCDayChange-0.5to0.5,_LTGT1.5_,,,%%:checkSell:Super2,-+,chisSellDowningMA-(check5MinuteDownTrendAndSellDowntrend)-Already10DayDown,",-2.449393948080088,1,0,1
"PCTChangeGT5,,,,chisUpTrend-Risky-nearLow,weekBarHighChangeGT2,brokenToday,chis-breakoutup-2week,chisBuy-2week-breakoutup,##UPTREND:buyMonth3LowReversal(Confirm),",-1.5081488567849866,1,0,1
"PCTChangeLT-2,,,,volSellVolumeUpsergedLast2n3DayUp,##ML:buyRisingMA-down-Risky,",0.590227352230329,1,1,0
"PCTChangeGT2,_HTGT1.5_,,,MaySellCheckChart-(IndexNotDownInSecondHalf),chisBuyUpTrend-1-YearHigh,volumeUpsergedLast2n3n4DayDown,volBuyContinueLast2DayUp-VolUp,chisCheckConsolidationBreakoutLT(4.5),",-1.5799181470875518,1,0,1
"PCDCLT0PCTChangeGT0,,,,sellPatternsML,sellPatterns-LT-1.5-SMALT0,(SMA9LT0),",-2.1965335559293715,1,0,1
"PCTDayChangeLT0,PCDayChange-0.5to0.5,_HTGT1.5__LTGT1.5_,,,buyYearHigh-0,",-0.4007013959022699,3,2,1
"PCTChangeLT-3,,,,weekBarLowChangeLT-2,brokenToday,(SMA9LT0),",0.06651058449221292,3,1,2
"PCTChangeGT3,,,,chisBuyUpTrend-nearLow,chisCheckConsolidationBreakoutLT(4.5),",1.8780282901438035,1,1,0
"PCTChangeGT3,,,,(GLOBALFUTUP-UPTRENDMARKET)checkBuyConsolidationBreakUp-week2-highNotReachedWeek3,week2BarHighChangeGT0,brokenToday,chis-breakoutup-2week,chisBuy-2week-breakoutup,##(check-chart)mayBuy-EMA6-LT-May-MT-EMA14,",0.4400474886848835,2,1,0
"PCTChangeLT-3,,,,checkCupDown-3dayDown-mayReversalBuy,",-0.975253426957756,2,0,2
"PCTChangeLT-0.5,_LTGT1.5_,,,%%HLTF:(GLOBAL-DOWN)sellHighLowerTail-Reversal-LastDayMarketUp,chisDownTrend-Risky-nearHigh,",1.1142079961342481,1,1,0
"PCTChangeLT-2,,,,weekBarLowChangeLT-2,brokenToday,chisDownTrend-Risky-nearHigh,##(Check-chart-buy):month3High-InMinus,ReversalHighMonth3,##(check-chart)maySell-EMA6-MT-May-LT-EMA14,",-6.283714917768444,1,0,1
"PCTChangeGT3,,,,volBuyContinueLast2DayUp-VolUp,##MAPositive_Uptrend(GT4.5),##MA-SMA200GT0SMA100GT0,",-2.9284713977042647,1,0,1
"PCTChangeGT0,PCDayChange-0.5to0.5,,,,chisSellFlagWeek-doji-Risky,chisBuyYearHigh-3,",3.925329079279242,1,1,0
"PCTChangeGT3,,,,chisFinalBreakOutBuyContinue-11-test-atYearLow,",1.597419911921904,1,1,0
"PCTChangeLT-3,_LTGT3.0_,,,##RisingMA(check-chart-buy)-MayBuyCheckChart,",-0.29660887637380556,1,0,1
"PCTChangeGT1,year2High,_HTGT1.5__HTGTPCTDayChange_,,,%%HLTF-Last2HighTail:(UPTREND)buy(DOWNTREND)sell:HighUpperTailPre-last2DayUp,(Test)MaySellCheckChart-last3DayUp,MaySellCheckChart-(IndexNotDownInSecondHalf),$$MaySell-CheckChart(downTrend-mayReverseLast4DaysUp)-Risky,%%:sellUpTrend-month3High,",0.2276660001259348,1,1,0
"PCTChangeGT3,year2Low,_LTGT3.0_,,,chisSellYear2LowLT-40-last4DayDown(triggerAfter-9:15),",0.10400353552147101,2,1,1
"PCTChangeGT1,_HTGT1.5__HTGTPCTDayChange_,,,chisBuyUpTrend-nearLow,##(Test)buyBottomReversal-1,",1.671307957516071,1,1,0
"PCTChangeGT5,_LTGT1.5_,,,vol-sell-DownVol-3dayUp-Week2High,##MAPositive_Uptrend(GT4.5),##MA-SMA200GT0SMA100GT0,##last2DayHighGT3-M3HLT0,",1.6970512743250257,1,1,0
"PCTChangeGT5,,,,##MAPositive_Uptrend(GT2),##MA-SMA200LT0SMA100LT0,##last3DayHighGT3-M3HLT0,",4.32938674605022,1,1,0
"PCTChangeGT3,,,,chisSellYear2LowLT-40-last4DayDown(triggerAfter-9:15),##(Check-chart-sell):month3Low-InPlus,ReversalLowMonth3,(GLOBALFUTUP-UPTRENDMARKET)checkBuyConsolidationBreakUp-week2-highNotReachedWeek3,week2BarHighChangeGT0,brokenToday,",-2.741422225883839,1,0,1
"PCTChangeLT-5,_HTGT1.5__LTGT3.0_,,,%%HLTF:(GLOBAL-DOWN)sellHighLowerTail-Reversal-LastDayMarketUp,volBuyRevarsalVolCrossed,",6.608959596548495,1,1,0
"PCTChangeGT5,_LTGT1.5_,,,##MANegative_Downtrend_(GT2),##MA-SMA200LT0SMA100LT0,",-0.2222240930316064,1,0,1
"PCTChangeGT5,_HTGT3.0_,,,VOL:buyBelowTail-SellAtClose:upVol3dayUpWeek2High-highUpperTail,##MAPositive_Uptrend(GT4.5),##MA-SMA200GT0SMA100GT0,##last2DayHighGT3-M3HGT0,",-7.510171275887181,1,0,1
"PCTChangeLT-3,_HTGT1.5_,,,volSellContinueLast2DayDown-VolUp,chisDownTrend-Risky-nearHigh,##(Check-chart-buy):month3High-InMinus,ReversalHighMonth3,##(check-chart)maySell-EMA6-MT-May-LT-EMA14,",0.3762769764620635,1,1,0
"PCTChangeGT3,_HTGT1.5_,,,volBuyVolumeUpsergedLast2n3DayDown,",0.558977510560161,4,2,2
"PCTChangeGT5,_HTGT3.0__HTGTPCTDayChange_,,,%%HLTF-Last2HighTail:(UPTREND)buy(DOWNTREND)sell:HighUpperTailPre-last2DayUp,sellEveningStar-0,##MAPositive_Uptrend(GT4.5),##MA-SMA200GT0SMA100GT0,##last2DayHighGT3-M3HGT0,",-3.446814950235465,1,0,1
"PCTChangeLT-3,_HTGT1.5_,,,##MANegative_Downtrend_(LT-2),##MA-SMA200LT0SMA100LT0,##DOWNTREND:sellMonth3LowBreak,",0.13925637571343508,1,1,0
"PCDCGT0PCTDayChangeLT0,PCDayChange-0.5to0.5,_HTGT3.0__LTGT3.0_,,,chisSellFlagWeek-doji-Risky,",4.472542890972244,1,1,0
"PCTChangeGT0,PCDayChange-0.5to0.5,,,,chisFinalBreakOutBuyContinue-1-test-atYearLow,",0.11681333451592688,1,1,0
"PCTChangeGT5,year2Low,_HTGT3.0__LTGT3.0__HTGTPCTDayChange_,,,volBuyContinueLast2DayUp-VolUp,",-6.517016366569801,1,0,1
"PCTChangeGT2,_HTGT1.5_,,,##(Check-chart-sell):month3Low-InPlus,ReversalLowMonth3,chisUpTrend-Risky-nearLow,chisCheckConsolidationBreakout2WeekLT(4.5),(GLOBALFUTUP-UPTRENDMARKET)checkBuyConsolidationBreakUp-week2-highNotReachedWeek3,week2BarHighChangeGT0,##UPTREND:buyMonth3LowReversal(Confirm),",0.17266362691095843,1,1,0
"PCTChangeLT-3,_LTGT1.5_,,,##(check-chart)buyEMA6<EMA14-Risky,",-1.0489527900552535,1,0,1
"PCTChangeGT3,_HTGT1.5__LTGT3.0__LTGTPCTDayChange_,,,volSellRevarsalVolCrossed,",3.187499999999989,1,1,0
"PCTChangeGT0.5,,,,chisUpTrend-Risky-nearLow,volSellReversalLast2DayUp-VolDown,",3.791423220483924,1,1,0
"PCTChangeGT3,_LTGT3.0_,,,chisBuyUpTrend-nearLow,",-1.3586646661934527,2,0,2
"PCTChangeLT-3,_HTGT1.5_,,,checkCupDown-inDownTrend,bar_low,",0.727766093539415,1,1,0
"PCTChangeLT-0.5,_HTGT1.5_,,,%%HLTF-Last2HighTail:(DOWNTREND)sellHighUpperTailPre-1,%%HLTF-LastDayUp:(DOWNTREND-OR-GLOBALDOWN)MaySellHighTail-LastDayMarketUp,",-2.8543919964467235,1,0,1
"PCTChangeGT3,_HTGT3.0__HTGTPCTDayChange_,,,##lastDayHighGT5TodayGT1,",-1.2892376681614264,1,0,1
"PCTChangeLT-2,year2Low,_LTGT1.5_,,,weekBarLowChangeLT0,brokenToday,MayBuyCheckChart-(IndexNotUpInSecondHalf),",-0.01607324532758629,1,0,1
"PCTChangeLT-8,_LTGT3.0_,,,(GLOBAL-DOWN)maySellContinueHighVolatileLastDayDOWN-month3LowGT0-(LT-8),zigZagVolCrossedFromUp,",8.14961110513042,1,1,0
"PCTChangeLT-2,_LTGT1.5_,,,buyMorningStar-HighLowerTail,##(Check-chart-buy):month6High-InMinus,ReversalHighMonth6,",-0.22633870442708204,1,0,1
"PCTChangeGT1,_HTGT1.5__HTGTPCTDayChange_,,,%%HLTF-Risky9:30:maySellTail-tailGT2-7,10thDayGT15,(Test)(check-chart-2-3MidCapCross)MaySellCheckChart-Risky,",-4.228457371951601,1,0,1
"PCTChangeLT-1,_LTGT1.5_,,,(SMA9LT0),MayBuyCheckChart-(IndexNotUpInSecondHalf),$$MayBuy-CheckChart(monthLow-minimumLast4DayDown),$$MayBuy-CheckChart(downTrend-mayReverseLast4DaysDown),",-0.5947244793853725,1,0,1
"PCTChangeGT0.5,_LTGT1.5_,,,chisSellDowningMA-(check5MinuteDownTrendAndSellDowntrend)-Already10DayDown,$$MayBuy-CheckChart-baseLine(inuptrend-monthlow)-MHCLT(-10),",0.47017201206138837,1,1,0
"PCTChangeGT0,,,,chisSellDowningMA-(check5MinuteDownTrendAndSellDowntrend),##(Test)(check-chart)-sellSMADownTrend,",1.9580563172599392,1,1,0
"PCTChangeGT1,,,,volumeUpsergedLast2n3n4DayDown,volBuyContinueLast2DayUp-VolUp,",1.137900075268311,19,11,8
"PCTChangeLT-1,_HTGT1.5_,,,volBuyVolumeUpsergedLast2n3DayUp,##MANegative_Downtrend_(LT-2),##MA-SMA200LT0SMA100LT0,",-4.753033110513201,1,0,1
"PCTChangeLT-1,_LTGT1.5_,,,checkCupDown-2dayDown-mayReversalBuy,(SMA9LT0),##(Check-chart-buy):month3High-InMinus,ReversalHighMonth3,",-0.6087271630110376,1,0,1
"PCTChangeLT-2,,,,zigZagVolCrossedFromUp,%%:buyDownTrend-month3Low,",3.9381124127063765,1,1,0
"PCTChangeGT3,_LTGT1.5_,,,(GLOBALFUTUP-UPTRENDMARKET)checkBuyConsolidationBreakUp-week2-highNotReachedWeek3,week2BarHighChangeGT0,brokenToday,chisSell-2week-breakoutup,##last2DayHighGT3-M3HLT0,",-4.661553042153822,1,0,1
"PCTChangeGT1,year2Low,,,,volBuyContinueLast2DayUp-VolUp,",1.5995538739108845,2,2,0
"PCTChangeLT-3,,,,(GLOBALFUTDOWN-DOWNTRENDMARKET)checkSellConsolidationBreakDown-week2-lowNotReachedWeek3,week2BarLowChangeLT-2,chisDownTrend-Risky-nearHigh,##DOWNTREND:sellMonth6HighReversal(InDownTrend),##(Check-chart-buy):month3High-InMinus,ReversalHighMonth3,##(check-chart)maySell-EMA6-MT-May-LT-EMA14,",-1.388397216796875,1,0,1
"PCTChangeLT-3,_HTGT1.5_,,,chisDownTrend-Risky-nearHigh,##DOWNTREND:sellMonth6HighReversal(InDownTrend),##(Check-chart-buy):month3High-InMinus,ReversalHighMonth3,",4.331683227809402,1,1,0
"PCTChangeGT3,,,,volumeUpsergedLast2n3n4DayDown,chisCheckConsolidationBreakoutLT(4.5),(GLOBALFUTUP-UPTRENDMARKET)checkBuyConsolidationBreakUp-week2-highNotReachedWeek3,week2BarHighChangeGT0,brokenToday,",-0.2378042649000447,2,1,1
"PCTChangeGT0.5,PCDayChange-0.5to0.5,_HTGT1.5__LTGT3.0_,,,%%HLTF:(SGXNIFTYUP)buyHighLowerTail-Continue,##MAPositive_Uptrend(GT0),##MA-SMA200GT0SMA100GT0,",-3.53008839613888,1,0,1
"PCTChangeLT-1,year2High,,,,volBuyReversalLast2DayDown-VolDown,",-0.0032721716661464704,39,19,20
"PCTChangeGT1,PCDayChange-0.5to0.5,_HTGT1.5__LTGT3.0_,,,%%HLTF-Last2DayMarketUp:(GLOBAL-DOWN)sellHighLowerTail-Reversal-LastDayMarketUp,",8.73015873015873,1,1,0
"PCTChangeGT3,_HTGT3.0__HTGTPCTDayChange_,,,(GLOBALFUTUP-UPTRENDMARKET)checkBuyConsolidationBreakUp-week2-highNotReachedWeek3,week2BarHighChangeGT0,",1.0939949120013823,1,1,0
"PCTChangeGT0.5,_HTGT1.5__HTGTPCTDayChange_,,,%%HLTF:(GLOBAL-SGX-DOWN)maySellTail-2,3,4thDayGT0,chisUpTrend-Risky-nearLow,",-0.317258870961964,1,0,1
"PCTChangeGT5,_HTGT1.5_,,,##MAPositive_Uptrend(GT4.5),##MA-SMA200GT0SMA100GT0,##last2DayHighGT3-M3HLT0,",-0.9886377507989954,1,0,1
"PCTChangeLT-3,,,,##ML:BuyRisingMA-Risky-1,##MAPositive_Uptrend(LT-4.5),##MA-SMA200LT0SMA100LT0,",2.9656177947036113,1,1,0
"PCTChangeLT-5,,,,weekBarLowChangeLT-5,brokenToday,",-0.9939446212767202,1,0,1
"PCTChangeGT1,_HTGT1.5__HTGTPCTDayChange_,,,$$MaySell-CheckChart(monthHigh-minimumLast4DayUp),shortUpTrendSellReversal-MonthHigh,",-2.790696491566744,1,0,1
"PCTChangeLT-2,_HTGT3.0_,,,weekBarLowChangeLT-2,",-0.4705861836922183,1,0,1
"PCTChangeGT2,_HTGT1.5__LTGT3.0_,,,##(Check-chart-sell):month3Low-InPlus,ReversalLowMonth3,##UPTREND:buyMonth3LowReversal(Confirm),",-5.33530331222263,1,0,1
"PCTChangeGT3,,,,##MANegative_Downtrend_(GT2),##MA-SMA200LT0SMA100LT0,##buyTenDaysLessThanMinusTen,",3.2193050776622996,2,2,0
"PCTChangeLT-1,PCDayChange-0.5to0.5,_LTGT3.0_,,,##(Test):buyRisingMA-uptrend-SMA25gt0,",-1.0714766236627808,1,0,1
"PCTChangeGT5,_HTGT1.5_,,,volSellReversalLast2DayUp-VolDown,chisBuyFinalContinueReversal-2,",-2.737661609174429,1,0,1
"PCTChangeGT1,_HTGT1.5_,,,%%HLTF-Last2HighTail:(UPTREND)buy(DOWNTREND)sell:HighUpperTailPre-last2DayUp,##MAPositive_Uptrend(GT2),##MA-SMA200GT0SMA100GT0,",2.0630474684015416,4,2,2
"PCTChangeGT8,,,,vol-sell-DownVol-3dayUp-Week2High,##MAPositive_Uptrend(GT4.5),##MA-SMA200GT0SMA100GT0,##last2DayHighGT3-M3HGT0,",1.6841943789108187,1,1,0
"PCTChangeGT3,_HTGT3.0__HTGTPCTDayChange_,,,%%HLTF:(UPTREND-GLOBAL/SGX-UP)BuyHighUpperTail-Reversal-7,10thDayGT15-LastDayMarketDown,##last2DayHighGT3-M3HGT0,",-2.300028139450151,1,0,1
"PCTChangeLT-5,_HTGT3.0__HTGTPCTDayChange_,,,volBuyReversalLast2DayDown-VolDown,chisSellDownTrend-nearHigh,chisSellDayLowVolLow-0,",0.4909369316239294,1,1,0
"PCTChangeGT0.5,PCDayChange-0.5to0.5,_LTGT1.5_,,,%%HLTF:(GLOBAL-DOWN)sellHighLowerTail-Reversal-LastDayMarketUp,",-0.0797454614236286,9,3,6
"PCDCGT0PCTDayChangeLT0,_HTGT3.0__LTGT3.0__HTGTPCTDayChange__LTGTPCTDayChange_,,,##MA-SMA200LT0SMA100LT0,",3.274979422402273,6,3,3
"PCTChangeLT-2,,,,weekBarLowChangeLT0,brokenToday,chisDownTrend-Risky-nearHigh,##(Check-chart-buy):month6High-InMinus,ReversalHighMonth6,",-0.47096238960134723,1,0,1
"PCTChangeGT0.5,_HTGT1.5__HTGTPCTDayChange_,,,chisSellDowningMA-(check5MinuteDownTrendAndSellDowntrend),(Test)MaySell-CheckChart(downTrend-lastDayUp),",-0.9001968891419931,1,0,1
"PCTChangeLT-2,,,,week2BarLowChangeLT-2,",-0.2541270869287189,3,0,3
"PCTChangeGT1,_LTGT3.0_,,,chisUpTrend-Risky-nearLow,volSellReversalLast2DayUp-VolDown,chisCheckConsolidationBreakoutLT(4.5),##UPTREND:buyYearLow,",-3.1382406830680867,1,0,1
"PCTChangeGT3,,,,chisCheckConsolidationBreakoutLT(4.5),checkBuyConsolidationBreakUp-2week,week2BarHighChangeGT0,brokenToday,",-0.3866091883132399,3,2,1
"PCTChangeLT-3,year2High,_LTGT3.0_,,,%%HLTF:(SGXNIFTYUP)buyHighLowerTail-Continue,chisSellUpTrend-Risky-1,",-1.8037687494117387,1,0,1
"PCTChangeGT0.5,year2High,_HTGT1.5_,,,shortUpTrendSellReversal-Month3High-Doji-Last2DayGTToday,",-0.6750211849973016,1,0,1
"PCDCGT0PCTDayChangeLT0,PCDayChange-0.5to0.5,,,,MaySellCheckChart-(|_|`|),",0.34671259622842593,21,13,8
"PCTChangeLT-1,year2High,_LTGT1.5_,,,checkCupDown-month3HighLTmonth3Low,bar_low,%%HLTF:(GLOBAL-UP)buyHighLowerTail-StockInUptrend,",-2.014268984593877,1,0,1
"PCTChangeLT-3,,,,weekBarLowChangeLT-2,sellPatternsML,",-2.3104707830362616,1,0,1
"PCTChangeLT-5,,,,volSellContinueLast2DayDown-VolUp,sellPatternsML,",-0.20992345781531535,1,0,1
"PCTChangeLT-2,,,,checkCupDown-month3HighLTmonth3Low,bar_low,##(Check-chart-buy):month3High-InMinus,NearHighMonth3,",-1.2882726518999987,2,1,1
"PCTChangeLT-2,_HTGT1.5_,,,volBuyReversalLast2DayDown-VolDown,##(Check-chart-buy):month3High-InMinus,ReversalHighMonth3,",3.3582089552238776,1,1,0
"PCTChangeLT-1,_HTGT1.5__LTGT3.0__HTGTPCTDayChange__LTGTPCTDayChange_,,,%%HLTF-Last2DayMarketUp:(GLOBAL-DOWN)sellHighLowerTail-Reversal-LastDayMarketUp,##MAPositive_Uptrend(LT-1),##MA-SMA200GT0SMA100GT0,",2.149904882688639,1,1,0
"PCTChangeLT-2,,,,%%:checkSell:Flag2Week,checkCupDown-2dayDown,##sellTenDaysMoreThanTen,##sellRisingMA,",1.4412999291698954,1,1,0
"PCTChangeLT-3,_HTGT1.5_,,,##MANegative_Downtrend_(LT-2),##MA-SMA200LT0SMA100LT0,##DOWNTREND:sellYearLowBreak,",-2.543069243731714,5,0,5
"PCTChangeGT1,,,,week2BarHighChangeGT0,chisFinalBreakOutBuyContinue-1-test-atYearLow,",-0.14043629194702328,1,0,1
"PCTChangeGT16,year2Low,_HTGT1.5__LTGT3.0_,,,chisSellYear2LowLT-40-last4DayDown(triggerAfter-9:15),",18.907758528303773,1,1,0
"PCTChangeLT-3,_HTGT3.0_,,,##DOWNTREND:sellMonth6HighReversal(InDownTrend),##(Check-chart-buy):month3High-InMinus,ReversalHighMonth3,",-2.79676828508464,1,0,1
"PCTChangeLT-3,,,,weekBarLowChangeLT-2,##last3DayLow(LT-3)-M3LGT0,",0.623960082397463,1,1,0
"PCTChangeLT-2,,,,volBuyReversalLast2DayDown-VolDown,chisDownTrend-Risky-nearHigh,##(Check-chart-buy):month3High-InMinus,ReversalHighMonth3,",0.20806103300568324,4,3,1
"PCTChangeGT3,,,,chis-breakoutup-2week,chisSell-2week-breakoutup,##last2DayHighGT3-M3HLT0,",1.3559345022657687,1,1,0
"PCTChangeGT1,,,,volSellReversalLast2DayUp-VolUp,",0.9591657959336491,11,7,4
"PCDCGT0PCTChangeLT-3,_HTGT3.0__HTGTPCTDayChange_,,,##MA-SMA200LT0SMA100LT0,",-0.3093201688397018,3,1,2
"PCTChangeGT1,PCDayChange-0.5to0.5,_LTGT3.0_,,,%%HLTF:(GLOBAL-DOWN)sellHighLowerTail-Reversal-LastDayMarketUp,",1.6151861707489943,7,7,0
"PCTChangeLT-3,_LTGT1.5_,,,##DOWNTREND:sellYear2HighReversal(InDownTrend),$$MayBuy-CheckChart(monthLow-minimumLast4DayDown),##(Check-chart-buy):month3High-InMinus,ReversalHighMonth3,",-2.8798679010687818,1,0,1
"PCTChangeGT0.5,PCDayChange-0.5to0.5,_HTGT3.0_,,,%%:checkSell:FlagWeek-doji,",-1.1373714994475013,2,0,2
"PCTChangeGT2,,,,##(Check-chart-sell):month3Low-InPlus,ReversalLowMonth3,chisBuyUpTrend-nearLow,##UPTREND:buyMonth6LowReversal(Confirm),",4.480496862488771,1,1,0
"PCTChangeLT-2,_LTGT1.5_,,,checkCupDown-inDownTrend-month3HighLTmonth3Low,bar_low,chisSellDownTrend-nearHigh,",18.655150579730183,1,1,0
"PCTChangeLT-2,_LTGT1.5_,,,%%checkCupDown-2dayDown-continue,volBuyReversalLast2DayDown-VolUp,chisDownTrend-Risky-nearHigh,##(Check-chart-buy):month3High-InMinus,ReversalHighMonth3,",0.846770484539347,1,1,0
"PCTChangeLT-2,_HTGT1.5_,,,volSellContinueLast2DayDown-VolUp,##(Check-chart-buy):month3High-InMinus,ReversalHighMonth3,",0.08410534477016973,2,1,1
"PCTChangeLT-1,_LTGT1.5_,,,volBuyReversalLast2DayDown-VolDown,(SMA9GT0),",0.09108024168365723,1,1,0
"PCTDayChangeLT0,_LTGT1.5_,,,##MA-SMA200GT0SMA100LT0,",6.751054852320662,1,1,0
"PCTChangeGT5,,,,volumeUpsergedLast2n3n4DayDown,volBuyContinueLast2DayUp-VolUp,(GLOBALFUTUP-UPTRENDMARKET)checkBuyConsolidationBreakUp-week2-highNotReachedWeek3,week2BarHighChangeGT2,brokenToday,",0.8902981853636724,1,1,0
"PCTChangeGT5,,,,volumeUpsergedLast2n3n4DayDown,##MAPositive_Uptrend(GT2),##MA-SMA200LT0SMA100GT0,",0.19034757699927582,1,1,0
"PCTChangeLT-1,,,,checkCupDown-2dayDown,##(Check-chart-buy):month3High-InMinus,ReversalHighMonth3,",-0.4787315079760853,2,1,1
"PCTChangeLT-3,_HTGT3.0__LTGT1.5__HTGTPCTDayChange_,,,volBuyReversalLast2DayDown-VolUp,chisDownTrend-Risky-nearHigh,##DOWNTREND:sellYear2HighReversal(InDownTrend),##last2DayLow(LT-3)-M3LGT0,##(Check-chart-buy):month3High-InMinus,ReversalHighMonth3,",4.964197563954361,1,1,0
"PCTChangeGT3,,,,chisCheckConsolidationBreakoutLT(4.5),week2BarHighChangeGT0,",0.3830915077312967,5,3,2
"PCTChangeLT-3,_HTGT1.5__LTGT3.0_,,,volSellContinueLast2DayDown-VolUp,",2.1335324739232475,3,3,0
"PCTChangeGT0.5,_LTGT1.5_,,,shortUpTrendBuyContinue-Doji-Last2DayGTToday,",1.373904237010359,5,3,2
"PCTChangeGT0.5,_LTGT1.5_,,,(SMA9LT0),",-2.555511881111801,2,0,2
"PCTChangeLT-2,_HTGT3.0__HTGTPCTDayChange_,,,%%:checkBuyRevarsalLast3DayDownAtMonth3High,",-1.7187515894571945,1,0,1
"PCTChangeLT-1,_HTGT1.5__HTGTPCTDayChange_,,,##MANegative_Downtrend_(LT-1),##MA-SMA200LT0SMA100LT0,",-1.715656793359175,7,2,5
"PCTChangeLT-3,_HTGT1.5_,,,chisSellFlagWeek-Risky,volBuyReversalLast2DayDown-VolDown,chisDownTrend-Risky-nearHigh,##DOWNTREND:sellMonth6HighReversal(InDownTrend),##last2DayLow(LT-3)-M3LGT0,",4.179916716547183,1,1,0
"PCTChangeGT2,_HTGT1.5_,,,volSellReversalLast2DayUp-VolDown,chisCheckConsolidationBreakoutLT(4.5),",-0.5494115734669841,1,0,1
"PCTChangeLT-2,,,,chisSellFlagWeek-Risky,##DOWNTREND:sellYear2HighReversal(InDownTrend),##(Check-chart-buy):month3High-InMinus,ReversalHighMonth3,",0.164932331122251,1,1,0
"PCTChangeGT3,,,,volumeUpsergedLast2n3n4DayDown,##lastDayHighGT5TodayGT1,",-3.445224383060314,1,0,1
"PCTChangeGT3,,,,volSellReversalLast2DayUp-VolDown,##UPTREND:buyYear2LowReversal(Confirm),",3.3859362390154164,1,1,0
"PCTChangeLT-3,_HTGT1.5__HTGTPCTDayChange_,,,chisSellUpTrend-highTail,",-1.1626055957825203,1,0,1
"PCTChangeLT-1,,,,%%checkCupDown-2dayDown-continue,chisDownTrend-Risky-nearHigh,##(Check-chart-buy):month3High-InMinus,ReversalHighMonth3,",-0.314801134752315,9,4,5
"PCTChangeGT0.5,PCDayChange-0.5to0.5,_HTGT3.0__LTGT3.0_,,,chisSellDowningMA-(check5MinuteDownTrendAndSellDowntrend)-Already10DayDown,%%HLTF-Last2LowTail:(DOWNTREND)sellHighLowerTailPre-1,",10.65246077462581,1,1,0
"PCTChangeLT-3,year2High,_LTGT1.5_,,,%%HLTF:(SGXNIFTYUP)buyHighLowerTail-Continue,",-3.640002441406246,1,0,1
"PCTChangeLT-1,_HTGT1.5_,,,%%:checkSell:CupDownDoji-last2lastDayLT0orTodayGT0,%%HLTF-Last2HighTail:(DOWNTREND)sell(UPTREND)buy:HighUpperTailPre,",-0.3562388781338144,2,1,1
"PCTChangeLT-3,,,,volBuyReversalLast2DayDown-VolDown,chisBuyDayLowVolLow-02-checkMorningTrend(.5SL),##ML:BuyRisingMA-Risky-1,",2.538742242449901,1,1,0
"PCTChangeGT3,,,,##(Check-chart-sell):month3Low-InPlus,ReversalLowMonth3,(GLOBALFUTUP-UPTRENDMARKET)checkBuyConsolidationBreakUp-week2-highNotReachedWeek3,week2BarHighChangeGT0,chis-breakoutup-2week,chisBuy-2week-breakoutup,##UPTREND:buyMonth3LowReversal(Confirm),##last2DayHighGT3-M3HLT0,",-3.3594138425374385,1,0,1
"PCTChangeGT0,PCDayChange-0.5to0.5,_HTGT1.5__LTGT3.0_,,,%%:checkSell:CupDownDoji,",13.474602505809138,1,1,0
"PCTChangeLT-1,_LTGT1.5_,,,volSellContinueLast2DayDown-VolUp,weekBarLowChangeLT0,brokenToday,##(Check-chart-buy):month3High-InMinus,ReversalHighMonth3,",-1.2463747744364144,1,0,1
"PCTChangeGT2,_HTGT3.0__HTGTPCTDayChange_,,,##(Check-chart)sellMonth3High-Continue,",-1.0137265237682944,1,0,1
"PCTChangeGT3,_LTGT1.5_,,,%%HLTF-Risky:(GLOBAL-DOWN)sellHighLowerTail-Reversal-LastDayMarketUp,##MAPositive_Uptrend(GT2),##MA-SMA200LT0SMA100GT0,",0.7631584907972702,2,1,1
"PCTChangeGT3,_HTGT1.5__LTGT3.0__HTGTPCTDayChange__LTGTPCTDayChange_,,,%%HLTF:(GLOBAL-DOWN)sellHighLowerTail-Reversal-LastDayMarketUp,",-0.48899940214649884,1,0,1
"PCTChangeGT5,_HTGT1.5_,,,chisCheckConsolidationBreakout2WeekGT(4.5),##MAPositive_Uptrend(GT4.5),##MA-SMA200LT0SMA100GT0,",-4.609819109785563,2,0,2
"PCTChangeGT0.5,PCDayChange-0.5to0.5,_HTGT3.0_,,,%%HLTF-Risky9:30:maySellTail-tailGT2-7,10thDayGT15,%%HLTF:(UPTREND-GLOBAL/SGX-UP)BuyHighUpperTail-Reversal-7,10thDayGT15-LastDayMarketDown,",0.27773440203193933,1,1,0
"PCTDayChangeLT0,,,,sellPatternsML,",-2.3169524708153473,3,0,3
"PCTChangeGT1,_LTGT1.5_,,,chisUpTrend-Risky-nearLow,##UPTREND:buyMonth6LowReversal(Confirm),",-0.36791760298448184,1,0,1
"PCTDayChangeLT0,PCDayChange-0.5to0.5,_HTGT1.5_,,,$$MaySell-CheckChart-baseLine(inDownTrend-monthHigh)-MLCGT10,",-0.2462121212121212,1,0,1
"PCTChangeGT3,,,,##(Check-chart-sell):month3Low-InPlus,ReversalLowMonth3,chisUpTrend-Risky-nearLow,##(check-chart)sellEMA6>EMA14,##UPTREND:buyYear2LowReversal(Confirm),",3.6681369013129563,1,1,0
"PCTChangeGT2,_HTGT1.5_,,,volumeUpsergedLast2n3n4DayDown,(GLOBALFUTUP-UPTRENDMARKET)checkBuyConsolidationBreakUp-week2-highNotReachedWeek3,week2BarHighChangeGT0,brokenToday,",4.011947833567846,1,1,0
"PCTChangeGT5,_HTGT1.5__LTGT1.5_,,,chisUpTrend-Risky-nearLow,chisCheckConsolidationBreakoutGT(4.5),",-1.3459766623490275,1,0,1
"PCTChangeLT-2,_LTGT3.0_,,,##DOWNTREND:sellYear2HighReversal(InDownTrend),##(Check-chart-buy):month3High-InMinus,ReversalHighMonth3,",-5.665280665280674,1,0,1
"PCTChangeLT-2,_HTGT1.5_,,,(GLOBALFUTDOWN-DOWNTRENDMARKET)checkSellConsolidationBreakDown-week2,weekBarLowChangeLT-2,",-0.5964241515850754,1,0,1
"PCTChangeGT8,_HTGT1.5_,,,%%HLTF-Last2HighTail:(UPTREND)buy(DOWNTREND)sell:HighUpperTailPre-last2DayUp,volSellRevarsalVolCrossed,chisSellDayHighVolLow-0,",-3.2832290156493706,1,0,1
"PCDCGT0PCTDayChangeLT0,_HTGT1.5__LTGT1.5_,,,%%:sellDowntrend-lastDayUp-ReversalHighTail,",-1.5546800193797328,2,1,1
"PCTChangeLT-2,,,,weekBarLowChangeLT-2,##DOWNTREND:sellYear2HighReversal(InDownTrend),##(Check-chart-buy):month3High-InMinus,ReversalHighMonth3,",-0.36747698537024154,17,7,10
"PCTChangeLT-2,_HTGT1.5__HTGTPCTDayChange_,,,##(Check-chart-sell)Month3Low-Continue(InUpTrend),ReversalLowMonth3,",1.1914014816284189,1,1,0
"PCTChangeLT-2,,,,chisSellFlagWeek-Risky,chisDownTrend-Risky-nearHigh,##DOWNTREND:sellYear2HighReversal(InDownTrend),",-0.5450256251234129,1,0,1
"PCTChangeGT12,,,,chisSellYear2LowLT-40-last3DayDown(triggerAfter-9:15),",7.906976744186046,1,1,0
"PCTDayChangeLT0,,,,mayBuyFromSellPattern-GT1.8,",2.9062652047198014,3,3,0
"PCTChangeGT8,_HTGT3.0_,,,chisBuyUpTrend-nearLow,volumeUpsergedLast2n3n4DayDown,",3.067898220486115,1,1,0
"PCTChangeLT-1,_HTGT1.5_,,,volSellContinueLast2DayDown-VolUp,##(check-chart)maySell-EMA6-MT-May-LT-EMA14,",-0.8094361786407069,1,0,1
"PCTChangeGT3,_HTGT1.5__LTGT1.5__HTGTPCTDayChange_,,,volumeUpsergedLast2n3n4DayDown,",3.609346197415405,1,1,0
"PCTChangeGT8,_LTGT1.5_,,,volumeUpsergedLast2n3n4DayDown,",2.733676533587898,1,1,0
"PCTChangeLT-2,year2Low,_HTGT1.5_,,,chisBuyDayLowVolLow-01,",-3.155170309132553,1,0,1
"PCTChangeLT-3,_LTGT1.5_,,,##MANegative_Downtrend_(LT-2),##MA-SMA200LT0SMA100LT0,##DOWNTREND:sellYearLowBreak,##last3DayLow(LT-3)-M3LLT0,",-2.9205377768986898,1,0,1
"PCTChangeGT3,,,,volumeUpsergedLast2n3n4DayDown,weekBarHighChangeGT2,brokenToday,",0.4696537919378383,6,3,3
"PCTChangeLT-2,_LTGT3.0_,,,##DOWNTREND:sellMonth3LowBreak,",1.2100632841251997,4,3,1
"PCTChangeGT5,,,,volBuyContinueLast2DayUp-VolUp,##MAPositive_Uptrend(GT4.5),##MA-SMA200LT0SMA100GT0,",-0.6843606977526919,2,1,1
"PCTChangeLT-2,year2High,_HTGT3.0_,,,checkCupDown-3dayDown-mayReversalBuy,volBuyRevarsalVolCrossed,",-2.686914486936192,1,0,1
"PCTChangeLT-3,_LTGT1.5_,,,chisDownTrend-Risky-nearHigh,##(check-chart)buyEMA6<EMA14,zigZagVolCrossedFromUp,",-2.3964211169907794,1,0,1
"PCTChangeGT1,_HTGT3.0__HTGTPCTDayChange_,,,$$MaySell-CheckChart(downTrend-mayReverseLast4DaysUp),##MAPositive_Uptrend(GT1),##MA-SMA200GT0SMA100GT0,",1.730743054084054,1,1,0
"PCTChangeGT0,year2High,_HTGT1.5__HTGTPCTDayChange_,,,%%HLTF-Last2HighTail:(UPTREND)buy(DOWNTREND)sell:HighUpperTailPre-last2DayUp,(Test)MaySellCheckChart-last3DayUp,",3.749995077809973,1,1,0
"PCTChangeLT-8,_HTGT1.5__LTGT3.0_,,,chisRSISellCandidate(yearLow)-lessThanMinus5,##MANegative_Downtrend_(LT-4.5),##MA-SMA200LT0SMA100LT0,",-5.579240238089167,1,0,1
"PCTChangeLT-3,_LTGT1.5_,,,week2BarLowChangeLT-2,",0.1107419712070939,1,1,0
"PCTChangeGT5,year2High,,,,zigZagVolCrossedFromDown,chisBuyConsolidationBreakUp-2week-(Risky)-year2High,week2BarHighChangeGT2,",6.143425851997753,1,1,0
"PCDCLT0PCTChangeGT0,_HTGT3.0__HTGTPCTDayChange_,,,%%HLTF-Risky9:30:maySellTail-tailGT2-7,10thDayGT15,",0.23360848108290758,1,1,0
"PCTChangeGT3,_HTGT1.5_,,,%%HLTF:(DOWNTREND-OR-GLOBALDOWN)maySellTail-tailGT2-2,3,4thDayGT0,weekBarHighChangeGT0,brokenToday,",3.556932319856164,1,1,0
"PCTChangeLT-3,_HTGT1.5_,,,%%HLTF-Last2HighTail:(DOWNTREND)sellHighUpperTailPre,",-1.7978206085121313,1,0,1
"PCTChangeLT-2,,,,volBuyVolumeUpsergedLast2n3DayUp,(GLOBALFUTDOWN-DOWNTRENDMARKET)checkSellConsolidationBreakDown-week2-lowNotReachedWeek3,week2BarLowChangeLT-2,weekLowLTweek2Low,chisDownTrend-Risky-nearHigh,##DOWNTREND:sellYear2HighReversal(InDownTrend),##(Check-chart-buy):month3High-InMinus,ReversalHighMonth3,",-2.386444180433849,1,0,1
"PCTChangeLT-0.5,_HTGT1.5_,,,%%HLTF-Last2HighTail:(DOWNTREND)sellHighUpperTailPre-1,",-0.6559865984360376,5,1,4
"PCTChangeLT-2,_HTGT3.0__HTGTPCTDayChange_,,,vol-buy-DownVol-3dayDown-Week2Low,##MANegative_Downtrend_(LT-2),##MA-SMA200LT0SMA100LT0,",4.1728647224965085,1,1,0
"PCTChangeGT1,_HTGT1.5__LTGT1.5_,,,weekBarHighChangeGT0,brokenToday,",4.861009716856326,1,1,0
"PCTChangeGT2,,,,chisUpTrend-Risky-nearLow,chis-breakoutup-2week,##UPTREND:buyYearLowReversal(Confirm),",2.2750251844580145,1,1,0
"PCTChangeLT-5,,,,chisDownTrend-Risky-nearHigh,##DOWNTREND:sellYear2HighReversal(InDownTrend),##last2DayLow(LT-3)-M3LGT0,chisSellDayLowVolLow-02-checkMorningTrend(.5SL),",7.482993197278924,1,1,0
"PCTChangeGT3,,,,##(Check-chart-sell):month3Low-InPlus,ReversalLowMonth3,chisUpTrend-Risky-nearLow,chisCheckConsolidationBreakoutLT(4.5),checkBuyConsolidationBreakUp-2week,week2BarHighChangeGT0,brokenToday,##UPTREND:buyMonth3LowReversal(Confirm),",-2.4209946057597334,1,0,1
"PCTChangeLT-8,year2Low,,,,maySellHighVolatileDownContinueLT-8,chisRSISellCandidate(yearLow)-lessThanMinus5,",-5.6590872099905285,1,0,1
"PCTChangeLT-0.5,_LTGT3.0_,,,chisSell:Super03-monthLow,",-1.6339868737850463,1,0,1
"PCTChangeGT2,_HTGT1.5__HTGTPCTDayChange_,,,%%HLTF-Last2HighTail:(UPTREND)buy(DOWNTREND)sell:HighUpperTailPre-last2DayUp,%%HLTF:(GLOBAL-SGX-DOWN)maySellTail-2,3,4thDayGT0,MaySellCheckChart-(IndexNotDownInSecondHalf),",1.4249480520252307,1,1,0
"PCDCGT0PCTChangeLT-1,PCDayChange-0.5to0.5,_HTGT1.5__LTGT1.5_,,,%%HLTF-Last2LowTail:(DOWNTREND)sellHighLowerTailPre-1,##MANegative_Downtrend_(GT0),##MA-SMA200LT0SMA100LT0,",3.769226074218751,1,1,0
"PCTChangeGT1,_HTGT1.5_,,,%%HLTF:(GLOBAL-SGX-DOWN)maySellTail-2,3,4thDayGT0,shortUpTrendSellReversal-MonthHigh,",-0.26331094102196184,4,1,3
"PCTChangeLT-3,_HTGT1.5__LTGT1.5_,,,chisSell:Super03-monthLow,",0.2742724777478881,1,1,0
"PCTChangeGT2,,,,weekBarHighChangeGT0,brokenToday,##(Check-chart):year2High-InPlus,",0.20316066589681542,8,4,4
"PCDCGT0PCTChangeLT-1,PCDayChange-0.5to0.5,,,,chisSellFlag2Week-doji-Risky,",0.0839091615084758,5,3,2
"PCTChangeGT2,PCDayChange-0.5to0.5,year2High,_HTGT1.5_,,,shortUpTrendSellReversal-MonthHigh,",1.9207809761670838,1,1,0
"PCTChangeLT-5,_HTGT1.5__LTGT1.5_,,,(GLOBALFUTDOWN-DOWNTRENDMARKET)checkSellConsolidationBreakDown-week2-lowNotReachedWeek3,week2BarLowChangeLT0,",-0.3007107074732054,2,1,1
"PCTChangeGT3,,,,weekBarHighChangeGT2,brokenToday,",-0.030184296745849916,161,74,84
"PCTChangeGT2,,,,weekBarHighChangeGT2,brokenToday,buyYearHigh-0,",0.08153973704497963,2,1,1
"PCTChangeLT-3,_HTGT1.5__HTGTPCTDayChange_,,,weekBarLowChangeLT-2,",-1.0355897008863932,4,1,3
"PCTChangeLT-1,_LTGT3.0_,,,##MANegative_Downtrend_(LT-2),##MA-SMA200LT0SMA100LT0,%%:buyDownTrend-month3Low,",1.6049942208754533,1,1,0
"PCDCGT0PCTDayChangeLT0,,,,(SMA9LT0),buyYearHigh-0,",0.7122087683443117,1,1,0
"PCTChangeGT2,,,,chisCheckConsolidationBreakoutLT(4.5),##(Check-chart)buyMonth3High-Continue,",-0.6172297844616422,3,1,2
"PCTChangeGT5,_LTGT3.0_,,,volumeUpsergedLast2n3n4DayDown,volBuyContinueLast2DayUp-VolUp,##MAPositive_Uptrend(GT4.5),##MA-SMA200GT0SMA100GT0,##last2DayHighGT3-M3HLT0,",-4.325189802950981,1,0,1
"PCTChangeGT3,,,,chisUpTrend-Risky-nearLow,(GLOBALFUTUP-UPTRENDMARKET)checkBuyConsolidationBreakUp-week2-highNotReachedWeek3,week2BarHighChangeGT0,weekHighGTweek2High,brokenToday,",1.3168391871811633,2,2,0
"PCTChangeLT-3,year2Low,_HTGT1.5__LTGT3.0__LTGTPCTDayChange_,,,##last3DayLow(LT-3)-M3LLT0,",-5.692308866060692,1,0,1
"PCTChangeLT-5,,,,maySellHighVolatileDownContinueLT-8,##MAPositive_Uptrend(LT-4.5),##MA-SMA200LT0SMA100GT0,",-1.669011720166089,1,0,1
"PCTChangeLT-1,_LTGT3.0_,,,$$MayBuy-CheckChart(downTrend-mayReverseLast4DaysDown)-Risky,chisBuyYear2Low,",-1.5702491949412447,1,0,1
"PCTChangeLT-0.5,PCDayChange-0.5to0.5,year2Low,,,,shortDownTrendBuyReversal-Month3Low-Doji-Last2DayLTToday,",0.061681323542729934,1,1,0
"PCTChangeGT0.5,PCDayChange-0.5to0.5,_LTGT3.0_,,,chisSellSuper-Risky,-+,",0.2518115024735974,2,1,1
"PCTChangeGT0.5,_HTGT1.5_,,,chisBuyDownTrend-highTail,",0.23733865298410628,1,1,0
"PCTChangeLT-5,,,,maySellHighVolatileDownContinueLT-8,chisSellDayLowVolLow-01,",0.4641314483621817,1,1,0
"PCTChangeGT2,,,,volSellReversalLast2DayUp-VolDown,##buyTenDaysLessThanMinusTen,",2.9666646321614585,1,1,0
"PCTChangeLT-1,_HTGT1.5__LTGT1.5_,,,##(Test):buyRisingMA-uptrend-SMA25gt0,",0.9648795236359903,4,2,2
"PCTChangeGT2,_HTGT1.5__HTGTPCTDayChange_,,,chisUpTrend-Risky-nearLow,",-0.9532831403009586,9,3,6
"PCTChangeGT3,,,,##MANegative_Downtrend_(GT2),##MA-SMA200GT0SMA100LT0,##buyTenDaysLessThanMinusTen,",-2.3321415183622083,3,0,3
"PCTChangeGT3,_HTGT1.5_,,,chisSellYear2LowLT-40-last4DayDown(triggerAfter-9:15),chisBuyUpTrend-1-YearHigh,chisBuyUpTrend-nearLow,chisCheckConsolidationBreakoutLT(4.5),",2.3618075116794914,1,1,0
"PCDCLT0PCTChangeGT0,_LTGT1.5_,,,(Test)MayBuy-CheckChart(upTrend-lastDayDown),##MA-SMA200GT0SMA100GT0,",-3.3835903954476456,1,0,1
"PCTChangeGT3,_LTGT1.5_,,,buyYearHigh-0,",-1.3914731299354495,1,0,1
"PCTChangeGT1,_HTGT1.5_,,,%%HLTF-Last2HighTail:(UPTREND)buy(DOWNTREND)sell:HighUpperTailPre-last2DayUp,##(Check-chart-sell):month3Low-InPlus,ReversalLowMonth3,chisUpTrend-Risky-nearLow,##UPTREND:buyMonth6LowReversal(Confirm),",-3.845946853225287,1,0,1
"PCTChangeGT3,year2Low,_HTGT1.5__LTGT1.5_,,,volBuyVolumeUpsergedLast2n3DayDown,",1.2173948426177503,1,1,0
"PCTChangeLT-5,year2High,,,,volSellContinueLast2DayDown-VolUp,",0.12051814132023435,5,3,2
"PCTChangeGT2,_HTGT1.5_,,,chisSellYear2LowLT-40-last4DayDown(triggerAfter-9:15),",-2.4024066993017614,4,0,4
"PCTChangeGT2,,,,(GLOBALFUTUP-UPTRENDMARKET)checkBuyConsolidationBreakUp-week2-highNotReachedWeek3,week2BarHighChangeGT0,brokenToday,##UPTREND:buyYearLowReversal(Confirm),",-1.2101871952129712,1,0,1
"PCTChangeLT-1,_LTGT1.5_,,,brokenToday,",2.831969901101165,1,1,0
"PCTChangeGT1,PCDayChange-0.5to0.5,_LTGT1.5_,,,%%:checkSell:CupDownDoji,",0.24050941950156698,1,1,0
"PCTChangeLT-3,_HTGT3.0__LTGT3.0__HTGTPCTDayChange_,,,##MANegative_Downtrend_(LT-4.5),##MA-SMA200LT0SMA100LT0,##last2DayLow(LT-3)-M3LLT0,",10.98214285714285,1,1,0
"PCTChangeGT2,_LTGT1.5_,,,##(Check-chart-sell):month3Low-InPlus,ReversalLowMonth3,chisUpTrend-Risky-nearLow,volumeUpsergedLast2n3n4DayDown,##UPTREND:buyMonth3LowReversal(Confirm),",1.7810715372796715,1,1,0
"PCTChangeGT1,,,,week2BarHighChangeGT0,brokenToday,##UPTREND:buyMonth3LowReversal(Confirm),",-3.4455752630987,2,0,2
"PCTChangeLT-3,,,,checkCupDown-2dayDown-mayReversalBuy,chisBuyMay5DayFloorReversal,##DOWNTREND:sellYear2HighReversal(InDownTrend),##(Check-chart-buy):month3High-InMinus,ReversalHighMonth3,",1.4875088817779418,1,1,0
"PCTChangeGT2,year2High,_HTGT3.0__HTGTPCTDayChange_,,,checkCupDown-lastDayUp,",-1.9579419541960452,1,0,1
"PCTChangeGT0.5,,,,chisFinalBreakOutBuyContinue-1-test-atYearLow,",0.13280897242415213,5,3,2
"PCTChangeGT3,,,,##(Check-chart-sell):month3Low-InPlus,ReversalLowMonth3,chisCheckConsolidationBreakoutLT(4.5),weekBarHighChangeGT2,##UPTREND:buyMonth6LowReversal(Confirm),",-0.21247963369396694,1,0,1
"PCTChangeLT-3,_HTGT1.5__LTGT1.5_,,,zigZagVolCrossedFromUp,",2.4472234979961196,3,2,1
"PCTChangeGT0.5,PCDayChange-0.5to0.5,,,,%%:checkSell:Super-Risky,-+,",2.766656625854863,2,2,0
"PCTChangeGT2,_LTGT1.5_,,,##(Check-chart-sell):month3Low-InPlus,ReversalLowMonth3,chisUpTrend-Risky-nearLow,(GLOBALFUTUP-UPTRENDMARKET)checkBuyConsolidationBreakUp-week2-highNotReachedWeek3,week2BarHighChangeGT0,##UPTREND:buyYear2LowReversal(Confirm),",2.436976072167148,1,1,0
"PCTChangeGT1,year2High,,,,%%HLTF:(GLOBAL-SGX-DOWN)maySellTail-2,3,4thDayGT0,",-0.46741344746553676,9,4,5
"PCTChangeGT1,_LTGT1.5_,,,week2BarHighChangeGT0,weekHighGTweek2High,brokenToday,",-1.0163853628809665,1,0,1
"PCTChangeLT-5,_HTGT1.5_,,,vol-buy-DownVol-3dayDown-Week2Low,##MANegative_Downtrend_(LT-2),##MA-SMA200GT0SMA100LT0,chisSellDayLowVolLow-01,",2.6256271368914175,1,1,0
"PCTChangeGT8,year2Low,_HTGT3.0__HTGTPCTDayChange_,,,zigZagVolCrossedFromDown,",3.207412736276495,1,1,0
"PCTChangeLT-0.5,PCDayChange-0.5to0.5,_LTGT1.5_,,,$$MayBuy-CheckChart-baseLine(inuptrend-monthlow)-MHCLT(-10),",-2.3640739735362457,1,0,1
"PCTChangeGT1,_LTGT1.5_,,,volumeUpsergedLast2n3n4DayDown,chisSellFinalContinue-(lastDayUp)-1,buyFinal,",3.230766883263219,1,1,0
"PCTChangeLT-3,_HTGT1.5_,,,##DOWNTREND:sellMonth3HighReversal(InDownTrend),volBuyRevarsalVolCrossed,chisSellDayLowVolLow-03-checkMorningTrend(.5SL),",5.983714462135346,1,1,0
"PCTChangeGT1,,,,##(Check-chart):year2High-InPlus,",0.20593153280625004,104,49,55
"PCTChangeLT-5,_HTGT3.0__LTGT1.5_,,,volSellContinueLast2DayDown-VolUp,##ML:buyRisingMA-down-0,",-2.5087150547147163,1,0,1
"PCTChangeGT2,_HTGT1.5_,,,chisBuyYearHigh-3,",4.1943345017183296,2,2,0
"PCTChangeGT16,,,,##MAPositive_Uptrend(GT4.5),##MA-SMA200LT0SMA100LT0,",-4.923319548406917,2,0,2
"PCTChangeGT1,_HTGT1.5_,,,%%:checkSell:Super2,-+,",0.5060011145381917,1,1,0
"PCTChangeGT0.5,PCDayChange-0.5to0.5,_LTGT1.5_,,,chisSellDowningMA-(check5MinuteDownTrendAndSellDowntrend)-Already10DayDown,chisBuyMorningStar-dayUp,",0.27235705314122904,1,1,0
"PCTChangeGT2,_HTGT1.5_,,,zigZagVolCrossedFromDown,",0.08494591494702682,10,5,5
"PCTChangeLT-3,_LTGT1.5_,,,checkCupDown-2dayDown-mayReversalBuy,##last2DayLow(LT-3)-M3LGT0,",-3.526665682823958,1,0,1
"PCTChangeGT2,_HTGT1.5__LTGT1.5_,,,volumeUpsergedLast2n3n4DayDown,volBuyContinueLast2DayUp-VolUp,chisCheckConsolidationBreakoutLT(4.5),(GLOBALFUTUP-UPTRENDMARKET)checkBuyConsolidationBreakUp-week2-highNotReachedWeek3,week2BarHighChangeGT0,brokenToday,",0.16144905281427543,1,1,0
"PCTChangeLT-2,_HTGT1.5_,,,chisSellFlag2Week-Risky,",1.0676116880643622,1,1,0
"PCTChangeGT2,,,,vol-sell-DownVol-3dayUp-Week2High,weekBarHighChangeGT2,",0.07309876697375502,11,5,6
"PCTChangeLT-3,,,,volumeUpsergedLast2n3n4DayUp,checkSellConsolidationBreakDown-month3HighGTMonth3Low,chisSellDownTrend-nearHigh,##(Check-chart-buy):YearHigh-InMinus,NearHighYear,",2.197929336668547,1,1,0
"PCTChangeLT-8,_HTGT1.5_,,,chisSellDownTrend-nearHigh,",3.052150983751917,1,1,0
"PCTChangeGT3,,,,chisCheckConsolidationBreakoutLT(4.5),weekBarHighChangeGT2,brokenToday,chisBuy-2week-breakoutup(check-chart)(|-|-| or --|),",0.7759015504703938,2,1,1
"PCTChangeLT-5,_HTGT3.0__LTGT3.0__LTGTPCTDayChange_,,,volBuyReversalLast2DayDown-VolUp,##MANegative_Downtrend_(LT-4.5),##MA-SMA200GT0SMA100LT0,",13.448910920516319,1,1,0
"PCTChangeLT-2,_LTGT3.0_,,,##MA-SMA200GT0SMA100LT0,",5.838851992836503,1,1,0
"PCTChangeGT1,_HTGT1.5__HTGTPCTDayChange_,,,(Test)(check-chart-2-3MidCapCross)MaySellCheckChart-Risky,week2BarHighChangeGT0,weekHighGTweek2High,brokenToday,",1.1130896632192182,2,1,1
"PCTChangeGT1,year2High,_HTGT1.5__HTGTPCTDayChange_,,,%%HLTF-Risky9:30:maySellTail-tailGT2-7,10thDayGT15,(Test)(check-chart-2-3MidCapCross)MaySellCheckChart-Risky,%%:sellUpTrend-month3High,",2.386287076971366,2,2,0
"PCTChangeGT2,,,,volBuyContinueLast2DayUp-VolUp,weekBarHighChangeGT2,",1.3843819585372001,2,2,0
"PCTChangeGT2,_HTGT3.0__HTGTPCTDayChange_,,,%%HLTF:maySellTail-tailGT2-7,10thDayGT20,%%HLTF:(UPTREND-GLOBAL/SGX-UP)BuyHighUpperTail-Reversal-7,10thDayGT15-LastDayMarketDown,##RisingMA(check-chart-sell)-MaySellCheckChart,",-1.5312480926513672,1,0,1
"PCTChangeLT-1,PCDayChange-0.5to0.5,_HTGT1.5__LTGT3.0_,,,chisBuyYearHigh-3,",-1.167734691887471,1,0,1
"PCTChangeGT0,PCDayChange-0.5to0.5,_HTGT1.5__LTGT1.5_,,,chisSellDowningMA-(check5MinuteDownTrendAndSellDowntrend)-Already10DayDown,%%HLTF-Last2LowTail:(DOWNTREND)sellHighLowerTailPre-1,",-1.9202759148857993,3,1,2
"PCTChangeGT5,,,,%%ACU:sellReversalLast2DayHighGT4,##last2DayHighGT3-M3HLT0,",-2.828569684709834,1,0,1
"PCTDayChangeLT0,PCDayChange-0.5to0.5,year2High,_HTGT3.0_,,,%%HLTF-Last2HighTail:(DOWNTREND)sellHighUpperTailPre,",-1.3066928278550196,1,0,1
"PCTChangeGT1,_LTGT1.5_,,,##MAPositive_Uptrend(GT1),##MA-SMA200LT0SMA100LT0,",0.20161290322581188,1,1,0
"PCDCLT0PCTChangeGT1,year2Low,_LTGT3.0_,,,buyMorningStar-(checkChart),",-3.7960771961470323,1,0,1
"PCTChangeLT-2,_LTGT1.5_,,,VOL:buy-UpVol-3dayDown-Week2Low,##MANegative_Downtrend_(LT-2),##MA-SMA200LT0SMA100LT0,##DOWNTREND:sellMonth3LowBreak,",2.2880284149300985,1,1,0
"PCTChangeLT-5,,,,maySellAfter10:30HighVolatileDownContinueLT-8-Risky,chisSellDayLowVolLow-0,",-5.705332980260571,1,0,1
"PCTChangeGT0,_HTGT3.0_,,,##MA-SMA200GT0SMA100LT0,",2.921037653957025,1,1,0
"PCTChangeGT5,_HTGT1.5_,,,##MAPositive_Uptrend(GT2),##MA-SMA200GT0SMA100GT0,",-0.2529497596313144,6,2,4
"PCTChangeGT3,_HTGT3.0_,,,##MAPositive_Uptrend(GT2),##MA-SMA200GT0SMA100GT0,##lastDayHighGT5TodayGT1,",3.1057656108216265,1,1,0
"PCTChangeLT-2,PCDayChange-0.5to0.5,_HTGT3.0_,,,%%:checkSell:Super0,",-0.2070694740372558,1,0,1
"PCTChangeLT-2,year2High,_HTGT1.5_,,,volSellVolumeUpsergedLast2n3DayUp,",0.9445032920499525,2,1,1
"PCTChangeLT-1,_HTGT1.5_,,,chisSellFlagWeek-Risky,##(Check-chart-buy):month3High-InMinus,BreakHighMonth3,",-4.83742945910739,1,0,1
"PCTChangeLT-5,_LTGT1.5_,,,checkCupDown-2dayDown-mayReversalBuy,chisDownTrend-Risky-nearHigh,##last2DayLow(LT-3)-M3LGT0,",-4.827932263408561,1,0,1
"PCTChangeGT2,PCDayChange-0.5to0.5,_LTGT3.0_,,,chisBuyDownTrend-Risky-2,",0.7862437855113569,1,1,0
"PCTChangeGT3,_LTGT1.5_,,,checkCupDown-lastDayUp,%%HLTF:(GLOBAL-DOWN)sellHighLowerTail-Reversal-LastDayMarketUp,##buyRisingMAuptrend-(Risky),",3.7087996259084606,1,1,0
"PCDCGT0PCTChangeLT-1,_HTGT3.0__HTGTPCTDayChange_,,,##RisingMA(check-chart-sell)-MaySellCheckChart,",3.692773261806082,2,2,0
"PCTChangeGT3,,,,chisCheckConsolidationBreakout2WeekLT(4.5),",-0.5670338134037597,28,11,17
"PCTChangeLT-2,_LTGT3.0_,,,checkCupDown-near2WeekDown-mayReveresalBuy,(GLOBALFUTDOWN-DOWNTRENDMARKET)checkSellConsolidationBreakDown-week2-lowNotReachedWeek3,week2BarLowChangeLT0,##(Check-chart-buy):month3High-InMinus,ReversalHighMonth3,",-2.8077753779697616,1,0,1
"PCTChangeGT1,_HTGT1.5_,,,volSellVolumeUpsergedLast2n3DayDown,volBuyContinueLast2DayUp-VolUp,",1.5970167473180783,1,1,0
"PCTChangeLT-1,,,,$$MayBuy-CheckChart(monthLow-minimumLast4DayDown),$$MayBuy-CheckChart(downTrend-mayReverseLast4DaysDown)-Risky,",0.27390311469519646,19,11,8
"PCTChangeLT-2,_LTGT1.5_,,,$$MayBuy-CheckChart(monthLow-minimumLast4DayDown),##(Check-chart-buy):month3High-InMinus,ReversalHighMonth3,",-0.6261965970730847,1,0,1
"PCTChangeLT-2,_HTGT1.5_,,,volBuyReversalLast2DayDown-VolDown,checkSellConsolidationBreakDown-month3HighGTMonth3Low,",3.331161429529915,1,1,0
"PCTChangeLT-3,,,,vol-buy-DownVol-3dayDown-Week2Low,##MANegative_Downtrend_(LT-2),##MA-SMA200LT0SMA100LT0,chisBuyDayLowVolLow-03-checkMorningTrend(.5SL)-after10:30,",4.325459192903222,1,1,0
"PCTChangeLT-3,_LTGT3.0_,,,volBuyReversalLast2DayDown-VolDown,(GLOBALFUTDOWN-DOWNTRENDMARKET)checkSellConsolidationBreakDown-week2-lowNotReachedWeek3,week2BarLowChangeLT-2,##last2DayLow(LT-3)-M3LGT0,",0.09873954343563685,1,1,0
"PCDCGT0PCTDayChangeLT0,PCDayChange-0.5to0.5,_HTGT1.5__LTGT1.5_,,,%%:checkSell:Super2,-+,##MANegative_Downtrend_(GT0),##MA-SMA200GT0SMA100LT0,",-3.3244679951642633,1,0,1
"PCTChangeLT-5,_HTGT1.5_,,,(GLOBAL-DOWN)maySellContinueHighVolatileLastDayDOWN-(LT-5),##ML:BuyRisingMA-Risky-1,",-1.0695187165775344,1,0,1
"PCTChangeGT2,,,,chisBuyUpTrend-1-YearHigh,chisUpTrend-Risky-nearLow,volBuyContinueLast2DayUp-VolUp,",1.9019966680551286,1,1,0
"PCTChangeLT-3,,,,##DOWNTREND:sellYearHigh(InDownTrend),%%:checkBuyRevarsalLast3DayDownAtMonth3High,##(Check-chart-buy):month3High-InMinus,NearHighMonth3,",2.278002929687497,1,1,0
"PCTChangeLT-3,_LTGT3.0_,,,##last2DayLow(LT-3)-M3LGT0,",-0.46360333891219896,6,5,1
"PCDCGT0PCTDayChangeLT0,PCDayChange-0.5to0.5,_LTGT3.0_,,,%%HLTF:(GLOBAL-DOWN)sellHighLowerTail-Reversal-LastDayMarketUp,buyPatternsML,",2.477322383919011,1,1,0
"PCTChangeLT-2,,,,%%:checkSell:Flag2Week,volBuyReversalLast2DayDown-VolDown,",-0.5775477248460101,4,1,3
"PCTChangeGT2,_HTGT3.0__LTGT1.5__HTGTPCTDayChange_,,,volumeUpsergedLast2n3n4DayDown,volBuyContinueLast2DayUp-VolUp,##UPTREND:buyYear2Low,",4.967883472711278,1,1,0
"PCTChangeLT-2,_HTGT1.5__HTGTPCTDayChange_,,,(GLOBALFUTDOWN-DOWNTRENDMARKET)checkSellConsolidationBreakDown-week2-lowNotReachedWeek3,week2BarLowChangeLT0,",0.807504364878046,7,4,3
"PCTChangeLT-3,,,,##last2DayLow(LT-3)-M3LLT0,",-0.0926983800578349,19,9,10
"PCTChangeGT5,_LTGT3.0_,,,chisBuyUpTrend-nearLow,##UPTREND:buyYearLowReversal(Confirm),",-8.198157807099655,1,0,1
"PCTChangeGT1,PCDayChange-0.5to0.5,year2High,,,,buyPatternsML,buyPattern-GT1.5-SMAGT0,(SMA9GT0),",1.0814392241325899,1,1,0
"PCTChangeLT-0.5,_HTGT1.5__LTGT1.5_,,,%%:checkSell:Super01-monthLow,$$MayBuyContinue-CheckChart(inUpTrend-monthHigh)-lowTail,",0.5627215011940861,1,1,0
"PCTChangeLT-1,,,,%%:checkSell:Super0,##MANegative_Downtrend_(LT-2),##MA-SMA200LT0SMA100LT0,",-0.4746800354953557,7,3,4
"PCTChangeGT2,_LTGT1.5_,,,chisSellYear2LowLT-40-last4DayDown(triggerAfter-9:15),",-0.42682740746475234,1,0,1
"PCTChangeLT-3,_HTGT1.5__LTGT1.5_,,,volSellContinueLast2DayDown-VolUp,(GLOBALFUTDOWN-DOWNTRENDMARKET)checkSellConsolidationBreakDown-week2-lowNotReachedWeek3,week2BarLowChangeLT0,",3.0490379089485606,1,1,0
"PCTChangeGT1,year2High,_HTGT1.5__HTGTPCTDayChange_,,,%%HLTF-Last2HighTail:(UPTREND)buy(DOWNTREND)sell:HighUpperTailPre-last2DayUp,%%HLTF:(DOWNTREND-OR-GLOBALDOWN)maySellTail-tailGT2-2,3,4thDayGT0,",1.6476222446986748,1,1,0
"PCTDayChangeLT0,,,,%%HLTF-Last2DayMarketDown:(GLOBAL-UP)buyHighUpperTailPre1-Reversal-LastDayMarketDown,##MA-SMA200LT0SMA100LT0,",-1.130135128305746,1,0,1
"PCDCLT0PCTChangeGT0,PCDayChange-0.5to0.5,,,,MayBuyCheckChart-(|`|_|),",0.0017613824675666535,19,8,11
"PCTChangeGT0.5,PCDayChange-0.5to0.5,_LTGT1.5_,,,chisSellDowningMA-(check5MinuteDownTrendAndSellDowntrend)-Already10DayDown,$$MayBuy-CheckChart-baseLine(inuptrend-monthlow)-MHCLT(-10),",-1.6013302360772956,1,0,1
"PCTChangeGT2,year2High,_LTGT3.0_,,,%%HLTF:(GLOBAL-DOWN)sellHighLowerTail-Reversal-LastDayMarketUp,",-2.3998733745111442,6,0,6
"PCTChangeLT-3,_HTGT3.0__LTGT1.5__HTGTPCTDayChange_,,,checkCupDown-inDownTrend-month3HighLTmonth3Low,bar_low,%%HLTF:(UPTREND-MorningTrend-UP)mayBuyTail-highTailGT2-7,10thDayGT10-Last2DayStockDown,chisSellFinalCandidate-4,",3.0255919182758224,1,1,0
"PCTChangeGT1,_LTGT3.0_,,,volumeUpsergedLast2n3n4DayDown,volBuyContinueLast2DayUp-VolUp,",-2.328226643223905,1,0,1
"PCTChangeLT-3,_LTGT3.0_,,,##DOWNTREND:sellYearLowBreak,",-1.824283391200204,5,0,5
"PCTChangeLT-2,,,,chisSellDownTrend-nearHigh,##ML:buyRisingMA-down-Risky,",0.030268594891328965,2,1,1
"PCDCGT0PCTChangeLT-1,_HTGT1.5_,,,##MAPositive_Uptrend(GT0),##MA-SMA200GT0SMA100GT0,",3.6190884961201806,1,1,0
"PCTChangeLT-2,,,,chisSellFlagWeek-Risky,##(Check-chart-buy):month3High-InMinus,ReversalHighMonth3,",-4.4389730107340455,1,0,1
"PCTDayChangeLT0,,,,%%:checkSell:Super0,(GLOBALFUTDOWN-DOWNTRENDMARKET)checkSellConsolidationBreakDown-week2-lowNotReachedWeek3,week2BarLowChangeLT0,weekLowLTweek2Low,chisDownTrend-Risky-nearHigh,",-1.3326530098292884,1,0,1
"PCTChangeGT5,year2High,,,,chisCheckConsolidationBreakoutGT(4.5),",0.562312561562462,7,5,1
"PCTChangeLT-0.5,_HTGT1.5__LTGT3.0__HTGTPCTDayChange__LTGTPCTDayChange_,,,mayBuyFromSellPattern-GT1.8,",3.709870654819408,1,1,0
"PCTChangeLT-1,_LTGT1.5_,,,volumeUpsergedLast2n3n4DayUp,weekBarLowChangeLT0,",-0.1480332449444813,1,0,1
"PCTChangeGT2,_LTGT1.5_,,,volumeUpsergedLast2n3n4DayDown,##buyTenDaysLessThanMinusTen,##UPTREND:buyYearLow,",1.7902813299232698,1,1,0
"PCTChangeLT-3,,,,VOL:buy-UpVol-3dayDown-Week2Low,##MANegative_Downtrend_(LT-4.5),##MA-SMA200LT0SMA100LT0,##DOWNTREND:sellYearLowBreak,",4.426229508196722,1,1,0
"PCTChangeGT5,,,,%%ACU:sellReversalLast2DayHighGT4,chisBuyUpTrend-nearLow,##last2DayHighGT3-M3HLT0,",-5.713838556275839,1,0,1
"PCTChangeGT2,_LTGT1.5_,,,##RisingMA(Test)(check-chart-buy)-1DayUp,",-0.1984475366491965,8,3,5
"PCTChangeLT-2,,,,%%:checkSell:ConsolidationBreakDown(NotShapeA)-2week,volBuyVolumeUpsergedLast2n3DayUp,volSellContinueLast2DayDown-VolUp,checkSellConsolidationBreakDown-2week,week2BarLowChangeLT0,chisDownTrend-Risky-nearHigh,##DOWNTREND:sellMonth6HighReversal(InDownTrend),##(Check-chart-buy):month3High-InMinus,ReversalHighMonth3,",-0.18640082573200462,1,0,1
"PCTChangeLT-3,_HTGT1.5_,,,##DOWNTREND:sellMonth6HighReversal(InDownTrend),##last2DayLow(LT-3)-M3LGT0,%%:checkBuyRevarsalLast3DayDownAtMonth3High,##(Check-chart-buy):month3High-InMinus,ReversalHighMonth3,",-1.4022156601182454,1,0,1
"PCTChangeGT1,_HTGT1.5__HTGTPCTDayChange_,,,%%:checkSell:Super2,%%:sellDowntrend-lastDayUp-ReversalHighTail,(Test)(check-chart-2-3MidCapCross)MaySellCheckChart-Risky,",1.0775992643779726,1,1,0
"PCTChangeLT-5,,,,##MANegative_Downtrend_(LT-2),##MA-SMA200GT0SMA100LT0,##last2DayLow(LT-3)-M3LGT0,",-1.4091857337293998,2,1,1
"PCTChangeLT-1,_HTGT1.5__LTGT1.5__HTGTPCTDayChange__LTGTPCTDayChange_,,,chisDownTrend-Risky-nearHigh,",-0.3000840872781932,16,8,8
"PCTChangeLT-5,,,,##MANegative_Downtrend_(LT-4.5),##MA-SMA200LT0SMA100LT0,##DOWNTREND:sellMonth3LowBreak,",1.8864730548701458,2,2,0
"PCTChangeGT2,,,,volBuyVolumeUpsergedLast2n3DayDown,##(Check-chart)sellMonth3High-Continue,",-1.2027869460591607,1,0,1
"PCTChangeGT2,_LTGT3.0_,,,volumeUpsergedLast2n3n4DayDown,volBuyContinueLast2DayUp-VolUp,",-2.885613464900277,2,0,2
"PCTChangeGT5,,,,chisUpTrend-Risky-nearLow,weekBarHighChangeGT2,brokenToday,",-0.9442855942999658,2,1,1
"PCTChangeLT-3,,,,%%:checkSell:Flag2Week,chisDownTrend-Risky-nearHigh,##ML:sellRisingMA-down-(Risky),",2.799858023398433,1,1,0
"PCTChangeGT3,_LTGT1.5_,,,%%HLTF-Risky:(GLOBAL-DOWN)sellHighLowerTail-Reversal-LastDayMarketUp,(GLOBALFUTUP-UPTRENDMARKET)checkBuyConsolidationBreakUp-week2-highNotReachedWeek3,week2BarHighChangeGT5,weekHighGTweek2High,",2.0631067961165055,1,1,0
"PCTChangeLT-0.5,_HTGT1.5_,,,%%:checkSell:CupDownDoji-lastDayLT(-2)TodayDoji,%%HLTF-Last2HighTail:(DOWNTREND)sellHighUpperTailPre,chisSellDownTrend-nearHigh,",3.4909563849163696,1,1,0
"PCTChangeGT2,,,,buyPatternsML,buyPattern-GT1.5-SMAGT0,(SMA9GT0),",4.119973144136558,5,5,0
"PCDCLT0PCTChangeGT0,PCDayChange-0.5to0.5,_HTGT1.5_,,,%%HLTF-Last2HighTail:(DOWNTREND)sellHighUpperTailPre,%%HLTF-LastDayUp:(DOWNTREND-OR-GLOBALDOWN)MaySellHighTail-LastDayMarketUp,",0.7191082133926129,3,2,1
"PCTDayChangeLT0,PCDayChange-0.5to0.5,_LTGT1.5_,,,%%:check(UPTREND-UPMARKET)Buy(DOWNTRENDTREND-DOWNMARKET)Sell:Super01-monthLow,",0.862692758415407,2,2,0
"PCDCGT0PCTChangeLT-1,PCDayChange-0.5to0.5,_HTGT1.5_,,,##(Test):buyRisingMA-uptrend-SMA25gt0,",1.3325537147370292,1,1,0
"PCTChangeGT2,_HTGT1.5__LTGT3.0_,,,%%HLTF:(GLOBAL-DOWN)sellHighLowerTail-Reversal-LastDayMarketUp,",4.096188904803485,1,1,0
"PCTChangeLT-0.5,_HTGT3.0__LTGT3.0__HTGTPCTDayChange__LTGTPCTDayChange_,,,%%HLTF:(GLOBAL-DOWN)sellHighLowerTail-Reversal-LastDayMarketUp,",-7.471699264814277,1,0,1
"PCTChangeGT1,,,,##(Check-chart-sell):month3Low-InPlus,ReversalLowMonth3,##UPTREND:buyYearLowReversal(Confirm),",-2.901496315410867,1,0,1
"PCTChangeLT-3,_HTGT1.5__LTGT3.0__LTGTPCTDayChange_,,,volBuyReversalLast2DayDown-VolDown,##(Check-chart-buy):month3High-InMinus,ReversalHighMonth3,",0.6432784231085612,1,1,0
"PCTChangeLT-3,,,,(GLOBALFUTDOWN-DOWNTRENDMARKET)checkSellConsolidationBreakDown-week2-lowNotReachedWeek3,week2BarLowChangeLT-2,chisDownTrend-Risky-nearHigh,##(Check-chart-buy):month3High-InMinus,ReversalHighMonth3,##(check-chart)maySell-EMA6-MT-May-LT-EMA14,",-4.776887602829049,1,0,1
"PCTChangeLT-2,,,,checkCupDown-month3HighLTmonth3Low,bar_low,chisDownTrend-Risky-nearHigh,##DOWNTREND:sellYearHigh(InDownTrend),##(Check-chart-buy):month3High-InMinus,BreakHighMonth3,",-0.3486383070608525,2,1,1
"PCTChangeGT0.5,PCDayChange-0.5to0.5,,,,chisFinalBreakOutBuyContinue-1-test-atYearLow,chisFinalBreakOutBuyContinue-0-test-atYearLow,",0.40296524834737557,4,3,1
"PCTChangeGT2,_HTGT1.5_,,,%%HLTF:(DOWNTREND-OR-GLOBALDOWN)maySellTail-tailGT2-2,3,4thDayGT0,",1.067854076377943,8,3,5
"PCTChangeGT3,,,,##(Check-chart-sell):month3Low-InPlus,ReversalLowMonth3,volSellReversalLast2DayUp-VolDown,chisBuyFinalContinueReversal-1,",1.279758271716887,1,1,0
"PCTChangeGT1,_LTGT3.0_,,,%%HLTF-Risky:(GLOBAL-DOWN)sellHighLowerTail-Reversal-LastDayMarketUp,##MAPositive_Uptrend(GT1),##MA-SMA200LT0SMA100LT0,",5.640002441406245,1,1,0
"PCTChangeLT-1,_LTGT3.0_,,,%%HLTF:(SGXNIFTYUP)buyHighLowerTail-Continue,volSellVolumeUpsergedLast2n3DayUp,",0.19850342771718268,1,1,0
"PCDCGT0PCTChangeLT-1,PCDayChange-0.5to0.5,year2High,_HTGT3.0_,,,%%HLTF-Last2HighTail:(UPTREND)buy(DOWNTREND)sell:HighUpperTailPre-last2DayUp,",-1.3425049642405942,3,1,2
"PCTChangeGT0.5,PCDayChange-0.5to0.5,_HTGT3.0_,,,%%HLTF-Last2HighTail:(UPTREND)buy(DOWNTREND)sell:HighUpperTailPre-last2DayUp,%%HLTF:maySellTail-tailGT2-7,10thDayGT20,%%HLTF:(UPTREND-GLOBAL/SGX-UP)BuyHighUpperTail-Reversal-7,10thDayGT15-LastDayMarketDown,##MAPositive_Uptrend(GT0),##MA-SMA200LT0SMA100LT0,",3.8350528048485764,1,1,0
"PCTChangeLT-2,_HTGT1.5_,,,##MANegative_Downtrend_(LT-2),##MA-SMA200GT0SMA100LT0,",0.7352706352313589,5,4,1
"PCTChangeGT1,,,,(GLOBALFUTUP-UPTRENDMARKET)checkBuyConsolidationBreakUp-week2-highNotReachedWeek3,week2BarHighChangeGT2,weekHighGTweek2High,",0.16666235306066365,8,4,4
"PCDCGT0PCTDayChangeLT0,PCDayChange-0.5to0.5,_HTGT1.5_,,,%%:sellDowntrend-lastDayUp-ReversalHighTail,",-0.7253540067009263,11,6,5
"PCTChangeLT-2,_LTGT3.0_,,,checkCupDown-mayReversalBuy,chisBuyFinalContinue-(lastDayUp),",0.356729066275893,1,1,0
"PCTChangeLT-2,_LTGT1.5_,,,$$MayBuy-CheckChart(monthLow-minimumLast4DayDown),##(Check-chart-buy):YearHigh-InMinus,ReversalHighYear,",0.22118619397863482,2,1,1
"PCTChangeGT1,,,,chisUpTrend-Risky-nearLow,buyYearHigh-0,",-0.08241995101132177,3,2,1
"PCTChangeLT-1,,,,checkCupDown-2dayDown-mayReversalBuy,##(Check-chart-buy):month3High-InMinus,ReversalHighMonth3,",-0.252207331539724,16,7,9
"PCTChangeGT1,_HTGT1.5__LTGT1.5__HTGTPCTDayChange__LTGTPCTDayChange_,,,zigZagVolCrossedFromDown,",-1.9717839104945685,1,0,1
"PCTChangeLT-2,year2High,_HTGT1.5_,,,volumeUpsergedLast2n3n4DayUp,",-1.7214625565201245,1,0,1
"PCTChangeLT-3,,,,volBuyVolumeUpsergedLast2n3DayUp,chisDownTrend-Risky-nearHigh,##DOWNTREND:sellMonth6HighReversal(InDownTrend),##(Check-chart-buy):month3High-InMinus,ReversalHighMonth3,",-0.1325034456961666,1,0,1
"PCTChangeLT-0.5,_HTGT1.5__LTGT3.0__HTGTPCTDayChange__LTGTPCTDayChange_,,,%%HLTF:(SGXNIFTYUP)buyHighLowerTail-Continue,##RisingMA(check-chart-buy)-MayBuyCheckChart,",4.266662597656239,1,1,0
"PCTChangeLT-0.5,_LTGT1.5_,,,##MA-SMA200GT0SMA100LT0,",2.07645590516891,4,4,0
"PCTChangeGT5,_HTGT3.0__LTGT1.5__HTGTPCTDayChange_,,,(GLOBALFUTUP-UPTRENDMARKET)checkBuyConsolidationBreakUp-week2-highNotReachedWeek3,week2BarHighChangeGT0,",-3.6005760974897423,1,0,1
"PCTChangeLT-2,,,,chisDownTrend-Risky-nearHigh,##DOWNTREND:sellMonth6HighReversal(InDownTrend),",-0.44539881709431767,3,0,3
"PCTChangeLT-8,year2Low,_LTGT1.5_,,,zigZagVolCrossedFromUp,",1.2922971326443395,2,1,1
"PCTChangeLT-1,PCDayChange-0.5to0.5,_HTGT3.0_,,,%%HLTF-Last2HighTail:(DOWNTREND)sell(UPTREND)buy:HighUpperTailPre,",0.6929705083387313,4,2,2
"PCTChangeLT-3,_HTGT1.5__LTGT3.0__HTGTPCTDayChange__LTGTPCTDayChange_,,,volBuyReversalLast2DayDown-VolUp,",-1.0338826689341785,2,1,1
"PCTChangeGT1,PCDayChange-0.5to0.5,_HTGT1.5__LTGT3.0_,,,chisSellFlagWeek-doji-Risky,",0.010985792200292112,1,1,0
"PCTChangeGT1,,,,%%:checkSellRevarsalLast3DayUpAtMonth3Low,",1.7294389472490665,1,1,0
"PCTChangeLT-3,,,,volSellVolumeUpsergedLast2n3DayUp,(GLOBALFUTDOWN-DOWNTRENDMARKET)checkSellConsolidationBreakDown-week2-lowNotReachedWeek3,week2BarLowChangeLT-2,chisDownTrend-Risky-nearHigh,##(Check-chart-buy):month3High-InMinus,ReversalHighMonth3,##(check-chart)maySell-EMA6-MT-May-LT-EMA14,",-1.543018012337457,1,0,1
"PCTChangeLT-2,,,,chisSell-smallUptrendReversal,chisSellDownTrend-nearHigh,",1.4181304396244498,1,1,0
"PCTChangeLT-2,_HTGT3.0__LTGT3.0__HTGTPCTDayChange_,,,volSellContinueLast2DayDown-VolUp,(GLOBALFUTDOWN-DOWNTRENDMARKET)checkSellConsolidationBreakDown-week2-lowNotReachedWeek3,week2BarLowChangeLT0,weekLowLTweek2Low,",7.666666666666658,1,1,0
"PCTChangeGT1,_LTGT1.5_,,,$$(DOWNTREND-OR-GLOBALDOWN)MaySellContinue-CheckChart(inuptrend-monthlow)-PCTDayChangeGT2,",-2.256857640668247,1,0,1
"PCTChangeLT-5,_HTGT1.5_,,,chisDownTrend-Risky-nearHigh,",-1.2784496347175491,10,3,7
"PCTChangeGT2,,,,chisBuyDownTrend-Risky-1,",-0.9986815352551875,7,2,5
"PCTChangeLT-3,_LTGT1.5_,,,chisSellDayLowVolLow-01,",5.646173365505068,1,1,0
"PCTChangeGT3,_HTGT3.0__HTGTPCTDayChange_,,,%%:sellUpTrend-month3High,week2BarHighChangeGT0,##MAPositive_Uptrend(GT1),##MA-SMA200GT0SMA100GT0,",-0.400628827590826,1,0,1
"PCTChangeLT-3,,,,(GLOBALFUTDOWN-DOWNTRENDMARKET)checkSellConsolidationBreakDown-week2-lowNotReachedWeek3,week2BarLowChangeLT-2,weekLowLTweek2Low,chisDownTrend-Risky-nearHigh,##DOWNTREND:sellYear2HighReversal(InDownTrend),##(Check-chart-buy):month3High-InMinus,ReversalHighMonth3,",-0.9881972343596152,2,1,1
"PCTChangeGT3,_HTGT3.0__LTGT1.5__HTGTPCTDayChange__LTGTPCTDayChange_,,,volSellRevarsalVolCrossed,",4.224137931034471,1,1,0
"PCTChangeEQ0,_HTGT1.5__LTGT1.5_,,,%%:checkSell:FlagWeek,",-1.269534211314705,1,0,1
"PCTChangeGT5,_LTGT1.5_,,,zigZagVolCrossedFromDown,chisUpTrend-Risky-nearLow,",3.6755634284362118,1,1,0
"PCTChangeGT1,,,,week2BarHighChangeGT0,brokenToday,buyYearHigh-0,",0.2894113913158206,4,2,2
"PCTChangeLT-2,,,,weekBarLowChangeLT0,brokenToday,(SMA9LT0),##longDownTrend-1-IndexNotDownLastDay(checkBase),",-4.029432461785923,1,0,1
"PCTChangeLT-1,_LTGT1.5_,,,checkCupDown-3dayDown,",0.11673010228288405,2,1,1
"PCTChangeGT2,,,,volBuyContinueLast2DayUp-VolUp,chisCheckConsolidationBreakoutLT(4.5),weekBarHighChangeGT2,brokenToday,",-1.9391769232118952,2,0,2
"PCTChangeGT2,_HTGT1.5__HTGTPCTDayChange_,,,weekBarHighChangeGT0,brokenToday,",0.9918396177759843,3,2,1
"PCTChangeGT0.5,,,,shortUpTrendBuyContinue-Doji-Last2DayGTToday,##MAPositive_Uptrend(GT0),##MA-SMA200LT0SMA100LT0,",1.4067995310668209,1,1,0
"PCDCLT0PCTChangeGT0,_HTGT1.5__LTGT1.5_,,,##MAPositive_Uptrend(LT0),##MA-SMA200LT0SMA100GT0,",3.549188500384124,1,1,0
"PCTChangeGT5,,,,(GLOBALFUTUP-UPTRENDMARKET)checkBuyConsolidationBreakUp-week2-highNotReachedWeek3,week2BarHighChangeGT0,chisBuy-2week-breakoutup(check-chart)(|-|-| or --|),",2.4667800248556584,1,1,0
"PCTChangeLT-1,_LTGT1.5_,,,(Test)MayBuyCheckChart-last3DayDown,$$MayBuy-CheckChart(downTrend-mayReverseLast4DaysDown),buyMorningStar-(checkChart),",-1.4765080189544884,1,0,1
"PCTChangeLT-3,,,,checkCupDown-2dayDown-mayReversalBuy,##DOWNTREND:sellYear2HighReversal(InDownTrend),",-0.5483556195579821,1,0,1
"PCTChangeGT2,_HTGT1.5_,,,VOL:sell-DownVol-3dayUp-Week2Low,",5.693254529332811,1,1,0
"PCTChangeLT-3,_HTGT1.5_,,,VOL:sell(GLOBALFUTUP-GLOBALMARKETUP)Buy-UpVol-3dayDown-Week2High,",0.6407722516834345,5,4,1
"PCTChangeLT-0.5,PCDayChange-0.5to0.5,_HTGT3.0_,,,%%HLTF:maySellTail-tailGT2-allDayGT0,%%HLTF:(UPTREND-GLOBAL/SGX-UP)BuyHighUpperTail-Reversal-7,10thDayGT15-LastDayMarketDown,##buyYear2LowMovingSMA,",0.600796981408215,1,1,0
"PCTChangeGT1,_HTGT3.0__HTGTPCTDayChange_,,,%%HLTF-Last2HighTail:(UPTREND)buy(DOWNTREND)sell:HighUpperTailPre-last2DayUp,##RisingMA(check-chart-sell)-MaySellCheckChart,",1.2675178336468247,1,1,0
"PCTChangeLT-1,PCDayChange-0.5to0.5,_LTGT3.0_,,,buyYearHigh-0,",-1.548393800441069,1,0,1
"PCTChangeLT-0.5,_HTGT3.0_,,,%%:checkSell:CupDownDoji-lastDayLT(-2)TodayDoji,%%HLTF-Last2HighTail:(DOWNTREND)sellHighUpperTailPre,",0.6031726655505902,1,1,0
"PCTChangeLT-3,,,,(GLOBALFUTDOWN-DOWNTRENDMARKET)checkSellConsolidationBreakDown-week2-lowNotReachedWeek3,week2BarLowChangeLT-2,##DOWNTREND:sellYearLowBreak,",4.47826219641644,1,1,0
"PCTChangeGT5,_LTGT3.0_,,,%%HLTF-Risky:(GLOBAL-DOWN)sellHighLowerTail-Reversal-LastDayMarketUp,##MAPositive_Uptrend(GT2),##MA-SMA200LT0SMA100GT0,",0.2584005647723414,1,1,0
"PCTChangeLT-2,_HTGT3.0__LTGT1.5__HTGTPCTDayChange__LTGTPCTDayChange_,,,##(Check-chart-buy):month3High-InMinus,ReversalHighMonth3,",-1.353019767342658,2,0,2
"PCTChangeGT3,,,,%%:sellUpTrend-month3High,##lastDayHighGT5TodayGT1,",-5.835510731988409,1,0,1
"PCTChangeGT8,_HTGT1.5__LTGT3.0__LTGTPCTDayChange_,,,##MAPositive_Uptrend(GT4.5),##MA-SMA200GT0SMA100GT0,",7.269500643966873,1,1,0
"PCTChangeGT0.5,PCDayChange-0.5to0.5,year2High,_LTGT3.0_,,,%%HLTF-Last2DayMarketUp:(GLOBAL-DOWN)sellHighLowerTail-Reversal-LastDayMarketUp,",-3.2413482077662974,1,0,1
"PCTChangeLT-3,,,,volBuyVolumeUpsergedLast2n3DayUp,volSellContinueLast2DayDown-VolUp,chisDownTrend-Risky-nearHigh,##DOWNTREND:sellMonth6HighReversal(InDownTrend),##(Check-chart-buy):month6High-InMinus,ReversalHighMonth6,",-0.14492532481317044,1,0,1
"PCTChangeLT-3,year2High,_HTGT3.0__HTGTPCTDayChange_,,,%%HLTF:(UPTREND-MorningTrend-UP)mayBuyTail-highTailGT2-7,10thDayGT10-Last2DayStockDown,volSellContinueLast2DayDown-VolUp,##sellTenDaysMoreThanTen,",1.1674502690351114,1,1,0
"PCTChangeLT-3,,,,chisSellFinalCandidate-(lastDayUp),sellFinal,chisSellDownTrend-nearHigh,##(Check-chart-buy):month6High-InMinus,NearHighMonth6,",0.8944045149813892,1,1,0
"PCTChangeLT-1,_LTGT1.5_,,,volumeUpsergedLast2n3n4DayUp,weekBarLowChangeLT0,brokenToday,",5.358813922404803,1,1,0
"PCTChangeLT-2,_HTGT1.5__LTGT1.5_,,,$$MayBuyContinue-CheckChart(inUpTrend-monthHigh)-lowTail,##(Check-chart-sell)Month3Low-Continue(InUpTrend),ReversalLowMonth3,",0.38804809958511893,1,1,0
"PCTChangeGT1,_HTGT1.5__LTGT1.5_,,,%%:checkSell:CupDownDoji,",2.3839983211525557,3,2,1
"PCTChangeGT5,year2High,_HTGT3.0__LTGT1.5__HTGTPCTDayChange_,,,%%HLTF-Last2HighTail:(UPTREND)buy(DOWNTREND)sell:HighUpperTailPre-last2DayUp,",-2.6508972597467197,1,0,1
"PCDCGT0PCTDayChangeLT0,_HTGT1.5_,,,checkCupDown-lastDayUp,",2.0013929436655284,2,2,0
"PCTChangeGT8,year2Low,_LTGT3.0_,,,chisSellYear2LowLT-40-last4DayDown(triggerAfter-9:15),",-1.9141301488300873,4,2,2
"PCTChangeGT0,_HTGT1.5__HTGTPCTDayChange_,,,(Test)(check-chart-2-3MidCapCross)MaySellCheckChart-Risky,(Test)MaySell-CheckChart(downTrend-lastDayUp),",-1.037114589593109,1,0,1
"PCTChangeLT-1,_HTGT3.0__HTGTPCTDayChange_,,,##sellRisingMA,",7.515153981218435,1,1,0
"PCTChangeLT-1,_HTGT1.5_,,,volBuyReversalLast2DayDown-VolDown,##(Check-chart-buy):month3High-InMinus,NearHighMonth3,",4.369884018909224,1,1,0
"PCTChangeLT-16,_LTGT3.0_,,,VOL:sellAboveTail-BuyAtClose:upVol3dayDownWeek2Low-highLowerTail,##MANegative_Downtrend_(LT-4.5),##MA-SMA200LT0SMA100LT0,",-13.559322033898297,1,0,1
"PCTChangeGT1,,,,shortUpTrendSellReversal-Month3High-Doji-Last2DayGTToday,",1.025741313095192,7,5,2
"PCTChangeGT0.5,,,,chisSellDowningMA-(check5MinuteDownTrendAndSellDowntrend)-Already10DayDown,(SMA9LT0),",-1.0760670966069539,3,1,2
"PCTChangeLT-2,_LTGT1.5_,,,checkCupDown-3dayDown-mayReversalBuy,",0.9152620107888649,1,1,0
"PCTChangeLT-2,,,,volBuyReversalLast2DayDown-VolDown,##DOWNTREND:sellYearLowBreak,",-1.622046793177452,1,0,1
"PCTChangeLT-1,,,,volBuyReversalLast2DayDown-VolDown,(GLOBALFUTDOWN-DOWNTRENDMARKET)checkSellConsolidationBreakDown-week2-lowNotReachedWeek3,week2BarLowChangeLT0,weekLowLTweek2Low,##(Check-chart-buy):month3High-InMinus,ReversalHighMonth3,",1.2502594626595207,2,1,1
"PCTChangeLT-3,year2Low,_HTGT3.0__LTGT1.5__HTGTPCTDayChange__LTGTPCTDayChange_,,,%%:buyDownTrend-month3Low,",8.73066530561474,1,1,0
"PCTChangeGT1,_HTGT3.0_,,,chisBuyUpTrend-nearLow,",1.3582101335370307,1,1,0
"PCTChangeLT-1,,,,chisSell:Super03-monthLow,volBuyReversalLast2DayDown-VolDown,",-0.5734603876299155,6,2,4
"PCTChangeGT0.5,,,,(SMA9GT0),",0.0967790518666903,6,3,3
"PCTChangeLT-0.5,PCDayChange-0.5to0.5,_HTGT1.5_,,,chisSellSuper-Risky,--,%%HLTF-LastDayUp:(DOWNTREND-OR-GLOBALDOWN)MaySellHighTail-LastDayMarketUp,",-0.5638876548956152,2,1,1
"PCTChangeGT0,_HTGT1.5__LTGT3.0__HTGTPCTDayChange__LTGTPCTDayChange_,,,##MAPositive_Uptrend(GT1),##MA-SMA200GT0SMA100GT0,",0.30863637345778816,1,1,0
"PCTChangeGT5,_HTGT3.0__HTGTPCTDayChange_,,,sellEveningStar-0,chisCheckConsolidationBreakoutLT(4.5),(GLOBALFUTUP-UPTRENDMARKET)checkBuyConsolidationBreakUp-week2-highNotReachedWeek3,week2BarHighChangeGT2,weekHighGTweek2High,",-0.5999695368563068,1,0,1
"PCTChangeGT1,_HTGT1.5_,,,##MA-SMA200LT0SMA100GT0,",-0.6906017625188365,1,0,1
"PCTChangeGT2,_HTGT1.5__LTGT1.5__HTGTPCTDayChange_,,,%%HLTF-Last2HighTail:(UPTREND)buy(DOWNTREND)sell:HighUpperTailPre-last2DayUp,",4.896551724137936,1,1,0
"PCTChangeGT3,_LTGT1.5_,,,volSellVolumeUpsergedLast2n3DayDown,week2BarHighChangeGT0,brokenToday,",-0.45351934215820894,1,0,1
"PCTChangeLT-3,year2High,_HTGT3.0__HTGTPCTDayChange_,,,volSellContinueLast2DayDown-VolUp,",1.2284653378841026,1,1,0
"PCTChangeLT-3,,,,(Test)MayBuy-CheckChart(upTrend-lastDayDown),",-0.7903937262468642,11,7,4
"PCTChangeLT-3,,,,%%:checkSell:ConsolidationBreakDown(NotShapeA)-2week,checkSellConsolidationBreakDown-2week,week2BarLowChangeLT-2,weekLowLTweek2Low,brokenToday,chisDownTrend-Risky-nearHigh,##(Check-chart-buy):YearHigh-InMinus,ReversalHighYear,",0.5872483221476476,1,1,0
"PCTChangeLT-2,,,,%%:checkSell:Super01-monthLow,volBuyReversalLast2DayDown-VolDown,##ML:buyRisingMA-down-Risky,",-1.5339472096138418,1,0,1
"PCTChangeGT1,_LTGT1.5_,,,shortUpTrendBuyContinue-Doji-Last2DayGTToday,##MAPositive_Uptrend(GT0),##MA-SMA200GT0SMA100GT0,",1.464128206928612,1,1,0
"PCTChangeGT0.5,_LTGT3.0_,,,%%HLTF:(GLOBAL-DOWN)sellHighLowerTail-Reversal-LastDayMarketUp,##RisingMA(Test)(check-chart-buy)-1DayUp,##MAPositive_Uptrend(GT1),##MA-SMA200LT0SMA100LT0,",-0.6578210545813288,1,0,1
"PCTChangeLT-2,,,,##DOWNTREND:sellYearHigh(InDownTrend),##(Check-chart-buy):month3High-InMinus,NearHighMonth3,",-0.6370737109110656,9,3,6
"PCTChangeGT12,_HTGT1.5_,,,chisUpTrend-Risky-nearLow,##(check-chart)sellEMA6>EMA14,",4.822697199828236,1,1,0
"PCTChangeLT-3,year2High,_HTGT1.5__LTGT1.5_,,,chisSellTrend-lowTail,",-0.33670033670033667,1,0,1
"PCTChangeLT-2,,,,checkCupDown-2dayDown-mayReversalBuy,##DOWNTREND:sellMonth6HighReversal(InDownTrend),##(Check-chart-buy):month6High-InMinus,ReversalHighMonth6,##(check-chart)maySell-EMA6-MT-May-LT-EMA14,",-0.412841236919438,1,0,1
"PCTChangeLT-3,PCDayChange-0.5to0.5,_HTGT3.0_,,,%%:checkSell:Super0,##MA-SMA200LT0SMA100LT0,",-4.166666666666671,1,0,1
"PCTChangeGT0,PCDayChange-0.5to0.5,_HTGT3.0_,,,##MANegative_Downtrend_(GT0),##MA-SMA200GT0SMA100GT0,",-6.366701244813278,1,0,1
"PCTDayChangeLT0,_HTGT3.0__HTGTPCTDayChange_,,,%%:checkSell:Super01-monthLow,",-1.9770802497135223,1,0,1
"PCTChangeLT-3,_HTGT1.5_,,,(GLOBALFUTDOWN-DOWNTRENDMARKET)checkSellConsolidationBreakDown-week2-lowNotReachedWeek3,week2BarLowChangeLT0,chisDownTrend-Risky-nearHigh,",-2.2442471786806424,1,0,1
"PCTChangeGT0,PCDayChange-0.5to0.5,year2High,_HTGT1.5_,,,%%HLTF-Risky9:30:maySellTail-tailGT2-7,10thDayGT15,",0.5642268969532666,4,4,0
"PCTChangeLT-3,_LTGT1.5_,,,MayBuyCheckChart-(IndexNotUpInSecondHalf),",-1.2894324723648143,7,2,5
"PCTChangeLT-3,,,,checkCupDown-2dayDown-mayReversalBuy,vol-buy-DownVol-3dayDown-Week2Low,",3.3533910525769572,1,1,0
"PCTDayChangeLT0,PCDayChange-0.5to0.5,_HTGT1.5_,,,%%HLTF-Last2HighTail:(DOWNTREND)sell(UPTREND)buy:HighUpperTailPre,%%HLTF:(UPTREND-MorningTrend-UP)mayBuyTail-highTailGT2-7,10thDayGT10-Last2DayStockDown,",-2.8705806940909113,1,0,1
"PCTChangeLT-1,_LTGT1.5_,,,volBuyReversalLast2DayDown-VolDown,##(Check-chart-buy):month3High-InMinus,ReversalHighMonth3,",-1.1664490947918655,5,2,3
"PCTChangeLT-2,,,,(GLOBALFUTDOWN-DOWNTRENDMARKET)checkSellConsolidationBreakDown-week2-lowNotReachedWeek3,week2BarLowChangeLT0,##longDownTrend-1-IndexNotDownLastDay(checkBase),",0.7638931274414179,1,1,0
"PCTChangeLT-1,,,,weekBarLowChangeLT0,##(Check-chart-buy):month3High-InMinus,ReversalHighMonth3,",-0.026531268890699514,28,14,14
"PCTChangeLT-5,,,,volumeUpsergedLast2n3n4DayUp,chisDownTrend-Risky-nearHigh,##DOWNTREND:sellYear2HighReversal(InDownTrend),",1.2162182782147448,1,1,0
"PCTChangeLT-3,_LTGT1.5_,,,chisDownTrend-Risky-nearHigh,##DOWNTREND:sellMonth3HighReversal(InDownTrend),##(Check-chart-buy):month3High-InMinus,ReversalHighMonth3,",7.687306545235408,2,2,0
"PCTChangeGT1,_HTGT3.0_,,,%%:sellDowntrend-lastDayUp-ReversalHighTail,",2.7705606428566583,2,2,0
"PCTChangeGT5,_HTGT3.0_,,,%%HLTF-Last2HighTail:(UPTREND)buy(DOWNTREND)sell:HighUpperTailPre-last2DayUp,VOL:buyBelowTail-SellAtClose:upVol3dayUpWeek2High-highUpperTail,##MAPositive_Uptrend(GT4.5),##MA-SMA200GT0SMA100GT0,",1.560480669953892,1,1,0
"PCDCGT0PCTDayChangeLT0,PCDayChange-0.5to0.5,year2High,_HTGT3.0_,,,%%HLTF-Risky9:30:maySellTail-tailGT2-7,10thDayGT15,",-1.748707655113994,4,1,3
"PCTChangeGT3,_LTGT1.5_,,,(GLOBALFUTUP-UPTRENDMARKET)checkBuyConsolidationBreakUp-week2,brokenToday,",0.613885928348951,1,1,0
"PCTChangeGT0.5,,,,maySellFromBuyPattern-LT-1.8,",-3.0518838262995236,5,0,5
"PCTChangeLT-3,,,,checkSellConsolidationBreakDown-month3HighGTMonth3Low,##ML:sellRisingMA-down-(Risky),",-2.000448194781307,1,0,1
"PCTChangeGT5,_HTGT3.0__LTGT3.0_,,,volBuyContinueLast2DayUp-VolUp,##MAPositive_Uptrend(GT4.5),##MA-SMA200GT0SMA100GT0,",-2.1911412272088997,2,1,1
"PCTChangeLT-2,,,,volBuyVolumeUpsergedLast2n3DayUp,checkSellConsolidationBreakDown-2week,week2BarLowChangeLT0,brokenToday,chisDownTrend-Risky-nearHigh,##(Check-chart-buy):YearHigh-InMinus,ReversalHighYear,",0.5589623911274846,1,1,0
"PCTChangeLT-3,,,,##last2DayLow(LT-3)-M3LGT0,##(Check-chart-buy):YearHigh-InMinus,NearHighYear,",-1.4538198403648726,1,0,1
"PCTChangeGT3,,,,(GLOBALFUTUP-UPTRENDMARKET)checkBuyConsolidationBreakUp-week2-highNotReachedWeek3,week2BarHighChangeGT2,brokenToday,##(check-chart)mayBuy-EMA6-LT-May-MT-EMA14,",-1.9405685887150104,2,0,2
"PCTChangeGT2,_HTGT1.5__LTGT1.5_,,,##(Check-chart)buyMonth3High-Continue,",1.2010889372146167,1,1,0
"PCTChangeGT2,_LTGT1.5_,,,chisSellFinalContinue-(lastDayDown)-1,buyFinal,",1.8996238203429245,2,2,0
"PCTChangeLT-3,,,,##DOWNTREND:sellYearHigh(InDownTrend),##last2DayLow(LT-3)-M3LGT0,##(Check-chart-buy):YearHigh-InMinus,NearHighYear,",0.7919021444172798,1,1,0
"PCTChangeLT-2,,,,chisDownTrend-Risky-nearHigh,##DOWNTREND:sellYearHigh(InDownTrend),##(Check-chart-buy):month3High-InMinus,NearHighMonth3,##(check-chart)maySell-EMA6-MT-May-LT-EMA14,",-0.10280145662967478,1,0,1
"PCTChangeLT-3,,,,volSellContinueLast2DayDown-VolUp,(GLOBALFUTDOWN-DOWNTRENDMARKET)checkSellConsolidationBreakDown-week2-lowNotReachedWeek3,week2BarLowChangeLT-2,##DOWNTREND:sellYear2HighReversal(InDownTrend),##(Check-chart-buy):month3High-InMinus,ReversalHighMonth3,",3.212811836043006,1,1,0
"PCTChangeLT-2,_HTGT1.5_,,,chisSell-smallUptrendReversal,",-1.054368575577524,5,3,2
"PCTChangeGT2,,,,volBuyContinueLast2DayUp-VolUp,##(Check-chart):year2High-InPlus,",-1.6652437316539093,1,0,1
"PCTDayChangeLT0,PCDayChange-0.5to0.5,_LTGT3.0_,,,%%HLTF-Last2DayMarketUp:(GLOBAL-DOWN)sellHighLowerTail-Reversal-LastDayMarketUp,",1.033547091030145,1,1,0
"PCTChangeLT-2,,,,vol-buy-DownVol-3dayDown-Week2Low,(GLOBALFUTDOWN-DOWNTRENDMARKET)checkSellConsolidationBreakDown-month,weekBarLowChangeLT-2,",-1.748644845044782,1,0,1
"PCTChangeGT1,_HTGT1.5__LTGT3.0__LTGTPCTDayChange_,,,##MAPositive_Uptrend(GT2),##MA-SMA200GT0SMA100GT0,",0.6552383352054136,1,1,0
"PCTChangeLT-1,_LTGT1.5_,,,checkSellConsolidationBreakDown-month3HighGTMonth3Low,chisSellDownTrend-nearHigh,##(Check-chart-buy):YearHigh-InMinus,NearHighYear,",-1.0504080211393167,1,0,1
"PCTChangeLT-3,_HTGT1.5_,,,##ML:BuyRisingMA-Risky-0,##MAPositive_Uptrend(LT-4.5),##MA-SMA200LT0SMA100LT0,",3.7004551353266364,1,1,0
"PCTChangeLT-2,_LTGT1.5_,,,##DOWNTREND:sellMonth6HighReversal(InDownTrend),##(Check-chart-buy):month6High-InMinus,ReversalHighMonth6,",0.6412837102504035,4,3,1
"PCTChangeLT-3,year2Low,,,,##last2DayLow(LT-3)-M3LLT0,chisBuyYear2Low,BreakLowYear2,",6.484339352602039,2,2,0
"PCTDayChangeLT0,_HTGT3.0__LTGT1.5__HTGTPCTDayChange_,,,%%:checkSell:Super01-monthLow,",3.707862882578414,1,1,0
"PCTChangeLT-0.5,_LTGT3.0_,,,%%:checkSell:Flag2Week,",0.23881637177561194,1,1,0
"PCTChangeLT-2,year2High,_LTGT3.0_,,,checkCupDown-2dayDown,%%HLTF:(GLOBAL-UP)buyHighLowerTail-StockInUptrend,",-2.187215444629304,1,0,1
"PCTChangeGT5,,,,(GLOBALFUTUP-UPTRENDMARKET)checkBuyConsolidationBreakUp-week2-highNotReachedWeek3,week2BarHighChangeGT2,",-0.6519801050384155,5,1,4
"PCTChangeLT-2,_HTGT1.5__HTGTPCTDayChange_,,,weekBarLowChangeLT-2,brokenToday,",-2.075705976303638,2,1,1
"PCTChangeGT2,_LTGT1.5_,,,##(Check-chart-sell):month3Low-InPlus,NearLowMonth3,chisUpTrend-Risky-nearLow,",4.240882048591413,1,1,0
"PCTChangeGT5,_LTGT1.5_,,,%%ACU:sellReversalLast2DayHighGT4,##MAPositive_Uptrend(GT4.5),##MA-SMA200GT0SMA100GT0,##last2DayHighGT3-M3HGT0,",6.881074912667108,1,1,0
"PCTChangeGT0,PCDayChange-0.5to0.5,,,,chisSellFlagWeek-doji-Risky,",0.32407357160938655,25,12,13
"PCTChangeGT3,_HTGT1.5_,,,chisSellYear2LowLT-40-last4DayDown(triggerAfter-9:15),chisBuyUpTrend-nearLow,",1.0067114093959755,1,1,0
"PCTChangeLT-0.5,_HTGT3.0__LTGT3.0__HTGTPCTDayChange__LTGTPCTDayChange_,,,##MA-SMA200LT0SMA100GT0,",-0.4651142513237161,1,0,1
"PCTChangeGT1,year2High,,,,shortUpTrendSellReversal-MonthHigh,",0.9333132632627713,25,18,7
"PCTChangeGT5,_HTGT3.0__HTGTPCTDayChange_,,,sellEveningStar-0,##MANegative_Downtrend_(GT2),##MA-SMA200LT0SMA100LT0,(SMA9LT0),maySellFromBuyPattern-LT-1.8,",-10.480638603737301,1,0,1
"PCTChangeGT2,_HTGT1.5_,,,##(Check-chart-sell):month3Low-InPlus,ReversalLowMonth3,volBuyVolumeUpsergedLast2n3DayDown,",0.4305645881773969,1,1,0
"PCDCGT0PCTChangeLT-1,PCDayChange-0.5to0.5,_LTGT3.0_,,,buyYearHigh-0,",3.021300786488955,1,1,0
"PCTChangeGT1,_HTGT1.5__LTGT3.0__HTGTPCTDayChange__LTGTPCTDayChange_,,,(SMA9LT0),",3.4165552250375577,1,1,0
"PCTChangeGT1,year2High,_HTGT3.0_,,,%%HLTF-Last2HighTail:(UPTREND)buy(DOWNTREND)sell:HighUpperTailPre-last2DayUp,",1.1533207730047517,4,2,2
"PCTChangeGT1,_HTGT1.5__LTGT1.5__HTGTPCTDayChange__LTGTPCTDayChange_,,,shortUpTrendSellReversal-MonthHigh-Doji-Last2DayGTToday,",-2.4202269017409233,1,0,1
"PCTChangeLT-2,_HTGT1.5__LTGT3.0_,,,(SMA9LT0),",-2.380951264809494,1,0,1
"PCTChangeGT5,_HTGT1.5__LTGT1.5_,,,zigZagVolCrossedFromDown,##MAPositive_Uptrend(GT2),##MA-SMA200GT0SMA100GT0,",-0.09410559327222506,2,1,1
"PCTChangeLT-2,,,,zigZagVolCrossedFromUp,##(Check-chart-buy):YearHigh-InMinus,NearHighYear,",-1.0463537782526389,1,0,1
"PCTChangeLT-3,,,,volBuyReversalLast2DayDown-VolDown,chisSellDownTrend-nearHigh,##(Check-chart-buy):month3High-InMinus,NearHighMonth3,",-1.547237866108258,3,0,3
"PCTChangeGT3,_HTGT1.5_,,,%%HLTF:(DOWNTREND-OR-GLOBALDOWN)maySellTail-tailGT2-2,3,4thDayGT0,##last3DayHighGT3-M3HLT0,",-3.5547745542065154,1,0,1
"PCTChangeLT-2,year2High,_LTGT1.5_,,,%%HLTF:(GLOBAL-DOWN)sellHighLowerTail-Reversal-LastDayMarketUp,volSellVolumeUpsergedLast2n3DayUp,volSellContinueLast2DayDown-VolUp,",0.14917247991031857,1,1,0
"PCTChangeGT3,_HTGT1.5__HTGTPCTDayChange_,,,volSellRevarsalVolCrossed,",-0.8596534059758962,1,0,1
"PCTDayChangeLT0,PCDayChange-0.5to0.5,_LTGT1.5_,,,%%HLTF:(SGXNIFTYUP)buyHighLowerTail-Continue,",0.03566129846596292,3,2,1
"PCTChangeLT-0.5,_HTGT1.5_,,,##buyYear2LowMovingSMA,",1.7021754484181646,4,3,1
"PCTChangeLT-3,,,,chisSellDownTrend-nearHigh,##DOWNTREND:sellYearHigh(InDownTrend),##last2DayLow(LT-3)-M3LGT0,##(Check-chart-buy):month3High-InMinus,NearHighMonth3,",-1.2682621659222686,1,0,1
"PCTChangeLT-3,_HTGT1.5_,,,weekBarLowChangeLT-2,##DOWNTREND:sellYear2HighReversal(InDownTrend),##(Check-chart-buy):month3High-InMinus,ReversalHighMonth3,",0.06683982882019257,2,1,1
"PCTChangeLT-3,,,,sellPatternsML,chisDownTrend-Risky-nearHigh,##(Check-chart-buy):month3High-InMinus,NearHighMonth3,",-1.018104103601433,1,0,1
"PCTChangeGT0.5,_HTGT1.5__HTGTPCTDayChange_,,,%%:sellDowntrend-lastDayUp-ReversalHighTail,(Test)(check-chart-2-3MidCapCross)MaySellCheckChart-Risky,",-1.6078879394795291,2,0,2
"PCTChangeGT2,year2High,_HTGT1.5_,,,shortUpTrendSellReversal-MonthHigh,week2BarHighChangeGT0,",-2.5371630907767555,1,0,1
"PCTChangeLT-0.5,_HTGT1.5_,,,%%:sellDowntrend-lastDayDown-ReversalHighTail,%%HLTF-LastDayUp:(DOWNTREND-OR-GLOBALDOWN)MaySellHighTail-LastDayMarketUp,",2.0875651882998283,1,1,0
"PCTChangeGT0,PCDayChange-0.5to0.5,_LTGT1.5_,,,%%:checkSell:Super2,-+,",-0.12224555210400692,4,2,2
"PCTChangeLT-3,,,,checkCupDown-near2WeekDown-mayReveresalBuy,sellPatternsML,",-4.070857246929313,1,0,1
"PCDCLT0PCTChangeGT1,_HTGT1.5__LTGT3.0__LTGTPCTDayChange_,,,##MA-SMA200LT0SMA100LT0,",20.15999755859375,1,1,0
"PCTChangeLT-3,,,,vol-buy-DownVol-3dayDown-Week2Low,##MANegative_Downtrend_(LT-4.5),##MA-SMA200LT0SMA100LT0,chisBuyDayLowVolLow-03-checkMorningTrend(.5SL)-after10:30,",-0.8792953537474604,1,0,1
"PCTChangeGT2,_HTGT3.0__HTGTPCTDayChange_,,,checkBuyConsolidationBreakout-allPreLT0,##(Check-chart)ML:buyMonth3High-Continue,",-2.0420674796389156,1,0,1
"PCTChangeLT-0.5,year2Low,_HTGT3.0__LTGT3.0_,,,volSellContinueLast2DayDown-VolUp,",0.5882337981579351,1,1,0
"PCTChangeGT2,_LTGT3.0_,,,##MA-SMA200LT0SMA100LT0,",-3.339029947916656,1,0,1
"PCTChangeGT1,_HTGT3.0__LTGT3.0__HTGTPCTDayChange__LTGTPCTDayChange_,,,%%:sellDowntrend-lastDayUp-ReversalHighTail,",-7.021920171611723,1,0,1
"PCDCGT0PCTDayChangeLT0,PCDayChange-0.5to0.5,_HTGT1.5__LTGT1.5_,,,chisSellSuper-Risky,-+,",-2.5494518908825405,1,0,1
"PCTChangeLT-2,_LTGT1.5_,,,buyMorningStar-HighLowerTail,",-0.4476569445575369,6,3,3
"PCTChangeLT-1,_HTGT1.5__LTGT1.5_,,,(SMA9LT0),",-0.8086253369272237,1,0,1
"PCTChangeGT16,,,,chisSellYear2LowLT-40-last4DayDown(triggerAfter-9:15),",13.230124369898705,1,1,0
"PCTChangeGT3,,,,chisBuyConsolidationBreakUp-2week-(Risky)-year2High,week2BarHighChangeGT2,brokenToday,",0.7428588867187471,1,1,0
"PCTDayChangeLT0,PCDayChange-0.5to0.5,_HTGT1.5__LTGT1.5_,,,shortDownTrendBuyReversal-Month3Low-Doji-Last2DayLTToday,",1.5048573318036969,1,1,0
"PCTChangeGT2,,,,checkBuyConsolidationBreakUp-month3HighLTMonth3Low,",0.05452247266432201,6,3,3
"PCTChangeLT-1,,,,chisSellFlagWeek-Risky,volSellContinueLast2DayDown-VolUp,##(Check-chart-buy):month3High-InMinus,ReversalHighMonth3,",-0.8625513624121176,2,1,1
"PCTChangeGT5,,,,##ML:sellRisingMAuptrend-1,",2.3614882017752445,1,1,0
"PCTChangeLT-1,PCDayChange-0.5to0.5,_HTGT3.0__LTGT1.5_,,,##MAPositive_Uptrend(LT0),##MA-SMA200LT0SMA100GT0,",-2.3584905660377236,1,0,1
"PCTChangeLT-2,,,,volSellContinueLast2DayDown-VolUp,(GLOBALFUTDOWN-DOWNTRENDMARKET)checkSellConsolidationBreakDown-week2-lowNotReachedWeek3,week2BarLowChangeLT-2,weekLowLTweek2Low,##(Check-chart-buy):month3High-InMinus,ReversalHighMonth3,##(check-chart)maySell-EMA6-MT-May-LT-EMA14,",3.493237935309055,1,1,0
"PCTChangeGT5,,,,weekBarHighChangeGT2,brokenToday,##MAPositive_Uptrend(GT4.5),##MA-SMA200GT0SMA100GT0,##last2DayHighGT3-M3HGT0,",0.34615541115785253,1,1,0
"PCTChangeGT5,_HTGT1.5_,,,%%HLTF-Last2HighTail:(UPTREND)buy(DOWNTREND)sell:HighUpperTailPre-last2DayUp,chisBuyDayHighVolLow-0,vol-sell-DownVol-3dayUp-Week2High,##MAPositive_Uptrend(GT2),##MA-SMA200GT0SMA100GT0,",-0.8699562679304274,1,0,1
"PCTChangeGT12,_HTGT3.0_,,,chisSellYear2LowLT-40-last4DayDown(triggerAfter-9:15),chisBuyUpTrend-nearLow,",-8.152173719887735,1,0,1
"PCTChangeLT-3,_HTGT3.0__LTGT1.5__HTGTPCTDayChange_,,,chisDownTrend-Risky-nearHigh,##(Check-chart-buy):YearHigh-InMinus,ReversalHighYear,",2.910069471415506,1,1,0
"PCTChangeGT5,_HTGT1.5__LTGT1.5_,,,(GLOBALFUTUP-UPTRENDMARKET)checkBuyConsolidationBreakUp-week2-highNotReachedWeek3,week2BarHighChangeGT0,##last2DayHighGT3-M3HLT0,",-2.6618336705846994,2,0,2
"PCTChangeLT-5,_HTGT3.0__LTGT1.5_,,,##MANegative_Downtrend_(LT-2),##MA-SMA200GT0SMA100LT0,",-4.763922663905809,1,0,1
"PCDCGT0PCTDayChangeLT0,_HTGT1.5_,,,%%HLTF-Last2HighTail:(DOWNTREND)sellHighUpperTailPre-1,buyPattern-GT1.5-SMAGT0,(SMA9GT0),",3.7084135794281283,1,1,0
"PCTChangeLT-0.5,_HTGT1.5_,,,%%HLTF-LastDayUp:(DOWNTREND-OR-GLOBALDOWN)MaySellHighTail-LastDayMarketUp,%%HLTF:(UPTREND-MorningTrend-UP)mayBuyTail-highTailGT2-7,10thDayGT10-Last2DayStockDown,",-2.292774259455374,1,0,1
"PCTChangeGT3,_HTGT3.0_,,,##MANegative_Downtrend_(GT4.5),##MA-SMA200GT0SMA100GT0,",2.648304970593427,1,1,0
"PCTChangeLT-2,_HTGT1.5_,,,%%:check(UPTREND-UPMARKET)Buy(DOWNTRENDTREND-DOWNMARKET)Sell:Super01-monthLow,weekBarLowChangeLT0,brokenToday,",-3.0091018676757724,1,0,1
"PCTChangeGT5,_HTGT3.0_,,,%%HLTF-Last2HighTail:(UPTREND)buy(DOWNTREND)sell:HighUpperTailPre-last2DayUp,##MAPositive_Uptrend(GT4.5),##MA-SMA200LT0SMA100LT0,",6.358026575159142,1,1,0
"PCTChangeLT-3,_HTGT3.0__LTGT3.0__LTGTPCTDayChange_,,,##MANegative_Downtrend_(LT-4.5),##MA-SMA200LT0SMA100LT0,",-0.661478176274601,1,0,1
"PCTChangeLT-5,_HTGT3.0__LTGT1.5_,,,chisDownTrend-Risky-nearHigh,",5.257197146612989,1,1,0
"PCTChangeGT3,,,,VOL:sell-DownVol-3dayUp-Week2Low,chisBuyFinalContinueReversal-1,",0.017448289349066354,1,1,0
"PCTChangeGT1,_LTGT3.0_,,,$$MaySellContinue-CheckChart(inuptrend-monthlow)-PCTDayChangeGT2,",-4.513516812711148,1,0,1
"PCTChangeGT2,_HTGT1.5_,,,volumeUpsergedLast2n3n4DayDown,volBuyContinueLast2DayUp-VolUp,##UPTREND:buyYear2LowReversal(Confirm),",-0.4827108051070399,1,0,1
"PCTChangeGT2,_HTGT1.5_,,,chisUpTrend-Risky-nearLow,chisCheckConsolidationBreakoutLT(4.5),##UPTREND:buyYear2LowReversal(Confirm),",-2.952725497159091,1,0,1
"PCTChangeLT-2,,,,chisDownTrend-Risky-nearHigh,##ML:BuyRisingMA-Risky-0,",-1.905917232598306,2,0,2
"PCTChangeGT3,year2High,,,,volumeUpsergedLast2n3n4DayDown,weekBarHighChangeGT2,brokenToday,",-0.5668839373317414,4,2,2
"PCTChangeLT-3,_LTGT1.5_,,,chisBuy-smallUptrendContinue,",4.11363775079899,1,1,0
"PCTChangeGT1,_LTGT1.5_,,,week2BarHighChangeGT2,weekHighGTweek2High,chisBuyYearHigh-3,",-0.5595880221826509,1,0,1
"PCTChangeGT2,,,,chisBuyUpTrend-1,chisCheckConsolidationBreakoutLT(4.5),",2.328911912797072,1,1,0
"PCTChangeLT-2,_LTGT1.5_,,,vol-buy-DownVol-3dayDown-Week2Low,",-0.07556071439074026,3,2,1
"PCTChangeLT-2,_HTGT3.0__HTGTPCTDayChange_,,,volSellVolumeUpsergedLast2n3DayUp,chisSellDownTrend-nearHigh,##(Check-chart-buy):month3High-InMinus,NearHighMonth3,",-1.932344190422001,1,0,1
"PCTChangeLT-2,year2High,_HTGT1.5_,,,%%HLTF-Last2HighTail:(DOWNTREND)sellHighUpperTailPre,chisSellUpTrend-highTail,",-0.8403970621833368,2,0,2
"PCTChangeLT-1,,,,volBuyReversalLast2DayDown-VolDown,chisSellDownTrend-nearHigh,##(Check-chart-buy):month3High-InMinus,NearHighMonth3,",1.329943270795542,5,3,2
"PCTChangeLT-1,year2High,_LTGT1.5_,,,(Test)MayBuy-CheckChart(upTrend-lastDayDown),",-0.5567867211307295,6,3,3
"PCTChangeGT0,,,,%%:checkBuyContinue:CupDownDoji,",0.126277199036725,1,1,0
"PCTChangeLT-3,_LTGT1.5_,,,chisDownTrend-Risky-nearHigh,##DOWNTREND:sellYearHighReversal(InDownTrend),##(Check-chart-buy):YearHigh-InMinus,ReversalHighYear,",2.358103023144221,1,1,0
"PCTChangeLT-1,,,,volSellContinueLast2DayDown-VolUp,##(Check-chart-buy):month3High-InMinus,BreakHighMonth3,",0.6115024790569231,6,5,1
"PCTChangeGT1,PCDayChange-0.5to0.5,_HTGT1.5_,,,%%HLTF:maySellTail-tailGT2-7,10thDayGT20,",-0.2371528381364368,5,2,3
"PCTChangeLT-1,_HTGT1.5__LTGT1.5_,,,##buyYear2LowMovingSMA,",-4.1747572815533935,1,0,1
"PCTChangeGT2,_HTGT3.0_,,,%%HLTF:maySellTail-tailGT2-7,10thDayGT20,%%HLTF:(UPTREND-GLOBAL/SGX-UP)BuyHighUpperTail-Reversal-7,10thDayGT15-LastDayMarketDown,##RisingMA(check-chart-sell)-MaySellCheckChart,",-3.3766213949624597,1,0,1
"PCTChangeLT-1,_LTGT3.0_,,,volumeUpsergedLast2n3n4DayUp,volSellContinueLast2DayDown-VolUp,chisSellDownTrend-nearHigh,##(Check-chart-buy):YearHigh-InMinus,NearHighYear,",1.7987493403382304,1,1,0
"PCTChangeLT-5,,,,(GLOBALFUTDOWN-DOWNTRENDMARKET)checkSellConsolidationBreakDown-week2-lowNotReachedWeek3,week2BarLowChangeLT-2,%%:checkBuyRevarsalLast3DayDownAtMonth3High,",1.7620500311793894,1,1,0
"PCTChangeLT-3,,,,(SMA9LT0),",-0.8438506671048163,5,0,5
"PCTChangeLT-3,_HTGT1.5_,,,vol-buy-DownVol-3dayDown-Week2Low,chisRSISellCandidate(yearLow)-lessThanMinus5,##last3DayLow(LT-3)-M3LLT0,chisBuyDayLowVolLow-01,",7.128127205295763,1,1,0
"PCTChangeGT0,,,,chisSellFlagWeek-doji-Risky,chisSellSMA4Reversal,",1.1783502299924558,1,1,0
"PCTChangeGT3,,,,volBuyVolumeUpsergedLast2n3DayDown,(GLOBALFUTUP-UPTRENDMARKET)checkBuyConsolidationBreakUp-week2-highNotReachedWeek3,week2BarHighChangeGT0,weekHighGTweek2High,brokenToday,",-1.5930142483292369,1,0,1
"PCTChangeGT1,PCDayChange-0.5to0.5,year2High,_HTGT1.5_,,,%%HLTF-Risky9:30:maySellTail-tailGT2-7,10thDayGT15,",1.5884966004598853,2,2,0
"PCTChangeLT-3,_HTGT3.0__LTGT1.5__HTGTPCTDayChange_,,,volBuyReversalLast2DayDown-VolUp,##DOWNTREND:sellYear2HighReversal(InDownTrend),##last2DayLow(LT-3)-M3LGT0,##(Check-chart-buy):month3High-InMinus,ReversalHighMonth3,",0.8283548687227953,1,1,0
"PCTChangeGT0.5,PCDayChange-0.5to0.5,_HTGT1.5_,,,%%HLTF-Last2HighTail:(UPTREND)buy(DOWNTREND)sell:HighUpperTailPre-last2DayUp,##MAPositive_Uptrend(GT0),##MA-SMA200GT0SMA100GT0,",-2.059510834209458,1,0,1
"PCTChangeGT1,_LTGT3.0_,,,buyMorningStar-(checkChart),",-0.7401618087035784,9,2,7
"PCDCGT0PCTChangeLT-1,_LTGT3.0_,,,(SMA9LT0),",-2.862497965494807,1,0,1
"PCTChangeLT-2,,,,volSellContinueLast2DayDown-VolUp,##(Check-chart-buy):month3High-InMinus,ReversalHighMonth3,",-1.3026126800526892,10,1,9
"PCTDayChangeLT0,year2High,_HTGT1.5_,,,%%HLTF-Last2HighTail:(DOWNTREND)sell(UPTREND)buy:HighUpperTailPre,",1.5254421269662586,3,2,1
"PCTChangeGT2,,,,chisUpTrend-Risky-nearLow,##RisingMA(Test)(check-chart-buy)-2DayUp,",-1.390150337583074,4,1,3
"PCTChangeGT3,,,,weekBarHighChangeGT2,##UPTREND:buyMonth3LowReversal(Confirm),",-0.08322513807731345,1,0,1
"PCTChangeGT2,_HTGT3.0_,,,volSellReversalLast2DayUp-VolDown,",-0.15497632197806283,1,0,1
"PCTChangeGT5,_HTGT3.0_,,,chisBuyUpTrend-nearLow,",0.7297545014621082,2,1,0
"PCTChangeGT2,year2High,,,,volBuyContinueLast2DayUp-VolUp,weekBarHighChangeGT0,brokenToday,",0.4868100599399359,1,1,0
"PCTChangeLT-0.5,_LTGT1.5_,,,shortDownTrendSellContinue-Doji-Last2DayLTToday,",-0.16723917496901083,7,5,2
"PCTChangeGT5,_HTGT1.5_,,,chisCheckConsolidationBreakoutGT(4.5),weekBarHighChangeGT2,brokenToday,",1.6016878814876905,2,1,1
"PCTChangeLT-3,,,,volBuyReversalLast2DayDown-VolDown,(GLOBALFUTDOWN-DOWNTRENDMARKET)checkSellConsolidationBreakDown-week2-lowNotReachedWeek3,week2BarLowChangeLT-2,weekLowLTweek2Low,##(Check-chart-buy):month3High-InMinus,ReversalHighMonth3,",-0.7523693053035597,1,0,1
"PCTChangeGT2,,,,chisBuyUpTrend-nearLow,##UPTREND:buyYearLowReversal(Confirm),",1.5252947693021437,4,3,1
"PCTDayChangeLT0,,,,chisSell:Super03-monthLow,",-0.2067774222040726,82,36,46
"PCTChangeGT1,_HTGT1.5_,,,MaySellCheckChart-(IndexNotDownInSecondHalf),(GLOBALFUTUP-UPTRENDMARKET)checkBuyConsolidationBreakUp-week2-highNotReachedWeek3,week2BarHighChangeGT0,",-0.9918937841601371,1,0,1
"PCTChangeGT3,_HTGT1.5__HTGTPCTDayChange_,,,chisSellFinalContinue-(lastDayUp)-1,",-0.5730611420760618,1,0,1
"PCTChangeGT5,,,,chisUpTrend-Risky-nearLow,chisCheckConsolidationBreakoutGT(4.5),##UPTREND:buyYear2LowReversal(Confirm),",0.33936651583709854,1,1,0
"PCTChangeGT5,_HTGT3.0__HTGTPCTDayChange_,,,sellEveningStar-0,(GLOBALFUTUP-UPTRENDMARKET)checkBuyConsolidationBreakUp-week2-highNotReachedWeek3,week2BarHighChangeGT0,brokenToday,",0.7748312034354321,1,1,0
"PCDCGT0PCTChangeLT-1,_HTGT1.5_,,,%%:checkSellRevarsalLast3DayUpAtMonth3Low,",-4.054970735344272,1,0,1
"PCTChangeGT1,_HTGT1.5__LTGT3.0__LTGTPCTDayChange_,,,##(Check-chart-sell):month3Low-InPlus,BreakLowMonth3,volumeUpsergedLast2n3n4DayDown,",2.900232121239047,1,1,0
"PCTChangeGT2,_LTGT3.0_,,,chisBuyDownTrend-Risky-1,",-0.5857757610922135,1,0,1
"PCTChangeLT-1,_LTGT3.0_,,,volBuyReversalLast2DayDown-VolDown,chisDownTrend-Risky-nearHigh,",-4.439623145620984,1,0,1
"PCDCGT0PCTDayChangeLT0,_HTGT1.5_,,,(Test)MaySell-CheckChart(downTrend-lastDayUp),",-0.23192546814117782,8,3,5
"PCTChangeLT-3,,,,%%HLTF-Last2DayMarketDown:(GLOBAL-UP)buyHighUpperTailPre1-Reversal-LastDayMarketDown,(GLOBALFUTDOWN-DOWNTRENDMARKET)checkSellConsolidationBreakDown-week2-lowNotReachedWeek3,week2BarLowChangeLT0,##(Check-chart-buy):month3High-InMinus,ReversalHighMonth3,",0.8625817965496767,1,1,0
"PCTChangeLT-2,_HTGT1.5_,,,VOL:sell(GLOBALFUTUP-GLOBALMARKETUP)Buy-UpVol-3dayDown-Week2High,##(Check-chart-buy):month3High-InMinus,ReversalHighMonth3,",0.3433437360575763,2,1,1
"PCTChangeLT-0.5,PCDayChange-0.5to0.5,_HTGT1.5_,,,%%:checkSell:CupDownDoji-lastDayLT(-2)TodayDoji,",-0.13505212612308828,1,0,1
"PCTChangeGT1,_HTGT1.5__HTGTPCTDayChange_,,,%%:sellUpTrend-month3High,chisCheckConsolidationBreakout2WeekLT(4.5),",1.686599950470993,1,1,0
"PCTChangeLT-1,_LTGT3.0_,,,checkCupDown-near2WeekDown-mayReveresalBuy,volSellContinueLast2DayDown-VolUp,(GLOBALFUTDOWN-DOWNTRENDMARKET)checkSellConsolidationBreakDown-week2-lowNotReachedWeek3,week2BarLowChangeLT0,##(Check-chart-buy):month3High-InMinus,ReversalHighMonth3,",-4.5235018817313986,1,0,1
"PCTChangeGT1,_HTGT1.5__LTGT1.5_,,,chisSellDowningMA-(check5MinuteDownTrendAndSellDowntrend),",0.7941642612322284,2,1,1
"PCTChangeLT-2,_LTGT1.5_,,,checkCupDown-3dayDown-mayReversalBuy,volBuyRevarsalVolCrossed,",-0.17973457286560457,1,0,1
"PCTChangeGT2,,,,(GLOBALFUTUP-UPTRENDMARKET)checkBuyConsolidationBreakUp-week2-highNotReachedWeek3,week2BarHighChangeGT0,weekHighGTweek2High,brokenToday,chisBuy-2week-breakoutup(check-chart)(|-|-| or --|),##(check-chart)mayBuy-EMA6-LT-May-MT-EMA14,",-6.216409081616881,1,0,1
"PCTChangeGT0,,,,week2BarHighChangeGT0,weekHighGTweek2High,",-1.5321807010600543,2,0,2
"PCTChangeGT2,year2Low,,,,volBuyVolumeUpsergedLast2n3DayDown,",0.19053393741180097,1,1,0
"PCTChangeGT3,_HTGT1.5__HTGTPCTDayChange_,,,##MAPositive_Uptrend(GT2),##MA-SMA200GT0SMA100GT0,",0.766821977634839,1,1,0
"PCTChangeLT-3,_LTGT1.5_,,,chisSellDownTrend-nearHigh,##last2DayLow(LT-3)-M3LGT0,",-2.188546381215498,1,0,1
"PCTChangeGT16,_HTGT3.0_,,,%%HLTF-Last2HighTail:(UPTREND)buy(DOWNTREND)sell:HighUpperTailPre-last2DayUp,##MAPositive_Uptrend(GT4.5),##MA-SMA200LT0SMA100LT0,",-10.680767352764423,1,0,1
"PCTChangeGT1,_HTGT1.5__LTGT3.0__HTGTPCTDayChange__LTGTPCTDayChange_,,,chisSellDowningMA-(check5MinuteDownTrendAndSellDowntrend)-Already10DayDown,",0.468606559481235,4,2,2
"PCTChangeGT5,_LTGT1.5_,,,chisSellYear2LowLT-40-last3DayDown(triggerAfter-9:15),%%HLTF-Risky:(GLOBAL-DOWN)sellHighLowerTail-Reversal-LastDayMarketUp,",-7.49156209978369,1,0,1
"PCTChangeLT-1,_HTGT3.0__LTGT1.5__HTGTPCTDayChange_,,,(GLOBALFUTDOWN-DOWNTRENDMARKET)checkSellConsolidationBreakDown-week2-lowNotReachedWeek3,week2BarLowChangeLT0,weekLowLTweek2Low,chisDownTrend-Risky-nearHigh,##(Check-chart-buy):month3High-InMinus,ReversalHighMonth3,",-2.1143908233161914,1,0,1
"PCTChangeLT-3,_LTGT3.0_,,,volSellVolumeUpsergedLast2n3DayUp,(GLOBALFUTDOWN-DOWNTRENDMARKET)checkSellConsolidationBreakDown-week2-lowNotReachedWeek3,week2BarLowChangeLT0,chisDownTrend-Risky-nearHigh,",1.8676488539751857,1,1,0
"PCTDayChangeLT0,,,,##sellSMA25GT10,##buyYear2LowMovingSMA,",-3.0276088999559256,2,0,2
"PCTChangeGT3,,,,(Test)sellHeavyUpTrend-Reversal-1,weekBarHighChangeGT2,brokenToday,",0.5979782111487414,1,1,0
"PCTChangeGT2,_HTGT1.5_,,,brokenToday,",0.5746293789889231,1,1,0
"PCTChangeLT-2,,,,volBuyReversalLast2DayDown-VolDown,##DOWNTREND:sellYearHigh(InDownTrend),##(Check-chart-buy):month3High-InMinus,NearHighMonth3,",-3.210778010100467,1,0,1
"PCTChangeGT8,year2Low,_HTGT1.5_,,,chisSellYear2LowLT-40-last4DayDown(triggerAfter-9:15),",-2.4277195402312706,3,1,2
"PCTChangeGT2,,,,VOL:sell-UpVol-3dayUp-Week2High,(GLOBALFUTUP-UPTRENDMARKET)checkBuyConsolidationBreakUp-week2-highNotReachedWeek3,week2BarHighChangeGT0,brokenToday,",-3.191489361702124,1,0,1
"PCTChangeLT-2,_LTGT1.5_,,,%%HLTF:(GLOBAL-DOWN)sellHighLowerTail-Reversal-LastDayMarketUp,volSellContinueLast2DayDown-VolUp,chisSellDownTrend-nearHigh,##(Check-chart-buy):month3High-InMinus,NearHighMonth3,",-0.6261221453747648,1,0,1
"PCTChangeLT-3,_HTGT1.5__HTGTPCTDayChange_,,,%%HLTF-Last2HighTail:(DOWNTREND)sellHighUpperTailPre,",1.8824136934154325,3,2,1
"PCTChangeGT0.5,_HTGT3.0_,,,chisBuyUpTrend-nearLow,",0.032896744577512536,1,1,0
"PCTChangeLT-3,_HTGT1.5__LTGT1.5_,,,chisBuy-smallUptrendContinue,chisDownTrend-Risky-nearHigh,",-1.7949483983567625,1,0,1
"PCTChangeGT1,_HTGT3.0__HTGTPCTDayChange_,,,%%HLTF:(DOWNTREND-OR-GLOBALDOWN)maySellTail-tailGT2-2,3,4thDayGT0,##RisingMA(check-chart-sell)-MaySellCheckChart,",0.10075277673561561,2,1,1
"PCTChangeGT2,year2High,_HTGT1.5__LTGT3.0__LTGTPCTDayChange_,,,%%HLTF:(GLOBAL-DOWN)sellHighLowerTail-Reversal-LastDayMarketUp,",3.911707092570719,1,1,0
"PCTChangeGT3,,,,chisSellYear2LowLT-40-last4DayDown(triggerAfter-9:15),##UPTREND:buyYear2LowReversal(Confirm),",-0.6880340037959257,2,1,1
"PCTChangeGT3,,,,volumeUpsergedLast2n3n4DayDown,volBuyContinueLast2DayUp-VolUp,##last2DayHighGT3-M3HLT0,",1.1897248590642173,1,1,0
"PCTChangeLT-1,_LTGT3.0_,,,volBuyRevarsalVolCrossed,##(Check-chart-buy):month3High-InMinus,ReversalHighMonth3,",-1.7957709011837246,1,0,1
"PCTChangeGT3,_HTGT3.0__LTGT1.5__HTGTPCTDayChange_,,,chisSellYear2LowLT-40-last4DayDown(triggerAfter-9:15),",3.4076471996914894,1,1,0
"PCTChangeGT1,,,,volumeUpsergedLast2n3n4DayDown,(GLOBALFUTUP-UPTRENDMARKET)checkBuyConsolidationBreakUp-week2-highNotReachedWeek3,week2BarHighChangeGT0,brokenToday,",1.6827891979040634,1,1,0
"PCDCLT0PCTChangeGT1,PCDayChange-0.5to0.5,_HTGT3.0__LTGT3.0_,,,##MANegative_Downtrend_(LT0),##MA-SMA200LT0SMA100LT0,",-14.549568636171111,1,0,1
"PCTChangeLT-2,_HTGT1.5_,,,##(Check-chart-buy):YearHigh-InMinus,NearHighYear,",0.7507006118850669,3,2,1
"PCTChangeLT-1,,,,checkCupDown-upTrendLastDayDown-mayReversalBuy,chisSellDownTrend-nearHigh,",-2.1803308705814635,1,0,1
"PCTChangeGT2,_LTGT1.5_,,,week2BarHighChangeGT0,weekHighGTweek2High,",-1.0757600418245081,1,0,1
"PCTChangeGT3,,,,##(Check-chart-sell):month3Low-InPlus,ReversalLowMonth3,chisUpTrend-Risky-nearLow,(GLOBALFUTUP-UPTRENDMARKET)checkBuyConsolidationBreakUp-week2-highNotReachedWeek3,week2BarHighChangeGT2,##UPTREND:buyMonth3LowReversal(Confirm),",0.7201406845423666,2,1,1
"PCTChangeGT0,_LTGT3.0_,,,%%HLTF:(SGXNIFTYUP)buyHighLowerTail-Continue,##MA-SMA200LT0SMA100GT0,",-0.29216756088251095,1,0,1
"PCTChangeLT-12,_LTGT3.0_,,,chisDownTrend-Risky-nearHigh,##MANegative_Downtrend_(LT-4.5),##MA-SMA200GT0SMA100LT0,",-6.161312990162739,1,0,1
"PCTChangeGT5,year2High,_HTGT1.5_,,,volumeUpsergedLast2n3n4DayDown,volBuyContinueLast2DayUp-VolUp,",-1.3663938748278237,1,0,1
"PCTChangeLT-2,_HTGT1.5__HTGTPCTDayChange_,,,volBuyReversalLast2DayDown-VolUp,##ML:buyRisingMA-down-Risky,",-0.3392363128138085,1,0,1
"PCTChangeLT-2,,,,(GLOBALFUTDOWN-DOWNTRENDMARKET)checkSellConsolidationBreakDown-week2-lowNotReachedWeek3,week2BarLowChangeLT0,weekLowLTweek2Low,##DOWNTREND:sellMonth3HighReversal(InDownTrend),##(Check-chart-buy):month3High-InMinus,ReversalHighMonth3,",1.7915102123389253,1,1,0
"PCTChangeGT1,_HTGT3.0__LTGT3.0__HTGTPCTDayChange__LTGTPCTDayChange_,,,volBuyContinueLast2DayUp-VolUp,",-3.9572261647148643,1,0,1
"PCTChangeGT5,_HTGT1.5_,,,##last3DayHighGT3-M3HLT0,",1.7000862742864795,3,3,0
"PCTDayChangeLT0,_LTGT1.5_,,,%%HLTF:(GLOBAL-DOWN)sellHighLowerTail-Reversal-LastDayMarketUp,(Test)(check-chart-2-3MidCapCross)MayBuyCheckChart-Risky,",4.236787337176135,1,1,0
"PCTChangeGT8,_HTGT3.0__LTGT3.0__LTGTPCTDayChange_,,,##MAPositive_Uptrend(GT4.5),##MA-SMA200GT0SMA100GT0,",2.364945685726479,1,1,0
"PCTChangeGT3,,,,##(Check-chart-sell):month3Low-InPlus,ReversalLowMonth3,chisUpTrend-Risky-nearLow,volumeUpsergedLast2n3n4DayDown,##UPTREND:buyMonth3LowReversal(Confirm),##last2DayHighGT3-M3HLT0,",4.215487239406332,1,1,0
"PCTChangeGT3,,,,chisCheckConsolidationBreakoutLT(4.5),weekBarHighChangeGT0,brokenToday,",-0.2638652819408235,2,1,1
"PCTChangeGT2,_HTGT1.5_,,,%%HLTF-Last2HighTail:(UPTREND)buy(DOWNTREND)sell:HighUpperTailPre-last2DayUp,%%:sellUpTrend-month3High,vol-sell-DownVol-3dayUp-Week2High,##MAPositive_Uptrend(GT2),##MA-SMA200GT0SMA100GT0,",-0.4105553948634513,1,0,1
"PCTChangeLT-3,,,,chisDownTrend-Risky-nearHigh,##DOWNTREND:sellMonth3HighReversal(InDownTrend),##last2DayLow(LT-3)-M3LGT0,##(Check-chart-buy):month3High-InMinus,ReversalHighMonth3,",2.4161114788695572,1,1,0
"PCTChangeLT-1,_HTGT1.5__LTGT1.5__HTGTPCTDayChange_,,,(GLOBALFUTDOWN-DOWNTRENDMARKET)checkSellConsolidationBreakDown-week2-lowNotReachedWeek3,week2BarLowChangeLT0,weekLowLTweek2Low,##(Test):buyRisingMA-uptrend-SMA25gt0,",-0.24264523103337526,1,0,1
"PCTChangeLT-2,_HTGT1.5__HTGTPCTDayChange_,,,##DOWNTREND:sellYearLowBreak,",-0.39040743974363884,1,0,1
"PCTChangeGT2,_HTGT1.5__HTGTPCTDayChange_,,,##RisingMA(check-chart-sell)-MaySellCheckChart,",-0.33020360991493386,2,0,2
"PCTChangeGT5,,,,chisUpTrend-Risky-nearLow,##(Test)buyBottomReversal-1,##last2DayHighGT3-M3HLT0,",6.21981066793944,1,1,0
"PCTChangeGT2,,,,##(Check-chart-sell):month3Low-InPlus,ReversalLowMonth3,chisUpTrend-Risky-nearLow,volBuyVolumeUpsergedLast2n3DayDown,##UPTREND:buyMonth3LowReversal(Confirm),",1.3986013986014063,1,1,0
"PCTChangeGT1,year2High,,,,chisBuyConsolidationBreakUp-2week-(Risky)-year2High,week2BarHighChangeGT0,",-2.1784615128371514,1,0,1
"PCTChangeGT8,_HTGT1.5_,,,chisUpTrend-Risky-nearLow,",-1.736226868390863,4,2,2
"PCTChangeGT0.5,_HTGT1.5__HTGTPCTDayChange_,,,$$MaySell-CheckChart-baseLine(inDownTrend-monthHigh)-PCTDayChangeGT0,chisUpTrend-Risky-nearLow,",-1.999997225674712,1,0,1
"PCTChangeLT-3,,,,zigZagVolCrossedFromUp,##(Check-chart-buy):month3High-InMinus,NearHighMonth3,",2.695682092013989,3,3,0
"PCTChangeLT-3,,,,volBuyReversalLast2DayDown-VolDown,##sellTenDaysMoreThanTen,",-1.559367333839898,4,1,3
"PCTChangeLT-5,_LTGT3.0_,,,##MANegative_Downtrend_(LT-4.5),##MA-SMA200LT0SMA100LT0,chisBuyYear2Low,",-8.757885743434688,1,0,1
"PCTChangeLT-3,_LTGT1.5_,,,sellPatterns-LT-1.5-SMALT0,(SMA9LT0),",-0.7694666257593176,1,0,1
"PCDCGT0PCTDayChangeLT0,PCDayChange-0.5to0.5,year2Low,_HTGT1.5__LTGT3.0_,,,%%HLTF-Last2LowTail:(DOWNTREND)sellHighLowerTailPre-1,",0.0704764678063194,1,1,0
"PCTChangeGT1,PCDayChange-0.5to0.5,_HTGT3.0_,,,%%HLTF-Last2HighTail:(UPTREND)buy(DOWNTREND)sell:HighUpperTailPre-last2DayUp,",-0.9728578906849243,10,5,5
"PCTChangeGT2,_HTGT1.5_,,,%%HLTF-Last2HighTail:(UPTREND)buy(DOWNTREND)sell:HighUpperTailPre-last2DayUp,%%HLTF:(DOWNTREND-OR-GLOBALDOWN)maySellTail-tailGT2-2,3,4thDayGT0,",1.021154257400957,1,1,0
"PCTChangeGT1,,,,chisSellDowningMA-(check5MinuteDownTrendAndSellDowntrend)-Already10DayDown,chisBuyYearHigh-3,",-1.2615376613305902,3,0,3
"PCTChangeLT-3,_LTGT3.0_,,,%%HLTF:(GLOBAL-DOWN)sellHighLowerTail-Reversal-LastDayMarketUp,volBuyReversalLast2DayDown-VolDown,",-0.8178350875544752,1,0,1
"PCTChangeLT-3,_HTGT1.5_,,,chisDownTrend-Risky-nearHigh,zigZagVolCrossedFromUp,##(Check-chart-buy):YearHigh-InMinus,ReversalHighYear,",0.08735283202998666,1,1,0
"PCTChangeGT0,_LTGT3.0_,,,%%HLTF:(SGXNIFTYUP)buyHighLowerTail-Continue,",0.39720491016869497,2,1,1
"PCTChangeLT-1,_LTGT1.5_,,,weekBarLowChangeLT0,chisDownTrend-Risky-nearHigh,$$MayBuy-CheckChart-baseLine(inuptrend-monthlow)-PCTDayChangeLT0,",0.18037849401235118,2,1,1
"PCTChangeGT3,_HTGT1.5_,,,volSellVolumeUpsergedLast2n3DayDown,volBuyContinueLast2DayUp-VolUp,chisCheckConsolidationBreakoutLT(4.5),checkBuyConsolidationBreakUp-2week,week2BarHighChangeGT0,brokenToday,",-1.547519529452555,1,0,1
"PCTChangeLT-3,_HTGT1.5__LTGT1.5_,,,%%:checkSell:Flag2Week,",0.746268656716431,1,1,0
"PCTChangeLT-1,_LTGT1.5_,,,chisSellDownTrend-nearHigh,##(Check-chart-buy):YearHigh-InMinus,NearHighYear,",-0.5268656642388612,1,0,1
"PCTChangeGT1,_HTGT3.0__HTGTPCTDayChange_,,,##RisingMA(check-chart-sell)-MaySellCheckChart,",0.13657915305618645,5,3,2
"PCTChangeLT-1,,,,chisSellDownTrend-nearHigh,##(Check-chart-buy):month3High-InMinus,ReversalHighMonth3,",-0.3195678776126271,11,5,6
"PCTDayChangeLT0,_HTGT3.0__LTGT3.0__HTGTPCTDayChange_,,,##MA-SMA200LT0SMA100LT0,",4.518893360078447,1,1,0
"PCTChangeGT3,,,,##(Check-chart-sell):month3Low-InPlus,ReversalLowMonth3,chisUpTrend-Risky-nearLow,chis-breakoutup-2week,##UPTREND:buyMonth6LowReversal(Confirm),",0.019263744164313742,1,1,0
"PCTChangeGT1,_HTGT1.5_,,,%%HLTF-Last2HighTail:(UPTREND)buy(DOWNTREND)sell:HighUpperTailPre-last2DayUp,%%HLTF:maySellTail-tailGT2-7,10thDayGT20,chisSellEveningStar-2(Check2-3MidCapCross),",-0.6872852233676934,1,0,1
"PCTChangeLT-3,_LTGT1.5_,,,volBuyReversalLast2DayDown-VolDown,",-0.24035975326701173,6,1,5
"PCTChangeGT5,_HTGT1.5_,,,%%HLTF-Last2HighTail:(UPTREND)buy(DOWNTREND)sell:HighUpperTailPre-last2DayUp,##MAPositive_Uptrend(GT4.5),##MA-SMA200LT0SMA100LT0,",2.1651908385587286,5,3,2
"PCTChangeLT-5,_LTGT1.5_,,,(Test)sellUptrendReversal,",-5.455325009439474,2,1,1
"PCTChangeLT-2,_HTGT1.5_,,,chisSellDownTrend-nearHigh,##(Check-chart-buy):month3High-InMinus,NearHighMonth3,",-3.1217748912263605,2,0,2
"PCTChangeGT3,PCDayChange-0.5to0.5,_LTGT3.0_,,,buyPatternsML,",1.715003934227049,1,1,0
"PCTChangeGT0,PCDayChange-0.5to0.5,_HTGT1.5_,,,chisSellSuper-Risky,-+,",-0.32522218321021534,5,3,2
"PCTChangeGT3,year2High,_HTGT1.5_,,,volumeUpsergedLast2n3n4DayDown,",-1.9888336864768503,1,0,1
"PCTChangeGT3,,,,volumeUpsergedLast2n3n4DayDown,(GLOBALFUTUP-UPTRENDMARKET)checkBuyConsolidationBreakUp-week2-highNotReachedWeek3,week2BarHighChangeGT0,brokenToday,chisBuy-2week-breakoutup(check-chart)(|-|-| or --|),##(check-chart)mayBuy-EMA6-LT-May-MT-EMA14,",-1.823660630432577,1,0,1
"PCTChangeGT2,,,,weekBarHighChangeGT2,(SMA9GT0),",-0.04761710999505385,1,0,1
"PCTChangeGT0,_HTGT1.5__HTGTPCTDayChange_,,,(Test)MaySellCheckChart-last3DayUp,chisBuyYearHigh-1,",-1.4145799975283713,1,0,1
"PCTChangeLT-3,_HTGT1.5__HTGTPCTDayChange_,,,%%:checkSell:Super0,vol-buy-DownVol-3dayDown-Week2Low,",-5.528912198835799,1,0,1
"PCTChangeGT0.5,_HTGT1.5_,,,%%HLTF-Last2HighTail:(UPTREND)buy(DOWNTREND)sell:HighUpperTailPre-last2DayUp,%%HLTF-Risky9:30:maySellTail-tailGT2-7,10thDayGT15,##MA-SMA200GT0SMA100GT0,",4.978096254942685,1,1,0
"PCTChangeLT-1,_HTGT1.5__HTGTPCTDayChange_,,,chisSellFinalCandidate-(lastDayDown)-(buyPattern),sellFinal,chisSellDownTrend-nearHigh,##sellRisingMA,",1.56976566758267,1,1,0
"PCTChangeGT3,_HTGT1.5_,,,chisSellYear2LowLT-40-last4DayDown(triggerAfter-9:15),volBuyVolumeUpsergedLast2n3DayDown,",-2.857651158653359,1,0,1
"PCTChangeLT-1,_HTGT1.5_,,,chisDownTrend-Risky-nearHigh,##(Check-chart-buy):YearHigh-InMinus,ReversalHighYear,",3.937769550110637,1,1,0
"PCTChangeLT-1,_LTGT3.0_,,,##RisingMA(check-chart-buy)-MayBuyCheckChart,",1.9632479597118668,2,2,0
"PCTChangeGT5,_HTGT1.5_,,,%%HLTF-Last2HighTail:(UPTREND)buy(DOWNTREND)sell:HighUpperTailPre-last2DayUp,volBuyContinueLast2DayUp-VolUp,##MAPositive_Uptrend(GT4.5),##MA-SMA200GT0SMA100GT0,",-1.013887193467882,1,0,1
"PCTChangeGT2,year2High,_HTGT1.5__HTGTPCTDayChange_,,,MaySellCheckChart-(IndexNotDownInSecondHalf),weekBarHighChangeGT2,brokenToday,",1.1177089311304211,2,1,1
"PCDCGT0PCTChangeLT-1,PCDayChange-0.5to0.5,_HTGT1.5__LTGT1.5_,,,%%:checkSell:CupDownDoji,",-0.48851979233437165,1,0,1
"PCTDayChangeLT0,_HTGT1.5__LTGT3.0_,,,%%HLTF-Last2DayMarketUp:(GLOBAL-DOWN)sellHighLowerTail-Reversal-LastDayMarketUp,",5.234267146711853,1,1,0
"PCTChangeLT-2,,,,checkCupDown-3dayDown-mayReversalBuy,",-0.1347478012194389,10,3,7
"PCTChangeLT-3,,,,weekBarLowChangeLT-2,##MANegative_Downtrend_(LT-2),##MA-SMA200GT0SMA100LT0,##last2DayLow(LT-3)-M3LLT0,",0.462829764316745,1,1,0
"PCTDayChangeLT0,_HTGT1.5__LTGT1.5_,,,%%:checkSell:Super01-monthLow,",-4.271005356537937,1,0,1
"PCDCLT0PCTChangeGT0,PCDayChange-0.5to0.5,year2High,_HTGT1.5_,,,%%HLTF-LastDayUp:(DOWNTREND-OR-GLOBALDOWN)MaySellHighTail-LastDayMarketUp,%%HLTF:(UPTREND-MorningTrend-UP)mayBuyTail-highTailGT2-7,10thDayGT10-Last2DayStockDown,",0.4773152009155343,1,1,0
"PCTChangeGT1,,,,(GLOBALFUTUP-UPTRENDMARKET)checkBuyConsolidationBreakUp-week2-highNotReachedWeek3,week2BarHighChangeGT0,weekHighGTweek2High,##UPTREND:buyMonth6LowReversal(Confirm),",0.3360957757065853,1,1,0
"PCTChangeLT-3,,,,chisDownTrend-Risky-nearHigh,##DOWNTREND:sellYearHighReversal(InDownTrend),chisSellDayLowVolLow-02-checkMorningTrend(.5SL),",7.250760231168367,1,1,0
"PCTChangeGT1,_HTGT1.5__LTGT1.5_,,,%%HLTF-Last2LowTail:(DOWNTREND)sellHighLowerTailPre-1,",1.4276529660260007,2,2,0
"PCTChangeLT-3,,,,%%:checkSell:ConsolidationBreakDown(NotShapeA)-2week,checkSellConsolidationBreakDown-2week,week2BarLowChangeLT0,brokenToday,chisDownTrend-Risky-nearHigh,##DOWNTREND:sellYear2HighReversal(InDownTrend),##(Check-chart-buy):YearHigh-InMinus,ReversalHighYear,",1.9674533231624756,1,1,0
"PCTChangeLT-3,,,,##DOWNTREND:sellYear2HighReversal(InDownTrend),##last2DayLow(LT-3)-M3LGT0,",1.3728781734737494,6,4,2
"PCTChangeLT-3,,,,sellFinal,",1.9286976626227164,1,1,0
"PCTChangeLT-3,,,,mayBuyFromSellPattern-GT1.8,##MANegative_Downtrend_(LT-2),##MA-SMA200LT0SMA100LT0,",2.1607606447201224,1,1,0
"PCTChangeGT3,_LTGT1.5_,,,zigZagVolCrossedFromDown,##UPTREND:buyYear2LowReversal(Confirm),",0.340912558815696,1,1,0
"PCTChangeLT-3,_HTGT3.0__HTGTPCTDayChange_,,,%%HLTF:maySellTail-tailGT2-allDayGT0,##(Check-chart-buy):month3High-InMinus,BreakHighMonth3,",2.51118789596243,1,1,0
"PCTChangeLT-2,,,,volumeUpsergedLast2n3n4DayUp,weekBarLowChangeLT-2,",-0.30773704460765505,1,0,1
"PCTChangeLT-3,year2High,,,,checkCupDown-2dayDown,",-0.4056775632895919,1,0,1
"PCTChangeGT5,_HTGT1.5_,,,sellPattern-LT-1.5-SMALT0,(SMA9LT0),##last2DayHighGT3-M3HLT0,",-2.9472091983775845,1,0,1
"PCTChangeGT1,year2High,_HTGT3.0_,,,%%HLTF-Last2HighTail:(UPTREND)buy(DOWNTREND)sell:HighUpperTailPre-last2DayUp,chisSellEveningStar-2(Check2-3MidCapCross),",0.5886355867451455,3,2,1
"PCTChangeGT3,,,,zigZagVolCrossedFromDown,(GLOBALFUTUP-UPTRENDMARKET)checkBuyConsolidationBreakUp-week2-highNotReachedWeek3,week2BarHighChangeGT0,brokenToday,BuyYearLow,",0.9063161317782561,1,1,0
"PCTChangeGT3,,,,##MAPositive_Uptrend(GT2),##MA-SMA200GT0SMA100GT0,##last3DayHighGT3-M3HGT0,",0.13911164638087817,3,2,1
"PCTChangeLT-0.5,_LTGT1.5_,,,%%HLTF:(SGXNIFTYUP)buyHighLowerTail-Continue,",1.091029404225966,6,4,2
"PCTChangeLT-1,_HTGT3.0_,,,%%:sellDowntrend-lastDayDown-ReversalHighTail,",1.448928323545665,2,1,1
"PCDCGT0PCTChangeLT-1,PCDayChange-0.5to0.5,_HTGT3.0__LTGT3.0_,,,##MA-SMA200LT0SMA100LT0,",-6.864006684278976,1,0,1
"PCTChangeGT3,,,,volBuyContinueLast2DayUp-VolUp,chisCheckConsolidationBreakoutLT(4.5),weekBarHighChangeGT2,",-1.000001821944968,1,0,1
"PCTChangeLT-3,,,,volSellContinueLast2DayDown-VolUp,##(Check-chart-buy):YearHigh-InMinus,ReversalHighYear,",-2.499933849133692,1,0,1
"PCTChangeGT3,year2Low,_LTGT1.5_,,,chisSellYear2LowLT-40-last4DayDown(triggerAfter-9:15),chisBuyDownTrend-lowTail,",-1.7480373738252686,1,0,1
"PCDCGT0PCTChangeLT-1,_HTGT3.0_,,,##(Test):buyRisingMA-uptrend-SMA25gt0,",-8.880662620115332,1,0,1
"PCTChangeGT2,,,,$$MaySell-CheckChart(monthHigh-minimumLast4DayUp),vol-sell-DownVol-3dayUp-Week2High,",1.3419939842058974,1,1,0
"PCTChangeLT-1,_HTGT3.0__HTGTPCTDayChange_,,,%%HLTF:maySellTail-tailGT2-allDayGT0,##(Test):buyRisingMA-uptrend-SMA25gt0,",3.192302997295684,1,1,0
"PCTChangeGT3,year2High,,,,shortUpTrendSellReversal-MonthHigh,weekBarHighChangeGT0,brokenToday,",-3.1421917262364825,1,0,1
"PCTChangeGT3,,,,week2BarHighChangeGT0,",0.37954014717563556,14,6,8
"PCTChangeLT-2,,,,checkCupDown-near2WeekDown-mayReveresalBuy,(GLOBALFUTDOWN-DOWNTRENDMARKET)checkSellConsolidationBreakDown-week2-lowNotReachedWeek3,week2BarLowChangeLT0,weekLowLTweek2Low,chisDownTrend-Risky-nearHigh,##(Check-chart-buy):month3High-InMinus,ReversalHighMonth3,",-1.417134930946799,1,0,1
"PCTChangeGT12,_HTGT1.5_,,,volBuyContinueLast2DayUp-VolUp,",-4.277516357307252,1,0,1
"PCTChangeLT-1,_LTGT1.5_,,,checkCupDown-3dayDown,##(Check-chart-buy):month3High-InMinus,ReversalHighMonth3,",1.847207684374439,4,3,1
"PCTChangeGT3,,,,shortUpTrendSellReversal-MonthHigh,weekBarHighChangeGT2,",1.1776587899058724,2,1,1
"PCTChangeLT-3,,,,##MANegative_Downtrend_(LT-2),##MA-SMA200LT0SMA100GT0,",-1.4090809852498274,2,1,1
"PCTChangeLT-2,,,,vol-buy-DownVol-3dayDown-Week2Low,weekBarLowChangeLT0,brokenToday,##DOWNTREND:sellYear2HighReversal(InDownTrend),##(Check-chart-buy):YearHigh-InMinus,ReversalHighYear,",-0.05007052892068853,1,0,1
"PCTChangeGT5,year2High,,,,##last3DayHighGT3-M3HGT0,",-0.2611099234777524,5,2,3
"PCDCLT0PCTChangeGT0,PCDayChange-0.5to0.5,_HTGT1.5_,,,##MAPositive_Uptrend(LT0),##MA-SMA200LT0SMA100LT0,",-0.3661097253014898,4,2,2
"PCTChangeGT3,,,,##(Check-chart-sell):month3Low-InPlus,BreakLowMonth3,",-1.0727845827521585,15,5,10
"PCTChangeGT3,,,,chisUpTrend-Risky-nearLow,(GLOBALFUTUP-UPTRENDMARKET)checkBuyConsolidationBreakUp-week2-highNotReachedWeek3,week2BarHighChangeGT0,brokenToday,chis-breakoutup-2week,chisBuy-2week-breakoutup,##UPTREND:buyYearLowReversal(Confirm),",0.07017972176535049,1,1,0
"PCDCLT0PCTChangeGT0,_HTGT3.0__HTGTPCTDayChange_,,,chisSell-smallUptrendReversal,(SMA9GT0),",6.925462047505823,1,1,0
"PCTChangeLT-1,,,,brokenToday,##(Check-chart-buy):month3High-InMinus,ReversalHighMonth3,",0.0,1,0,0
"PCTChangeGT2,_HTGT1.5_,,,%%HLTF-Last2HighTail:(UPTREND)buy(DOWNTREND)sell:HighUpperTailPre-last2DayUp,$$MaySell-CheckChart(monthHigh-minimumLast4DayUp),##MAPositive_Uptrend(GT2),##MA-SMA200GT0SMA100GT0,",-2.141119450524662,1,0,1
"PCTChangeGT1,_HTGT3.0_,,,chisSellFlag2Week-doji-Risky,%%HLTF-Last2HighTail:(UPTREND)buy(DOWNTREND)sell:HighUpperTailPre-last2DayUp,shortUpTrendBuyContinue-Doji-Last2DayGTToday,",2.6482098519403063,1,1,0
"PCTChangeLT-2,,,,checkCupDown-near2WeekDown-mayReveresalBuy,(GLOBALFUTDOWN-DOWNTRENDMARKET)checkSellConsolidationBreakDown-week2-lowNotReachedWeek3,week2BarLowChangeLT0,##(check-chart)maySell-EMA6-MT-May-LT-EMA14,",-0.11235955056180062,1,0,1
"PCTChangeGT1,PCDayChange-0.5to0.5,_LTGT1.5_,,,%%:checkSell:Super2,-+,",-1.881601568861819,5,1,4
"PCTChangeLT-3,,,,weekBarLowChangeLT-2,##DOWNTREND:sellMonth6HighReversal(InDownTrend),chisBuyDayLowVolLow-03-checkMorningTrend(.5SL)-after10:30,##(Check-chart-buy):month3High-InMinus,ReversalHighMonth3,",2.9602262930677035,1,1,0
"PCTChangeLT-3,_LTGT1.5_,,,chisDownTrend-Risky-nearHigh,##DOWNTREND:sellYearHigh(InDownTrend),##(Check-chart-buy):month3High-InMinus,BreakHighMonth3,",-2.42700729927008,1,0,1
"PCTChangeGT2,year2Low,_LTGT3.0_,,,chisBuyDownTrend-lowTail,",-4.379562043795624,1,0,1
"PCTChangeGT1,,,,%%:checkSell:Super2,-+,",-0.29187925171036117,7,3,4
"PCTChangeLT-3,_HTGT1.5__LTGT3.0__LTGTPCTDayChange_,,,%%HLTF:(GLOBAL-DOWN)sellHighLowerTail-Reversal-LastDayMarketUp,volSellVolumeUpsergedLast2n3DayUp,",-0.5928682640815702,1,0,1
"PCTChangeGT8,_LTGT1.5_,,,##(Check-chart):yearHigh-InPlus,##MAPositive_Uptrend(GT4.5),##MA-SMA200GT0SMA100GT0,",4.742708177842685,1,1,0
"PCTChangeGT2,year2High,,,,shortUpTrendSellReversal-MonthHigh,volSellVolumeUpsergedLast2n3DayDown,volBuyContinueLast2DayUp-VolUp,weekBarHighChangeGT2,brokenToday,",2.653061224489796,1,1,0
"PCTChangeLT-3,_HTGT1.5__HTGTPCTDayChange_,,,chisSell:Super03-monthLow,%%HLTF-Last2HighTail:(DOWNTREND)sell(UPTREND)buy:HighUpperTailPre,##ML:buyRisingMA-down-Risky,",-2.2063190313498406,1,0,1
"PCTChangeLT-5,_LTGT1.5_,,,##MANegative_Downtrend_(LT-2),##MA-SMA200LT0SMA100LT0,##DOWNTREND:sellYearLowBreak,chisSellDayLowVolLow-0,",-0.4729743476386485,1,0,1
"PCTChangeEQ0,_LTGT1.5_,,,%%:checkSell:CupDownDoji-last2lastDayLT0orTodayGT0,",-0.5598635094071893,1,0,1
"PCTChangeGT3,,,,VOL:sell-UpVol-3dayUp-Week2High,##MAPositive_Uptrend(GT2),##MA-SMA200LT0SMA100GT0,",0.8543978457126572,3,2,1
"PCTChangeGT1,,,,##(Check-chart-sell):month3Low-InPlus,ReversalLowMonth3,chisUpTrend-Risky-nearLow,##(Test)buyBottomReversal-1,##UPTREND:buyYearLowReversal(Confirm),",-0.2784841615070168,1,0,1
"PCTChangeGT2,,,,zigZagVolCrossedFromDown,##(Check-chart-sell):month3Low-InPlus,ReversalLowMonth3,",-2.907948513908862,1,0,1
"PCTChangeLT-1,_HTGT3.0__LTGT1.5_,,,shortDownTrendSellContinue-Doji-Last2DayLTToday,",-0.28901463500418095,1,0,1
"PCTChangeLT-3,,,,##ML:buyRisingMA-down-Risky,",-0.19289436837309032,29,14,15
"PCTChangeGT3,_LTGT3.0_,,,%%HLTF-Risky:(GLOBAL-DOWN)sellHighLowerTail-Reversal-LastDayMarketUp,weekBarHighChangeGT2,##last2DayHighGT3-M3HGT0,",-3.1653252341984883,1,0,1
"PCTChangeGT3,,,,##(Check-chart-sell):month3Low-InPlus,ReversalLowMonth3,(GLOBALFUTUP-UPTRENDMARKET)checkBuyConsolidationBreakUp-week2-highNotReachedWeek3,week2BarHighChangeGT0,brokenToday,chis-breakoutup-2week,chisBuy-2week-breakoutup,##(check-chart)mayBuy-EMA6-LT-May-MT-EMA14,##UPTREND:buyYearLowReversal(Confirm),",4.83116951677247,1,1,0
"PCTChangeLT-3,_HTGT1.5_,,,%%:checkSell:Super0,##DOWNTREND:sellMonth3LowBreak,",-3.3508581046926738,1,0,1
"PCTChangeGT3,_HTGT3.0__HTGTPCTDayChange_,,,%%HLTF-Last2HighTail:(UPTREND)buy(DOWNTREND)sell:HighUpperTailPre-last2DayUp,",-1.6023141723657728,3,1,2
"PCTChangeLT-3,_LTGT1.5_,,,chisDownTrend-Risky-nearHigh,##DOWNTREND:sellMonth6HighReversal(InDownTrend),##(Check-chart-buy):month6High-InMinus,ReversalHighMonth6,",-2.226561307907102,1,0,1
"PCTChangeLT-1,_LTGT1.5_,,,##MANegative_Downtrend_(LT-2),##MA-SMA200GT0SMA100LT0,MayBuyCheckChart-(IndexNotUpInSecondHalf),",-0.7658084181659293,1,0,1
"PCDCGT0PCTDayChangeLT0,_HTGT1.5__LTGT3.0__HTGTPCTDayChange__LTGTPCTDayChange_,,,chisBuyYearHigh-3,",1.512914389959368,1,1,0
"PCTChangeGT3,,,,volumeUpsergedLast2n3n4DayDown,(GLOBALFUTUP-UPTRENDMARKET)checkBuyConsolidationBreakUp-week2-highNotReachedWeek3,week2BarHighChangeGT2,",-0.6976726443268437,1,0,1
"PCTChangeLT-1,year2High,_LTGT1.5_,,,%%HLTF:(GLOBAL-UP)buyHighLowerTail-LastDayMarketUp,(Test)(check-chart-2-3MidCapCross)MayBuyCheckChart-Risky,",2.855570497691566,1,1,0
"PCTChangeGT5,_HTGT1.5_,,,##MAPositive_Uptrend(GT4.5),##MA-SMA200GT0SMA100LT0,##last2DayHighGT3-M3HLT0,",-0.23148382533114278,1,0,1
"PCTChangeGT2,_HTGT1.5__LTGT1.5_,,,zigZagVolCrossedFromDown,",-1.3218994567280917,3,1,2
"PCTChangeGT3,,,,volSellVolumeUpsergedLast2n3DayDown,volBuyContinueLast2DayUp-VolUp,weekBarHighChangeGT2,",-0.05055412434187234,3,2,1
"PCTChangeLT-3,_HTGT1.5__LTGT1.5_,,,%%checkCupDown-2dayDown-continue,##(Check-chart-buy):month3High-InMinus,ReversalHighMonth3,",0.672863204885392,1,1,0
"PCTChangeGT2,,,,##(Check-chart-sell):month3Low-InPlus,ReversalLowMonth3,(GLOBALFUTUP-UPTRENDMARKET)checkBuyConsolidationBreakUp-week2-highNotReachedWeek3,week2BarHighChangeGT2,##UPTREND:buyYearLowReversal(Confirm),",1.5373116108908649,1,1,0
"PCTChangeGT2,_HTGT3.0__HTGTPCTDayChange_,,,checkBuyConsolidationBreakout-allPreLT0,",-0.7750015258789061,1,0,1
"PCTChangeLT-3,_LTGT3.0_,,,volBuyReversalLast2DayDown-VolDown,chisDownTrend-Risky-nearHigh,chisSellDayLowVolLow-01,",-4.113330078125003,1,0,1
"PCTChangeGT3,,,,(GLOBALFUTUP-UPTRENDMARKET)checkBuyConsolidationBreakUp-week2-highNotReachedWeek3,week2BarHighChangeGT0,brokenToday,chisBuy-2week-breakoutup(check-chart)(|-|-| or --|),##(check-chart)mayBuy-EMA6-LT-May-MT-EMA14,",-1.8883542508808835,3,0,3
"PCTChangeGT5,_HTGT1.5_,,,%%HLTF-Last2HighTail:(UPTREND)buy(DOWNTREND)sell:HighUpperTailPre-last2DayUp,##MAPositive_Uptrend(GT4.5),##MA-SMA200GT0SMA100GT0,",-1.8506773558233838,4,2,2
"PCTChangeLT-3,_LTGT1.5_,,,chisDownTrend-Risky-nearHigh,##DOWNTREND:sellYear2HighReversal(InDownTrend),##(Check-chart-buy):month3High-InMinus,ReversalHighMonth3,",0.053583606350342095,3,2,1
"PCTDayChangeLT0,PCDayChange-0.5to0.5,_LTGT1.5_,,,(SMA9GT0),",0.481130182748712,1,1,0
"PCTChangeLT-2,,,,checkCupDown-3dayDown,##DOWNTREND:sellYear2HighReversal(InDownTrend),%%:checkBuyRevarsalLast3DayDownAtMonth3High,##(Check-chart-buy):month3High-InMinus,ReversalHighMonth3,",1.05362877852242,1,1,0
"PCTChangeGT3,_HTGT1.5_,,,volSellVolumeUpsergedLast2n3DayDown,volBuyContinueLast2DayUp-VolUp,weekBarHighChangeGT2,brokenToday,",-0.9436783364141527,1,0,1
"PCTChangeLT-1,_LTGT1.5_,,,(GLOBALFUTDOWN-DOWNTRENDMARKET)checkSellConsolidationBreakDown-week2-lowNotReachedWeek3,week2BarLowChangeLT-2,weekLowLTweek2Low,volBuyRevarsalVolCrossed,##(Check-chart-buy):month3High-InMinus,ReversalHighMonth3,",-5.5535985212544,1,0,1
"PCTChangeLT-3,,,,chisSellFlag2Week-Risky,chisDownTrend-Risky-nearHigh,##DOWNTREND:sellYear2HighReversal(InDownTrend),##(Check-chart-buy):YearHigh-InMinus,ReversalHighYear,",1.9074421513445934,1,1,0
"PCTChangeLT-1,_HTGT1.5_,,,(GLOBALFUTDOWN-DOWNTRENDMARKET)checkSellConsolidationBreakDown-week2-lowNotReachedWeek3,week2BarLowChangeLT0,weekLowLTweek2Low,chisDownTrend-Risky-nearHigh,",2.4590150445206977,1,1,0
"PCTChangeGT2,_LTGT1.5_,,,zigZagVolCrossedFromDown,##UPTREND:buyYear2LowReversal(Confirm),",1.025423169352614,1,1,0
"PCDCLT0PCTChangeGT0,PCDayChange-0.5to0.5,_HTGT1.5_,,,%%:checkBuyContinue:CupDownDoji,",-0.43559238427841446,1,0,1
"PCTChangeLT-0.5,_HTGT1.5_,,,chisSell-smallUptrendReversal,",-2.3067007578573695,1,0,1
"PCTChangeGT3,_HTGT1.5_,,,%%HLTF-Last2HighTail:(UPTREND)buy(DOWNTREND)sell:HighUpperTailPre-last2DayUp,##MAPositive_Uptrend(GT4.5),##MA-SMA200LT0SMA100LT0,##last3DayHighGT3-M3HLT0,",3.140618690194353,2,1,1
"PCTChangeGT0.5,,,,%%:checkSell:FlagWeek-doji,",0.22593504383813234,4,2,2
"PCTChangeLT-2,,,,chisSellDownTrend-00,",-2.4590199940770794,1,0,1
"PCTChangeLT-2,_HTGT1.5__LTGT1.5_,,,##MANegative_Downtrend_(LT-2),##MA-SMA200LT0SMA100LT0,##DOWNTREND:sellMonth3LowBreak,%%:buyDownTrend-month3Low,",1.1481335511507218,1,1,0
"PCTChangeLT-3,_LTGT3.0_,,,##MANegative_Downtrend_(LT-2),##MA-SMA200LT0SMA100LT0,##DOWNTREND:sellYearLowBreak,##last2DayLow(LT-3)-M3LLT0,buyMorningStar-HighLowerTail,",-0.3075321586756625,1,0,1
"PCTChangeLT-2,,,,chisSellFlagWeek-Risky,volBuyReversalLast2DayDown-VolDown,",-1.9135132400661672,5,1,4
"PCTChangeLT-0.5,,,,%%:check(UPTREND-UPMARKET)Buy(DOWNTRENDTREND-DOWNMARKET)Sell:Super01-monthLow,",0.05719846947541617,75,40,35
"PCTChangeLT-3,,,,checkCupDown-near2WeekDown-mayReveresalBuy,##(check-chart)buyEMA6<EMA14,",-0.8275862068965497,1,0,1
"PCTChangeLT-3,year2High,,,,checkCupDown-2dayDown-mayReversalBuy,##last2DayLow(LT-3)-M3LGT0,",-0.06843227038749355,2,1,1
"PCTDayChangeLT0,,,,##ML:sellRisingMA-down-(Risky),",-1.0960087956867597,2,1,1
"PCTChangeGT1,year2High,_HTGT1.5__HTGTPCTDayChange_,,,weekBarHighChangeGT0,brokenToday,",-0.2448779740253645,1,0,1
"PCTChangeLT-2,,,,(GLOBALFUTDOWN-DOWNTRENDMARKET)checkSellConsolidationBreakDown-month,weekBarLowChangeLT-2,brokenToday,",0.07434297447981338,5,4,1
"PCTChangeGT1,year2High,_HTGT1.5__HTGTPCTDayChange_,,,(Test)MaySellCheckChart-last3DayUp,$$MaySell-CheckChart(downTrend-mayReverseLast4DaysUp)-Risky,",1.5967884309575155,1,1,0
"PCTChangeLT-3,_LTGT3.0_,,,##MANegative_Downtrend_(LT-1),##MA-SMA200GT0SMA100LT0,",4.787361801007371,2,2,0
"PCTChangeGT0.5,_HTGT1.5__LTGT1.5_,,,%%:checkSell:Super2,-+,%%HLTF-Last2LowTail:(DOWNTREND)sellHighLowerTailPre-1,",-0.7977026319999646,1,0,1
"PCTChangeLT-3,_LTGT3.0_,,,##last2DayLow(LT-3)-M3LLT0,",-0.960401062209744,2,0,2
"PCTChangeLT-3,_HTGT1.5_,,,##buyRisingMA-1,##MAPositive_Uptrend(LT-2),##MA-SMA200LT0SMA100LT0,",-3.1358272027404306,1,0,1
"PCDCLT0PCTChangeGT1,PCDayChange-0.5to0.5,_LTGT3.0_,,,##MANegative_Downtrend_(LT0),##MA-SMA200GT0SMA100GT0,buyMorningStar-(checkChart),",-5.90475441592915,1,0,1
"PCTChangeLT-0.5,PCDayChange-0.5to0.5,_LTGT1.5_,,,buyPatternsML,",1.851353000950172,1,1,0
"PCTChangeLT-1,_HTGT1.5__HTGTPCTDayChange__LTGTPCTDayChange_,,,shortDownTrendSellContinue-Doji-Last2DayLTToday,",-1.1417091174647804,2,1,1
"PCTChangeGT12,_HTGT3.0__LTGT1.5_,,,VOL:buyBelowTail-SellAtClose:upVol3dayUpWeek2High-highUpperTail,##MAPositive_Uptrend(GT4.5),##MA-SMA200LT0SMA100GT0,",0.9687499999999922,1,1,0
"PCTChangeGT3,_HTGT1.5__HTGTPCTDayChange_,,,%%HLTF:maySellTail-tailGT2-7,10thDayGT20,chisCheckConsolidationBreakout2WeekLT(4.5),##MAPositive_Uptrend(GT2),##MA-SMA200LT0SMA100LT0,",-2.908848821317862,1,0,1
"PCTChangeLT-2,_LTGT3.0_,,,(GLOBALFUTDOWN-DOWNTRENDMARKET)checkSellConsolidationBreakDown-week2-lowNotReachedWeek3,week2BarLowChangeLT-2,",-0.20866475204629378,2,1,1
"PCTChangeLT-3,,,,volSellContinueLast2DayDown-VolUp,(GLOBALFUTDOWN-DOWNTRENDMARKET)checkSellConsolidationBreakDown-week2-lowNotReachedWeek3,week2BarLowChangeLT-2,chisDownTrend-Risky-nearHigh,##DOWNTREND:sellMonth3HighReversal(InDownTrend),##(Check-chart-buy):month3High-InMinus,ReversalHighMonth3,",-0.7054396970957065,1,0,1
"PCTChangeGT2,,,,%%:sellUpTrend-month3High,buyYearHigh-0,##MAPositive_Uptrend(GT1),##MA-SMA200GT0SMA100GT0,",-1.2139048023736405,1,0,1
"PCTChangeGT2,,,,chisCheckConsolidationBreakoutLT(4.5),(GLOBALFUTUP-UPTRENDMARKET)checkBuyConsolidationBreakUp-week2-highNotReachedWeek3,week2BarHighChangeGT0,",-0.3253432590601259,11,5,6
"PCTChangeGT1,_HTGT1.5__HTGTPCTDayChange_,,,%%HLTF-Last2HighTail:(UPTREND)buy(DOWNTREND)sell:HighUpperTailPre-last2DayUp,shortUpTrendSellReversal-MonthHigh,",3.015253701325472,1,1,0
"PCTChangeLT-3,,,,volBuyReversalLast2DayDown-VolDown,(GLOBALFUTDOWN-DOWNTRENDMARKET)checkSellConsolidationBreakDown-week2-lowNotReachedWeek3,week2BarLowChangeLT0,weekLowLTweek2Low,chisDownTrend-Risky-nearHigh,##(Check-chart-buy):month3High-InMinus,ReversalHighMonth3,",-3.00735953759911,2,0,2
"PCTChangeGT5,year2High,_LTGT3.0_,,,volBuyContinueLast2DayUp-VolUp,##last2DayHighGT3-M3HGT0,",-2.193577624894431,1,0,1
"PCTChangeGT3,year2High,,,,volSellVolumeUpsergedLast2n3DayDown,weekBarHighChangeGT2,",0.9062034552111111,3,1,2
"PCTChangeGT3,year2High,_HTGT1.5__LTGT1.5_,,,volBuyContinueLast2DayUp-VolUp,",-0.9529003339062506,2,1,1
"PCTChangeLT-1,_LTGT1.5_,,,chisSellConsolidationBreakDown-forecastDayPCT7LT0,chisDownTrend-Risky-nearHigh,##(Check-chart-buy):month3High-InMinus,ReversalHighMonth3,",3.6891072144119965,1,1,0
"PCTChangeGT3,year2High,_HTGT3.0__HTGTPCTDayChange_,,,weekBarHighChangeGT0,brokenToday,",1.1711509644003837,1,1,0
"PCDCGT0PCTDayChangeLT0,PCDayChange-0.5to0.5,_HTGT3.0__LTGT1.5_,,,%%HLTF-Last2LowTail:(DOWNTREND)sellHighLowerTailPre-1,",-1.1758960622592358,2,0,2
"PCTChangeGT2,,,,vol-sell-DownVol-3dayUp-Week2High,(GLOBALFUTUP-UPTRENDMARKET)checkBuyConsolidationBreakUp-week2-highNotReachedWeek3,week2BarHighChangeGT2,weekHighGTweek2High,",-3.4554580162311423,1,0,1
"PCTChangeLT-3,_HTGT1.5__LTGT1.5_,,,volBuyReversalLast2DayDown-VolUp,chisDownTrend-Risky-nearHigh,##DOWNTREND:sellYear2HighReversal(InDownTrend),##(Check-chart-buy):month3High-InMinus,ReversalHighMonth3,",0.33258627854218364,1,1,0
"PCTChangeGT1,year2High,,,,volBuyContinueLast2DayUp-VolUp,chisCheckConsolidationBreakoutLT(4.5),",0.7587669347889819,2,1,1
"PCTChangeLT-2,_LTGT1.5_,,,volSellVolumeUpsergedLast2n3DayUp,volSellContinueLast2DayDown-VolUp,",0.5701869376441417,1,1,0
"PCDCLT0PCTChangeGT0,PCDayChange-0.5to0.5,_HTGT1.5_,,,%%HLTF-LastDayUp:(DOWNTREND-OR-GLOBALDOWN)MaySellHighTail-LastDayMarketUp,##MANegative_Downtrend_(LT0),##MA-SMA200LT0SMA100LT0,",-1.053495210422482,2,1,1
"PCTChangeGT2,_HTGT1.5_,,,%%HLTF:(DOWNTREND-OR-GLOBALDOWN)maySellTail-tailGT2-2,3,4thDayGT0,chisBuyUpTrend-1-YearHigh,chisUpTrend-Risky-nearLow,",-0.6595237413683732,1,0,1
"PCTChangeGT2,_LTGT1.5_,,,##(Check-chart-sell):month3Low-InPlus,NearLowMonth3,chisCheckConsolidationBreakoutLT(4.5),",-0.4337032061420865,1,0,1
"PCTChangeLT-0.5,_HTGT3.0_,,,%%:checkSell:CupDownDoji-lastDayLT(-2)TodayDoji,",-0.9356797004061166,1,0,1
"PCTChangeGT0.5,PCDayChange-0.5to0.5,_LTGT1.5_,,,%%:checkSell:Flag2Week-doji,",0.410868408852488,1,1,0
"PCTChangeLT-2,_LTGT1.5_,,,checkCupDown-2dayDown-mayReversalBuy,chisBuyMay5DayFloorReversal,",-0.08473034975618898,1,0,1
"PCTChangeLT-3,,,,(GLOBALFUTDOWN-DOWNTRENDMARKET)checkSellConsolidationBreakDown-week2,weekBarLowChangeLT-2,brokenToday,##DOWNTREND:sellYear2HighReversal(InDownTrend),",1.3700839072710362,1,1,0
"PCTChangeLT-2,_LTGT3.0_,,,%%:checkSell:Flag2Week,%%HLTF:(GLOBAL-DOWN)sellHighLowerTail-Reversal-LastDayMarketUp,",-7.009617732121392,1,0,1
"PCTChangeGT3,,,,##MANegative_Downtrend_(GT2),##MA-SMA200LT0SMA100LT0,volSellReversalLast2DayUp-VolDown,",-4.508196721311475,1,0,1
"PCTChangeGT0.5,_LTGT1.5_,,,chisBuyUpTrend-nearLow,sellPattern-LT-1.5-SMALT0,(SMA9LT0),maySellFromBuyPattern-LT-1.8,",0.5527942852104181,1,1,0
"PCTDayChangeLT0,PCDayChange-0.5to0.5,_HTGT3.0__LTGT1.5_,,,shortDownTrendSellContinue-Doji-Last2DayLTToday,",-2.6367540551836184,2,0,2
"PCTChangeGT2,PCDayChange-0.5to0.5,_HTGT1.5__LTGT1.5_,,,%%:checkSell:FlagWeek-doji,",1.156068083798686,2,1,1
"PCTChangeLT-2,_LTGT3.0_,,,volBuyVolumeUpsergedLast2n3DayUp,volSellContinueLast2DayDown-VolUp,chisDownTrend-Risky-nearHigh,##DOWNTREND:sellYear2HighReversal(InDownTrend),",3.264023240587588,1,1,0
"PCTDayChangeLT0,_HTGT3.0_,,,%%HLTF-Last2HighTail:(DOWNTREND)sellHighUpperTailPre,",-0.0981690759793239,3,1,2
"PCDCLT0PCTChangeGT1,_LTGT1.5_,,,%%HLTF:(SGXNIFTYUP)buyHighLowerTail-Continue,(Test)MayBuy-CheckChart(upTrend-lastDayDown),",-1.1962563910898738,2,1,1
"PCTChangeLT-3,_LTGT1.5_,,,checkCupDown-2dayDown-mayReversalBuy,##DOWNTREND:sellYear2HighReversal(InDownTrend),##last2DayLow(LT-3)-M3LGT0,##(Check-chart-buy):month3High-InMinus,ReversalHighMonth3,",2.4720149253731316,1,1,0
"PCTChangeLT-5,_LTGT1.5_,,,vol-buy-DownVol-3dayDown-Week2Low,##MANegative_Downtrend_(LT-4.5),##MA-SMA200LT0SMA100LT0,chisBuyDayLowVolLow,",0.9663970298005942,1,1,0
"PCTDayChangeLT0,PCDayChange-0.5to0.5,_LTGT1.5_,,,shortDownTrendBuyReversal-MonthLow-Doji-Last2DayLTToday,",-1.2545044035341455,3,1,2
"PCTChangeGT1,_HTGT1.5_,,,(GLOBALFUTUP-UPTRENDMARKET)checkBuyConsolidationBreakUp-week2-highNotReachedWeek3,week2BarHighChangeGT0,weekHighGTweek2High,brokenToday,",1.9690016615772756,1,1,0
"PCTChangeLT-3,_HTGT1.5__LTGT1.5__LTGTPCTDayChange_,,,weekBarLowChangeLT-2,",-3.0204460966542763,1,0,1
"PCTChangeLT-3,_HTGT3.0__HTGTPCTDayChange_,,,%%HLTF-Last2HighTail:(DOWNTREND)sellHighUpperTailPre,chisSellDownTrend-nearHigh,",0.18587550378112475,1,1,0
"PCTChangeGT0.5,PCDayChange-0.5to0.5,,,,chisSellSuper-Risky,-+,%%:sellDowntrend-lastDayUp-ReversalHighTail,",-1.2775731002818944,1,0,1
"PCTChangeLT-1,,,,(GLOBALFUTDOWN-DOWNTRENDMARKET)checkSellConsolidationBreakDown-week2-lowNotReachedWeek3,week2BarLowChangeLT-2,weekLowLTweek2Low,##(Check-chart-buy):YearHigh-InMinus,ReversalHighYear,",0.2814636107760362,1,1,0
"PCTChangeLT-3,year2Low,,,,VOL:buy-UpVol-3dayDown-Week2Low,weekBarLowChangeLT-2,",-1.978365554048393,2,0,2
"PCTChangeGT2,_HTGT1.5_,,,##UPTREND:buyYear2LowReversal(Confirm),",0.4935049081777597,2,1,0
"PCTChangeGT5,_HTGT1.5__LTGT3.0__LTGTPCTDayChange_,,,##lastDayHighGT5TodayGT1,",-0.09264481470552599,1,0,1
"PCTChangeGT3,,,,##(Check-chart-sell):month3Low-InPlus,NearLowMonth3,chisBuyUpTrend-nearLow,chisSellFinalContinue-00,",-0.1795323396744061,1,0,1
"PCTChangeGT3,_HTGT3.0__LTGT1.5_,,,volBuyContinueLast2DayUp-VolUp,",-3.931202184427771,1,0,1
"PCTChangeLT-3,_HTGT1.5_,,,##sellTenDaysMoreThanTen,##MAPositive_Uptrend(LT-2),##MA-SMA200GT0SMA100GT0,",-1.314919874663682,2,1,1
"PCDCLT0PCTChangeGT1,_LTGT1.5_,,,%%HLTF:(SGXNIFTYUP)buyHighLowerTail-Continue,(SMA9GT0),mayBuyFromSellPattern-GT1.8,",4.695806632105869,1,1,0
"PCTChangeGT0.5,,,,checkCupDown-lastDayUp,",-0.6666687269251006,1,0,1
"PCTChangeLT-2,_HTGT3.0__HTGTPCTDayChange_,,,(GLOBALFUTDOWN-DOWNTRENDMARKET)checkSellConsolidationBreakDown-week2-lowNotReachedWeek3,week2BarLowChangeLT0,chisDownTrend-Risky-nearHigh,##DOWNTREND:sellYearHigh(InDownTrend),##(Check-chart-buy):month3High-InMinus,NearHighMonth3,",-2.8235312069163516,1,0,1
"PCTChangeLT-1,year2Low,,,,(SMA9LT0),%%:buyDownTrend-month3Low,",-3.7815142982908103,1,0,1
"PCTChangeLT-2,_LTGT1.5_,,,volBuyReversalLast2DayDown-VolDown,##(Check-chart-buy):month3High-InMinus,ReversalHighMonth3,",2.2090454905831334,2,2,0
"PCTChangeGT1,year2High,_HTGT1.5_,,,$$MaySell-CheckChart(downTrend-mayReverseLast4DaysUp)-Risky,",0.8908026686972823,1,1,0
"PCTChangeGT2,,,,checkBuyConsolidationBreakUp-2week,week2BarHighChangeGT0,weekHighGTweek2High,",0.33993410645528777,2,1,1
"PCTChangeGT8,_LTGT3.0_,,,chisSellYear2LowLT-40-last4DayDown(triggerAfter-9:15),",-4.915134370579929,1,0,1
"PCTChangeGT2,,,,weekBarHighChangeGT0,brokenToday,##MAPositive_Uptrend(GT1),##MA-SMA200GT0SMA100GT0,",0.304262734686092,1,1,0
"PCTChangeGT5,_LTGT1.5_,,,%%HLTF:(GLOBAL-DOWN)sellHighLowerTail-Reversal-LastDayMarketUp,",4.133332081330128,1,1,0
"PCDCLT0PCTChangeGT8,_LTGT3.0_,,,##MA-SMA200GT0SMA100GT0,",9.489799032405944,1,1,0
"PCTChangeGT5,_HTGT1.5_,,,chisCheckConsolidationBreakoutLT(4.5),",-1.4399721047647684,1,0,1
"PCTChangeLT-1,,,,%%:checkSell:ConsolidationBreakDown(NotShapeA)-2week,checkSellConsolidationBreakDown-2week,week2BarLowChangeLT0,brokenToday,##(Check-chart-buy):YearHigh-InMinus,NearHighYear,",2.1020641303728658,1,1,0
"PCTChangeLT-3,,,,volumeUpsergedLast2n3n4DayUp,##DOWNTREND:sellYearHighReversal(InDownTrend),##(Check-chart-buy):month3High-InMinus,ReversalHighMonth3,",-0.15845500247579597,1,0,1
"PCTChangeGT1,,,,chisFinalBreakOutBuyContinue-0-test-atYearLow,",-0.6278403327192841,1,0,1
"PCTChangeLT-2,,,,volSellContinueLast2DayDown-VolUp,weekBarLowChangeLT0,brokenToday,",-0.2161026603400546,5,2,3
"PCTChangeGT1,year2High,_HTGT3.0__HTGTPCTDayChange_,,,chisSellEveningStar-2(Check2-3MidCapCross),",-0.7094017113913232,1,0,1
"PCTChangeGT2,PCDayChange-0.5to0.5,_HTGT1.5__LTGT3.0_,,,%%HLTF-Last2DayMarketUp:(GLOBAL-DOWN)sellHighLowerTail-Reversal-LastDayMarketUp,",-1.5594525889084196,2,1,1
"PCTChangeGT0.5,PCDayChange-0.5to0.5,_LTGT1.5_,,,%%:checkSell:Super-Risky,-+,",0.9915014164305951,1,1,0
"PCTChangeLT-2,_HTGT1.5_,,,volumeUpsergedLast2n3n4DayUp,volSellContinueLast2DayDown-VolUp,",1.8613746294078073,4,4,0
"PCTChangeGT0,PCDayChange-0.5to0.5,,,,%%:checkSell:Super-Risky,-+,",-0.13089005235603385,1,0,1
"PCTChangeLT-1,,,,(GLOBALFUTDOWN-DOWNTRENDMARKET)checkSellConsolidationBreakDown-week2-lowNotReachedWeek3,week2BarLowChangeLT-2,sellPatternsML,sellPatterns-LT-1.5-SMALT0,(SMA9LT0),",0.05504363173739191,1,1,0
"PCTChangeGT3,_HTGT1.5__LTGT1.5_,,,##MAPositive_Uptrend(GT2),##MA-SMA200LT0SMA100GT0,",-0.8035174609468082,4,2,2
"PCTChangeGT0.5,PCDayChange-0.5to0.5,_HTGT1.5__LTGT1.5_,,,buyPattern-GT1.5-SMAGT0,(SMA9GT0),",4.427857659942475,1,1,0
"PCTChangeGT3,,,,weekBarHighChangeGT2,##MAPositive_Uptrend(GT4.5),##MA-SMA200GT0SMA100GT0,",-2.053272147815085,2,0,2
"PCTChangeGT0.5,_HTGT3.0_,,,chisCheckConsolidationBreakoutGT(4.5),week2BarHighChangeGT0,",-1.6724047289004336,1,0,1
"PCTChangeGT8,year2High,_HTGT3.0__LTGT1.5_,,,volBuyContinueLast2DayUp-VolUp,",-1.6255131474247686,1,0,1
"PCTChangeGT5,year2Low,,,,chisSellYear2LowLT-40-last3DayDown(triggerAfter-9:15),",-1.501601344099428,1,0,1
"PCTChangeLT-2,,,,%%HLTF-Last2DayMarketDown:(GLOBAL-UP)buyHighUpperTailPre1-Reversal-LastDayMarketDown,",-0.5929190271614765,14,5,9
"PCTChangeLT-3,_HTGT1.5_,,,chisSellUpTrend-Risky-1,",-1.7819976806640627,1,0,1
"PCTChangeLT-1,_HTGT1.5__HTGTPCTDayChange_,,,%%HLTF:maySellTail-tailGT2-7,10thDayGT20,##MAPositive_Uptrend(LT-2),##MA-SMA200GT0SMA100GT0,",-1.0921800203850462,1,0,1
"PCTChangeLT-1,,,,chisSellDownTrend-nearHigh,##(Test):buyRisingMA-uptrend-SMA25gt0,",-0.9243451388612444,1,0,1
"PCTChangeGT3,,,,chisUpTrend-Risky-nearLow,##UPTREND:buyYearLowReversal(Confirm),##last2DayHighGT3-M3HLT0,",-2.642854963030129,1,0,1
"PCTChangeGT3,_HTGT3.0_,,,%%HLTF:maySellTail-tailGT2-7,10thDayGT20,%%HLTF:(UPTREND-GLOBAL/SGX-UP)BuyHighUpperTail-Reversal-7,10thDayGT15-LastDayMarketDown,",-0.7775293818809885,1,0,1
"PCTChangeGT0.5,_LTGT1.5_,,,chisSellSuper-Risky,-+,",1.6902178145131928,5,4,1
"PCTChangeGT3,_LTGT1.5_,,,weekBarHighChangeGT2,brokenToday,##MAPositive_Uptrend(GT2),##MA-SMA200GT0SMA100GT0,##last2DayHighGT3-M3HLT0,",0.3910008646646877,1,1,0
"PCTChangeLT-5,,,,##ML:sellRisingMA-down-(Risky),",-3.4556818458695022,2,0,2
"PCTDayChangeLT0,_LTGT1.5_,,,(Test)MayBuy-CheckChart(upTrend-lastDayDown),",0.07136866498191834,20,11,9
"PCTChangeGT1,PCDayChange-0.5to0.5,,,,%%:checkBuyContinue:CupDownDoji-last2dayUp,",-1.9281913419141883,3,1,2
"PCTChangeGT3,_HTGT1.5__HTGTPCTDayChange_,,,##(Check-chart):year2High-InPlus,",-1.0667818096143655,1,0,1
"PCTChangeGT3,,,,chisSell-2week-breakoutup,",-0.8213791599440878,8,2,6
"PCTChangeLT-1,,,,volBuyVolumeUpsergedLast2n3DayUp,##MANegative_Downtrend_(LT-2),##MA-SMA200GT0SMA100LT0,",1.8790652252906894,1,1,0
"PCTChangeLT-1,_LTGT1.5_,,,(GLOBALFUTDOWN-DOWNTRENDMARKET)checkSellConsolidationBreakDown-week2-lowNotReachedWeek3,week2BarLowChangeLT0,weekLowLTweek2Low,##(Check-chart-buy):YearHigh-InMinus,ReversalHighYear,",0.36635038136896664,2,1,1
"PCTChangeGT3,,,,volSellVolumeUpsergedLast2n3DayDown,chisCheckConsolidationBreakoutLT(4.5),weekBarHighChangeGT2,",2.9850757683314857,2,2,0
"PCTChangeGT3,_LTGT1.5_,,,##(Check-chart-sell):month3Low-InPlus,NearLowMonth3,##UPTREND:buyMonth6Low,",-1.3929618768328416,1,0,1
"PCTChangeLT-0.5,PCDayChange-0.5to0.5,_HTGT1.5__LTGT3.0_,,,##sellSMA25GT10,##MAPositive_Uptrend(LT0),##MA-SMA200LT0SMA100LT0,",-5.81769359934325,1,0,1
"PCDCGT0PCTChangeLT-1,PCDayChange-0.5to0.5,_HTGT1.5_,,,chisBuyYearHigh-3,",-0.83506872579249,16,7,9
"PCTChangeGT3,,,,chisBuyUpTrend-1-YearHigh,volSellReversalLast2DayUp-VolDown,chisCheckConsolidationBreakoutLT(4.5),(GLOBALFUTUP-UPTRENDMARKET)checkBuyConsolidationBreakUp-week2-highNotReachedWeek3,week2BarHighChangeGT0,brokenToday,",-2.2102458779060004,1,0,1
"PCTChangeLT-3,,,,vol-buy-DownVol-3dayDown-Week2Low,##MANegative_Downtrend_(LT-4.5),##MA-SMA200LT0SMA100LT0,##DOWNTREND:sellYearLowBreak,",-6.045198889550965,1,0,1
"PCTChangeLT-3,,,,(GLOBALFUTDOWN-DOWNTRENDMARKET)checkSellConsolidationBreakDown-week2-lowNotReachedWeek3,week2BarLowChangeLT0,weekLowLTweek2Low,##(check-chart)maySell-EMA6-MT-May-LT-EMA14,",1.1287408007373287,1,1,0
"PCTChangeGT5,,,,chisUpTrend-Risky-nearLow,##(check-chart)sellEMA6>EMA14,",-2.4501441890357905,1,0,1
"PCTChangeLT-8,_HTGT1.5__LTGT1.5_,,,volBuyReversalLast2DayDown-VolUp,##MANegative_Downtrend_(LT-4.5),##MA-SMA200LT0SMA100LT0,",-3.928416433030985,1,0,1
"PCDCGT0PCTDayChangeLT0,PCDayChange-0.5to0.5,_LTGT1.5_,,,buyPatternsML,",2.4387184006279714,1,1,0
"PCTChangeGT0.5,year2High,,,,shortUpTrendSellReversal-MonthHigh,",-0.4714330333175649,12,2,10
"PCTChangeGT3,,,,(GLOBALFUTUP-UPTRENDMARKET)checkBuyConsolidationBreakUp-week2-highNotReachedWeek3,week2BarHighChangeGT0,brokenToday,##(check-chart)mayBuy-EMA6-LT-May-MT-EMA14,##ML:sellRisingMAuptrend-1,",-1.1382149608030898,1,0,1
"PCTChangeLT-5,_LTGT1.5_,,,volSellContinueLast2DayDown-VolUp,##MANegative_Downtrend_(LT-4.5),##MA-SMA200LT0SMA100LT0,",-0.8143773951449521,7,2,5
"PCTChangeGT2,,,,##(Check-chart)ML:buyMonth3High-Continue,",0.12028431669745852,110,54,55
"PCTChangeLT-3,,,,volSellVolumeUpsergedLast2n3DayUp,volSellContinueLast2DayDown-VolUp,",-0.08451730886546693,5,2,3
"PCTChangeGT3,_HTGT1.5_,,,chisUpTrend-Risky-nearLow,(GLOBALFUTUP-UPTRENDMARKET)checkBuyConsolidationBreakUp-week2-highNotReachedWeek3,week2BarHighChangeGT2,weekHighGTweek2High,",4.99725257911283,1,1,0
"PCTChangeGT1,PCDayChange-0.5to0.5,_HTGT1.5__LTGT1.5_,,,##MA-SMA200LT0SMA100LT0,",-0.995647898551694,2,1,1
"PCTChangeGT0.5,_HTGT1.5_,,,##MA-SMA200GT0SMA100GT0,",-0.8950934821966784,1,0,1
"PCTChangeGT3,_HTGT3.0__HTGTPCTDayChange_,,,##MAPositive_Uptrend(GT2),##MA-SMA200GT0SMA100GT0,",-1.2517880661952188,5,2,3
"PCTChangeGT2,_HTGT1.5__HTGTPCTDayChange_,,,%%:sellDowntrend-lastDayUp-ReversalHighTail,",-0.921595509112989,3,1,2
"PCTChangeGT5,_HTGT1.5_,,,%%HLTF-Last2HighTail:(UPTREND)buy(DOWNTREND)sell:HighUpperTailPre-last2DayUp,weekBarHighChangeGT2,brokenToday,##UPTREND:buyYearLowReversal(Confirm),",0.923600408886838,1,1,0
"PCTChangeLT-3,_LTGT3.0_,,,##MANegative_Downtrend_(LT-2),##MA-SMA200GT0SMA100LT0,",2.8304657757705423,2,1,1
"PCTChangeLT-2,,,,volBuyVolumeUpsergedLast2n3DayUp,volSellContinueLast2DayDown-VolUp,",0.1455418351830454,3,2,1
"PCTChangeLT-5,,,,vol-buy-DownVol-3dayDown-Week2Low,##MANegative_Downtrend_(LT-4.5),##MA-SMA200LT0SMA100LT0,##last2DayLow(LT-3)-M3LLT0,",0.0,1,0,0
"PCTChangeLT-2,,,,chisSellFlagWeek-Risky,checkCupDown-inDownTrend-month3HighLTmonth3Low,bar_low,(SMA9LT0),##(Check-chart-buy):month3High-InMinus,BreakHighMonth3,",-1.786326872996797,1,0,1
"PCTChangeLT-3,,,,volSellContinueLast2DayDown-VolUp,weekBarLowChangeLT-2,brokenToday,chisDownTrend-Risky-nearHigh,##DOWNTREND:sellYear2HighReversal(InDownTrend),##(Check-chart-buy):month3High-InMinus,ReversalHighMonth3,",1.7452006715236557,1,1,0
"PCTChangeLT-3,_HTGT1.5__LTGT1.5_,,,chisDownTrend-Risky-nearHigh,##DOWNTREND:sellYear2HighReversal(InDownTrend),##last2DayLow(LT-3)-M3LGT0,##(Check-chart-buy):month3High-InMinus,ReversalHighMonth3,",-1.536992944996413,1,0,1
"PCTChangeGT0,PCDayChange-0.5to0.5,_HTGT1.5__LTGT1.5_,,,chisSellDowningMA-(check5MinuteDownTrendAndSellDowntrend)-Already10DayDown,",-1.3744412941328201,4,1,3
"PCTChangeLT-1,_HTGT1.5__LTGT1.5_,,,%%HLTF:(UPTREND-MorningTrend-UP)mayBuyTail-highTailGT2-7,10thDayGT10-Last2DayStockDown,",0.6000017438616027,1,1,0
"PCTChangeGT12,year2High,_LTGT3.0_,,,%%HLTF-Risky:(GLOBAL-DOWN)sellHighLowerTail-Reversal-LastDayMarketUp,",4.619027535106349,1,1,0
"PCTChangeGT3,_HTGT3.0__HTGTPCTDayChange_,,,volSellVolumeUpsergedLast2n3DayDown,##MAPositive_Uptrend(GT2),##MA-SMA200LT0SMA100LT0,",-2.4102185944586028,1,0,1
"PCTChangeLT-12,year2Low,_HTGT3.0__LTGT1.5_,,,vol-buy-DownVol-3dayDown-Week2Low,chisSellDayLowVolLow-0,",1.9218730926513619,1,1,0
"PCTChangeLT-0.5,_LTGT1.5_,,,chisSellDownTrend-nearHigh,",0.10570572267879438,15,9,6
"PCTChangeLT-3,,,,volBuyReversalLast2DayDown-VolDown,##DOWNTREND:sellYearHigh(InDownTrend),##(Check-chart-buy):YearHigh-InMinus,NearHighYear,",-0.86538852789464,1,0,1
"PCTChangeGT0.5,PCDayChange-0.5to0.5,_HTGT1.5_,,,buyPattern-GT1.5-SMAGT0,(SMA9GT0),",0.47367964040715266,2,1,1
"PCTChangeGT2,,,,volSellReversalLast2DayUp-VolDown,chisSellFinalContinue-00,buyPatternsML,##buyTenDaysLessThanMinusTen,",0.4211208353212567,1,1,0
"PCTChangeGT1,year2High,_HTGT1.5__HTGTPCTDayChange_,,,volBuyContinueLast2DayUp-VolUp,",0.6896521657558475,1,1,0
"PCTChangeLT-5,_HTGT1.5__LTGT3.0_,,,volSellContinueLast2DayDown-VolUp,##MANegative_Downtrend_(LT-4.5),##MA-SMA200LT0SMA100LT0,",4.010983549836899,2,1,1
"PCTChangeGT5,PCDayChange-0.5to0.5,_LTGT3.0_,,,%%HLTF-Last2DayMarketUp:(GLOBAL-DOWN)sellHighLowerTail-Reversal-LastDayMarketUp,buyPatternsML,",2.3782199979853242,1,1,0
"PCTChangeLT-3,_HTGT1.5__LTGT1.5__LTGTPCTDayChange_,,,##MANegative_Downtrend_(LT-1),##MA-SMA200LT0SMA100LT0,",14.097458967819978,1,1,0
"PCTChangeGT3,,,,week2BarHighChangeGT0,##(check-chart)mayBuy-EMA6-LT-May-MT-EMA14,",-0.21199824892242553,1,0,1
"PCTChangeGT8,year2High,,,,##(check-chart)sellEMA6>EMA14,",0.9077910925857637,1,1,0
"PCTChangeLT-5,_LTGT1.5_,,,chisRSISellCandidate(yearLow)-lessThanMinus5,##MANegative_Downtrend_(LT-4.5),##MA-SMA200LT0SMA100LT0,",-2.1092450109369865,1,0,1
"PCTChangeLT-3,_LTGT1.5_,,,volBuyVolumeUpsergedLast2n3DayUp,buyMorningStar-HighLowerTail,",3.1881024457279263,1,1,0
"PCTChangeGT2,,,,VOL:buy-DownVol-3dayUp-Week2Low,##(Check-chart)ML:buyMonth3High-Continue,",-2.6413579039887223,2,0,2
"PCTChangeGT1,_HTGT1.5__HTGTPCTDayChange_,,,(Test)(check-chart-2-3MidCapCross)MaySellCheckChart-Risky,%%:sellUpTrend-month3High,",-1.1725088631902307,3,1,2
"PCTChangeGT2,_HTGT3.0__LTGT1.5__HTGTPCTDayChange_,,,%%HLTF-Last2HighTail:(UPTREND)buy(DOWNTREND)sell:HighUpperTailPre-last2DayUp,",-5.425385879144209,1,0,1
"PCTChangeGT2,_LTGT3.0_,,,%%HLTF:(SGXNIFTYUP)buyHighLowerTail-Continue,volSellReversalLast2DayUp-VolUp,",1.6365947697376604,2,1,1
"PCTChangeGT2,,,,(GLOBALFUTUP-UPTRENDMARKET)checkBuyConsolidationBreakUp-week2-highNotReachedWeek3,week2BarHighChangeGT0,brokenToday,BuyYearLow,##UPTREND:buyYear2LowReversal(Confirm),",0.6319513650160992,1,1,0
"PCTChangeLT-3,_HTGT3.0__LTGT1.5__HTGTPCTDayChange_,,,##MANegative_Downtrend_(LT-2),##MA-SMA200GT0SMA100GT0,",0.8069581623318692,1,1,0
"PCTChangeLT-0.5,_HTGT1.5__HTGTPCTDayChange_,,,##MAPositive_Uptrend(LT-1),##MA-SMA200LT0SMA100GT0,",0.7431498073752661,3,2,1
"PCTChangeLT-2,,,,##(Check-chart-buy):month3High-InMinus,NearHighMonth3,##ML:BuyRisingMA-Risky-0,",1.811117517740562,1,1,0
"PCTChangeLT-2,_HTGT1.5_,,,%%:checkSell:CupDownDoji-lastDayLT(-2)TodayDoji,%%HLTF-Last2HighTail:(DOWNTREND)sellHighUpperTailPre,",5.343877736023207,1,1,0
"PCTChangeGT1,PCDayChange-0.5to0.5,year2High,,,,shortUpTrendSellReversal-MonthHigh,shortUpTrendSellReversal-Month3High-Doji-Last2DayGTToday,",1.6035199270374394,1,1,0
"PCTChangeLT-1,,,,checkCupDown-inDownTrend,bar_low,##longDownTrend-2-IndexNotDownLastDay(checkBase),",0.887724209910792,1,1,0
"PCTChangeLT-2,year2Low,,,,week2BarLowChangeLT-2,weekLowLTweek2Low,",2.5059665871121757,1,1,0
"PCTChangeLT-0.5,_HTGT1.5__LTGT1.5__HTGTPCTDayChange__LTGTPCTDayChange_,,,(SMA9LT0),",-2.0396635147397286,1,0,1
"PCTChangeGT2,_LTGT1.5_,,,volSellReversalLast2DayUp-VolDown,chisSellFinalContinue-(lastDayUp)-(volLow),chisBuyDownTrend-lowTail,",1.2104331961760857,1,1,0
"PCTChangeGT2,_HTGT3.0__HTGTPCTDayChange_,,,%%HLTF:maySellTail-tailGT2-7,10thDayGT20,",-2.007943512797885,1,0,1
"PCTChangeGT3,_LTGT1.5_,,,zigZagVolCrossedFromDown,##UPTREND:buyYearLowReversal(Confirm),",1.3671737595480988,1,1,0
"PCTChangeLT-1,_HTGT1.5__LTGT1.5__HTGTPCTDayChange__LTGTPCTDayChange_,,,%%:buyDownTrend-month3Low,",10.11967779455882,1,1,0
"PCTChangeGT0.5,_HTGT1.5__HTGTPCTDayChange_,,,(Test)MaySellCheckChart-last3DayUp,week2BarHighChangeGT0,chisBuyYearHigh-1,",0.36118611168589604,1,1,0
"PCTChangeLT-2,_HTGT1.5_,,,weekBarLowChangeLT0,brokenToday,##(Check-chart-buy):month3High-InMinus,ReversalHighMonth3,",-0.6794971062446085,1,0,1
"PCTChangeGT1,_HTGT1.5_,,,weekBarHighChangeGT0,",1.122330182790989,10,5,5
"PCTChangeLT-2,,,,%%:checkSell:FlagWeek,##(Check-chart-buy):month3High-InMinus,ReversalHighMonth3,",-2.2165531705657324,1,0,1
"PCTChangeGT5,,,,##(Test)buyBottomReversal-1,",-0.05832926432291639,1,0,1
"PCTChangeGT2,_HTGT1.5__HTGTPCTDayChange_,,,%%HLTF-Last2HighTail:(UPTREND)buy(DOWNTREND)sell:HighUpperTailPre-last2DayUp,MaySellCheckChart-(IndexNotDownInSecondHalf),chisUpTrend-Risky-nearLow,",-1.4736429410652543,1,0,1
"PCTDayChangeLT0,_HTGT1.5__LTGT1.5__HTGTPCTDayChange__LTGTPCTDayChange_,,,chisDownTrend-Risky-nearHigh,",5.110722805778201,4,3,1
"PCTChangeLT-2,,,,volSellContinueLast2DayDown-VolUp,(GLOBALFUTDOWN-DOWNTRENDMARKET)checkSellConsolidationBreakDown-week2-lowNotReachedWeek3,week2BarLowChangeLT-2,",-4.567837355723932,1,0,1
"PCTChangeGT2,_LTGT1.5_,,,VOL:sell-UpVol-3dayUp-Week2High,weekBarHighChangeGT0,brokenToday,",-1.6808497652094463,1,0,1
"PCTChangeGT3,,,,volBuyContinueLast2DayUp-VolUp,week2BarHighChangeGT2,weekHighGTweek2High,brokenToday,##(Check-chart):year2High-InPlus,",-3.534354953428523,1,0,1
"PCTChangeLT-2,_LTGT1.5_,,,(GLOBALFUTDOWN-DOWNTRENDMARKET)checkSellConsolidationBreakDown-week2-lowNotReachedWeek3,week2BarLowChangeLT0,##DOWNTREND:sellYear2HighReversal(InDownTrend),##(Check-chart-buy):YearHigh-InMinus,ReversalHighYear,",0.15926102263385006,1,1,0
"PCTChangeGT3,,,,volSellVolumeUpsergedLast2n3DayDown,##last2DayHighGT3-M3HGT0,",-0.4326592525739023,2,0,2
"PCTChangeGT5,_LTGT1.5_,,,(GLOBALFUTUP-UPTRENDMARKET)checkBuyConsolidationBreakUp-week2-highNotReachedWeek3,week2BarHighChangeGT2,brokenToday,",0.2940319210457475,2,1,1
"PCTChangeLT-2,,,,%%:check(UPTREND-UPMARKET)Buy(DOWNTRENDTREND-DOWNMARKET)Sell:Super01-monthLow,weekBarLowChangeLT0,brokenToday,##(Test)(Check-chart):yearLow-InMinus,",8.097563952934454,1,1,0
"PCTChangeLT-0.5,_HTGT1.5__HTGTPCTDayChange_,,,weekBarLowChangeLT0,brokenToday,",-1.9603921980926802,1,0,1
"PCTDayChangeLT0,_LTGT1.5_,,,week2BarLowChangeLT0,weekLowLTweek2Low,(Test)(check-chart-2-3MidCapCross)MayBuyCheckChart-Risky,",7.75462962962963,1,1,0
"PCTChangeLT-3,_HTGT1.5__LTGT1.5__HTGTPCTDayChange__LTGTPCTDayChange_,,,##MANegative_Downtrend_(LT-1),##MA-SMA200LT0SMA100LT0,",-2.3672531422785545,2,1,1
"PCTChangeLT-1,_HTGT1.5__LTGT1.5_,,,zigZagVolCrossedFromUp,",-3.8850674772475466,1,0,1
"PCDCGT0PCTDayChangeLT0,_HTGT1.5_,,,chisBuyYearHigh-3,",-0.29765459333495536,16,5,11
"PCTChangeGT3,,,,sellHeavyUpTrend-Reversal,##last2DayHighGT3-M3HGT0,",-1.2986701901859248,2,0,2
"PCTChangeGT0.5,PCDayChange-0.5to0.5,,,,chisSellDowningMA-(check5MinuteDownTrendAndSellDowntrend)-Already10DayDown,",0.12758575220689394,69,38,30
"PCTChangeLT-3,,,,checkCupDown-2dayDown-mayReversalBuy,##(Check-chart-buy):month3High-InMinus,ReversalHighMonth3,",0.09090707321796763,1,1,0
"PCTChangeGT2,,,,shortUpTrendSellReversal-MonthHigh,chisCheckConsolidationBreakoutLT(4.5),checkBuyConsolidationBreakUp-2week,week2BarHighChangeGT0,",-1.1866219097453297,1,0,1
"PCDCLT0PCTChangeGT1,,,,maySellFromBuyPattern-LT-1.8,",-5.815323785952018,1,0,1
"PCTChangeGT8,,,,chisSell-2week-breakoutup,",1.5430561093930037,2,1,1
"PCTChangeGT5,_HTGT1.5_,,,weekBarHighChangeGT5,##MAPositive_Uptrend(GT2),##MA-SMA200GT0SMA100GT0,",-0.7503833531353339,1,0,1
"PCTChangeGT2,,,,volBuyContinueLast2DayUp-VolUp,chisBuyDownTrend-Risky-2,",-1.4930583812572307,1,0,1
"PCTChangeGT3,,,,zigZagVolCrossedFromDown,chisCheckConsolidationBreakoutLT(4.5),",-0.009344385798317163,1,0,1
"PCTChangeGT3,,,,volSellVolumeUpsergedLast2n3DayDown,buyPatternsML,",2.43998604137812,1,1,0
"PCTChangeLT-3,_LTGT3.0_,,,##MANegative_Downtrend_(LT-4.5),##MA-SMA200GT0SMA100LT0,",-3.6599634135271186,2,1,1
"PCTChangeGT2,,,,volSellVolumeUpsergedLast2n3DayDown,",-0.38807159159470445,37,15,22
"PCTChangeLT-3,_HTGT1.5_,,,##(Check-chart-buy):month3High-InMinus,ReversalHighMonth3,",-1.151176632152042,12,3,9
"PCDCGT0PCTChangeLT-1,PCDayChange-0.5to0.5,_HTGT3.0_,,,%%:sellDowntrend-lastDayUp-ReversalHighTail,",-1.0457049927692643,3,2,1
"PCTChangeLT-16,_HTGT1.5__LTGT1.5_,,,chisRSISellCandidate(yearLow)-lessThanMinus5,##MANegative_Downtrend_(LT-4.5),##MA-SMA200LT0SMA100LT0,",0.08899478850627023,1,1,0
"PCTChangeLT-1,_HTGT1.5_,,,##(Check-chart-buy):month3High-InMinus,NearHighMonth3,",-0.5868732231150192,6,4,2
"PCTChangeGT0.5,,,,$$(DOWNTREND-OR-GLOBALDOWN)MaySellContinue-CheckChart(inuptrend-monthlow)-PCTDayChangeGT2,",-5.800003616898155,1,0,1
"PCTChangeGT0.5,_HTGT1.5_,,,volSellRevarsalVolCrossed,",-2.2583407945917218,1,0,1
"PCTChangeGT3,year2High,_HTGT3.0__HTGTPCTDayChange_,,,weekBarHighChangeGT2,brokenToday,",-0.21368713572383385,1,0,1
"PCTChangeLT-2,year2High,_LTGT1.5_,,,checkCupDown-inDownTrend-month3HighLTmonth3Low,",-0.4988913525498983,1,0,1
"PCTChangeGT3,,,,volumeUpsergedLast2n3n4DayDown,volBuyContinueLast2DayUp-VolUp,chisCheckConsolidationBreakoutGT(4.5),",-0.4016821679194733,1,0,1
"PCTChangeGT5,_LTGT1.5_,,,VOL:buy(GLOBALFUTDOWN-GLOBALMARKETDOWN)Sell-UpVol-3dayUp-Week2Low,",1.0204595046933735,2,1,1
"PCTChangeLT-3,_HTGT3.0__LTGT3.0_,,,%%HLTF:(GLOBAL-DOWN)sellHighLowerTail-Reversal-LastDayMarketUp,##MAPositive_Uptrend(LT-4.5),##MA-SMA200GT0SMA100GT0,",1.242936128950405,1,1,0
"PCTChangeGT2,_HTGT3.0__HTGTPCTDayChange_,,,##UPTREND:buyMonth3LowReversal(Confirm),",2.9588264016544077,1,1,0
"PCTChangeGT0,_HTGT1.5__LTGT3.0__HTGTPCTDayChange__LTGTPCTDayChange_,,,chisSellDowningMA-(check5MinuteDownTrendAndSellDowntrend)-Already10DayDown,",3.701033097679898,1,1,0
"PCTChangeLT-3,,,,week2BarLowChangeLT-2,",0.3904785045396251,3,2,1
"PCTChangeLT-2,_LTGT1.5_,,,weekBarLowChangeLT-2,MayBuyCheckChart-(IndexNotUpInSecondHalf),$$MayBuy-CheckChart(monthLow-minimumLast4DayDown),",-1.4785327596556896,3,2,1
"PCTChangeGT3,year2High,_HTGT1.5_,,,volSellVolumeUpsergedLast2n3DayDown,volBuyContinueLast2DayUp-VolUp,weekBarHighChangeGT2,brokenToday,",-0.5373143438083061,1,0,1
"PCTChangeGT1,_HTGT1.5__LTGT1.5__HTGTPCTDayChange__LTGTPCTDayChange_,,,chisSellDowningMA-(check5MinuteDownTrendAndSellDowntrend),%%HLTF-Last2LowTail:(DOWNTREND)sellHighLowerTailPre-1,",-0.09384449543991769,1,0,1
"PCTChangeLT-5,_LTGT3.0_,,,%%HLTF:(GLOBAL-UP)buyHighLowerTail-LastDayMarketUp,",0.1948071764661222,1,1,0
"PCTChangeGT3,year2High,_LTGT3.0_,,,%%HLTF-Risky:(GLOBAL-DOWN)sellHighLowerTail-Reversal-LastDayMarketUp,%%:sellUpTrend-month3High,##lastDayHighGT5TodayGT1,",-0.3617047249002711,1,0,1
"PCTChangeLT-0.5,_LTGT3.0_,,,%%HLTF:(SGXNIFTYUP)buyHighLowerTail-Continue,##MAPositive_Uptrend(LT0),##MA-SMA200GT0SMA100GT0,",2.6366005820830765,1,1,0
"PCTChangeLT-2,,,,VOL:buy-DownVol-3dayDown-Week2High,##DOWNTREND:sellYear2HighReversal(InDownTrend),",2.9538563795445922,1,1,0
"PCTDayChangeLT0,PCDayChange-0.5to0.5,_HTGT1.5__LTGT1.5_,,,##MAPositive_Uptrend(LT0),##MA-SMA200GT0SMA100GT0,",-0.5530506925159161,1,0,1
"PCTChangeLT-3,_LTGT1.5_,,,volSellContinueLast2DayDown-VolUp,(GLOBALFUTDOWN-DOWNTRENDMARKET)checkSellConsolidationBreakDown-week2-lowNotReachedWeek3,week2BarLowChangeLT-2,chisDownTrend-Risky-nearHigh,",3.230896420723109,1,1,0
"PCTChangeGT3,_HTGT1.5__LTGT1.5_,,,zigZagVolCrossedFromDown,",-1.6009279183331537,4,0,4
"PCTChangeGT3,,,,volumeUpsergedLast2n3n4DayDown,VOL:buy(GLOBALFUTDOWN-GLOBALMARKETDOWN)Sell-UpVol-3dayUp-Week2Low,##(check-chart)mayBuy-EMA6-LT-May-MT-EMA14,",-1.1741653464529063,1,0,1
"PCTChangeGT1,year2Low,_HTGT1.5_,,,(Test)MaySell-CheckChart(downTrend-lastDayUp),zigZagVolCrossedFromDown,",2.0792539966475116,1,1,0
"PCTChangeLT-2,,,,volBuyVolumeUpsergedLast2n3DayUp,chisDownTrend-Risky-nearHigh,##DOWNTREND:sellYear2HighReversal(InDownTrend),##(Check-chart-buy):YearHigh-InMinus,ReversalHighYear,",-2.574661014637771,1,0,1
"PCTChangeGT3,,,,chisUpTrend-Risky-nearLow,(GLOBALFUTUP-UPTRENDMARKET)checkBuyConsolidationBreakUp-week2-highNotReachedWeek3,week2BarHighChangeGT2,weekHighGTweek2High,brokenToday,",5.417052386887414,1,1,0
"PCTChangeGT3,_HTGT1.5__LTGT1.5_,,,##(Check-chart-sell):month3Low-InPlus,ReversalLowMonth3,weekBarHighChangeGT2,brokenToday,##UPTREND:buyYear2LowReversal(Confirm),",23.434207313939144,1,1,0
"PCTChangeLT-3,_HTGT1.5_,,,volBuyReversalLast2DayDown-VolDown,",0.10880692459363832,5,2,3
"PCTChangeLT-1,_LTGT1.5_,,,(GLOBALFUTDOWN-DOWNTRENDMARKET)checkSellConsolidationBreakDown-week2-lowNotReachedWeek3,week2BarLowChangeLT0,weekLowLTweek2Low,$$MayBuy-CheckChart(monthLow-minimumLast4DayDown),",-0.07101852247827162,1,0,1
"PCTChangeGT1,year2Low,_LTGT1.5_,,,buyMorningStar-(checkChart),",1.9590355195522344,1,1,0
"PCTDayChangeLT0,_LTGT1.5_,,,##MAPositive_Uptrend(LT0),##MA-SMA200GT0SMA100GT0,",5.882360975743008,1,1,0
"PCTChangeLT-1,,,,chisSellFlagWeek-Risky,volBuyReversalLast2DayDown-VolDown,volBuyRevarsalVolCrossed,##(Check-chart-buy):YearHigh-InMinus,ReversalHighYear,",-0.11207731405326177,1,0,1
"PCTChangeLT-3,,,,weekBarLowChangeLT0,brokenToday,##(Check-chart-buy):YearHigh-InMinus,ReversalHighYear,",-2.4489376027795804,3,0,3
"PCTChangeGT3,_HTGT1.5_,,,volumeUpsergedLast2n3n4DayDown,volBuyContinueLast2DayUp-VolUp,chisSellFinalContinue-(lastDayUp)-1,",2.5471217128211996,1,1,0
"PCTChangeLT-3,_LTGT3.0_,,,volSellContinueLast2DayDown-VolUp,(GLOBALFUTDOWN-DOWNTRENDMARKET)checkSellConsolidationBreakDown-week2-lowNotReachedWeek3,week2BarLowChangeLT0,weekLowLTweek2Low,",2.8193805711384847,1,1,0
"PCTChangeLT-2,,,,chisFinalBreakOutSell-0,##(Check-chart-buy):month3High-InMinus,NearHighMonth3,",-0.4737480651975543,2,0,2
"PCTChangeLT-3,year2High,_HTGT3.0__LTGT1.5_,,,%%HLTF:maySellTail-tailGT2-allDayGT0,##sellTenDaysMoreThanTen,",1.1332028290583716,1,1,0
"PCTChangeLT-1,,,,chisBuyFinalContinue-1,",-4.190351911041812,1,0,1
"PCTChangeGT1,_HTGT3.0__HTGTPCTDayChange_,,,##MANegative_Downtrend_(GT2),##MA-SMA200LT0SMA100LT0,",6.090030888068247,2,2,0
"PCTChangeLT-1,year2Low,_LTGT3.0_,,,$$MayBuy-CheckChart(downTrend-mayReverseLast4DaysDown),",-0.7343922846180755,1,0,1
"PCTChangeGT3,year2High,,,,chisBuyConsolidationBreakUp-2week-(Risky)-year2High,week2BarHighChangeGT2,weekHighGTweek2High,",0.24341844442782132,4,2,2
"PCDCGT0PCTChangeLT-3,_HTGT3.0__LTGT3.0__HTGTPCTDayChange__LTGTPCTDayChange_,,,##MA-SMA200LT0SMA100LT0,",-3.6618216930064036,1,0,1
"PCTChangeLT-8,,,,##last2DayLow(LT-3)-M3LGT0,chisSellDayLowVolLow-0,",-1.1626337670815436,2,1,1
"PCTChangeLT-3,,,,VOL:buy-UpVol-3dayDown-Week2Low,##DOWNTREND:sellMonth6LowBreak,",1.726192898220493,1,1,0
"PCTChangeGT5,_HTGT1.5_,,,%%HLTF-Last2HighTail:(UPTREND)buy(DOWNTREND)sell:HighUpperTailPre-last2DayUp,volBuyContinueLast2DayUp-VolUp,##MAPositive_Uptrend(GT4.5),##MA-SMA200LT0SMA100GT0,",-3.3776822164196134,1,0,1
"PCTChangeLT-3,year2Low,_LTGT3.0_,,,buyMorningStar-HighLowerTail,%%:buyDownTrend-month3Low,",-6.470588235294121,1,0,1
"PCTChangeGT0.5,PCDayChange-0.5to0.5,_HTGT1.5_,,,%%HLTF-Risky9:30:maySellTail-tailGT2-7,10thDayGT15,shortUpTrendSellReversal-Month3High-Doji-Last2DayGTToday,",-0.3486010882091724,1,0,1
"PCTChangeGT3,year2High,_HTGT1.5_,,,VOL:sell-UpVol-3dayUp-Week2High,",0.38208975217375957,4,2,2
"PCTChangeGT3,year2High,,,,chisSelldowntrendReversalMayFail,",3.691982157265631,1,1,0
"PCTChangeLT-5,_HTGT1.5__HTGTPCTDayChange_,,,%%HLTF-Last2HighTail:(DOWNTREND)sellHighUpperTailPre-1,",-1.6223527901342572,1,0,1
"PCTChangeGT3,_HTGT1.5_,,,##(Check-chart-sell):month3Low-InPlus,NearLowMonth3,chisBuyUpTrend-nearLow,",-3.021580538303732,1,0,1
"PCTChangeGT2,_HTGT1.5__LTGT3.0__HTGTPCTDayChange__LTGTPCTDayChange_,,,%%HLTF:(GLOBAL-DOWN)sellHighLowerTail-Reversal-LastDayMarketUp,",-3.9472786222589145,1,0,1
"PCDCGT0PCTDayChangeLT0,PCDayChange-0.5to0.5,_LTGT1.5_,,,chisSellFlagWeek-doji-Risky,chisBuyYearHigh-3,",-3.094076267534159,1,0,1
"PCTChangeGT1,_LTGT1.5_,,,chisUpTrend-Risky-nearLow,chisSellFinalContinue-(lastDayUp)-(volLow),buyFinal,",-1.9308022090367052,1,0,1
"PCDCGT0PCTChangeLT-1,PCDayChange-0.5to0.5,_HTGT1.5_,,,%%HLTF-Last2HighTail:(DOWNTREND)sellHighUpperTailPre-1,",-1.7546349417951284,3,0,3
"PCTChangeGT0,_LTGT1.5_,,,%%:checkSell:FlagWeek-doji,",-3.006163754822599,1,0,1
"PCTChangeGT2,,,,volSellVolumeUpsergedLast2n3DayDown,(GLOBALFUTUP-UPTRENDMARKET)checkBuyConsolidationBreakUp-week2-highNotReachedWeek3,week2BarHighChangeGT2,weekHighGTweek2High,",2.922611878069124,2,2,0
"PCTChangeLT-3,,,,%%HLTF-Last2DayMarketDown:(GLOBAL-UP)buyHighUpperTailPre1-Reversal-LastDayMarketDown,sellPatternsML,",-3.894461573908335,2,0,2
"PCTChangeLT-2,_LTGT1.5_,,,chisDownTrend-Risky-nearHigh,zigZagVolCrossedFromUp,##(Check-chart-buy):month3High-InMinus,ReversalHighMonth3,",0.2788746664126316,2,1,1
"PCTChangeLT-1,,,,sellFinal1,chisDownTrend-Risky-nearHigh,",-1.9009669901863124,2,0,2
"PCDCLT0PCTChangeGT8,year2Low,_HTGT3.0__LTGT3.0__HTGTPCTDayChange__LTGTPCTDayChange_,,,chisSellLastDayHighUpReversal,",-5.275100902311132,1,0,1
"PCTChangeLT-1,_HTGT1.5__HTGTPCTDayChange_,,,##MAPositive_Uptrend(LT-1),##MA-SMA200GT0SMA100LT0,",-1.2903192991851529,1,0,1
"PCTChangeLT-1,,,,chisSellFlagWeek-Risky,chisDownTrend-Risky-nearHigh,##(Check-chart-buy):month3High-InMinus,ReversalHighMonth3,",0.7971365232563175,2,2,0
"PCTChangeGT1,,,,chisBuyDownTrend-Risky-0,",-1.4940889420961323,1,0,1
"PCTChangeGT2,_HTGT1.5_,,,%%:sellUpTrend-month3High,shortUpTrendSellReversal-MonthHigh,brokenToday,",-2.511108398437512,1,0,1
"PCTChangeLT-2,_LTGT3.0_,,,%%:buyDownTrend-month3Low,",8.44085857432376,1,1,0
"PCTChangeGT3,,,,volSellVolumeUpsergedLast2n3DayDown,chisBuy-2week-breakoutup(check-chart)(|-|-| or --|),",5.5446597728988944,2,2,0
"PCTChangeGT3,,,,(GLOBALFUTUP-UPTRENDMARKET)checkBuyConsolidationBreakUp-week2-highNotReachedWeek3,week2BarHighChangeGT0,weekHighGTweek2High,##(check-chart)mayBuy-EMA6-LT-May-MT-EMA14,",0.4382252780557523,1,1,0
"PCDCLT0PCTChangeGT0,PCDayChange-0.5to0.5,_HTGT1.5__LTGT1.5_,,,buyMayYear2LowBreakingUp,",-2.544253195853669,2,1,1
"PCTChangeLT-3,,,,weekBarLowChangeLT-2,brokenToday,chisDownTrend-Risky-nearHigh,##(Check-chart-buy):month3High-InMinus,ReversalHighMonth3,##(check-chart)maySell-EMA6-MT-May-LT-EMA14,",-0.010726994199302576,1,0,1
"PCTChangeLT-3,,,,weekBarLowChangeLT0,brokenToday,##ML:buyRisingMA-down-Risky,",0.3224442170501109,2,1,1
"PCTChangeLT-0.5,_HTGT1.5__LTGT1.5_,,,%%:checkSell:CupDownDoji-lastDayLT(-2)TodayDoji,",0.8386288296985595,1,1,0
"PCTChangeLT-1,_HTGT1.5_,,,(GLOBALFUTDOWN-DOWNTRENDMARKET)checkSellConsolidationBreakDown-week2-lowNotReachedWeek3,week2BarLowChangeLT-2,weekLowLTweek2Low,chisDownTrend-Risky-nearHigh,",-0.5029978334153201,1,0,1
"PCTChangeLT-2,,,,%%:checkSell:Super01-monthLow,volSellVolumeUpsergedLast2n3DayUp,",0.5552512798453598,1,1,0
"PCTChangeGT5,,,,chisSellDayHighVolLow-01-checkMorningTrend(.5SL),",1.5845143773154664,2,1,1
"PCTChangeLT-3,,,,checkCupDown-3dayDown,##DOWNTREND:sellYear2HighReversal(InDownTrend),##(Check-chart-buy):month3High-InMinus,ReversalHighMonth3,",-1.0974803197075893,1,0,1
"PCTDayChangeLT0,PCDayChange-0.5to0.5,_LTGT3.0_,,,%%:checkSell:Super01-monthLow,",-0.45183121362669776,2,1,1
"PCTChangeGT3,_HTGT3.0__HTGTPCTDayChange_,,,checkBuyConsolidationBreakout-allPreLT0,week2BarHighChangeGT0,brokenToday,",-2.509116257957132,1,0,1
"PCTChangeLT-1,year2High,,,,chisSellUpTrend-Risky-1,",0.7299814170414427,3,2,1
"PCTChangeLT-5,,,,##MANegative_Downtrend_(LT-2),##MA-SMA200GT0SMA100LT0,",4.2229589343390845,5,3,2
"PCTChangeLT-1,_HTGT1.5_,,,chisSell-smallUptrendReversal,",-0.33977101105755214,5,1,4
"PCTChangeLT-0.5,PCDayChange-0.5to0.5,,,,%%:checkSell:CupDownDoji-last2lastDayLT0orTodayGT0,",-5.160399581905457,1,0,1
"PCTChangeLT-3,_HTGT1.5_,,,chisDownTrend-Risky-nearHigh,##DOWNTREND:sellYearHighReversal(InDownTrend),##(Check-chart-buy):month3High-InMinus,ReversalHighMonth3,",1.1842069570084053,1,1,0
"PCTChangeGT3,year2High,_HTGT1.5__HTGTPCTDayChange_,,,%%:sellUpTrend-month3High,weekBarHighChangeGT0,brokenToday,",-1.8921083187308125,1,0,1
"PCTChangeGT8,_HTGT3.0__HTGTPCTDayChange_,,,chisUpTrend-Risky-nearLow,",-1.8995266717039443,1,0,1
"PCTChangeGT1,_LTGT3.0_,,,week2BarHighChangeGT0,weekHighGTweek2High,brokenToday,",0.8320007324218839,1,1,0
"PCTChangeGT3,,,,chisCheckConsolidationBreakoutLT(4.5),chisSell-2week-breakoutup,",-1.1580176326815563,1,0,1
"PCTChangeGT3,_LTGT1.5_,,,(GLOBALFUTUP-UPTRENDMARKET)checkBuyConsolidationBreakUp-week2-highNotReachedWeek3,week2BarHighChangeGT0,weekHighGTweek2High,brokenToday,",1.5938406563923846,5,4,1
"PCTChangeGT3,_LTGT1.5_,,,##MAPositive_Uptrend(GT2),##MA-SMA200GT0SMA100GT0,",-0.6982496828537722,18,6,11
"PCTChangeLT-3,,,,weekBarLowChangeLT-2,##DOWNTREND:sellYearLowBreak,",-0.8840209196423143,4,1,3
"PCTChangeGT2,_LTGT1.5_,,,vol-sell-DownVol-3dayUp-Week2High,(GLOBALFUTUP-UPTRENDMARKET)checkBuyConsolidationBreakUp-week2-highNotReachedWeek3,week2BarHighChangeGT2,weekHighGTweek2High,",3.2545210895477794,1,1,0
"PCTChangeGT1,_HTGT3.0__LTGT3.0__HTGTPCTDayChange__LTGTPCTDayChange_,,,##MAPositive_Uptrend(GT1),##MA-SMA200GT0SMA100GT0,",-1.7686303889429495,1,0,1
"PCTChangeGT5,_HTGT1.5_,,,weekBarHighChangeGT2,##last2DayHighGT3-M3HLT0,",0.005925743496532645,1,1,0
"PCDCGT0PCTDayChangeLT0,_HTGT3.0__HTGTPCTDayChange_,,,maySellFromBuyPattern-LT-1.8,",-0.7396320198880056,1,0,1
"PCTChangeGT3,,,,volSellVolumeUpsergedLast2n3DayDown,weekBarHighChangeGT2,",0.3933906468766556,10,5,5
"PCTChangeLT-2,_HTGT1.5_,,,##MA-SMA200LT0SMA100LT0,##DOWNTREND:sellMonth6LowBreak,",6.841894416026646,1,1,0
"PCTChangeGT1,,,,week2BarHighChangeGT0,weekHighGTweek2High,brokenToday,chisBuyYearHigh-1,",4.062175714658135,2,2,0
"PCTChangeLT-2,PCDayChange-0.5to0.5,,,,##ML:buyRisingMA-down-Risky,",-0.43561522875696457,4,3,1
"PCTChangeGT3,year2High,,,,volumeUpsergedLast2n3n4DayDown,chisCheckConsolidationBreakoutLT(4.5),weekBarHighChangeGT2,brokenToday,",-1.698220912263276,5,1,4
"PCTChangeGT3,,,,volumeUpsergedLast2n3n4DayDown,chisBuy-2week-breakoutup(check-chart)(|-|-| or --|),",0.9854842613627571,6,5,1
"PCTChangeGT3,,,,zigZagVolCrossedFromDown,chisUpTrend-Risky-nearLow,##UPTREND:buyYearLowReversal(Confirm),",-4.1592893347276005,1,0,1
"PCDCLT0PCTChangeGT0,_HTGT3.0_,,,chisSell-smallUptrendReversal,",-7.163033722140611,1,0,1
"PCTChangeGT2,year2High,_HTGT1.5__HTGTPCTDayChange_,,,volSellVolumeUpsergedLast2n3DayDown,",-3.2983218922334476,1,0,1
"PCTChangeGT8,year2Low,_LTGT1.5_,,,volBuyContinueLast2DayUp-VolUp,",-9.321886316389486,1,0,1
"PCTChangeGT3,,,,(GLOBALFUTUP-UPTRENDMARKET)checkBuyConsolidationBreakUp-week2-highNotReachedWeek3,week2BarHighChangeGT0,BuyYearLow,##(check-chart)sellEMA6>EMA14,",-0.040367721420464166,1,0,1
"PCTChangeLT-2,,,,##(Test)(Check-chart):year2Low-InMinus,",-0.7262020048124558,5,2,3
"PCTChangeLT-2,_LTGT1.5_,,,volBuyReversalLast2DayDown-VolDown,chisDownTrend-Risky-nearHigh,##(Check-chart-buy):YearHigh-InMinus,ReversalHighYear,",-0.8150065957952939,1,0,1
"PCTChangeGT5,,,,chisSellYear2LowLT-40-last4DayDown(triggerAfter-9:15),chisUpTrend-Risky-nearLow,##UPTREND:buyYear2LowReversal(Confirm),",5.223078801081741,1,1,0
"PCTChangeGT3,_LTGT1.5_,,,checkCupDown-lastDayUp,chisBuy-2week-breakoutup(check-chart)(|-|-| or --|),",1.1356025269859895,1,1,0
"PCTChangeLT-2,,,,checkCupDown-inDownTrend-month3HighLTmonth3Low,bar_low,sellFinal,",2.5698649262103577,1,1,0
"PCTChangeLT-5,year2High,,,,volSellContinueLast2DayDown-VolUp,(GLOBALFUTDOWN-DOWNTRENDMARKET)checkSellConsolidationBreakDown-week2-lowNotReachedWeek3,week2BarLowChangeLT0,",-3.565393125826318,1,0,1
"PCDCGT0PCTChangeLT-1,_HTGT3.0__LTGT3.0_,,,##MA-SMA200GT0SMA100LT0,",-1.797904871693171,1,0,1
"PCTChangeLT-2,,,,checkCupDown-3dayDown,VOL:buy-DownVol-3dayDown-Week2High,##(Check-chart-buy):month3High-InMinus,NearHighMonth3,",-1.9350198661084272,1,0,1
"PCTChangeLT-3,_HTGT1.5_,,,##MANegative_Downtrend_(LT-4.5),##MA-SMA200LT0SMA100LT0,",1.1186733312283172,6,4,2
"PCTDayChangeLT0,PCDayChange-0.5to0.5,_HTGT3.0__LTGT3.0_,,,##MAPositive_Uptrend(LT0),##MA-SMA200GT0SMA100GT0,",-9.94834584638108,1,0,1
"PCTChangeLT-3,_HTGT3.0__HTGTPCTDayChange_,,,volumeUpsergedLast2n3n4DayUp,##longDownTrend-1-IndexNotDownLastDay(checkBase),##last2DayLow(LT-3)-M3LGT0,",1.7499727108215797,1,1,0
"PCTChangeLT-2,,,,volBuyReversalLast2DayDown-VolDown,sellFinal,chisSellDownTrend-nearHigh,##(Check-chart-buy):month3High-InMinus,NearHighMonth3,",-0.7982959987686843,1,0,1
"PCTChangeLT-1,_LTGT1.5_,,,(GLOBALFUTDOWN-DOWNTRENDMARKET)checkSellConsolidationBreakDown-week2-lowNotReachedWeek3,week2BarLowChangeLT0,weekLowLTweek2Low,##(Check-chart-buy):month3High-InMinus,ReversalHighMonth3,",-0.21664428998025476,3,1,2
"PCTChangeGT2,,,,volSellRevarsalVolCrossed,weekBarHighChangeGT2,chis-breakoutup-2week,",5.842698915174396,1,1,0
"PCTChangeGT2,year2High,_HTGT3.0__LTGT1.5__HTGTPCTDayChange_,,,%%HLTF-Last2HighTail:(UPTREND)buy(DOWNTREND)sell:HighUpperTailPre-last2DayUp,",4.482760836121824,1,1,0
"PCTChangeLT-3,,,,volBuyVolumeUpsergedLast2n3DayUp,weekBarLowChangeLT0,brokenToday,",0.49009760084060844,3,2,1
"PCTChangeLT-2,,,,sellFinal,",0.6749380914297454,18,13,5
"PCTDayChangeLT0,PCDayChange-0.5to0.5,_HTGT1.5_,,,%%:check(UPTREND-UPMARKET)Buy(DOWNTRENDTREND-DOWNMARKET)Sell:Super01-monthLow,",0.08016987770340478,2,1,1
"PCTChangeLT-3,_HTGT1.5_,,,volSellContinueLast2DayDown-VolUp,##DOWNTREND:sellYear2HighReversal(InDownTrend),##(Check-chart-buy):month3High-InMinus,ReversalHighMonth3,",-0.8058212640581535,2,1,1
"PCTChangeGT2,_HTGT1.5_,,,chisBuyUpTrend-1,",0.2021208355729748,3,2,1
"PCTChangeGT2,_HTGT1.5_,,,shortUpTrendSellReversal-MonthHigh,",-1.0320570528541642,1,0,1
"PCTChangeGT5,_HTGT1.5_,,,volumeUpsergedLast2n3n4DayDown,##last2DayHighGT3-M3HGT0,",2.5001609486143925,1,1,0
"PCTChangeLT-8,_LTGT3.0_,,,volumeUpsergedLast2n3n4DayUp,chisDownTrend-Risky-nearHigh,",-3.6013425433883475,1,0,1
"PCTChangeGT5,,,,weekBarHighChangeGT5,##MAPositive_Uptrend(GT4.5),##MA-SMA200LT0SMA100GT0,",0.7976906837066571,1,1,0
"PCTChangeLT-3,,,,chisSellDownTrend-nearHigh,##DOWNTREND:sellYearHigh(InDownTrend),##(Check-chart-buy):month3High-InMinus,BreakHighMonth3,",1.0219460880786781,1,1,0
"PCDCGT0PCTChangeLT-1,_HTGT3.0__HTGTPCTDayChange_,,,(Test)MaySell-CheckChart(downTrend-lastDayUp),##RisingMA(check-chart-sell)-MaySellCheckChart,",-5.723741979364298,1,0,1
"PCTChangeLT-2,,,,weekBarLowChangeLT-2,brokenToday,##(Check-chart-buy):month3High-InMinus,ReversalHighMonth3,##(check-chart)maySell-EMA6-MT-May-LT-EMA14,",-1.688599168208621,1,0,1
"PCTChangeGT5,_LTGT1.5_,,,##MAPositive_Uptrend(GT2),##MA-SMA200LT0SMA100LT0,",-3.2191426977892483,1,0,1
"PCTChangeGT2,,,,##(Check-chart):yearHigh-InPlus,",1.423874236634868,4,3,1
"PCTChangeEQ0,PCDayChange-0.5to0.5,_HTGT1.5__LTGT1.5_,,,%%HLTF-Last2LowTail:(DOWNTREND)sellHighLowerTailPre-1,",1.332149218762874,1,1,0
"PCTChangeLT-2,_LTGT1.5_,,,##DOWNTREND:sellMonth6LowBreak,%%:buyDownTrend-month3Low,",0.27972027972027597,1,1,0
"PCTChangeLT-3,_HTGT3.0__LTGT1.5__HTGTPCTDayChange__LTGTPCTDayChange_,,,(GLOBALFUTDOWN-DOWNTRENDMARKET)checkSellConsolidationBreakDown-week2-lowNotReachedWeek3,week2BarLowChangeLT-5,weekLowLTweek2Low,",4.783671476403059,1,1,0
"PCTChangeLT-2,,,,weekBarLowChangeLT0,chisDownTrend-Risky-nearHigh,##(Check-chart-buy):month6High-InMinus,ReversalHighMonth6,",0.004276814372329432,1,1,0
"PCTChangeGT5,_LTGT1.5_,,,chisBuyDayHighVolLow-0,",-2.341506764451669,2,1,1
"PCDCGT0PCTDayChangeLT0,PCDayChange-0.5to0.5,,,,chisBuyYearHigh-1,",-0.44454625911359313,10,6,4
"PCTChangeLT-5,_HTGT1.5_,,,volBuyReversalLast2DayDown-VolDown,##MANegative_Downtrend_(LT-4.5),##MA-SMA200LT0SMA100LT0,##last2DayLow(LT-3)-M3LLT0,",1.1612105723401078,1,1,0
"PCTChangeGT0,PCDayChange-0.5to0.5,_HTGT1.5_,,,%%:checkSell:Super2,-+,%%:sellDowntrend-lastDayUp-ReversalHighTail,chisSellDowningMA-(check5MinuteDownTrendAndSellDowntrend)-Already10DayDown,",1.0457524020725424,1,1,0
"PCTChangeLT-8,_HTGT3.0__LTGT3.0__HTGTPCTDayChange__LTGTPCTDayChange_,,,chisSellDownTrend-nearHigh,$$MaySellContinue-CheckChart(inuptrend-monthlow)-highTail,",-1.4684436390700801,1,0,1
"PCTChangeGT1,_LTGT3.0_,,,%%HLTF:(SGXNIFTYUP)buyHighLowerTail-Continue,chisFinalBreakOutBuyContinue-1-test-atYearLow,chisFinalBreakOutBuyContinue-0-test-atYearLow,",2.3452276277586095,1,1,0
"PCTChangeLT-5,year2Low,_LTGT1.5_,,,##last2DayLow(LT-3)-M3LLT0,",-2.106266827300514,3,2,1
"PCTChangeGT5,_HTGT1.5__LTGT1.5_,,,chisUpTrend-Risky-nearLow,##UPTREND:buyMonth6Low,",5.0123198020041455,1,1,0
"PCTChangeGT3,year2High,,,,##lastDayHighGT5TodayGT1,",-0.14660413943910638,19,7,12
"PCTChangeLT-0.5,_HTGT1.5_,,,%%HLTF:(UPTREND-MorningTrend-UP)mayBuyTail-highTailGT2-7,10thDayGT10-Last2DayStockDown,",0.9654382562000301,5,3,2
"PCTChangeGT0,_HTGT1.5__LTGT1.5__LTGTPCTDayChange_,,,##MA-SMA200LT0SMA100LT0,",-0.7194231596644668,1,0,1
"PCTChangeGT0,PCDayChange-0.5to0.5,,,,buyYearHigh-0,",0.14037789476718626,26,14,12
"PCTChangeLT-5,_LTGT1.5_,,,##MANegative_Downtrend_(LT-4.5),##MA-SMA200GT0SMA100LT0,chisSellDayLowVolLow-01,",4.963616369922847,3,3,0
"PCTChangeGT2,year2High,_HTGT3.0__HTGTPCTDayChange_,,,volSellReversalLast2DayUp-VolDown,week2BarHighChangeGT0,weekHighGTweek2High,brokenToday,",-1.1032892504768197,1,0,1
"PCDCLT0PCTChangeGT0,_HTGT1.5__LTGT3.0_,,,##MAPositive_Uptrend(LT0),##MA-SMA200GT0SMA100GT0,",-1.3729977116704768,1,0,1
"PCTChangeGT1,,,,buyFinal,",-0.9605483773974433,8,1,7
"PCTChangeGT2,,,,(GLOBALFUTUP-UPTRENDMARKET)checkBuyConsolidationBreakUp-week2-highNotReachedWeek3,week2BarHighChangeGT5,",5.013545793009372,1,1,0
"PCTChangeLT-16,_HTGT3.0__LTGT3.0_,,,##MANegative_Downtrend_(LT-4.5),##MA-SMA200GT0SMA100LT0,",4.3181852860884264,1,1,0
"PCTChangeGT3,,,,chisUpTrend-Risky-nearLow,##UPTREND:buyYearLow,",2.150111288348212,1,1,0
"PCTChangeLT-1,_HTGT1.5_,,,sellFinal,chisDownTrend-Risky-nearHigh,",1.664310307582397,1,1,0
"PCTDayChangeLT0,,,,(SMA9GT0),",1.4196983835447263,6,5,1
"PCTChangeLT-0.5,_LTGT1.5_,,,$$MayBuy-CheckChart-baseLine(inuptrend-monthlow)-PCTDayChangeLT0,",-1.7296653759601142,5,1,4
"PCTChangeLT-3,_HTGT1.5__LTGT1.5_,,,(GLOBAL-DOWN)maySellContinueHighVolatileLastDayDOWN-(LT-5),##MANegative_Downtrend_(LT-4.5),##MA-SMA200LT0SMA100LT0,",-3.6392038518732255,1,0,1
"PCTChangeGT8,_HTGT1.5_,,,##MAPositive_Uptrend(GT4.5),##MA-SMA200LT0SMA100LT0,##last2DayHighGT3-M3HLT0,",-6.966084858308995,1,0,1
"PCTChangeLT-1,_LTGT3.0_,,,##MANegative_Downtrend_(LT-1),##MA-SMA200LT0SMA100LT0,",-4.674328332659848,1,0,1
"PCTChangeLT-2,_LTGT1.5_,,,weekBarLowChangeLT-2,##DOWNTREND:sellMonth3HighReversal(InDownTrend),$$MayBuy-CheckChart(monthLow-minimumLast4DayDown),##(Check-chart-buy):month3High-InMinus,ReversalHighMonth3,",-4.925199976175917,1,0,1
"PCTChangeGT3,year2High,_HTGT1.5_,,,%%HLTF-Last2HighTail:(UPTREND)buy(DOWNTREND)sell:HighUpperTailPre-last2DayUp,MaySellCheckChart-(IndexNotDownInSecondHalf),",1.944446563720717,1,1,0
"PCTChangeGT1,,,,%%:sellUpTrend-month3High,weekBarHighChangeGT0,",-0.4751091475254207,1,0,1
"PCTDayChangeLT0,PCDayChange-0.5to0.5,_HTGT1.5__LTGT1.5_,,,%%:checkSell:CupDownDoji-lastDayLT(-2)TodayDoji,",-2.560693241918642,5,1,4
"PCTChangeLT-2,,,,checkCupDown-2dayDown,VOL:sell(GLOBALFUTUP-GLOBALMARKETUP)Buy-UpVol-3dayDown-Week2High,##DOWNTREND:sellYear2HighReversal(InDownTrend),##(Check-chart-buy):month3High-InMinus,ReversalHighMonth3,",1.8949465714495473,1,1,0
"PCTChangeLT-2,_LTGT3.0_,,,%%:checkSell:Super01-monthLow,",-0.5337061506978584,1,0,1
"PCTChangeLT-2,year2Low,,,,weekBarLowChangeLT-2,brokenToday,",-0.622756806145067,2,1,1
"PCTChangeLT-2,,,,checkCupDown-2dayDown-mayReversalBuy,(GLOBALFUTDOWN-DOWNTRENDMARKET)checkSellConsolidationBreakDown-week2-lowNotReachedWeek3,week2BarLowChangeLT0,weekLowLTweek2Low,chisDownTrend-Risky-nearHigh,##DOWNTREND:sellMonth6HighReversal(InDownTrend),##(Check-chart-buy):month3High-InMinus,ReversalHighMonth3,",-0.6832336046680901,1,0,1
"PCTChangeLT-2,_LTGT1.5_,,,checkSellConsolidationBreakDown-month3HighGTMonth3Low,MayBuyCheckChart-(IndexNotUpInSecondHalf),",-0.5309336117916796,1,0,1
"PCTChangeLT-2,_HTGT1.5__LTGT1.5__HTGTPCTDayChange__LTGTPCTDayChange_,,,volBuyReversalLast2DayDown-VolUp,chisSellDownTrend-nearHigh,",-6.459228777578464,1,0,1
"PCTChangeGT3,,,,zigZagVolCrossedFromDown,%%:sellUpTrend-month3High,##MAPositive_Uptrend(GT2),##MA-SMA200GT0SMA100GT0,",-3.259184145005386,1,0,1
"PCTChangeLT-2,,,,VOL:buy-DownVol-3dayDown-Week2High,##DOWNTREND:sellYearHigh(InDownTrend),##(Check-chart-buy):month3High-InMinus,NearHighMonth3,",3.06120723126883,1,1,0
"PCDCGT0PCTChangeLT-1,_HTGT1.5_,,,##MA-SMA200GT0SMA100GT0,",1.4856808941639656,3,1,2
"PCTChangeGT1,_LTGT1.5_,,,chisBuyYearHigh-1,",0.09875867029322884,18,6,12
"PCTChangeLT-2,,,,checkCupDown-near2WeekDown-mayReveresalBuy,weekBarLowChangeLT0,brokenToday,",1.541816446137118,1,1,0
"PCTChangeLT-3,,,,chisSellUpTrend-Risky-2,",-0.5922148806780405,6,2,4
"PCTChangeGT3,year2High,,,,volumeUpsergedLast2n3n4DayDown,##last2DayHighGT3-M3HGT0,",-0.7322849093348145,3,0,3
"PCTChangeLT-3,_HTGT1.5_,,,checkCupDown-3dayDown-mayReversalBuy,%%HLTF:maySellTail-tailGT2-7,10thDayGT0,##DOWNTREND:sellYear2HighReversal(InDownTrend),##(Check-chart-buy):month3High-InMinus,ReversalHighMonth3,",-4.399639389420927,1,0,1
"PCTChangeLT-1,_LTGT3.0_,,,shortDownTrendBuyReversal-Month3Low-Doji-Last2DayLTToday,",1.3673494300063846,1,1,0
"PCTChangeGT5,_HTGT3.0__HTGTPCTDayChange_,,,volBuyContinueLast2DayUp-VolUp,",3.476152146184648,4,2,2
"PCTChangeGT0,,,,(SMA9GT0),",-1.0912820528331255,2,1,1
"PCTChangeLT-2,_LTGT1.5_,,,volBuyReversalLast2DayDown-VolDown,weekBarLowChangeLT-2,##(Check-chart-buy):month3High-InMinus,ReversalHighMonth3,",-1.598465535525953,1,0,1
"PCTChangeGT0,,,,checkCupDown-lastDayUp,",-1.2487892921857888,4,2,2
"PCTChangeGT3,,,,chisUpTrend-Risky-nearLow,checkBuyConsolidationBreakout-allPreLT0,(GLOBALFUTUP-UPTRENDMARKET)checkBuyConsolidationBreakUp-week2-highNotReachedWeek3,week2BarHighChangeGT2,BuyYearLow,##UPTREND:buyYear2LowReversal(Confirm),",1.3358817711727191,1,1,0
"PCTChangeGT0.5,_HTGT3.0__LTGT1.5__HTGTPCTDayChange__LTGTPCTDayChange_,,,%%HLTF-Last2HighTail:(UPTREND)buy(DOWNTREND)sell:HighUpperTailPre-last2DayUp,week2BarHighChangeGT0,",3.7407392336998453,1,1,0
"PCTChangeGT5,_HTGT1.5_,,,##MAPositive_Uptrend(GT4.5),##MA-SMA200GT0SMA100GT0,##last2DayHighGT3-M3HGT0,",-3.406979598213409,2,0,2
"PCTChangeLT-2,_HTGT1.5_,,,(GLOBALFUTDOWN-DOWNTRENDMARKET)checkSellConsolidationBreakDown-week2-lowNotReachedWeek3,week2BarLowChangeLT0,##(Check-chart-buy):month3High-InMinus,ReversalHighMonth3,",1.602488494797719,2,2,0
"PCTChangeLT-3,_HTGT1.5_,,,VOL:sell(GLOBALFUTUP-GLOBALMARKETUP)Buy-UpVol-3dayDown-Week2High,##DOWNTREND:sellYear2HighReversal(InDownTrend),",1.3837824641047414,1,1,0
"PCTChangeLT-1,PCDayChange-0.5to0.5,,,,shortDownTrendBuyReversal-MonthLow-Doji-Last2DayLTToday,",0.13634499404717634,3,2,1
"PCTChangeLT-1,PCDayChange-0.5to0.5,_HTGT1.5__LTGT3.0_,,,##buyYear2LowMovingSMA,",1.2931034482758659,1,1,0
"PCTChangeLT-2,,,,volBuyReversalLast2DayDown-VolDown,##DOWNTREND:sellMonth3High(InDownTrend),",8.57143000082333,1,1,0
"PCTChangeLT-3,_HTGT1.5__HTGTPCTDayChange_,,,chisSell:Super03-monthLow,",1.8673920276165858,1,1,0
"PCTChangeLT-2,_HTGT1.5_,,,(GLOBALFUTDOWN-DOWNTRENDMARKET)checkSellConsolidationBreakDown-week2-lowNotReachedWeek3,week2BarLowChangeLT0,volBuyRevarsalVolCrossed,%%:checkBuyRevarsalLast3DayDownAtMonth3High,",-2.8708121453875477,1,0,1
"PCTChangeGT2,,,,week2BarHighChangeGT2,weekHighGTweek2High,##UPTREND:buyMonth3LowReversal(Confirm),",5.3676493027631,1,1,0
"PCTChangeLT-2,_LTGT1.5_,,,##MANegative_Downtrend_(LT-1),##MA-SMA200LT0SMA100LT0,%%:buyDownTrend-month3Low,",-1.3368532255098455,2,1,1
"PCTChangeGT2,_LTGT1.5_,,,volBuyContinueLast2DayUp-VolUp,(GLOBALFUTUP-UPTRENDMARKET)checkBuyConsolidationBreakUp-week2-highNotReachedWeek3,week2BarHighChangeGT0,brokenToday,",0.9551953125000043,1,1,0
"PCTChangeGT1,,,,(GLOBALFUTUP-UPTRENDMARKET)checkBuyConsolidationBreakUp-week2-highNotReachedWeek3,week2BarHighChangeGT0,brokenToday,",0.26978568067289965,14,9,5
"PCTChangeLT-0.5,_HTGT1.5_,,,%%HLTF-Last2HighTail:(DOWNTREND)sellHighUpperTailPre-1,chisDownTrend-Risky-nearHigh,",-2.1897755342943155,1,0,1
"PCTChangeGT3,,,,##(Check-chart-sell):month3Low-InPlus,ReversalLowMonth3,chisUpTrend-Risky-nearLow,volSellVolumeUpsergedLast2n3DayDown,volBuyContinueLast2DayUp-VolUp,chisCheckConsolidationBreakoutLT(4.5),weekBarHighChangeGT2,##UPTREND:buyMonth3LowReversal(Confirm),",-1.566514175430928,1,0,1
"PCTChangeLT-3,,,,checkCupDown-2dayDown-mayReversalBuy,VOL:sell(GLOBALFUTUP-GLOBALMARKETUP)Buy-UpVol-3dayDown-Week2High,##DOWNTREND:sellYearHighReversal(InDownTrend),##(Check-chart-buy):month3High-InMinus,ReversalHighMonth3,##(check-chart)maySell-EMA6-MT-May-LT-EMA14,",2.9142892020089337,1,1,0
"PCTChangeLT-2,_LTGT3.0_,,,chisSell-smallUptrendReversal,##sellRisingMA,",8.264842969641832,1,1,0
"PCTChangeGT0.5,,,,(GLOBALFUTUP-UPTRENDMARKET)checkBuyConsolidationBreakUp-week2-highNotReachedWeek3,week2BarHighChangeGT2,",-1.5288361026217143,2,1,1
"PCTDayChangeLT0,_HTGT1.5__LTGT1.5_,,,##MA-SMA200LT0SMA100LT0,",0.0042929689398292226,2,1,1
"PCTChangeLT-0.5,_HTGT1.5_,,,chisDownTrend-Risky-nearHigh,",-0.13022871665424868,40,18,22
"PCTChangeLT-5,,,,volSellContinueLast2DayDown-VolUp,(GLOBALFUTDOWN-DOWNTRENDMARKET)checkSellConsolidationBreakDown-week2-lowNotReachedWeek3,week2BarLowChangeLT-2,",-1.078339326216879,1,0,1
"PCTChangeLT-5,_LTGT1.5_,,,volSellContinueLast2DayDown-VolUp,##last2DayLow(LT-3)-M3LLT0,",3.300766916711316,1,1,0
"PCTChangeLT-3,_HTGT3.0__LTGT3.0__HTGTPCTDayChange__LTGTPCTDayChange_,,,##MANegative_Downtrend_(LT-2),##MA-SMA200LT0SMA100LT0,",2.079689188563525,1,1,0
"PCTChangeLT-3,_LTGT3.0_,,,##MANegative_Downtrend_(LT-2),##MA-SMA200LT0SMA100LT0,##last2DayLow(LT-3)-M3LLT0,chisBuyDayLowVolLow-03-checkMorningTrend(.5SL)-after10:30,",-0.6023027368758107,1,0,1
"PCTChangeGT3,,,,##(Check-chart-sell):month3Low-InPlus,ReversalLowMonth3,##lastDayHighGT5TodayGT1,",-4.729729729729719,1,0,1
"PCTChangeLT-2,,,,%%:checkSell:Super01-monthLow,volSellContinueLast2DayDown-VolUp,checkSellConsolidationBreakDown-month3HighGTMonth3Low,",0.17655222422106545,1,1,0
"PCTChangeGT0,,,,(SMA9LT0),",-1.5832302263766727,5,1,4
"PCTChangeLT-12,_HTGT3.0__LTGT3.0_,,,##MAPositive_Uptrend(LT-4.5),##MA-SMA200LT0SMA100LT0,",3.982903896233972,1,1,0
"PCTChangeLT-1,,,,sellFinal1,",-0.9565117985051068,9,3,6
"PCTChangeLT-2,,,,chisSellFinalCandidate-3,sellFinal,##(Check-chart-buy):month3High-InMinus,NearHighMonth3,##ML:BuyRisingMA-Risky-1,",-3.703708229351968,1,0,1
"PCTChangeGT3,,,,volBuyContinueLast2DayUp-VolUp,chisCheckConsolidationBreakoutLT(4.5),(GLOBALFUTUP-UPTRENDMARKET)checkBuyConsolidationBreakUp-week2-highNotReachedWeek3,week2BarHighChangeGT0,brokenToday,##(check-chart)mayBuy-EMA6-LT-May-MT-EMA14,",2.5995101503516267,2,2,0
"PCTChangeLT-5,_LTGT3.0_,,,volumeUpsergedLast2n3n4DayUp,volSellContinueLast2DayDown-VolUp,",4.5323798254318035,1,1,0
"PCTChangeGT3,,,,VOL:sell-UpVol-3dayUp-Week2High,weekBarHighChangeGT0,brokenToday,",-0.5709262868269506,1,0,1
"PCTChangeGT2,_LTGT1.5_,,,##MANegative_Downtrend_(GT1),##MA-SMA200LT0SMA100LT0,",-0.03886058690809167,5,2,3
"PCTDayChangeLT0,_HTGT3.0__LTGT3.0__HTGTPCTDayChange__LTGTPCTDayChange_,,,##MA-SMA200GT0SMA100GT0,",-7.423224442153872,1,0,1
"PCTChangeLT-0.5,_HTGT1.5__LTGT1.5__HTGTPCTDayChange__LTGTPCTDayChange_,,,%%:checkSell:CupDownDoji-last2lastDayLT0orTodayGT0,",-0.9776081678484474,1,0,1
"PCTChangeLT-5,_HTGT1.5_,,,(GLOBALFUTDOWN-DOWNTRENDMARKET)checkSellConsolidationBreakDown-week2-lowNotReachedWeek3,week2BarLowChangeLT-5,",0.8631254665394142,1,1,0
"PCTChangeLT-3,_LTGT3.0_,,,checkCupDown-3dayDown,%%HLTF:(GLOBAL-DOWN)sellHighLowerTail-Reversal-LastDayMarketUp,",0.27403908163631113,1,1,0
"PCTChangeGT1,,,,zigZagVolCrossedFromDown,buyPatternsML,",4.158412820041764,1,1,0
"PCTChangeGT0.5,_HTGT1.5_,,,(GLOBALFUTUP-UPTRENDMARKET)checkBuyConsolidationBreakUp-week2-highNotReachedWeek3,week2BarHighChangeGT0,",0.2000000000000096,1,1,0
"PCTChangeLT-1,_LTGT1.5_,,,(GLOBALFUTDOWN-DOWNTRENDMARKET)checkSellConsolidationBreakDown-week2-lowNotReachedWeek3,week2BarLowChangeLT0,(Test)MayBuyCheckChart-last3DayDown,",-0.5622263945605003,1,0,1
"PCDCGT0PCTDayChangeLT0,_LTGT1.5_,,,chisBuyYearHigh-3,",-0.5192581833809198,15,5,10
"PCTChangeGT0.5,PCDayChange-0.5to0.5,,,,sellPattern-LT-1.5-SMALT0,(SMA9LT0),maySellFromBuyPattern-LT-1.8,",-2.5621633484573394,5,0,5
"PCTChangeGT3,,,,chisCheckConsolidationBreakoutLT(4.5),chisBuy-2week-breakoutup(check-chart)(|-|-| or --|),",1.9759264583959626,6,3,3
"PCTChangeLT-1,PCDayChange-0.5to0.5,,,,##ML:BuyRisingMA-Risky-0,",-0.31750088646297764,1,0,1
"PCTChangeGT2,,,,##(Test)(check-chart)-sellSMADownTrend-2DayUp-weekHighTouch,",0.9304648303961651,1,1,0
"PCTChangeGT1,_HTGT1.5__LTGT3.0__LTGTPCTDayChange_,,,%%:checkSell:CupDownDoji,%%HLTF:(GLOBAL-DOWN)sellHighLowerTail-Reversal-LastDayMarketUp,",-5.076923076923078,1,0,1
"PCTChangeLT-2,,,,(GLOBALFUTDOWN-DOWNTRENDMARKET)checkSellConsolidationBreakDown-week2-lowNotReachedWeek3,week2BarLowChangeLT-2,chisDownTrend-Risky-nearHigh,##DOWNTREND:sellYear2HighReversal(InDownTrend),",0.31921685879622186,1,1,0
"PCTChangeLT-1,,,,chisDownTrend-Risky-nearHigh,",-0.08732234724442828,2055,965,1084
"PCTChangeGT3,year2High,_HTGT1.5_,,,##last2DayHighGT3-M3HGT0,",-1.3887247828728413,12,3,9
"PCTChangeLT-3,_LTGT1.5_,,,chisSellFinalCandidate-(lastDayUp)-(highChange),##(Check-chart-buy):month3High-InMinus,NearHighMonth3,##sellRisingMA-1,",-0.6822582443008013,1,0,1
"PCTChangeLT-5,_LTGT1.5_,,,volBuyReversalLast2DayDown-VolDown,chisDownTrend-Risky-nearHigh,chisSellDayLowVolLow-0,",-0.5915262494112569,1,0,1
"PCTChangeLT-5,_HTGT3.0__LTGT1.5_,,,##MANegative_Downtrend_(LT-4.5),##MA-SMA200LT0SMA100LT0,##DOWNTREND:sellYearLowBreak,",1.7420476405464926,1,1,0
"PCTChangeLT-2,,,,vol-buy-DownVol-3dayDown-Week2Low,##MA-SMA200LT0SMA100LT0,",3.0072114470485802,2,2,0
"PCTChangeGT3,_HTGT1.5__LTGT3.0__LTGTPCTDayChange_,,,volBuyVolumeUpsergedLast2n3DayDown,##buyTenDaysLessThanMinusTen,",0.8024678799350485,1,1,0
"PCTChangeGT8,_LTGT1.5_,,,volumeUpsergedLast2n3n4DayDown,##MAPositive_Uptrend(GT4.5),##MA-SMA200LT0SMA100LT0,##last2DayHighGT3-M3HLT0,",-4.966141762591666,1,0,1
"PCTChangeGT0,PCDayChange-0.5to0.5,_HTGT1.5_,,,%%HLTF:maySellTail-tailGT2-7,10thDayGT20,",-0.6840588756359436,2,1,1
"PCTChangeGT8,_HTGT1.5_,,,chisUpTrend-Risky-nearLow,##(check-chart)sellEMA6>EMA14,",-3.1081053587767595,1,0,1
"PCTChangeGT3,year2Low,_HTGT1.5_,,,chisSellYear2LowLT-40-last4DayDown(triggerAfter-9:15),chisSellYear2LowContinue,",-0.39823384595037636,1,0,1
"PCTChangeGT2,_HTGT3.0_,,,%%HLTF:maySellTail-tailGT2-7,10thDayGT20,%%HLTF:(UPTREND-GLOBAL/SGX-UP)BuyHighUpperTail-Reversal-7,10thDayGT15-LastDayMarketDown,##MA-SMA200GT0SMA100GT0,",-0.6535031610205699,1,0,1
"PCTChangeGT1,_LTGT3.0_,,,%%HLTF:(GLOBAL-DOWN)sellHighLowerTail-Reversal-LastDayMarketUp,##MAPositive_Uptrend(GT2),##MA-SMA200GT0SMA100GT0,",-1.3564454356844327,1,0,1
"PCDCLT0PCTChangeGT3,PCDayChange-0.5to0.5,_LTGT3.0_,,,%%HLTF-Last2DayMarketUp:(GLOBAL-DOWN)sellHighLowerTail-Reversal-LastDayMarketUp,",-2.8418246926315347,1,0,1
"PCTChangeGT2,,,,volumeUpsergedLast2n3n4DayDown,volBuyContinueLast2DayUp-VolUp,chisCheckConsolidationBreakoutLT(4.5),",-0.06225020208689162,5,3,2
"PCTChangeLT-1,,,,weekBarLowChangeLT0,brokenToday,##ML:sellRisingMA-down-(Risky),",-0.3255208203982981,1,0,1
"PCTChangeGT2,_LTGT3.0_,,,$$MayBuy-CheckChart-baseLine(inuptrend-monthlow)-MHCLT(-10),",-0.07353389964384346,1,0,1
"PCTChangeGT0,PCDayChange-0.5to0.5,,,,##(Test)(check-chart)-sellSMADownTrend,",-0.9154834709441884,5,1,4
"PCTChangeLT-3,,,,checkSellConsolidationBreakDown-month3HighGTMonth3Low,chisDownTrend-Risky-nearHigh,##(Check-chart-buy):month3High-InMinus,ReversalHighMonth3,",0.8359708332959671,2,1,1
"PCTChangeEQ0,_HTGT1.5_,,,%%HLTF-LastDayUp:(DOWNTREND-OR-GLOBALDOWN)MaySellHighTail-LastDayMarketUp,",-1.5027725871605733,4,0,4
"PCTChangeGT2,,,,##(Check-chart-sell):month3Low-InPlus,ReversalLowMonth3,chis-breakoutup-2week,chisBuy-2week-breakoutup,##(check-chart)mayBuy-EMA6-LT-May-MT-EMA14,##UPTREND:buyMonth3LowReversal(Confirm),",2.6728623124628808,1,1,0
"PCTDayChangeLT0,PCDayChange-0.5to0.5,,,,%%:checkSell:Super01-monthLow,buyYearHigh-0,",1.3905597977848905,1,1,0
"PCTChangeLT-1,,,,volSellContinueLast2DayDown-VolUp,##buyRisingMA-1,",5.1177510411147935,1,1,0
"PCTChangeGT3,year2High,,,,chisCheckConsolidationBreakoutGT(4.5),weekBarHighChangeGT2,",-1.3547761445177124,3,0,3
"PCTChangeGT3,_HTGT1.5_,,,%%HLTF:(DOWNTREND-OR-GLOBALDOWN)maySellTail-tailGT2-2,3,4thDayGT0,##(check-chart)sellEMA6>EMA14,",-0.7344507472635353,2,0,2
"PCTChangeGT2,_HTGT1.5__HTGTPCTDayChange_,,,chisCheckConsolidationBreakoutLT(4.5),(GLOBALFUTUP-UPTRENDMARKET)checkBuyConsolidationBreakUp-week2-highNotReachedWeek3,week2BarHighChangeGT0,brokenToday,##UPTREND:buyYear2LowReversal(Confirm),",-0.66668600977015,1,0,1
"PCTChangeLT-1,_HTGT1.5_,,,chisBuyMay5DayFloorReversal,##(Check-chart-buy):month3High-InMinus,ReversalHighMonth3,",2.4169184290030037,1,1,0
"PCTChangeGT1,PCDayChange-0.5to0.5,_LTGT1.5_,,,shortUpTrendBuyContinue-Doji-Last2DayGTToday,",0.20444833097643172,4,2,2
"PCTChangeGT1,_LTGT1.5_,,,chisSellFlag2Week-doji-Risky,",0.0852557154542267,4,1,3
"PCDCGT0PCTChangeLT-3,,,,##MA-SMA200LT0SMA100LT0,",2.1795990117838553,1,1,0
"PCTChangeLT-1,year2High,_HTGT1.5_,,,volSellVolumeUpsergedLast2n3DayUp,",0.0,1,0,0
"PCTChangeLT-2,,,,%%:checkSell:ConsolidationBreakDown(NotShapeA)-2week,checkSellConsolidationBreakDown-2week,week2BarLowChangeLT0,weekLowLTweek2Low,brokenToday,chisDownTrend-Risky-nearHigh,##(Check-chart-buy):YearHigh-InMinus,ReversalHighYear,",3.3834079969424358,1,1,0
"PCTChangeGT1,,,,chisBuyYearHigh-1,##(Check-chart)ML:buyMonth3High-Continue,",-0.12101515986842643,1,0,1
"PCTChangeLT-5,_HTGT1.5__HTGTPCTDayChange_,,,%%HLTF-Last2HighTail:(DOWNTREND)sellHighUpperTailPre,",-3.4690832848212576,1,0,1
"PCTChangeLT-3,_HTGT3.0__LTGT1.5_,,,##MAPositive_Uptrend(LT-4.5),##MA-SMA200GT0SMA100GT0,",-7.862042435788311,1,0,1
"PCTChangeGT3,_HTGT1.5_,,,%%HLTF-Last2HighTail:(UPTREND)buy(DOWNTREND)sell:HighUpperTailPre-last2DayUp,##MAPositive_Uptrend(GT2),##MA-SMA200GT0SMA100GT0,",-1.3790239795409447,3,1,2
"PCTChangeLT-5,_LTGT3.0_,,,volSellContinueLast2DayDown-VolUp,",-0.27407795077868974,3,2,1
"PCTChangeGT3,_HTGT1.5__HTGTPCTDayChange_,,,MaySellCheckChart-(IndexNotDownInSecondHalf),chisBuyUpTrend-1-YearHigh,chisCheckConsolidationBreakout2WeekLT(4.5),weekBarHighChangeGT2,brokenToday,",-2.803656742331041,1,0,1
"PCTChangeGT3,year2High,_HTGT3.0_,,,%%HLTF-Last2HighTail:(UPTREND)buy(DOWNTREND)sell:HighUpperTailPre-last2DayUp,##lastDayHighGT5TodayGT1,",1.0041659244826175,1,1,0
"PCTChangeGT1,PCDayChange-0.5to0.5,_HTGT1.5_,,,%%HLTF-Last2HighTail:(UPTREND)buy(DOWNTREND)sell:HighUpperTailPre-last2DayUp,shortUpTrendSellReversal-MonthHigh-Doji-Last2DayGTToday,##MAPositive_Uptrend(GT0),##MA-SMA200LT0SMA100LT0,",3.3780315925407334,1,1,0
"PCTChangeLT-1,_LTGT1.5_,,,checkCupDown-2dayDown-mayReversalBuy,%%HLTF:(GLOBAL-DOWN)sellHighLowerTail-Reversal-LastDayMarketUp,",3.145563113334852,1,1,0
"PCTChangeLT-0.5,,,,shortDownTrendBuyReversal-Month3Low-Doji-Last2DayLTToday,##MANegative_Downtrend_(LT0),##MA-SMA200LT0SMA100LT0,",-2.6140491114721454,1,0,1
"PCTChangeGT2,PCDayChange-0.5to0.5,_HTGT1.5__LTGT3.0_,,,chisSellFlag2Week-doji-Risky,",1.2522849037593575,1,1,0
"PCTChangeGT2,,,,buyYearHigh-0,##(Check-chart)ML:buyMonth3High-Continue,",1.7530270990232184,1,1,0
"PCTChangeLT-2,,,,(GLOBALFUTDOWN-DOWNTRENDMARKET)checkSellConsolidationBreakDown-week2-lowNotReachedWeek3,week2BarLowChangeLT-2,weekLowLTweek2Low,chisDownTrend-Risky-nearHigh,##(Check-chart-buy):YearHigh-InMinus,ReversalHighYear,",-1.86525459851527,4,1,3
"PCDCGT0PCTDayChangeLT0,,,,##MANegative_Downtrend_(GT0),##MA-SMA200GT0SMA100LT0,",3.3874713321984684,1,1,0
"PCTChangeLT-1,PCDayChange-0.5to0.5,_HTGT1.5_,,,%%:checkSell:Super01-monthLow,shortDownTrendSellContinue-Doji-Last2DayLTToday,",4.064518097908261,1,1,0
"PCTChangeGT3,_HTGT1.5_,,,volSellVolumeUpsergedLast2n3DayDown,volBuyContinueLast2DayUp-VolUp,week2BarHighChangeGT2,weekHighGTweek2High,brokenToday,",-2.3288000505506683,1,0,1
"PCTChangeLT-0.5,_HTGT1.5__LTGT3.0_,,,%%:checkSell:Super01-monthLow,",-0.7454501065340935,1,0,1
"PCTChangeGT1,year2High,_HTGT1.5_,,,MaySellCheckChart-(IndexNotDownInSecondHalf),weekBarHighChangeGT0,",-0.5117257775020135,1,0,1
"PCTChangeGT3,,,,##(Check-chart-sell):month3Low-InPlus,BreakLowMonth3,##last2DayHighGT3-M3HLT0,",-0.6477095487104041,2,1,1
"PCTChangeGT3,,,,volSellVolumeUpsergedLast2n3DayDown,checkBuyConsolidationBreakout-allPreLT0,##MAPositive_Uptrend(GT2),##MA-SMA200GT0SMA100GT0,",-4.647203431512318,1,0,1
"PCTChangeGT2,,,,chisUpTrend-Risky-nearLow,chis-breakoutup-2week,##UPTREND:buyMonth3LowReversal(Confirm),",-0.9430562163207963,1,0,1
"PCDCGT0PCTDayChangeLT0,PCDayChange-0.5to0.5,_LTGT1.5_,,,buyYearHigh-0,",1.6065987404310507,1,1,0
"PCTChangeLT-3,,,,chisSellDownTrend-nearHigh,##(Check-chart-buy):month3High-InMinus,ReversalHighMonth3,",0.2028802431905653,19,10,9
"PCTDayChangeLT0,,,,##MAPositive_Uptrend(LT0),##MA-SMA200LT0SMA100LT0,",-0.3865774741529778,3,1,2
"PCDCGT0PCTChangeLT-1,_HTGT3.0__LTGT1.5_,,,%%:sellDowntrend-lastDayUp-ReversalHighTail,",-3.6091280731767115,1,0,1
"PCTChangeLT-3,year2High,,,,volSellVolumeUpsergedLast2n3DayUp,chisSellUpTrend-Risky-2,",-1.3393167750631383,2,0,2
"PCTChangeLT-5,_LTGT1.5_,,,##MANegative_Downtrend_(LT-4.5),##MA-SMA200LT0SMA100LT0,##DOWNTREND:sellYearLowBreak,",0.7287012871268026,1,1,0
"PCTChangeGT2,year2High,_HTGT1.5__LTGT1.5_,,,volSellVolumeUpsergedLast2n3DayDown,",-4.248924419092002,1,0,1
"PCTChangeLT-1,,,,volSellContinueLast2DayDown-VolUp,chisDownTrend-Risky-nearHigh,##(Check-chart-buy):month3High-InMinus,ReversalHighMonth3,",-0.5031591401088342,4,1,3
"PCTChangeGT3,_LTGT1.5_,,,weekBarHighChangeGT2,##MAPositive_Uptrend(GT4.5),##MA-SMA200GT0SMA100GT0,",1.3997465717582682,1,1,0
"PCTChangeGT0,PCDayChange-0.5to0.5,_HTGT1.5_,,,maySellFromBuyPattern-LT-1.8,",-2.7002569287361147,4,0,4
"PCTChangeLT-1,,,,chisSell:Super03-monthLow,volSellContinueLast2DayDown-VolUp,checkSellConsolidationBreakDown-month3HighGTMonth3Low,",-0.6190688144585262,1,0,1
"PCTChangeGT3,,,,chisBuyFinalCandidate-3,",-0.47343718478413493,1,0,1
"PCTChangeLT-0.5,PCDayChange-0.5to0.5,_HTGT1.5_,,,%%HLTF-LastDayUp:(DOWNTREND-OR-GLOBALDOWN)MaySellHighTail-LastDayMarketUp,chisBuyYearHigh-3,",1.2498722069045367,4,3,1
"PCTChangeLT-1,PCDayChange-0.5to0.5,,,,chisBuyYearHigh-3,",0.09996593167099439,68,37,31
"PCTChangeGT3,_HTGT1.5_,,,VOL:buy(GLOBALFUTDOWN-GLOBALMARKETDOWN)Sell-UpVol-3dayUp-Week2Low,",0.4783710036661965,4,2,2
"PCTChangeGT3,,,,chisBuyUpTrend-1-YearHigh,",-0.15947172158917053,11,4,7
"PCTChangeGT0,_HTGT1.5_,,,##RisingMA(check-chart-sell)-MaySellCheckChart,",2.6082114471911675,1,1,0
"PCTChangeLT-2,year2High,_HTGT1.5_,,,%%HLTF-Last2HighTail:(DOWNTREND)sellHighUpperTailPre,",0.47841022006271877,1,1,0
"PCTChangeLT-1,_LTGT1.5_,,,%%HLTF:(GLOBAL-UP)buyHighLowerTail-StockInUptrend,",-1.0979034484589245,2,0,2
"PCTChangeGT3,_HTGT1.5_,,,volSellVolumeUpsergedLast2n3DayDown,weekBarHighChangeGT2,brokenToday,",1.424223251835123,2,2,0
"PCTChangeGT3,_HTGT3.0__LTGT3.0_,,,##MANegative_Downtrend_(GT4.5),##MA-SMA200LT0SMA100LT0,",-4.290072171191374,2,0,2
"PCDCGT0PCTChangeLT-1,PCDayChange-0.5to0.5,_HTGT1.5__LTGT1.5_,,,##MA-SMA200LT0SMA100LT0,",2.058370157719757,1,1,0
"PCTChangeGT2,,,,volSellRevarsalVolCrossed,%%:checkSellRevarsalLast3DayUpAtMonth3Low,VOL:sell-DownVol-3dayUp-Week2Low,",-0.20502515497329582,1,0,1
"PCTChangeLT-12,_HTGT1.5__LTGT1.5_,,,volSellContinueLast2DayDown-VolUp,##MANegative_Downtrend_(LT-4.5),##MA-SMA200LT0SMA100LT0,",-1.1065573770491803,1,0,1
"PCTChangeGT1,,,,volBuyContinueLast2DayUp-VolUp,##(Check-chart)sellMonth3High-Continue,",-2.9861132303873634,1,0,1
"PCTChangeGT8,_HTGT3.0__LTGT1.5_,,,chisSellYear2LowLT-40-last4DayDown(triggerAfter-9:15),",-9.452630293996704,1,0,1
"PCTChangeLT-2,_HTGT1.5__HTGTPCTDayChange_,,,%%:check(UPTREND-UPMARKET)Buy(DOWNTRENDTREND-DOWNMARKET)Sell:Super01-monthLow,volBuyVolumeUpsergedLast2n3DayUp,",-5.956280817751016,1,0,1
"PCDCLT0PCTChangeGT0,PCDayChange-0.5to0.5,year2High,_HTGT3.0_,,,%%HLTF-Last2HighTail:(DOWNTREND)sellHighUpperTailPre,",0.40908813476561967,1,1,0
"PCDCGT0PCTDayChangeLT0,_HTGT3.0_,,,##MAPositive_Uptrend(GT0),##MA-SMA200GT0SMA100GT0,",-2.0414626803965255,2,1,1
"PCTChangeLT-0.5,PCDayChange-0.5to0.5,_LTGT3.0_,,,shortDownTrendSellContinue-Doji-Last2DayLTToday,",1.338622365857967,2,1,1
"PCTChangeLT-5,_LTGT1.5_,,,chisDownTrend-Risky-nearHigh,",-0.38916921619961237,29,11,18
"PCTChangeLT-1,,,,volumeUpsergedLast2n3n4DayUp,weekBarLowChangeLT0,",7.149203517625215,1,1,0
"PCTChangeGT2,_HTGT1.5__LTGT3.0__LTGTPCTDayChange_,,,volBuyVolumeUpsergedLast2n3DayDown,##buyTenDaysLessThanMinusTen,",2.2259705756437556,1,1,0
"PCDCLT0PCTChangeGT1,,,,mayBuyFromSellPattern-GT1.8,",2.379954017760377,1,1,0
"PCTChangeGT2,PCDayChange-0.5to0.5,_HTGT3.0_,,,##MA-SMA200LT0SMA100LT0,",4.387499491373706,1,1,0
"PCTChangeLT-3,,,,vol-buy-DownVol-3dayDown-Week2Low,##MANegative_Downtrend_(LT-2),##MA-SMA200GT0SMA100GT0,",-0.2038452464826198,1,0,1
"PCTChangeLT-5,year2Low,_HTGT1.5_,,,vol-buy-DownVol-3dayDown-Week2Low,##last2DayLow(LT-3)-M3LLT0,",-3.632666650844125,2,0,2
"PCTChangeLT-0.5,_LTGT1.5_,,,buyMorningStar-HighLowerTail-(checkChart),",0.5038261614110355,4,2,2
"PCTChangeGT3,_HTGT1.5_,,,volumeUpsergedLast2n3n4DayDown,volBuyContinueLast2DayUp-VolUp,chisCheckConsolidationBreakoutLT(4.5),weekBarHighChangeGT0,brokenToday,",2.087380122212521,1,1,0
"PCTChangeGT1,,,,##RisingMA(Test)(check-chart-buy)-1DayUp,##UPTREND:buyMonth3LowReversal(Confirm),",0.1315802858586957,1,1,0
"PCDCLT0PCTChangeGT1,_LTGT3.0_,,,##RisingMA(check-chart-buy)-MayBuyCheckChart,",-0.7731958762886598,1,0,1
"PCTChangeLT-2,,,,##ML:BuyRisingMA-Risky-1,",0.1123405032641653,20,7,13
"PCDCLT0PCTChangeGT0,PCDayChange-0.5to0.5,_HTGT1.5__LTGT3.0_,,,%%HLTF:(GLOBAL-DOWN)sellHighLowerTail-Reversal-LastDayMarketUp,",-1.9537852914018172,2,1,1
"PCTChangeGT2,,,,chisBuyUpTrend-1,##(Check-chart)ML:buyMonth3High-Continue,",2.0584473985720857,2,2,0
"PCTChangeGT5,,,,weekBarHighChangeGT2,##(Check-chart):year2High-InPlus,",-2.8299660989085833,1,0,1
"PCTChangeLT-5,,,,vol-buy-DownVol-3dayDown-Week2Low,##MANegative_Downtrend_(LT-4.5),##MA-SMA200GT0SMA100LT0,",1.0005599990145642,1,1,0
"PCDCGT0PCTChangeLT-3,PCDayChange-0.5to0.5,_HTGT1.5_,,,%%HLTF-Last2HighTail:(DOWNTREND)sellHighUpperTailPre-1,chisBuyYearHigh-3,",0.23866228795351666,1,1,0
"PCTChangeLT-3,,,,volBuyReversalLast2DayDown-VolDown,chisSellFinalCandidate-4,chisBuyFinalContinue-2,",2.465026186236812,1,1,0
"PCTChangeGT1,_HTGT1.5__HTGTPCTDayChange_,,,chisUpTrend-Risky-nearLow,##UPTREND:buyMonth3LowReversal(Confirm),",0.15822784810126567,1,1,0
"PCTChangeGT5,,,,vol-sell-DownVol-3dayUp-Week2High,##MAPositive_Uptrend(GT4.5),##MA-SMA200GT0SMA100GT0,",-2.534331670067909,1,0,1
"PCTChangeLT-5,,,,sellPatternsML,##MANegative_Downtrend_(LT-4.5),##MA-SMA200GT0SMA100LT0,",-4.109912531882529,1,0,1
"PCTChangeGT3,_HTGT3.0__LTGT3.0__HTGTPCTDayChange__LTGTPCTDayChange_,,,##MANegative_Downtrend_(GT2),##MA-SMA200GT0SMA100LT0,##buyTenDaysLessThanMinusTen,",-0.5319525961895715,1,0,1
"PCTChangeLT-2,,,,(GLOBALFUTDOWN-DOWNTRENDMARKET)checkSellConsolidationBreakDown-week2-lowNotReachedWeek3,week2BarLowChangeLT-5,",-2.1395965044110463,1,0,1
"PCTChangeLT-3,_HTGT3.0__HTGTPCTDayChange_,,,VOL:buy-DownVol-3dayDown-Week2High,chisSellDownTrend-nearHigh,##DOWNTREND:sellYearHigh(InDownTrend),##(Check-chart-buy):month3High-InMinus,BreakHighMonth3,",4.753361404031205,1,1,0
"PCTChangeGT3,,,,(GLOBALFUTUP-UPTRENDMARKET)checkBuyConsolidationBreakUp-week2-highNotReachedWeek3,week2BarHighChangeGT5,##last2DayHighGT3-M3HLT0,",0.8089901356214876,1,1,0
"PCTChangeGT5,,,,chisSell-2week-breakoutup,##MAPositive_Uptrend(GT4.5),##MA-SMA200LT0SMA100LT0,",0.36303832713307577,1,1,0
"PCTChangeGT0,_LTGT1.5_,,,##MANegative_Downtrend_(GT0),##MA-SMA200LT0SMA100LT0,",-0.5851819774685201,2,1,1
"PCTChangeGT2,_HTGT1.5_,,,chisCheckConsolidationBreakoutLT(4.5),(GLOBALFUTUP-UPTRENDMARKET)checkBuyConsolidationBreakUp-week2-highNotReachedWeek3,week2BarHighChangeGT0,weekHighGTweek2High,brokenToday,",0.3364148347274109,1,1,0
"PCTChangeGT2,,,,##MA-SMA200GT0SMA100GT0,",-1.788250328700456,6,3,3
"PCTChangeGT3,_HTGT1.5_,,,VOL:sell-DownVol-3dayUp-Week2Low,",1.5815300182649803,1,1,0
"PCTChangeGT5,_HTGT3.0__LTGT1.5__HTGTPCTDayChange__LTGTPCTDayChange_,,,%%HLTF:maySellTail-tailGT2-7,10thDayGT20,%%HLTF:(UPTREND-GLOBAL/SGX-UP)BuyHighUpperTail-Reversal-7,10thDayGT15-LastDayMarketDown,",7.9828352375603515,1,1,0
"PCTChangeLT-3,_LTGT1.5_,,,(GLOBAL-DOWN)maySellContinueHighVolatileLastDayDOWN-(LT-5),chisBuy-smallUptrendContinue,",4.36399375176615,1,1,0
"PCTChangeLT-3,PCDayChange-0.5to0.5,_HTGT1.5_,,,buyYearHigh-0,",6.291669209798177,1,1,0
"PCDCGT0PCTChangeLT-1,_HTGT1.5__LTGT1.5_,,,chisSellSuper-Risky,-+,%%HLTF-Last2LowTail:(DOWNTREND)sellHighLowerTailPre-1,##MA-SMA200GT0SMA100GT0,",-2.9693543895519903,1,0,1
"PCTChangeGT2,_HTGT1.5__LTGT1.5__HTGTPCTDayChange__LTGTPCTDayChange_,,,$$MaySellContinue-CheckChart(inuptrend-monthlow)-highTail,",1.4658118281232646,2,1,1
"PCTChangeLT-0.5,_HTGT1.5__HTGTPCTDayChange_,,,volBuyRevarsalVolCrossed,",1.4592933947772617,1,1,0
"PCTChangeLT-5,_HTGT3.0__LTGT3.0__LTGTPCTDayChange_,,,volBuyReversalLast2DayDown-VolDown,##last3DayLow(LT-3)-M3LLT0,chisBuyDayLowVolLow,",2.619714871258786,1,1,0
"PCTChangeGT0.5,PCDayChange-0.5to0.5,_LTGT3.0_,,,chisSellSuper-Risky,-+,buyMorningStar-(checkChart),",-0.978202120820135,1,0,1
"PCTChangeGT3,_HTGT3.0_,,,chisUpTrend-Risky-nearLow,##last2DayHighGT3-M3HLT0,",1.361444312405866,1,1,0
"PCTChangeLT-3,,,,weekBarLowChangeLT-2,brokenToday,##DOWNTREND:sellMonth6LowBreak,",-0.4744480996236364,1,0,1
"PCTChangeGT2,,,,chisSellUpTrend-0,",3.084417671870456,2,2,0
"PCTChangeLT-1,_LTGT1.5_,,,(Test)MayBuyCheckChart-last3DayDown,",-0.6833921248527158,7,3,4
"PCTChangeLT-5,_HTGT3.0_,,,##longDownTrend-2-IndexNotDownLastDay(checkBase),chisDownTrend-Risky-nearHigh,",-5.686912603527093,1,0,1
"PCTChangeGT3,,,,chisUpTrend-Risky-nearLow,chis-breakoutup-2week,##UPTREND:buyYearLowReversal(Confirm),",1.0956830923247185,2,2,0
"PCTChangeGT0,PCDayChange-0.5to0.5,,,,shortUpTrendBuyContinue-Doji-Last2DayGTToday,",0.4228780168943487,17,11,6
"PCTChangeGT2,_LTGT1.5_,,,week2BarHighChangeGT0,brokenToday,",0.6637200813452117,3,2,1
"PCTChangeGT3,_LTGT3.0_,,,##(Check-chart-sell):month3Low-InPlus,ReversalLowMonth3,weekBarHighChangeGT2,##UPTREND:buyMonth3LowReversal(Confirm),",-0.5581381154614862,1,0,1
"PCTChangeGT2,year2High,_HTGT1.5_,,,weekBarHighChangeGT2,brokenToday,",-0.9984265072807706,1,0,1
"PCTChangeLT-2,_HTGT1.5__LTGT1.5_,,,##MA-SMA200LT0SMA100LT0,",4.983779554682713,1,1,0
"PCTChangeLT-5,year2High,_HTGT3.0__LTGT3.0_,,,chisSellDayLowVolLow-0,",-9.856837370333492,1,0,1
"PCTChangeLT-2,_LTGT1.5_,,,volBuyVolumeUpsergedLast2n3DayUp,weekBarLowChangeLT0,brokenToday,",0.46430563540298186,1,1,0
"PCTChangeGT3,,,,chisBuyUpTrend-nearLow,##RisingMA(Test)(check-chart-buy)-2DayUp,##(Test)buyBottomReversal-1,",-2.682526587303477,1,0,1
"PCTChangeLT-3,_HTGT1.5__LTGT1.5_,,,##longDownTrend-2-IndexNotDownLastDay(checkBase),zigZagVolCrossedFromUp,",-3.776598991231714,1,0,1
"PCTChangeGT5,PCDayChange-0.5to0.5,year2High,_LTGT3.0_,,,%%HLTF-Last2DayMarketUp:(GLOBAL-DOWN)sellHighLowerTail-Reversal-LastDayMarketUp,",1.7790683480196148,1,1,0
"PCDCGT0PCTChangeLT-16,_LTGT1.5_,,,%%HLTF:(GLOBAL-DOWN)sellHighLowerTail-Reversal-LastDayMarketUp,",-1.122806888885529,1,0,1
"PCTChangeGT2,_HTGT1.5_,,,volumeUpsergedLast2n3n4DayDown,volBuyContinueLast2DayUp-VolUp,chisCheckConsolidationBreakoutLT(4.5),",1.379030289188508,1,1,0
"PCTChangeLT-2,_LTGT3.0_,,,##(Check-chart-buy):YearHigh-InMinus,NearHighYear,",-0.43902141291919494,1,0,1
"PCTChangeLT-3,,,,%%:checkSell:Flag2Week,checkCupDown-2dayDown,volBuyReversalLast2DayDown-VolDown,",-0.2849814811609952,1,0,1
"PCTChangeLT-1,,,,zigZagVolCrossedFromUp,##(Check-chart-buy):month3High-InMinus,BreakHighMonth3,",0.037501743861607144,1,1,0
"PCTChangeLT-5,_HTGT1.5_,,,%%:checkSell:Super0,##MANegative_Downtrend_(LT-2),##MA-SMA200GT0SMA100LT0,",-0.7727811080774328,1,0,1
"PCTChangeGT2,_HTGT1.5_,,,##MAPositive_Uptrend(GT1),##MA-SMA200GT0SMA100GT0,",-0.9973837456978384,3,1,2
"PCTChangeLT-2,_LTGT1.5_,,,##MANegative_Downtrend_(LT-2),##MA-SMA200LT0SMA100LT0,$$MayBuy-CheckChart-baseLine(inuptrend-monthlow)-MHCLT(-10),",7.482329653792929,1,1,0
"PCTChangeGT3,_HTGT1.5_,,,##MAPositive_Uptrend(GT4.5),##MA-SMA200GT0SMA100GT0,##last2DayHighGT3-M3HGT0,",-3.4729101264187174,2,0,2
"PCTChangeGT0.5,,,,chisSellFinalContinue-(lastDayDown)-2,",0.15628329848753703,2,1,1
"PCTChangeLT-5,,,,(GLOBALFUTDOWN-DOWNTRENDMARKET)checkSellConsolidationBreakDown-week2-lowNotReachedWeek3,week2BarLowChangeLT0,chisDownTrend-Risky-nearHigh,",-0.6680580620773734,3,1,2
"PCTChangeLT-3,_HTGT1.5_,,,checkSellConsolidationBreakDown-2week,week2BarLowChangeLT-2,weekLowLTweek2Low,brokenToday,chisDownTrend-Risky-nearHigh,",-0.29315762100469017,1,0,1
"PCTChangeGT3,,,,volumeUpsergedLast2n3n4DayDown,volBuyContinueLast2DayUp-VolUp,chisCheckConsolidationBreakoutGT(4.5),weekBarHighChangeGT2,",0.6957598055576699,1,1,0
"PCTChangeGT1,_LTGT1.5_,,,%%HLTF:(SGXNIFTYUP)buyHighLowerTail-Continue,##MAPositive_Uptrend(GT1),##MA-SMA200GT0SMA100GT0,",-1.2024520779647216,1,0,1
"PCTChangeLT-1,_HTGT1.5_,,,##MANegative_Downtrend_(LT-1),##MA-SMA200GT0SMA100GT0,",1.5174120698380684,1,1,0
"PCTChangeGT3,_HTGT1.5__HTGTPCTDayChange_,,,%%HLTF-Last2HighTail:(UPTREND)buy(DOWNTREND)sell:HighUpperTailPre-last2DayUp,%%HLTF-Risky9:30:maySellTail-tailGT2-7,10thDayGT15,",0.04428426615833314,2,1,1
"PCTChangeLT-1,,,,volSellContinueLast2DayDown-VolUp,sellFinal,",-4.365671641791035,1,0,1
"PCTChangeGT2,year2High,_HTGT1.5__LTGT1.5_,,,%%HLTF-Risky9:30:maySellTail-tailGT2-7,10thDayGT15,",-2.2512574808181838,1,0,1
"PCTChangeLT-1,_LTGT3.0_,,,volBuyReversalLast2DayDown-VolDown,chisDownTrend-Risky-nearHigh,##(Check-chart-buy):YearHigh-InMinus,ReversalHighYear,",-2.13364738652183,1,0,1
"PCTChangeGT3,year2High,,,,%%:sellUpTrend-month3High,",-0.09892401139056609,27,11,16
"PCTChangeLT-1,_HTGT1.5__HTGTPCTDayChange_,,,##ML:BuyRisingMA-Risky-0,",-1.5017389134738308,1,0,1
"PCTChangeLT-2,_LTGT1.5_,,,checkCupDown-2dayDown-mayReversalBuy,VOL:sell(GLOBALFUTUP-GLOBALMARKETUP)Buy-UpVol-3dayDown-Week2High,##DOWNTREND:sellYear2HighReversal(InDownTrend),",0.7782990077756486,1,1,0
"PCTChangeLT-1,_HTGT1.5__LTGT1.5_,,,##MA-SMA200GT0SMA100LT0,",4.227892304067731,1,1,0
"PCTChangeGT3,year2Low,_HTGT3.0__HTGTPCTDayChange_,,,chisSellYear2LowLT-40-last4DayDown(triggerAfter-9:15),chisSellYear2LowContinue,",-5.6563453521678095,1,0,1
"PCTChangeLT-3,year2High,,,,checkCupDown-month3HighLTmonth3Low,bar_low,volBuyReversalLast2DayDown-VolDown,",-0.5900642780889521,1,0,1
"PCTChangeLT-5,,,,volBuyReversalLast2DayDown-VolDown,chisSellDownTrend-nearHigh,##DOWNTREND:sellMonth3High(InDownTrend),chisSellDayLowVolLow-02-checkMorningTrend(.5SL),",-2.1472392638036815,1,0,1
"PCDCGT0PCTChangeLT-1,PCDayChange-0.5to0.5,_HTGT3.0__LTGT1.5_,,,%%:sellDowntrend-lastDayUp-ReversalHighTail,",-1.9059493307959585,1,0,1
"PCDCLT0PCTChangeGT1,,,,##MA-SMA200LT0SMA100LT0,",-0.6351648132209031,10,5,5
"PCTChangeGT5,,,,(GLOBALFUTUP-UPTRENDMARKET)checkBuyConsolidationBreakUp-week2-highNotReachedWeek3,week2BarHighChangeGT5,weekHighGTweek2High,",-1.387639550955492,1,0,1
"PCTChangeLT-3,_HTGT1.5__HTGTPCTDayChange_,,,weekBarLowChangeLT0,brokenToday,",-2.8823693117679197,1,0,1
"PCTChangeLT-1,_LTGT1.5_,,,%%:checkSell:CupDownDoji-last2lastDayLT0orTodayGT0,",-1.6486606009725058,1,0,1
"PCTChangeLT-3,,,,checkCupDown-3dayDown,",0.3835344237740991,4,3,1
"PCDCGT0PCTChangeLT-3,_HTGT1.5__LTGT3.0_,,,%%HLTF-Last2LowTail:(DOWNTREND)sellHighLowerTailPre-1,",-3.865284128333736,2,0,2
"PCTChangeLT-3,_LTGT3.0_,,,volBuyVolumeUpsergedLast2n3DayUp,volSellContinueLast2DayDown-VolUp,",-3.4658983979577997,1,0,1
"PCTChangeLT-3,_LTGT3.0_,,,chisDownTrend-Risky-nearHigh,##(Check-chart-buy):YearHigh-InMinus,ReversalHighYear,",-0.6706657828692186,2,1,1
"PCTChangeGT0.5,_LTGT1.5_,,,##MAPositive_Uptrend(GT0),##MA-SMA200GT0SMA100GT0,",-0.711955998413303,4,2,2
"PCTChangeGT8,_HTGT3.0__LTGT3.0__LTGTPCTDayChange_,,,##MANegative_Downtrend_(GT4.5),##MA-SMA200LT0SMA100LT0,",4.185712541852688,1,1,0
"PCTChangeLT-0.5,_HTGT1.5__LTGT1.5_,,,(SMA9GT0),mayBuyFromSellPattern-GT1.8,",1.9013903537097758,2,2,0
"PCTChangeLT-0.5,PCDayChange-0.5to0.5,year2High,_LTGT1.5_,,,%%HLTF:(GLOBAL-DOWN)sellHighLowerTail-Reversal-LastDayMarketUp,",-0.9155482673924041,1,0,1
"PCTChangeLT-2,,,,checkSellConsolidationBreakDown-2week,week2BarLowChangeLT0,##DOWNTREND:sellYear2HighReversal(InDownTrend),##(Check-chart-buy):month3High-InMinus,ReversalHighMonth3,",1.8815355315144375,1,1,0
"PCTChangeGT5,_HTGT3.0__HTGTPCTDayChange_,,,volumeUpsergedLast2n3n4DayDown,##last2DayHighGT3-M3HLT0,",1.8232044198894939,1,1,0
"PCDCLT0PCTChangeGT0,PCDayChange-0.5to0.5,_LTGT3.0_,,,%%HLTF:(SGXNIFTYUP)buyHighLowerTail-Continue,buyYearHigh-0,",-1.6581110463884912,2,0,2
"PCTDayChangeLT0,_HTGT1.5__HTGTPCTDayChange_,,,%%HLTF:maySellTail-tailGT2-7,10thDayGT0,",4.175555735361973,1,1,0
"PCTChangeGT3,_HTGT1.5__LTGT1.5__HTGTPCTDayChange__LTGTPCTDayChange_,,,buyPattern-GT1.5-SMAGT0,(SMA4GT(1.5)),",2.1520892462137624,1,1,0
"PCTChangeGT0.5,,,,%%:checkSell:Super2,",-0.3230797658567828,19,7,12
"PCDCGT0PCTChangeLT-1,PCDayChange-0.5to0.5,_LTGT1.5_,,,%%:checkSell:Flag2Week-doji,",1.6046497433684699,1,1,0
"PCTChangeLT-5,,,,%%checkCupDown-2dayDown-continue,chisDownTrend-Risky-nearHigh,",2.2912374111198988,1,1,0
"PCTChangeGT1,_LTGT3.0_,,,%%HLTF:(SGXNIFTYUP)buyHighLowerTail-Continue,",-0.5284319343207177,20,6,14
"PCTChangeLT-12,,,,##last2DayLow(LT-3)-M3LGT0,",4.760703752263066,1,1,0
"PCTChangeLT-3,,,,VOL:buy-UpVol-3dayDown-Week2Low,##last3DayLow(LT-3)-M3LGT0,",-1.0478612449002496,1,0,1
"PCTDayChangeLT0,_HTGT1.5_,,,%%:checkSell:Super01-monthLow,",0.018553340525317263,8,5,3
"PCTChangeGT2,,,,weekBarHighChangeGT0,brokenToday,##MAPositive_Uptrend(GT2),##MA-SMA200GT0SMA100GT0,",-3.1428600492931613,1,0,1
"PCTChangeLT-2,,,,weekBarLowChangeLT0,brokenToday,##DOWNTREND:sellMonth3HighReversal(InDownTrend),##(Check-chart-buy):month3High-InMinus,ReversalHighMonth3,",1.191895558942531,2,2,0
"PCTChangeGT1,_HTGT1.5__HTGTPCTDayChange_,,,MaySellCheckChart-(IndexNotDownInSecondHalf),",0.580118986234341,28,14,14
"PCTChangeLT-3,,,,(GLOBALFUTDOWN-DOWNTRENDMARKET)checkSellConsolidationBreakDown-month,weekBarLowChangeLT-2,",0.19599603443906372,5,3,2
"PCTChangeLT-1,,,,checkCupDown-near2WeekDown-mayReveresalBuy,(GLOBALFUTDOWN-DOWNTRENDMARKET)checkSellConsolidationBreakDown-week2-lowNotReachedWeek3,week2BarLowChangeLT0,##(Check-chart-buy):YearHigh-InMinus,ReversalHighYear,",-1.9895138450861192,1,0,1
"PCTChangeLT-2,_LTGT1.5_,,,(GLOBALFUTDOWN-DOWNTRENDMARKET)checkSellConsolidationBreakDown-week2,weekBarLowChangeLT-2,",3.9151322167744382,1,1,0
"PCTChangeGT2,,,,##(Check-chart-sell):month3Low-InPlus,ReversalLowMonth3,##UPTREND:buyYearLowReversal(Confirm),",-1.2983083687518875,4,1,3
"PCTChangeLT-3,,,,chisDownTrend-Risky-nearHigh,##last2DayLow(LT-3)-M3LGT0,",-0.16447117660511387,1,0,1
"PCTChangeGT1,year2High,_HTGT1.5__HTGTPCTDayChange_,,,%%HLTF-Risky9:30:maySellTail-tailGT2-7,10thDayGT15,%%:sellUpTrend-month3High,",-2.3743854365367563,1,0,1
"PCTChangeLT-1,_HTGT3.0__LTGT1.5_,,,##(check-chart)buyEMA6<EMA14-Risky,",-5.48003153396727,1,0,1
"PCTChangeGT3,,,,(GLOBALFUTUP-UPTRENDMARKET)checkBuyConsolidationBreakUp-week2-highNotReachedWeek3,week2BarHighChangeGT2,weekHighGTweek2High,",-0.31533031217536156,23,10,13
"PCTChangeLT-2,,,,checkCupDown-3dayDown,VOL:buy-DownVol-3dayDown-Week2High,##(Check-chart-buy):month3High-InMinus,ReversalHighMonth3,",-1.7817206985807417,4,0,4
"PCTChangeGT3,,,,chisCheckConsolidationBreakoutLT(4.5),(GLOBALFUTUP-UPTRENDMARKET)checkBuyConsolidationBreakUp-week2-highNotReachedWeek3,week2BarHighChangeGT0,chisBuy-2week-breakoutup(check-chart)(|-|-| or --|),",1.2363614169034072,1,1,0
"PCDCLT0PCTChangeGT1,PCDayChange-0.5to0.5,_LTGT1.5_,,,##MAPositive_Uptrend(LT0),##MA-SMA200LT0SMA100GT0,",-1.3757795604091485,2,0,2
"PCDCLT0PCTChangeGT5,_LTGT3.0_,,,##MA-SMA200GT0SMA100GT0,",0.0,1,0,0
"PCTChangeLT-1,,,,##MANegative_Downtrend_(LT-2),##MA-SMA200LT0SMA100LT0,",-0.4245484156465818,56,22,34
"PCTChangeLT-0.5,_HTGT3.0__HTGTPCTDayChange_,,,%%HLTF-Last2HighTail:(DOWNTREND)sellHighUpperTailPre,chisDownTrend-Risky-nearHigh,",-4.268368084725301,1,0,1
"PCTChangeLT-2,,,,(GLOBALFUTDOWN-DOWNTRENDMARKET)checkSellConsolidationBreakDown-week2-lowNotReachedWeek3,week2BarLowChangeLT0,chisDownTrend-Risky-nearHigh,##DOWNTREND:sellMonth6HighReversal(InDownTrend),##(Check-chart-buy):month3High-InMinus,ReversalHighMonth3,",0.9917148199716376,6,4,2
"PCTChangeLT-2,,,,checkCupDown-month3HighLTmonth3Low,bar_low,##DOWNTREND:sellMonth6HighReversal(InDownTrend),##(Check-chart-buy):month3High-InMinus,ReversalHighMonth3,",1.2888364383440924,2,1,1
"PCTChangeGT3,_LTGT1.5_,,,##MAPositive_Uptrend(GT2),##MA-SMA200GT0SMA100GT0,##last2DayHighGT3-M3HGT0,",1.8704353451513982,2,2,0
"PCTChangeLT-8,_HTGT1.5__LTGT3.0_,,,chisDownTrend-Risky-nearHigh,",1.111111111111126,1,1,0
"PCTChangeGT3,year2Low,_HTGT1.5_,,,chisSellYear2LowLT-40-last4DayDown(triggerAfter-9:15),volBuyVolumeUpsergedLast2n3DayDown,##buyTenDaysLessThanMinusTen,",-1.3534714492710076,1,0,1
"PCTChangeGT2,,,,checkCupDown-lastDayUp,",-0.591296969775533,20,7,12
"PCTChangeLT-3,,,,vol-buy-DownVol-3dayDown-Week2Low,##MANegative_Downtrend_(LT-4.5),##MA-SMA200LT0SMA100LT0,chisBuyDayLowVolLow-01,",-0.25965542037698763,1,0,1
"PCDCGT0PCTChangeLT-3,PCDayChange-0.5to0.5,_HTGT1.5_,,,##ML:buyRisingMA-down-Risky,",1.4442958677224453,1,1,0
"PCTChangeGT5,_HTGT1.5_,,,volBuyContinueLast2DayUp-VolUp,(GLOBALFUTUP-UPTRENDMARKET)checkBuyConsolidationBreakUp-week2-highNotReachedWeek3,week2BarHighChangeGT0,brokenToday,",-3.437660338635203,1,0,1
"PCTChangeGT2,year2High,_HTGT3.0__HTGTPCTDayChange_,,,%%HLTF-Last2HighTail:(UPTREND)buy(DOWNTREND)sell:HighUpperTailPre-last2DayUp,%%HLTF-Risky9:30:maySellTail-tailGT2-7,10thDayGT15,",-5.864983503853767,1,0,1
"PCTChangeLT-2,,,,volSellContinueLast2DayDown-VolUp,chisSellUpTrend-Risky-2,",2.065473479540361,1,1,0
"PCTChangeLT-3,,,,volBuyReversalLast2DayDown-VolDown,##DOWNTREND:sellYearHighReversal(InDownTrend),##(Check-chart-buy):month3High-InMinus,ReversalHighMonth3,",3.3091221760735667,1,1,0
"PCTChangeGT3,,,,shortUpTrendSellReversal-MonthHigh,chisCheckConsolidationBreakout2WeekLT(4.5),weekBarHighChangeGT2,brokenToday,",4.3813580444419165,1,1,0
"PCTChangeGT3,_LTGT1.5_,,,%%HLTF-Risky:(GLOBAL-DOWN)sellHighLowerTail-Reversal-LastDayMarketUp,##MAPositive_Uptrend(GT1),##MA-SMA200GT0SMA100GT0,",1.0490808244835652,1,1,0
"PCTChangeLT-3,,,,(GLOBALFUTDOWN-DOWNTRENDMARKET)checkSellConsolidationBreakDown-week2-lowNotReachedWeek3,week2BarLowChangeLT0,##DOWNTREND:sellMonth3HighReversal(InDownTrend),##(Check-chart-buy):month3High-InMinus,ReversalHighMonth3,",-1.0126705787876318,6,2,4
"PCDCLT0PCTChangeGT0,_LTGT1.5_,,,##(Test)(check-chart)-buySMAUpTrend,",-1.1948479833927153,9,2,7
"PCTChangeLT-1,,,,checkCupDown-near2WeekDown-mayReveresalBuy,(GLOBALFUTDOWN-DOWNTRENDMARKET)checkSellConsolidationBreakDown-week2-lowNotReachedWeek3,week2BarLowChangeLT0,weekLowLTweek2Low,",-1.0342359167283974,2,1,1
"PCTChangeLT-12,_HTGT3.0__LTGT3.0_,,,##MANegative_Downtrend_(LT-4.5),##MA-SMA200LT0SMA100LT0,",-3.1955387100863866,3,1,2
"PCTChangeLT-2,_LTGT1.5_,,,chisSellFlagWeek-Risky,##DOWNTREND:sellYearHighReversal(InDownTrend),##(Check-chart-buy):month3High-InMinus,ReversalHighMonth3,",0.7227372704151217,1,1,0
"PCTChangeLT-2,_LTGT3.0_,,,chisDownTrend-Risky-nearHigh,##DOWNTREND:sellYear2HighReversal(InDownTrend),",0.9714771793994905,1,1,0
"PCTChangeGT3,_LTGT3.0_,,,%%HLTF-Risky:(GLOBAL-DOWN)sellHighLowerTail-Reversal-LastDayMarketUp,##MAPositive_Uptrend(GT2),##MA-SMA200GT0SMA100GT0,",3.327705863130665,2,1,1
"PCTChangeGT0.5,,,,chisUpTrend-Risky-nearLow,##(Test)(check-chart)-sellSMADownTrend-2DayUp-weekHighTouch,",-1.8740019501802885,1,0,1
"PCTChangeLT-2,_LTGT1.5_,,,volBuyVolumeUpsergedLast2n3DayUp,chisDownTrend-Risky-nearHigh,##DOWNTREND:sellMonth3HighReversal(InDownTrend),$$MayBuy-CheckChart-baseLine(inuptrend-monthlow)-PCTDayChangeLT0,##(Check-chart-buy):month3High-InMinus,ReversalHighMonth3,",1.164754482441278,1,1,0
"PCTChangeGT3,year2High,,,,chisCheckConsolidationBreakoutLT(4.5),",0.16694344165727196,24,12,12
"PCTChangeLT-5,year2High,,,,VOL:buy-DownVol-3dayDown-Week2High,",-0.1941182220656421,2,1,1
"PCTChangeLT-2,_HTGT1.5_,,,volSellContinueLast2DayDown-VolUp,(GLOBALFUTDOWN-DOWNTRENDMARKET)checkSellConsolidationBreakDown-week2-lowNotReachedWeek3,week2BarLowChangeLT0,##(Check-chart-buy):month3High-InMinus,ReversalHighMonth3,",4.156757516792293,1,1,0
"PCTChangeLT-0.5,_HTGT1.5_,,,%%:checkBuyContinue:CupDownDoji-last2dayUp,",1.947109434228035,1,1,0
"PCTChangeLT-2,,,,%%checkCupDown-2dayDown-continue,chisDownTrend-Risky-nearHigh,##(Check-chart-buy):YearHigh-InMinus,ReversalHighYear,",-2.9886894298004436,1,0,1
"PCTChangeLT-8,,,,chisDownTrend-Risky-nearHigh,##(check-chart)buyEMA6<EMA14,",-1.7959770508684296,1,0,1
"PCTDayChangeLT0,,,,chisSell:Super03-monthLow,MayBuyCheckChart-(|`|_|),",1.280862313729758,1,1,0
"PCTChangeLT-2,PCDayChange-0.5to0.5,_HTGT3.0__LTGT3.0_,,,%%HLTF:(GLOBAL-DOWN)sellHighLowerTail-Reversal-LastDayMarketUp,",-2.131476535265194,1,0,1
"PCTChangeGT1,PCDayChange-0.5to0.5,_HTGT1.5__LTGT1.5_,,,shortUpTrendBuyContinue-Doji-Last2DayGTToday,##MA-SMA200LT0SMA100LT0,",-2.964997741036275,1,0,1
"PCTChangeLT-2,,,,##sellTenDaysMoreThanTen,##MAPositive_Uptrend(LT-2),##MA-SMA200GT0SMA100GT0,",0.9065965555866511,9,6,3
"PCTChangeLT-3,year2High,,,,volSellContinueLast2DayDown-VolUp,##sellTenDaysMoreThanTen,",5.226238412348463,1,1,0
"PCTChangeLT-5,_LTGT1.5_,,,##MANegative_Downtrend_(LT-2),##MA-SMA200GT0SMA100LT0,",1.2267870806166867,3,1,2
"PCTChangeLT-5,_LTGT1.5_,,,VOL:sell(GLOBALFUTUP-GLOBALMARKETUP)Buy-UpVol-3dayDown-Week2High,(GLOBALFUTDOWN-DOWNTRENDMARKET)checkSellConsolidationBreakDown-week2-lowNotReachedWeek3,week2BarLowChangeLT0,",1.382156229726334,1,1,0
"PCTChangeGT1,_LTGT1.5_,,,##UPTREND:buyMonth6Low,",0.2909175622301516,1,1,0
"PCTChangeLT-2,_LTGT1.5_,,,##MANegative_Downtrend_(LT-2),##MA-SMA200LT0SMA100LT0,##DOWNTREND:sellMonth3LowBreak,",-0.3526645768025219,1,0,1
"PCTChangeLT-3,,,,VOL:sell(GLOBALFUTUP-GLOBALMARKETUP)Buy-UpVol-3dayDown-Week2High,##DOWNTREND:sellMonth3High(InDownTrend),##(Check-chart-buy):month3High-InMinus,NearHighMonth3,",-0.26872569302735344,1,0,1
"PCTChangeGT3,_HTGT1.5_,,,%%HLTF:(DOWNTREND-OR-GLOBALDOWN)maySellTail-tailGT2-2,3,4thDayGT0,",-0.6031453578414053,16,6,10
"PCTChangeGT1,,,,zigZagVolCrossedFromDown,chisBuyUpTrend-1,",-2.4123965213643723,2,0,2
"PCTChangeGT5,,,,chisBuyDayHighVolLow-0,chisUpTrend-Risky-nearLow,##UPTREND:buyYearLowReversal(Confirm),",-0.3042889437473938,1,0,1
"PCTChangeGT5,_HTGT3.0_,,,weekBarHighChangeGT2,brokenToday,",4.283368921675903,1,1,0
"PCDCGT0PCTDayChangeLT0,_LTGT1.5_,,,%%:checkSell:Super2,-+,",-0.6613756747245811,1,0,1
"PCTChangeLT-2,,,,volSellContinueLast2DayDown-VolUp,chisDownTrend-Risky-nearHigh,",0.8934571292586464,5,3,2
"PCTChangeLT-2,,,,volSellContinueLast2DayDown-VolUp,chisSellDownTrend-nearHigh,##DOWNTREND:sellMonth6High(InDownTrend),##(Check-chart-buy):month3High-InMinus,NearHighMonth3,",-2.1405753255951243,2,0,2
"PCTChangeLT-1,_LTGT1.5_,,,chisSellConsolidationBreakDown-forecastDayPCT7LT0,chisSellDownTrend-nearHigh,##(Check-chart-buy):YearHigh-InMinus,ReversalHighYear,",0.3379981834571649,1,1,0
"PCDCGT0PCTChangeLT-3,_HTGT3.0__HTGTPCTDayChange_,,,%%HLTF:maySellTail-tailGT2-7,10thDayGT20,%%HLTF:(UPTREND-GLOBAL/SGX-UP)BuyHighUpperTail-Reversal-7,10thDayGT15-LastDayMarketDown,",4.596100278551532,1,1,0
"PCTChangeGT0,year2Low,_HTGT1.5__LTGT3.0_,,,%%HLTF-Last2LowTail:(DOWNTREND)sellHighLowerTailPre-1,",-3.344142038299208,1,0,1
"PCTChangeLT-1,_LTGT1.5_,,,chisSell:Super03-monthLow,",-0.7241488819455614,7,4,3
"PCTChangeGT5,,,,weekBarHighChangeGT5,##last2DayHighGT3-M3HLT0,",0.04374832617759028,2,1,1
"PCTChangeLT-2,,,,%%:checkSell:ConsolidationBreakDown(NotShapeA)-2week,checkSellConsolidationBreakDown-2week,week2BarLowChangeLT0,",-1.022164228975861,2,1,1
"PCTChangeGT3,,,,volBuyContinueLast2DayUp-VolUp,(GLOBALFUTUP-UPTRENDMARKET)checkBuyConsolidationBreakUp-week2-highNotReachedWeek3,week2BarHighChangeGT2,weekHighGTweek2High,brokenToday,##(check-chart)mayBuy-EMA6-LT-May-MT-EMA14,",2.1084007555052344,1,1,0
"PCTChangeLT-1,_LTGT1.5_,,,volBuyReversalLast2DayDown-VolDown,##(Check-chart-buy):month3High-InMinus,BreakHighMonth3,",-0.1259109749656783,1,0,1
"PCTChangeLT-2,_HTGT1.5__HTGTPCTDayChange_,,,(GLOBALFUTDOWN-DOWNTRENDMARKET)checkSellConsolidationBreakDown-week2-lowNotReachedWeek3,week2BarLowChangeLT0,chisDownTrend-Risky-nearHigh,",-0.4398151430289527,3,2,1
"PCTChangeLT-1,,,,##(Check-chart-buy):YearHigh-InMinus,NearHighYear,",0.1267143209649791,26,16,9
"PCTChangeGT3,_HTGT3.0__LTGT1.5__HTGTPCTDayChange_,,,%%HLTF:maySellTail-tailGT2-7,10thDayGT20,%%HLTF:(UPTREND-GLOBAL/SGX-UP)BuyHighUpperTail-Reversal-7,10thDayGT15-LastDayMarketDown,##MAPositive_Uptrend(GT1),##MA-SMA200LT0SMA100LT0,",-3.3078528168472148,1,0,1
"PCTChangeLT-2,_LTGT3.0_,,,buyMorningStar-HighLowerTail,%%:buyDownTrend-month3Low,",0.6181322827230914,1,1,0
"PCTChangeGT2,_LTGT3.0_,,,##MANegative_Downtrend_(GT2),##MA-SMA200LT0SMA100LT0,",0.0,1,0,0
"PCTChangeGT0.5,PCDayChange-0.5to0.5,_HTGT1.5_,,,%%:checkSell:Super0,",-0.47058823529411004,1,0,1
"PCTChangeLT-3,,,,volSellContinueLast2DayDown-VolUp,(GLOBALFUTDOWN-DOWNTRENDMARKET)checkSellConsolidationBreakDown-week2-lowNotReachedWeek3,week2BarLowChangeLT0,",-0.8674549912033741,8,2,6
"PCTChangeLT-3,_LTGT1.5_,,,checkCupDown-near2WeekDown-mayReveresalBuy,(GLOBALFUTDOWN-DOWNTRENDMARKET)checkSellConsolidationBreakDown-week2-lowNotReachedWeek3,week2BarLowChangeLT0,chisDownTrend-Risky-nearHigh,##(Check-chart-buy):YearHigh-InMinus,ReversalHighYear,",-1.4073430332568884,1,0,1
"PCTChangeGT3,,,,chisBuyDownTrend-lowTail,",-1.8880011662327112,1,0,1
"PCTChangeLT-2,_HTGT3.0__HTGTPCTDayChange_,,,zigZagVolCrossedFromUp,",-1.2500021192762523,1,0,1
"PCTChangeGT3,,,,(GLOBALFUTUP-UPTRENDMARKET)checkBuyConsolidationBreakUp-week2-highNotReachedWeek3,week2BarHighChangeGT2,chis-breakoutup-2week,##(check-chart)sellEMA6>EMA14,",-1.022446654805484,1,0,1
"PCTChangeLT-0.5,year2High,_LTGT1.5_,,,%%HLTF:(GLOBAL-UP)buyHighLowerTail-StockInUptrend,",-1.5151515151515023,1,0,1
"PCTChangeGT1,,,,chisSellSuper-Risky,-+,##MA-SMA200LT0SMA100LT0,",-0.6070944054759856,1,0,1
"PCTChangeGT2,,,,volBuyVolumeUpsergedLast2n3DayDown,volBuyContinueLast2DayUp-VolUp,chisCheckConsolidationBreakoutLT(4.5),",-0.4035066303453805,1,0,1
"PCTChangeGT2,PCDayChange-0.5to0.5,_LTGT1.5_,,,chisBuyYearHigh-3,",0.7022083824163954,2,2,0
"PCTChangeGT1,_HTGT1.5__HTGTPCTDayChange__LTGTPCTDayChange_,,,%%HLTF-Last2HighTail:(UPTREND)buy(DOWNTREND)sell:HighUpperTailPre-last2DayUp,chisUpTrend-Risky-nearLow,",2.0022521275558858,1,1,0
"PCTChangeLT-3,,,,(GLOBALFUTDOWN-DOWNTRENDMARKET)checkSellConsolidationBreakDown-week2-lowNotReachedWeek3,week2BarLowChangeLT0,##MANegative_Downtrend_(LT-2),##MA-SMA200LT0SMA100LT0,",-1.5666666666666722,1,0,1
"PCTChangeGT3,_HTGT1.5_,,,chisUpTrend-Risky-nearLow,volumeUpsergedLast2n3n4DayDown,volBuyContinueLast2DayUp-VolUp,chisCheckConsolidationBreakoutLT(4.5),weekBarHighChangeGT2,brokenToday,##(Test)buyBottomReversal-1,##UPTREND:buyMonth6LowReversal(Confirm),",-0.0354919351147225,1,0,1
"PCTChangeGT12,,,,chisSellYear2LowLT-40-last4DayDown(triggerAfter-9:15),chisBuyUpTrend-nearLow,",6.617499095796004,1,1,0
"PCTChangeLT-3,_HTGT3.0__LTGT1.5_,,,chisDownTrend-Risky-nearHigh,##(Check-chart-buy):month6High-InMinus,NearHighMonth6,",1.3779652205724544,1,1,0
"PCTChangeGT5,_HTGT3.0_,,,##last2DayHighGT3-M3HLT0,",3.0581212786411527,5,2,3
"PCTChangeGT1,,,,weekBarHighChangeGT0,brokenToday,chisBuyYearHigh-1,",-0.43078044775810653,6,1,5
"PCTChangeGT8,_HTGT3.0__LTGT3.0_,,,VOL:buyBelowTail-SellAtClose:upVol3dayUpWeek2High-highUpperTail,##MAPositive_Uptrend(GT4.5),##MA-SMA200GT0SMA100GT0,",-1.898734177215189,1,0,1
"PCTChangeLT-1,_LTGT1.5_,,,(GLOBALFUTDOWN-DOWNTRENDMARKET)checkSellConsolidationBreakDown-week2-lowNotReachedWeek3,week2BarLowChangeLT0,weekLowLTweek2Low,chisDownTrend-Risky-nearHigh,##(Check-chart-buy):month3High-InMinus,ReversalHighMonth3,",0.24561545319080869,1,1,0
"PCDCLT0PCTChangeGT0,PCDayChange-0.5to0.5,_HTGT1.5_,,,%%HLTF:(UPTREND-MorningTrend-UP)mayBuyTail-highTailGT2-7,10thDayGT10-Last2DayStockDown,",-0.37585053419720754,5,2,3
"PCTChangeLT-3,,,,volumeUpsergedLast2n3n4DayUp,weekBarLowChangeLT-2,",-1.2938583106325339,1,0,1
"PCTChangeLT-3,,,,%%:checkSell:Flag2Week,checkCupDown-3dayDown,VOL:sell(GLOBALFUTUP-GLOBALMARKETUP)Buy-UpVol-3dayDown-Week2High,",-0.1484394073486212,1,0,1
"PCTChangeGT0.5,_HTGT1.5_,,,%%HLTF-Last2HighTail:(UPTREND)buy(DOWNTREND)sell:HighUpperTailPre-last2DayUp,##MA-SMA200LT0SMA100LT0,",1.1385918327769184,1,1,0
"PCTChangeLT-5,_LTGT3.0_,,,volBuyReversalLast2DayDown-VolUp,##MANegative_Downtrend_(LT-2),##MA-SMA200LT0SMA100LT0,##last2DayLow(LT-3)-M3LLT0,",-1.8840291042965833,1,0,1
"PCTChangeGT3,_HTGT3.0__HTGTPCTDayChange_,,,%%HLTF:(DOWNTREND-OR-GLOBALDOWN)maySellTail-tailGT2-2,3,4thDayGT0,zigZagVolCrossedFromDown,",3.0456651567390463,2,2,0
"PCDCGT0PCTChangeLT-1,_HTGT1.5__LTGT3.0_,,,%%HLTF-Last2LowTail:(DOWNTREND)sellHighLowerTailPre-1,##MANegative_Downtrend_(GT0),##MA-SMA200LT0SMA100LT0,",-2.6610962729699916,1,0,1
"PCTChangeGT2,,,,chisSellFinalContinue-(lastDayDown)-1,buyFinal,",0.7386906144168645,5,3,2
"PCDCGT0PCTChangeLT-1,PCDayChange-0.5to0.5,_HTGT1.5__LTGT1.5_,,,%%:checkSell:Super2,-+,",3.7812991133948515,1,1,0
"PCTChangeGT0.5,,,,(GLOBALFUTUP-UPTRENDMARKET)checkBuyConsolidationBreakUp-week2-highNotReachedWeek3,week2BarHighChangeGT0,weekHighGTweek2High,brokenToday,",0.028737386067719303,1,1,0
"PCTChangeGT2,_HTGT1.5__LTGT1.5__HTGTPCTDayChange__LTGTPCTDayChange_,,,##MANegative_Downtrend_(GT2),##MA-SMA200LT0SMA100LT0,",0.1602539610189312,1,1,0
"PCTChangeLT-3,_HTGT1.5__HTGTPCTDayChange_,,,##(Check-chart-buy):month3High-InMinus,BreakHighMonth3,",2.051422499235722,1,1,0
"PCTChangeLT-2,,,,checkCupDown-2dayDown-mayReversalBuy,volBuyVolumeUpsergedLast2n3DayUp,",2.0738601684570317,1,1,0
"PCTChangeGT2,,,,checkBuyConsolidationBreakout-allPreLT0,##(Check-chart)buyMonth3High-Continue,",0.5367694440707494,1,1,0
"PCTChangeGT1,_HTGT3.0__HTGTPCTDayChange_,,,%%HLTF:(DOWNTREND-OR-GLOBALDOWN)maySellTail-tailGT2-2,3,4thDayGT0,volSellReversalLast2DayUp-VolUp,",0.4460232708388552,1,1,0
"PCTChangeGT0.5,_HTGT1.5_,,,(Test)(check-chart-2-3MidCapCross)MaySellCheckChart-Risky,",-5.4722222222222126,1,0,1
"PCTChangeGT1,_HTGT1.5__HTGTPCTDayChange_,,,(Test)(check-chart-2-3MidCapCross)MaySellCheckChart-Risky,MaySellCheckChart-(IndexNotDownInSecondHalf),weekBarHighChangeGT0,brokenToday,",-4.4345899504799835,1,0,1
"PCDCGT0PCTDayChangeLT0,PCDayChange-0.5to0.5,_HTGT1.5_,,,##(Test)(check-chart)-sellSMADownTrend,",-0.5674212775244525,5,1,3
"PCTChangeGT0,_HTGT1.5__HTGTPCTDayChange_,,,%%:sellDowntrend-lastDayUp-ReversalHighTail,",0.5854176100679098,2,1,1
"PCDCLT0PCTChangeGT0,PCDayChange-0.5to0.5,_LTGT3.0_,,,chisBuyYearHigh-3,",0.6509372621633659,7,3,4
"PCTChangeGT3,year2High,_HTGT1.5_,,,%%HLTF:(DOWNTREND-OR-GLOBALDOWN)maySellTail-tailGT2-2,3,4thDayGT0,",-2.63168102002326,1,0,1
"PCTChangeGT3,,,,chisSellYear2LowLT-40-last4DayDown(triggerAfter-9:15),volBuyVolumeUpsergedLast2n3DayDown,",2.4260280946551713,2,2,0
"PCTChangeGT0,PCDayChange-0.5to0.5,_LTGT1.5_,,,buyPatternsML,",2.5055853196423077,3,3,0
"PCTChangeGT2,,,,chisBuyUpTrend-1-YearHigh,chisCheckConsolidationBreakoutLT(4.5),weekBarHighChangeGT2,",-0.6249342918493397,1,0,1
"PCTChangeLT-5,_HTGT3.0__LTGT3.0__HTGTPCTDayChange__LTGTPCTDayChange_,,,##last3DayLow(LT-3)-M3LGT0,%%:checkBuyRevarsalLast3DayDownAtMonth3High,",-4.724634142889476,1,0,1
"PCDCGT0PCTChangeLT-1,_HTGT1.5__LTGT1.5_,,,%%:checkSell:CupDownDoji,",2.5658786591862595,1,1,0
"PCTChangeLT-2,,,,%%:checkSell:ConsolidationBreakDown(NotShapeA)-2week,volSellContinueLast2DayDown-VolUp,checkSellConsolidationBreakDown-2week,week2BarLowChangeLT0,weekLowLTweek2Low,brokenToday,chisDownTrend-Risky-nearHigh,##(Check-chart-buy):YearHigh-InMinus,ReversalHighYear,",1.045092286686077,1,1,0
"PCTChangeGT5,,,,##(Check-chart):yearHigh-InPlus,##MAPositive_Uptrend(GT2),##MA-SMA200GT0SMA100GT0,",-1.0887995086451763,1,0,1
"PCTChangeLT-16,year2Low,_HTGT1.5_,,,vol-buy-DownVol-3dayDown-Week2Low,",0.7603743614968264,1,1,0
"PCTChangeGT5,year2High,,,,(GLOBALFUTUP-UPTRENDMARKET)checkBuyConsolidationBreakUp-week2,weekBarHighChangeGT2,",-0.2941124717373821,1,0,1
"PCTChangeLT-1,,,,checkCupDown-2dayDown,##(Check-chart-buy):month3High-InMinus,NearHighMonth3,",-1.9907897324816224,2,0,2
"PCTChangeGT3,,,,$$MaySell-CheckChart(monthHigh-minimumLast4DayUp),vol-sell-DownVol-3dayUp-Week2High,",-1.7507183660374044,1,0,1
"PCTChangeLT-1,PCDayChange-0.5to0.5,_LTGT1.5_,,,##buyYear2LowMovingSMA,",-1.8278820255071684,1,0,1
"PCTChangeGT3,,,,checkBuyConsolidationBreakout-allPreLT0,weekBarHighChangeGT0,brokenToday,",-1.189067620822558,1,0,1
"PCTChangeLT-3,,,,##DOWNTREND:sellYearHighReversal(InDownTrend),##(Check-chart-buy):YearHigh-InMinus,ReversalHighYear,",-1.0905282393752647,5,1,4
"PCTChangeLT-0.5,_HTGT1.5__HTGTPCTDayChange__LTGTPCTDayChange_,,,%%HLTF:maySellTail-tailGT2-7,10thDayGT0,",-0.662463244076304,1,0,1
"PCTChangeGT3,year2High,_HTGT1.5_,,,volSellVolumeUpsergedLast2n3DayDown,volBuyContinueLast2DayUp-VolUp,chisCheckConsolidationBreakout2WeekLT(4.5),",-0.6088678737939179,1,0,1
"PCTChangeLT-3,year2High,_LTGT3.0_,,,%%HLTF:(GLOBAL-DOWN)sellHighLowerTail-Reversal-LastDayMarketUp,zigZagVolCrossedFromUp,",-4.89436251894188,1,0,1
"PCDCGT0PCTDayChangeLT0,,,,chisBuyYearHigh-1,",-0.27985812050783854,17,8,9
"PCTChangeGT2,_HTGT1.5_,,,%%:sellUpTrend-month3High,##MAPositive_Uptrend(GT2),##MA-SMA200GT0SMA100GT0,",2.882487202865788,2,2,0
"PCTChangeGT5,_HTGT1.5_,,,VOL:sell-UpVol-3dayUp-Week2High,##MAPositive_Uptrend(GT4.5),##MA-SMA200GT0SMA100GT0,",-2.0818442869638205,1,0,1
"PCTChangeGT3,,,,chisFinalBreakOutBuy-1test-atYearLow,##last2DayHighGT3-M3HLT0,",-2.282284115169852,1,0,1
"PCTChangeGT0,PCDayChange-0.5to0.5,_HTGT3.0__LTGT3.0_,,,##MAPositive_Uptrend(GT0),##MA-SMA200GT0SMA100GT0,",7.067252082480267,1,1,0
"PCTChangeGT5,_HTGT1.5__LTGT1.5_,,,chisSelldowntrendReversalMayFail,",1.882156270865259,2,1,1
"PCTChangeLT-2,_HTGT1.5_,,,checkCupDown-near2WeekDown-mayReveresalBuy,",1.9168884440976794,1,1,0
"PCTChangeGT3,,,,##(Check-chart-sell):month3Low-InPlus,ReversalLowMonth3,chisUpTrend-Risky-nearLow,(GLOBALFUTUP-UPTRENDMARKET)checkBuyConsolidationBreakUp-week2-highNotReachedWeek3,week2BarHighChangeGT0,weekHighGTweek2High,##UPTREND:buyMonth3LowReversal(Confirm),",2.193257752344451,1,1,0
"PCTChangeLT-1,_HTGT3.0__HTGTPCTDayChange__LTGTPCTDayChange_,,,%%HLTF:maySellTail-tailGT2-allDayGT0,",-1.9034465921336101,1,0,1
"PCTChangeLT-8,,,,chisDownTrend-Risky-nearHigh,zigZagVolCrossedFromUp,",-7.994814385464459,1,0,1
"PCTChangeGT0,_HTGT1.5_,,,(Test)(check-chart-2-3MidCapCross)MaySellCheckChart-Risky,",3.7405867955674603,1,1,0
"PCTChangeGT3,,,,(GLOBALFUTUP-UPTRENDMARKET)checkBuyConsolidationBreakUp-week2-highNotReachedWeek3,week2BarHighChangeGT0,weekHighGTweek2High,",0.27554443002270645,4,2,2
"PCTChangeGT3,_HTGT3.0__LTGT1.5__HTGTPCTDayChange_,,,##last2DayHighGT3-M3HLT0,",-7.526750616216095,2,0,2
"PCDCLT0PCTChangeGT0,PCDayChange-0.5to0.5,_HTGT3.0_,,,buyMayYear2LowBreakingUp,",-1.1978691310356187,1,0,1
"PCTChangeLT-0.5,PCDayChange-0.5to0.5,_HTGT1.5_,,,%%:check(UPTREND-UPMARKET)Buy(DOWNTRENDTREND-DOWNMARKET)Sell:Super01-monthLow,%%HLTF-LastDayUp:(DOWNTREND-OR-GLOBALDOWN)MaySellHighTail-LastDayMarketUp,",-0.4534252129896197,2,1,1
"PCTChangeLT-2,,,,checkSellConsolidationBreakDown-month3HighGTMonth3Low,chisSellDownTrend-nearHigh,",-4.47032285114274,1,0,1
"PCTChangeLT-3,,,,##longDownTrend-2-IndexNotDownLastDay(checkBase),##last2DayLow(LT-3)-M3LGT0,",-1.0257484386748292,1,0,1
"PCTChangeLT-2,_LTGT1.5_,,,vol-buy-DownVol-3dayDown-Week2Low,MayBuyCheckChart-(IndexNotUpInSecondHalf),chisBuyYear2Low,NearLowYear2,",0.16352047710298592,1,1,0
"PCTChangeLT-1,,,,volBuyReversalLast2DayDown-VolDown,##MAPositive_Uptrend(LT-2),##MA-SMA200LT0SMA100LT0,",5.830118186685569,1,1,0
"PCTChangeLT-2,_LTGT1.5_,,,chisSellFinalCandidate-(lastDayUp),##MAPositive_Uptrend(LT-2),##MA-SMA200LT0SMA100LT0,",-8.123777867946906,1,0,1
"PCTChangeGT1,year2High,_HTGT1.5__LTGT1.5_,,,shortUpTrendSellReversal-Month3High-Doji-Last2DayGTToday,",1.8302229090526163,1,1,0
"PCTChangeLT-1,,,,checkCupDown-3dayDown,##(Check-chart-buy):month3High-InMinus,NearHighMonth3,",-0.958602508491135,3,1,2
"PCTChangeGT3,,,,volSellVolumeUpsergedLast2n3DayDown,##MAPositive_Uptrend(GT2),##MA-SMA200LT0SMA100LT0,",0.9394465694762284,1,1,0
"PCTChangeGT3,_HTGT1.5_,,,%%HLTF:(DOWNTREND-OR-GLOBALDOWN)maySellTail-tailGT2-2,3,4thDayGT0,volumeUpsergedLast2n3n4DayDown,volBuyContinueLast2DayUp-VolUp,",-2.0946298809961656,1,0,1
"PCTChangeLT-3,,,,(GLOBALFUTDOWN-DOWNTRENDMARKET)checkSellConsolidationBreakDown-week2-lowNotReachedWeek3,week2BarLowChangeLT-2,##DOWNTREND:sellYear2HighReversal(InDownTrend),##last2DayLow(LT-3)-M3LGT0,##(Check-chart-buy):YearHigh-InMinus,ReversalHighYear,##(check-chart)maySell-EMA6-MT-May-LT-EMA14,",-3.16946296715434,1,0,1
"PCTChangeLT-1,,,,shortDownTrendBuyReversal-Month3Low-Doji-Last2DayLTToday,",-0.37830407705792435,13,6,7
"PCTChangeLT-2,,,,##(Check-chart-buy):YearHigh-InMinus,NearHighYear,",-0.44159590546066885,43,16,27
"PCTChangeLT-0.5,_HTGT1.5_,,,chisSell:Super03-monthLow,volSellContinueLast2DayDown-VolUp,",2.1813979004800603,1,1,0
"PCTChangeGT3,_HTGT1.5_,,,volumeUpsergedLast2n3n4DayDown,(GLOBALFUTUP-UPTRENDMARKET)checkBuyConsolidationBreakUp-week2-highNotReachedWeek3,week2BarHighChangeGT2,brokenToday,chis-breakoutup-2week,chisBuy-2week-breakoutup,",1.0982803898497009,1,1,0
"PCTDayChangeLT0,_HTGT1.5_,,,chisSellDownTrend-nearHigh,",-0.7143612524675196,3,0,3
"PCTChangeLT-3,PCDayChange-0.5to0.5,_HTGT1.5__LTGT3.0_,,,%%HLTF:(GLOBAL-DOWN)sellHighLowerTail-Reversal-LastDayMarketUp,",-0.9676604575299171,1,0,1
"PCTChangeGT1,year2High,_HTGT1.5_,,,%%HLTF:(DOWNTREND-OR-GLOBALDOWN)maySellTail-tailGT2-2,3,4thDayGT0,volBuyContinueLast2DayUp-VolUp,",-1.9450752265423434,1,0,1
"PCTChangeLT-3,,,,checkCupDown-3dayDown-mayReversalBuy,##DOWNTREND:sellYear2HighReversal(InDownTrend),##last2DayLow(LT-3)-M3LGT0,##(Check-chart-buy):month3High-InMinus,ReversalHighMonth3,",-2.146695286655246,1,0,1
"PCTChangeLT-1,_LTGT1.5_,,,##RisingMA(check-chart-buy)-MayBuyCheckChart,",1.2757588335501142,3,2,1
"PCTChangeLT-0.5,_LTGT1.5_,,,%%HLTF:(GLOBAL-DOWN)sellHighLowerTail-Reversal-LastDayMarketUp,",-0.8616537108775757,14,6,8
"PCTChangeGT1,_HTGT1.5__HTGTPCTDayChange_,,,%%HLTF-Last2HighTail:(UPTREND)buy(DOWNTREND)sell:HighUpperTailPre-last2DayUp,MaySellCheckChart-(IndexNotDownInSecondHalf),",-1.8626456820664699,4,1,3
"PCTChangeGT5,_HTGT1.5_,,,chisUpTrend-Risky-nearLow,chisSellYear2LowContinue,",-3.4755087187229,1,0,1
"PCTChangeLT-5,,,,chisDownTrend-Risky-nearHigh,##DOWNTREND:sellMonth3HighReversal(InDownTrend),",2.692349372140746,2,2,0
"PCTChangeLT-1,,,,chisSellFlagWeek-Risky,checkCupDown-2dayDown,chisDownTrend-Risky-nearHigh,##(Check-chart-buy):YearHigh-InMinus,ReversalHighYear,",-1.6666650772094842,1,0,1
"PCTChangeGT0,_HTGT1.5_,,,chisBuyYearHigh-1,",-0.1193279021872678,4,2,2
"PCTChangeGT16,_HTGT1.5__LTGT1.5_,,,chisBuyDayHighVolLow-0,",-6.702840988898151,1,0,1
"PCTDayChangeLT0,PCDayChange-0.5to0.5,_LTGT3.0_,,,%%:checkSell:CupDownDoji-lastDayLT(-2)TodayDoji,%%HLTF:(GLOBAL-UP)buyHighLowerTail-StockInUptrend,",-3.4183657899194837,1,0,1
"PCTChangeLT-3,_HTGT1.5_,,,volBuyVolumeUpsergedLast2n3DayUp,chisSellDownTrend-nearHigh,##(Check-chart-buy):YearHigh-InMinus,ReversalHighYear,",1.3990286722309966,1,1,0
"PCTChangeGT3,,,,weekBarHighChangeGT2,##MAPositive_Uptrend(GT4.5),##MA-SMA200LT0SMA100GT0,",0.7916380414731002,2,1,1
"PCDCGT0PCTDayChangeLT0,_HTGT1.5__LTGT1.5_,,,%%:checkSell:CupDownDoji,",1.390163220155835,3,3,0
"PCTChangeGT2,,,,week2BarHighChangeGT2,",0.20270271659551192,13,8,5
"PCTChangeLT-2,_LTGT1.5_,,,checkCupDown-2dayDown,chisDownTrend-Risky-nearHigh,",2.3748375325853064,1,1,0
"PCTChangeLT-5,,,,checkCupDown-near2WeekDown-mayReveresalBuy,(GLOBALFUTDOWN-DOWNTRENDMARKET)checkSellConsolidationBreakDown-week2-lowNotReachedWeek3,week2BarLowChangeLT-2,##DOWNTREND:sellMonth3HighReversal(InDownTrend),",-2.2136532033388603,1,0,1
"PCTChangeLT-5,_LTGT1.5_,,,checkCupDown-mayReversalBuy,##longDownTrend-2-IndexNotDownLastDay(checkBase),chisSellDownTrend-nearHigh,",-1.5257100177002854,1,0,1
"PCTChangeLT-5,,,,(GLOBALFUTDOWN-DOWNTRENDMARKET)checkSellConsolidationBreakDown-week2-lowNotReachedWeek3,week2BarLowChangeLT-5,##DOWNTREND:sellMonth3HighReversal(InDownTrend),##last3DayLow(LT-3)-M3LGT0,chisSellDayLowVolLow-0,",-0.15525030199472084,1,0,1
"PCTChangeLT-2,,,,(GLOBALFUTDOWN-DOWNTRENDMARKET)checkSellConsolidationBreakDown-week2-lowNotReachedWeek3,week2BarLowChangeLT0,(SMA9LT0),##(Check-chart-buy):month6High-InMinus,ReversalHighMonth6,",-0.5091415684154827,1,0,1
"PCTChangeLT-1,_HTGT1.5__HTGTPCTDayChange_,,,%%:checkSell:Super01-monthLow,",-0.060511596365316334,12,7,5
"PCTChangeGT3,_HTGT1.5__LTGT1.5_,,,%%:checkSell:Super2,",0.49999999999999134,1,1,0
"PCDCLT0PCTChangeGT3,_LTGT3.0_,,,##lastDayHigh(LT-5)Today(LT-1),",1.4296533051411286,1,1,0
"PCDCGT0PCTChangeLT-1,_LTGT3.0_,,,%%HLTF:(GLOBAL-DOWN)sellHighLowerTail-Reversal-LastDayMarketUp,",-2.2780497255883945,3,1,2
"PCTChangeGT3,,,,volSellVolumeUpsergedLast2n3DayDown,chisCheckConsolidationBreakoutLT(4.5),##MAPositive_Uptrend(GT2),##MA-SMA200GT0SMA100LT0,",-0.4315245977722903,1,0,1
"PCTChangeGT2,,,,##(Check-chart-sell):month3Low-InPlus,ReversalLowMonth3,chisUpTrend-Risky-nearLow,(GLOBALFUTUP-UPTRENDMARKET)checkBuyConsolidationBreakUp-week2-highNotReachedWeek3,week2BarHighChangeGT0,weekHighGTweek2High,brokenToday,##UPTREND:buyMonth3LowReversal(Confirm),",0.23187697715074174,1,1,0
"PCTChangeLT-3,_LTGT1.5_,,,volBuyReversalLast2DayDown-VolDown,##(Check-chart-buy):YearHigh-InMinus,ReversalHighYear,",-1.2282466588795173,1,0,1
"PCTChangeGT0.5,_HTGT1.5__LTGT1.5__HTGTPCTDayChange__LTGTPCTDayChange_,,,chisSellDowningMA-(check5MinuteDownTrendAndSellDowntrend)-Already10DayDown,",-0.623741895837952,3,1,2
"PCDCGT0PCTChangeLT-3,_HTGT3.0_,,,volSellRevarsalVolCrossed,",-6.241699867197874,1,0,1
"PCTChangeLT-3,_LTGT1.5_,,,chisSellFlag2Week-Risky,%%checkCupDown-2dayDown-continue,##MANegative_Downtrend_(LT-2),##MA-SMA200GT0SMA100GT0,",4.31817950624408,1,1,0
"PCTChangeGT5,_LTGT1.5_,,,volBuyContinueLast2DayUp-VolUp,weekBarHighChangeGT2,brokenToday,",-0.17624758839525417,1,0,1
"PCTChangeLT-5,_LTGT3.0_,,,%%HLTF:(GLOBAL-DOWN)sellHighLowerTail-Reversal-LastDayMarketUp,",1.2309591735345475,8,5,3
"PCTChangeLT-5,,,,VOL:buy-UpVol-3dayDown-Week2Low,##MANegative_Downtrend_(LT-4.5),##MA-SMA200LT0SMA100LT0,##DOWNTREND:sellMonth3LowBreak,##last2DayLow(LT-3)-M3LLT0,",3.1816387668858406,1,1,0
"PCTChangeGT0,PCDayChange-0.5to0.5,_LTGT3.0_,,,%%:checkSell:lastDayLT(-4.5),",-0.7772001267349206,1,0,1
"PCTChangeLT-3,,,,##(Check-chart-buy):month6High-InMinus,ReversalHighMonth6,",-1.7804648434447368,4,0,4
"PCTChangeGT2,,,,##(Check-chart-sell):month3Low-InPlus,ReversalLowMonth3,chisUpTrend-Risky-nearLow,volSellVolumeUpsergedLast2n3DayDown,(GLOBALFUTUP-UPTRENDMARKET)checkBuyConsolidationBreakUp-week2-highNotReachedWeek3,week2BarHighChangeGT0,weekHighGTweek2High,brokenToday,chis-breakoutup-2week,##UPTREND:buyMonth3LowReversal(Confirm),",-1.338023870763641,1,0,1
"PCTChangeLT-3,_LTGT1.5_,,,(GLOBALFUTDOWN-DOWNTRENDMARKET)checkSellConsolidationBreakDown-week2-lowNotReachedWeek3,week2BarLowChangeLT0,chisDownTrend-Risky-nearHigh,##(Check-chart-buy):month6High-InMinus,ReversalHighMonth6,",0.6608494911993332,1,1,0
"PCTChangeGT3,_HTGT1.5__LTGT3.0__HTGTPCTDayChange__LTGTPCTDayChange_,,,##lastDayHighGT5TodayGT1,",-10.000069633742593,1,0,1
"PCTChangeGT3,_HTGT1.5__LTGT1.5_,,,(SMA9GT0),",-2.1104368340613586,1,0,1
"PCTChangeGT8,,,,chisSellYear2LowLT-40-last3DayDown(triggerAfter-9:15),chisUpTrend-Risky-nearLow,",4.023252975108998,1,1,0
"PCTChangeLT-1,_HTGT1.5__LTGT1.5__HTGTPCTDayChange__LTGTPCTDayChange_,,,volBuyRevarsalVolCrossed,",-0.7836614662484788,3,0,3
"PCTChangeLT-3,,,,checkCupDown-inDownTrend-month3HighLTmonth3Low,bar_low,chisDownTrend-Risky-nearHigh,##DOWNTREND:sellYear2HighReversal(InDownTrend),##(Check-chart-buy):month3High-InMinus,ReversalHighMonth3,",-8.70706081515418,1,0,1
"PCTChangeLT-5,_LTGT1.5_,,,##MANegative_Downtrend_(LT-4.5),##MA-SMA200GT0SMA100GT0,$$MayBuy-CheckChart-baseLine(inuptrend-monthlow)-MHCLT(-10),",-0.6247011117871584,1,0,1
"PCTChangeGT1,_LTGT3.0_,,,%%HLTF:(SGXNIFTYUP)buyHighLowerTail-Continue,%%:sellUpTrend-month3High,",-1.4979029906679244,1,0,1
"PCTChangeGT3,year2High,_HTGT3.0__LTGT3.0_,,,volSellVolumeUpsergedLast2n3DayDown,volBuyContinueLast2DayUp-VolUp,",0.3441295546558777,1,1,0
"PCTChangeGT3,,,,checkBuyConsolidationBreakUp-2week,week2BarHighChangeGT0,weekHighGTweek2High,",-0.6957856377237648,1,0,1
"PCDCLT0PCTChangeGT0,_LTGT1.5_,,,%%:checkSell:CupDownDoji-lastDayLT(-2)TodayDoji,",-0.44551592565662534,8,3,5
"PCTChangeGT0,PCDayChange-0.5to0.5,_HTGT3.0__LTGT1.5_,,,shortUpTrendBuyContinue-Doji-Last2DayGTToday,##MAPositive_Uptrend(GT0),##MA-SMA200LT0SMA100GT0,",0.0,1,0,0
"PCTChangeGT2,year2High,,,,volSellVolumeUpsergedLast2n3DayDown,weekBarHighChangeGT2,brokenToday,",-0.7360267015351487,1,0,1
"PCTChangeLT-3,,,,zigZagVolCrossedFromUp,##ML:buyRisingMA-down-Risky,",-0.16083735239178054,2,1,1
"PCTChangeGT5,_HTGT1.5_,,,%%HLTF-Last2HighTail:(UPTREND)buy(DOWNTREND)sell:HighUpperTailPre-last2DayUp,chisUpTrend-Risky-nearLow,volBuyContinueLast2DayUp-VolUp,",-2.225408130892921,1,0,1
"PCTChangeGT0,_HTGT3.0_,,,chisSellEveningStar-2(Check2-3MidCapCross),",-0.7292062482415644,4,2,2
"PCTChangeLT-8,_HTGT3.0__LTGT1.5__HTGTPCTDayChange_,,,##(Test)(Check-chart):year2Low-InMinus,",8.792928940485085,1,1,0
"PCTChangeGT3,,,,chisBuyFinalContinueReversal-1,",-2.168645041618864,3,1,2
"PCDCGT0PCTChangeLT-3,_HTGT3.0__LTGT3.0__LTGTPCTDayChange_,,,##MA-SMA200LT0SMA100LT0,",-8.386109283322087,1,0,1
"PCTChangeEQ0,PCDayChange-0.5to0.5,,,,chisSellSuper-Risky,-+,",0.32573858860528804,1,1,0
"PCTChangeGT3,,,,volBuyContinueLast2DayUp-VolUp,(GLOBALFUTUP-UPTRENDMARKET)checkBuyConsolidationBreakUp-week2-highNotReachedWeek3,week2BarHighChangeGT0,chisSell-2week-breakoutup,##last2DayHighGT3-M3HLT0,",-2.4975585937499902,1,0,1
"PCTChangeLT-1,,,,mayBuyFromSellPattern-GT1.8,##(Check-chart-buy):month3High-InMinus,ReversalHighMonth3,",2.1153846153846243,1,1,0
"PCTChangeLT-3,_HTGT1.5_,,,##DOWNTREND:sellYearLowBreak,",0.34254927124310053,4,3,1
"PCTChangeLT-2,_LTGT1.5_,,,##longDownTrend-2-IndexNotDownLastDay(checkBase),",-5.494346436232526,1,0,1
"PCTChangeLT-1,,,,volumeUpsergedLast2n3n4DayUp,volSellContinueLast2DayDown-VolUp,##(Check-chart-buy):month3High-InMinus,BreakHighMonth3,",0.5400024414062602,1,1,0
"PCTChangeLT-1,,,,chisSellConsolidationBreakDown-forecastDayPCT7LT0,chisSellDownTrend-nearHigh,",0.0,1,0,0
"PCTChangeLT-2,,,,checkCupDown-2dayDown-mayReversalBuy,(GLOBALFUTDOWN-DOWNTRENDMARKET)checkSellConsolidationBreakDown-week2-lowNotReachedWeek3,week2BarLowChangeLT0,##DOWNTREND:sellYear2HighReversal(InDownTrend),",-0.9584763847978781,1,0,1
"PCTChangeGT1,_LTGT3.0_,,,%%HLTF:(GLOBAL-DOWN)sellHighLowerTail-Reversal-LastDayMarketUp,##RisingMA(Test)(check-chart-buy)-1DayUp,",3.86824374331994,1,1,0
"PCTChangeLT-2,,,,checkCupDown-near2WeekDown-mayReveresalBuy,chisDownTrend-Risky-nearHigh,##DOWNTREND:sellYear2HighReversal(InDownTrend),##(Check-chart-buy):month3High-InMinus,ReversalHighMonth3,",1.5471627495863594,2,1,1
"PCTChangeGT1,_HTGT1.5_,,,##MAPositive_Uptrend(GT1),##MA-SMA200GT0SMA100GT0,",-2.1137094390928377,4,1,3
"PCTChangeGT8,,,,buyPatternsML,##(Check-chart):year2High-InPlus,",2.198256382093668,1,1,0
"PCTChangeLT-1,_LTGT1.5_,,,weekBarLowChangeLT0,$$MayBuy-CheckChart(monthLow-minimumLast4DayDown),",0.3507749043092295,1,1,0
"PCTChangeLT-5,_HTGT1.5__LTGT3.0_,,,%%HLTF:(GLOBAL-DOWN)sellHighLowerTail-Reversal-LastDayMarketUp,volSellContinueLast2DayDown-VolUp,chisDownTrend-Risky-nearHigh,##DOWNTREND:sellYear2HighReversal(InDownTrend),",4.917512690355332,1,1,0
"PCTChangeLT-3,,,,volumeUpsergedLast2n3n4DayUp,volSellContinueLast2DayDown-VolUp,##MANegative_Downtrend_(LT-4.5),##MA-SMA200GT0SMA100LT0,##DOWNTREND:sellMonth3LowBreak,##last2DayLow(LT-3)-M3LLT0,",-7.721638259610635,1,0,1
"PCTChangeGT8,_HTGT1.5_,,,%%HLTF-Last2HighTail:(UPTREND)buy(DOWNTREND)sell:HighUpperTailPre-last2DayUp,##MAPositive_Uptrend(GT4.5),##MA-SMA200LT0SMA100LT0,",2.224458119619467,3,1,2
"PCTChangeLT-2,_LTGT3.0_,,,chisDownTrend-Risky-nearHigh,##(Check-chart-buy):YearHigh-InMinus,ReversalHighYear,",-1.0684514881573535,1,0,1
"PCTChangeGT12,_LTGT3.0_,,,##MAPositive_Uptrend(GT4.5),##MA-SMA200GT0SMA100GT0,",9.912283378734918,1,1,0
"PCTChangeGT1,,,,weekBarHighChangeGT0,chisBuyYearHigh-1,",0.5111022357686449,2,2,0
"PCTChangeGT5,,,,chisBuyDayHighVolLow-0,chisUpTrend-Risky-nearLow,##(Test)buyBottomReversal-1,##UPTREND:buyYearLowReversal(Confirm),",-1.4988858438635035,1,0,1
"PCTChangeLT-8,_HTGT3.0__LTGT3.0_,,,(GLOBAL-DOWN)maySellContinueHighVolatileLastDayDOWN-month3LowGT0-(LT-8),volSellContinueLast2DayDown-VolUp,##MANegative_Downtrend_(LT-4.5),##MA-SMA200LT0SMA100LT0,",-1.016838811338239,1,0,1
"PCTDayChangeLT0,year2High,_HTGT1.5__LTGT1.5_,,,%%HLTF-LastDayUp:(DOWNTREND-OR-GLOBALDOWN)MaySellHighTail-LastDayMarketUp,",2.1999986436632044,1,1,0
"PCTChangeLT-1,_LTGT3.0_,,,##(Test):buyRisingMA-uptrend-SMA25gt0,",0.4883390536019761,1,1,0
"PCTChangeLT-1,_LTGT1.5_,,,%%:checkSell:CupDownDoji-last2lastDayLT0orTodayGT0,checkCupDown-inDownTrend-month3HighLTmonth3Low,bar_low,",1.1983984751234933,1,1,0
"PCTChangeLT-8,_LTGT1.5_,,,chisDownTrend-Risky-nearHigh,",0.45589915142521,2,1,1
"PCTChangeGT5,_HTGT1.5_,,,chisUpTrend-Risky-nearLow,volumeUpsergedLast2n3n4DayDown,",1.2425925465226295,1,1,0
"PCTChangeLT-2,,,,checkCupDown-2dayDown,##(Check-chart-buy):month3High-InMinus,NearHighMonth3,",0.343957803028315,1,1,0
"PCTChangeLT-1,,,,volBuyReversalLast2DayDown-VolUp,##(Check-chart-buy):month3High-InMinus,ReversalHighMonth3,",0.15617661054482757,1,1,0
"PCTChangeGT3,_HTGT1.5_,,,%%:sellUpTrend-month3High,##MAPositive_Uptrend(GT2),##MA-SMA200GT0SMA100GT0,##lastDayHighGT5TodayGT1,",2.218751907348635,1,1,0
"PCTChangeLT-3,_LTGT1.5_,,,##MANegative_Downtrend_(LT-1),##MA-SMA200LT0SMA100LT0,%%:buyDownTrend-month3Low,",-3.117468783504428,1,0,1
"PCTChangeLT-3,_HTGT3.0__HTGTPCTDayChange_,,,chisSellDownTrend-0,",-2.5113135980804597,1,0,1
"PCTChangeLT-3,year2Low,_HTGT3.0__LTGT3.0__LTGTPCTDayChange_,,,##last3DayLow(LT-3)-M3LLT0,volBuyRevarsalVolCrossed,",-2.9021625999856355,1,0,1
"PCTChangeLT-3,_HTGT1.5__LTGT1.5_,,,chisDownTrend-Risky-nearHigh,zigZagVolCrossedFromUp,",-0.433972887763173,2,1,1
"PCTChangeGT3,,,,volSellVolumeUpsergedLast2n3DayDown,week2BarHighChangeGT2,",-1.0265465120298771,1,0,1
"PCTChangeLT-12,year2High,_LTGT1.5_,,,volumeUpsergedLast2n3n4DayUp,volSellContinueLast2DayDown-VolUp,",2.952327549728335,1,1,0
"PCTChangeGT2,PCDayChange-0.5to0.5,_LTGT3.0_,,,%%HLTF:(SGXNIFTYUP)buyHighLowerTail-Continue,",-2.040814813392349,1,0,1
"PCTChangeGT3,,,,chisUpTrend-Risky-nearLow,BuyYearLow,##UPTREND:buyYearLowReversal(Confirm),",1.3657387450683798,3,2,1
"PCTChangeLT-3,_LTGT1.5_,,,VOL:sell(GLOBALFUTUP-GLOBALMARKETUP)Buy-UpVol-3dayDown-Week2High,",-0.7782332533388462,3,1,2
"PCTChangeGT5,,,,chisCheckConsolidationBreakoutLT(4.5),(GLOBALFUTUP-UPTRENDMARKET)checkBuyConsolidationBreakUp-week2-highNotReachedWeek3,week2BarHighChangeGT0,brokenToday,",2.8691660960673238,1,1,0
"PCTChangeLT-2,,,,weekBarLowChangeLT-2,brokenToday,chisDownTrend-Risky-nearHigh,",-0.31507707031687304,4,1,3
"PCTChangeLT-2,,,,checkCupDown-near2WeekDown-mayReveresalBuy,(GLOBALFUTDOWN-DOWNTRENDMARKET)checkSellConsolidationBreakDown-week2-lowNotReachedWeek3,week2BarLowChangeLT0,",-0.3504497542743471,16,6,10
"PCTChangeLT-2,_LTGT1.5_,,,%%HLTF:(GLOBAL-DOWN)sellHighLowerTail-Reversal-LastDayMarketUp,",-1.1305583233224616,16,5,11
"PCTChangeGT5,_HTGT3.0_,,,##MAPositive_Uptrend(GT2),##MA-SMA200LT0SMA100LT0,",-3.425686629701773,1,0,1
"PCTChangeGT5,,,,(GLOBALFUTUP-UPTRENDMARKET)checkBuyConsolidationBreakUp-week2-highNotReachedWeek3,week2BarHighChangeGT0,weekHighGTweek2High,brokenToday,",-2.070274076555384,3,1,2
"PCTChangeLT-2,_HTGT1.5_,,,weekBarLowChangeLT-2,chisDownTrend-Risky-nearHigh,##DOWNTREND:sellYear2HighReversal(InDownTrend),##(Check-chart-buy):YearHigh-InMinus,ReversalHighYear,",-1.1904761904762053,1,0,1
"PCTChangeLT-2,_LTGT1.5_,,,checkCupDown-3dayDown,##DOWNTREND:sellYear2HighReversal(InDownTrend),##(Check-chart-buy):YearHigh-InMinus,ReversalHighYear,",2.64461833615244,1,1,0
"PCTChangeLT-2,_LTGT1.5_,,,weekBarLowChangeLT-2,MayBuyCheckChart-(IndexNotUpInSecondHalf),$$MayBuy-CheckChart-baseLine(inuptrend-monthlow)-MHCLT(-10),",5.05721059011583,1,1,0
"PCTChangeLT-1,_LTGT1.5_,,,chisDownTrend-Risky-nearHigh,MayBuyCheckChart-(IndexNotUpInSecondHalf),$$MayBuy-CheckChart-baseLine(inuptrend-monthlow)-PCTDayChangeLT0,",-1.7408153048308288,1,0,1
"PCTChangeLT-8,year2Low,,,,sellPatternsML,",-12.46666463216146,1,0,1
"PCTChangeGT1,,,,chisSellDowningMA-(check5MinuteDownTrendAndSellDowntrend)-Already10DayDown,chisSellFinalContinue-(lastDayDown)-1,",-1.3978527438255997,1,0,1
"PCTChangeLT-1,_HTGT1.5_,,,sellFinal1,volBuyRevarsalVolCrossed,##(Test):buyRisingMA-uptrend-SMA25gt0,",-3.808141309161535,1,0,1
"PCTChangeLT-3,,,,checkCupDown-2dayDown-mayReversalBuy,volBuyVolumeUpsergedLast2n3DayUp,",3.9977187031014694,1,1,0
"PCTChangeLT-1,_HTGT1.5__HTGTPCTDayChange_,,,weekBarLowChangeLT0,",1.0147916644149626,8,6,2
"PCTChangeLT-1,_LTGT1.5_,,,checkCupDown-3dayDown-mayReversalBuy,chisBuyMay5DayFloorReversal,##(Check-chart-buy):month3High-InMinus,ReversalHighMonth3,",0.0595213874937996,1,1,0
"PCTChangeLT-3,,,,checkCupDown-2dayDown,chisBuyFinalContinue-3,sellFinal,",6.440723961530558,1,1,0
"PCTChangeLT-3,,,,##MAPositive_Uptrend(LT-4.5),##MA-SMA200GT0SMA100GT0,",-4.569483158053167,1,0,1
"PCTChangeGT2,,,,##(Check-chart-sell):month3Low-InPlus,ReversalLowMonth3,chisUpTrend-Risky-nearLow,(GLOBALFUTUP-UPTRENDMARKET)checkBuyConsolidationBreakUp-week2-highNotReachedWeek3,week2BarHighChangeGT0,brokenToday,##UPTREND:buyMonth3LowReversal(Confirm),",-0.6376181323877478,3,1,2
"PCTChangeLT-1,_HTGT3.0_,,,volSellContinueLast2DayDown-VolUp,",0.6905778704978298,2,1,1
"PCTChangeGT2,_LTGT1.5_,,,##MANegative_Downtrend_(GT2),##MA-SMA200LT0SMA100LT0,##buyTenDaysLessThanMinusTen,",-0.7834966173224274,4,2,2
"PCTChangeGT1,_HTGT1.5_,,,shortUpTrendSellReversal-Month3High-Doji-Last2DayGTToday,",-1.1582040547119672,3,1,2
"PCTChangeLT-3,,,,checkCupDown-2dayDown-mayReversalBuy,##DOWNTREND:sellMonth6HighReversal(InDownTrend),##(Check-chart-buy):month3High-InMinus,ReversalHighMonth3,",-2.6575814656463157,1,0,1
"PCTChangeLT-2,,,,volBuyVolumeUpsergedLast2n3DayUp,chisDownTrend-Risky-nearHigh,##(Check-chart-buy):month6High-InMinus,ReversalHighMonth6,",-0.5402797319312795,1,0,1
"PCTChangeGT1,_HTGT1.5_,,,##MAPositive_Uptrend(GT0),##MA-SMA200LT0SMA100LT0,",1.5531642778504853,2,2,0
"PCTChangeLT-2,,,,(GLOBALFUTDOWN-DOWNTRENDMARKET)checkSellConsolidationBreakDown-week2-lowNotReachedWeek3,week2BarLowChangeLT0,chisDownTrend-Risky-nearHigh,##DOWNTREND:sellYearHighReversal(InDownTrend),##(Check-chart-buy):month3High-InMinus,ReversalHighMonth3,",1.3946295705390404,4,3,1
"PCTChangeGT2,_LTGT1.5_,,,zigZagVolCrossedFromDown,chisBuyUpTrend-1,",-1.4228902765482492,1,0,1
"PCTChangeLT-1,_HTGT3.0__HTGTPCTDayChange_,,,%%HLTF-Last2HighTail:(DOWNTREND)sellHighUpperTailPre,",-0.9733909998773106,3,1,2
"PCDCLT0PCTChangeGT1,_HTGT1.5__HTGTPCTDayChange_,,,%%HLTF:maySellTail-tailGT2-7,10thDayGT20,",-0.2923325584008196,1,0,1
"PCTChangeGT1,,,,##(Check-chart-sell):month3Low-InPlus,ReversalLowMonth3,chisUpTrend-Risky-nearLow,",2.023770426891202,3,3,0
"PCTChangeGT2,,,,chisUpTrend-Risky-nearLow,##(Test)(check-chart)-sellSMADownTrend-2DayUp-weekHighTouch,##(Test)buyBottomReversal-1,",0.555555555555561,1,1,0
"PCTChangeGT3,,,,chis-breakoutup-2week,##(check-chart)sellEMA6>EMA14,",-1.108379118854288,2,0,2
"PCTChangeLT-3,_HTGT1.5__LTGT1.5_,,,(GLOBALFUTDOWN-DOWNTRENDMARKET)checkSellConsolidationBreakDown-week2-lowNotReachedWeek3,week2BarLowChangeLT0,",-0.6898384512574448,1,0,1
"PCTChangeLT-1,PCDayChange-0.5to0.5,_HTGT3.0_,,,##(Test):buyRisingMA-uptrend-SMA25gt0,",-0.5094362654776013,1,0,1
"PCTChangeGT3,year2High,_HTGT1.5__LTGT1.5__HTGTPCTDayChange_,,,%%:sellUpTrend-month3High,##lastDayHighGT5TodayGT1,",1.5622234933640096,1,1,0
"PCTChangeGT2,year2Low,_HTGT3.0__LTGT1.5__HTGTPCTDayChange_,,,volumeUpsergedLast2n3n4DayDown,volSellReversalLast2DayUp-VolUp,",1.958332061767577,1,1,0
"PCTChangeGT5,_LTGT3.0_,,,%%HLTF-Risky:(GLOBAL-DOWN)sellHighLowerTail-Reversal-LastDayMarketUp,##MAPositive_Uptrend(GT4.5),##MA-SMA200GT0SMA100LT0,",5.249524797712053,1,1,0
"PCTChangeLT-5,,,,maySellHighVolatileDownContinueLT-8,volSellContinueLast2DayDown-VolUp,##MANegative_Downtrend_(LT-4.5),##MA-SMA200LT0SMA100LT0,",-1.8222603969261484,2,0,2
"PCTChangeGT2,_HTGT1.5_,,,vol-sell-DownVol-3dayUp-Week2High,##MAPositive_Uptrend(GT2),##MA-SMA200GT0SMA100GT0,",-1.06329422962817,1,0,1
"PCTChangeLT-3,_HTGT1.5__LTGT1.5_,,,##MANegative_Downtrend_(LT-4.5),##MA-SMA200GT0SMA100LT0,",-5.6672647405574486,2,0,2
"PCTChangeLT-3,year2Low,_HTGT1.5_,,,volSellContinueLast2DayDown-VolUp,",-7.209509191378754,1,0,1
"PCTChangeLT-3,_LTGT1.5_,,,mayBuyFromSellPattern-GT1.8,chisDownTrend-Risky-nearHigh,",4.208335876464842,1,1,0
"PCTChangeLT-2,,,,chisSellFlag2Week-Risky,checkCupDown-2dayDown,",1.5852407216804607,1,1,0
"PCTChangeLT-2,_HTGT1.5__HTGTPCTDayChange_,,,(GLOBALFUTDOWN-DOWNTRENDMARKET)checkSellConsolidationBreakDown-week2-lowNotReachedWeek3,week2BarLowChangeLT-2,weekLowLTweek2Low,chisDownTrend-Risky-nearHigh,",3.1966905585221994,1,1,0
"PCTChangeLT-2,_HTGT1.5__LTGT1.5_,,,##MAPositive_Uptrend(LT-2),##MA-SMA200GT0SMA100GT0,",-0.007289647271023547,2,1,1
"PCTChangeGT1,,,,chisCheckConsolidationBreakoutLT(4.5),(GLOBALFUTUP-UPTRENDMARKET)checkBuyConsolidationBreakUp-week2-highNotReachedWeek3,week2BarHighChangeGT2,",-4.330358699876431,1,0,1
"PCTChangeGT1,_HTGT3.0_,,,chisBuyYearHigh-3,",-0.8932740694557729,2,1,1
"PCTChangeGT0.5,PCDayChange-0.5to0.5,_HTGT1.5__LTGT1.5_,,,chisBuyYearHigh-3,",-0.6570261873875776,6,1,5
"PCTChangeLT-3,year2High,_HTGT1.5__LTGT1.5_,,,volBuyReversalLast2DayDown-VolDown,chisBuyDayLowVolLow-0,",2.5000159993818225,1,1,0
"PCTDayChangeLT0,_LTGT1.5_,,,(Test)(check-chart-2-3MidCapCross)MayBuyCheckChart-Risky,##MAPositive_Uptrend(LT-1),##MA-SMA200GT0SMA100GT0,",0.2766786356688386,1,1,0
"PCTChangeLT-5,,,,##MANegative_Downtrend_(LT-4.5),##MA-SMA200LT0SMA100LT0,##last2DayLow(LT-3)-M3LLT0,",-0.08534286532089996,18,9,8
"PCTChangeGT2,_HTGT3.0__HTGTPCTDayChange_,,,chisBuyUpTrend-nearLow,",-0.8835851232215779,3,2,1
"PCTChangeLT-5,year2Low,_LTGT1.5_,,,##last2DayLow(LT-3)-M3LLT0,chisBuyDayLowVolLow-01,",3.283468520160673,1,1,0
"PCTChangeGT2,_HTGT1.5__LTGT1.5_,,,##MANegative_Downtrend_(GT2),##MA-SMA200LT0SMA100LT0,volSellReversalLast2DayUp-VolDown,##buyTenDaysLessThanMinusTen,",4.552022282425191,1,1,0
"PCTChangeGT3,,,,volSellVolumeUpsergedLast2n3DayDown,checkBuyConsolidationBreakUp-month3HighLTMonth3Low,",3.0929284939624417,1,1,0
"PCTChangeLT-1,,,,chisBuyMay5DayFloorReversal,weekBarLowChangeLT0,##(Test)(Check-chart):year2Low-InMinus,",-0.3797442601199945,1,0,1
"PCTChangeLT-0.5,_LTGT1.5_,,,shortDownTrendSellContinue-Doji-Last2DayLTToday,buyMorningStar-(checkChart),",4.938040408646687,1,1,0
"PCTChangeGT3,_HTGT3.0__LTGT1.5__HTGTPCTDayChange_,,,##MAPositive_Uptrend(GT2),##MA-SMA200GT0SMA100GT0,",0.15278499441447155,1,1,0
"PCDCLT0PCTChangeGT0,PCDayChange-0.5to0.5,_LTGT1.5_,,,%%HLTF:sellStockInUptrendReversal,##(Test)(check-chart)-buySMAUpTrend,",-1.0081858068644873,1,0,1
"PCTChangeGT0.5,year2High,_HTGT3.0__HTGTPCTDayChange__LTGTPCTDayChange_,,,%%HLTF-Last2HighTail:(UPTREND)buy(DOWNTREND)sell:HighUpperTailPre-last2DayUp,",2.7095720736507296,1,1,0
"PCTChangeLT-0.5,_HTGT3.0__LTGT3.0__LTGTPCTDayChange_,,,chisSell-smallUptrendReversal,",-13.080884148092832,1,0,1
"PCTChangeGT2,_HTGT1.5_,,,checkBuyConsolidationBreakout-allPreLT0,(GLOBALFUTUP-UPTRENDMARKET)checkBuyConsolidationBreakUp-week2-highNotReachedWeek3,week2BarHighChangeGT0,weekHighGTweek2High,brokenToday,",0.846327462383192,1,1,0
"PCDCLT0PCTChangeGT1,_LTGT1.5_,,,##MA-SMA200LT0SMA100LT0,",-1.4111645932261874,6,2,4
"PCTChangeLT-3,_HTGT3.0__HTGTPCTDayChange_,,,volBuyRevarsalVolCrossed,##(Check-chart-buy):month3High-InMinus,ReversalHighMonth3,",0.8472544229021108,1,1,0
"PCTChangeGT2,_LTGT1.5_,,,%%HLTF:(SGXNIFTYUP)buyHighLowerTail-Continue,vol-sell-DownVol-3dayUp-Week2High,",1.1833360460069426,1,1,0
"PCTChangeLT-3,,,,checkCupDown-2dayDown-mayReversalBuy,chisDownTrend-Risky-nearHigh,##(Check-chart-buy):month3High-InMinus,ReversalHighMonth3,##(check-chart)maySell-EMA6-MT-May-LT-EMA14,",-2.756917610345692,1,0,1
"PCTChangeGT3,year2High,,,,##last2DayHighGT3-M3HGT0,",-0.43925106331400765,54,21,33
"PCTChangeLT-3,,,,volBuyReversalLast2DayDown-VolDown,##DOWNTREND:sellMonth6HighReversal(InDownTrend),chisSellDayLowVolLow-0,",0.5487767661490092,1,1,0
"PCTChangeGT0.5,PCDayChange-0.5to0.5,,,,chisSellFlag2Week-doji-Risky,chisSellSMA4Reversal,",3.7689549791532406,1,1,0
"PCTChangeLT-1,_HTGT3.0__LTGT1.5__HTGTPCTDayChange_,,,volSellContinueLast2DayDown-VolUp,",-0.5194825011414367,1,0,1
"PCTChangeGT0.5,PCDayChange-0.5to0.5,_HTGT1.5__LTGT1.5_,,,##MAPositive_Uptrend(GT0),##MA-SMA200GT0SMA100GT0,",1.8493783424424908,3,1,2
"PCTChangeGT2,,,,zigZagVolCrossedFromDown,chisBuyUpTrend-1,##(Check-chart)sellMonth3High-Continue,",2.2641523829046317,1,1,0
"PCTChangeLT-3,,,,%%:checkSell:Flag2Week,volSellContinueLast2DayDown-VolUp,##(Check-chart-sell)Month3Low-Continue(InUpTrend),ReversalLowMonth3,##ML:buyRisingMA-down-Risky,",-0.7883264661560141,1,0,1
"PCTChangeLT-0.5,,,,%%:checkSell:Super01-monthLow,",-0.13185858345835172,298,124,173
"PCTChangeLT-5,_LTGT1.5_,,,volBuyReversalLast2DayDown-VolUp,",-2.443770664090798,1,0,1
"PCTChangeGT1,_HTGT1.5__HTGTPCTDayChange_,,,volumeUpsergedLast2n3n4DayDown,",5.238851538478167,1,1,0
"PCTChangeLT-3,_HTGT1.5_,,,volBuyReversalLast2DayDown-VolDown,chisBuyFinalContinue-1,",-0.31259090606922824,2,1,1
"PCDCLT0PCTChangeGT0,PCDayChange-0.5to0.5,_HTGT1.5__LTGT1.5_,,,%%:checkSell:Super-Risky,--,",7.733418934770577,1,1,0
"PCTChangeGT3,,,,chisSellFinalContinue-(lastDayDown)-1,chisBuyDownTrend-Risky-2,",0.26906103296664796,1,1,0
"PCTChangeGT0,,,,%%:checkSell:FlagWeek-doji,",0.8796621719279963,1,1,0
"PCTChangeLT-5,_HTGT1.5__LTGT3.0_,,,chisBuyDayLowVolLow-0,",-0.8651383960520077,1,0,1
"PCTChangeGT2,_HTGT3.0__HTGTPCTDayChange_,,,(GLOBALFUTUP-UPTRENDMARKET)checkBuyConsolidationBreakUp-week2,weekBarHighChangeGT0,brokenToday,",-2.0408163265306083,1,0,1
"PCTChangeLT-3,,,,##longDownTrend-0-IndexNotDownLastDay(checkBase),zigZagVolCrossedFromUp,",3.3077915211958424,1,1,0
"PCTChangeGT1,,,,##(Check-chart-sell):month3Low-InPlus,NearLowMonth3,chisBuyUpTrend-nearLow,",3.87902278746061,1,1,0
"PCTChangeLT-0.5,,,,shortDownTrendSellContinue-Doji-Last2DayLTToday,",0.15180072624189023,64,35,29
"PCDCGT0PCTChangeLT-3,PCDayChange-0.5to0.5,_LTGT3.0_,,,%%HLTF:(GLOBAL-DOWN)sellHighLowerTail-Reversal-LastDayMarketUp,",2.586206896551724,1,1,0
"PCTChangeLT-2,,,,##DOWNTREND:sellYearHighReversal(InDownTrend),##(Check-chart-buy):YearHigh-InMinus,ReversalHighYear,",-0.8250453600394948,4,1,3
"PCTChangeGT16,_HTGT1.5__LTGT1.5_,,,##MAPositive_Uptrend(GT4.5),##MA-SMA200LT0SMA100LT0,",-9.118738792471246,2,0,2
"PCTChangeLT-3,,,,volSellContinueLast2DayDown-VolUp,(GLOBALFUTDOWN-DOWNTRENDMARKET)checkSellConsolidationBreakDown-week2-lowNotReachedWeek3,week2BarLowChangeLT0,##(Check-chart-buy):month3High-InMinus,ReversalHighMonth3,##(check-chart)maySell-EMA6-MT-May-LT-EMA14,",-3.041071133278895,1,0,1
"PCTChangeLT-2,,,,(GLOBALFUTDOWN-DOWNTRENDMARKET)checkSellConsolidationBreakDown-week2-lowNotReachedWeek3,week2BarLowChangeLT0,weekLowLTweek2Low,##(Check-chart-buy):YearHigh-InMinus,ReversalHighYear,",-1.6301566622931474,1,0,1
"PCTChangeGT8,,,,chisFinalBreakOutBuy-1test-atYearLow,",-4.654935618924136,1,0,1
"PCTChangeLT-16,_LTGT1.5_,,,##MANegative_Downtrend_(LT-4.5),##MA-SMA200LT0SMA100LT0,",-3.4503853456055347,2,0,2
"PCTChangeLT-2,_HTGT1.5__LTGT3.0__LTGTPCTDayChange_,,,volBuyVolumeUpsergedLast2n3DayUp,chisDownTrend-Risky-nearHigh,##(Check-chart-buy):month3High-InMinus,ReversalHighMonth3,",1.681816794655536,1,1,0
"PCDCLT0PCTChangeGT3,_LTGT3.0_,,,volBuyRevarsalVolCrossed,",-3.491521285752122,1,0,1
"PCDCGT0PCTDayChangeLT0,,,,chisBuyYearHigh-3,",-0.19531991544256178,121,55,66
"PCTChangeGT2,_HTGT1.5_,,,weekBarHighChangeGT2,chisSell-2week-breakoutup,",-3.7956846656029914,1,0,1
"PCTChangeLT-2,_LTGT1.5_,,,(SMA9LT0),chisDownTrend-Risky-nearHigh,",-0.05746892585608143,1,0,1
"PCTChangeGT3,_HTGT1.5__LTGT3.0__LTGTPCTDayChange_,,,##(Check-chart-sell):month3Low-InPlus,BreakLowMonth3,chisBuyFinalContinueReversal-1,",0.03919871916291418,1,1,0
"PCTChangeGT1,year2High,,,,volBuyContinueLast2DayUp-VolUp,",-0.8599361494967204,7,2,5
"PCTChangeGT5,_HTGT1.5_,,,volBuyContinueLast2DayUp-VolUp,chisCheckConsolidationBreakout2WeekGT(4.5),##MAPositive_Uptrend(GT4.5),##MA-SMA200LT0SMA100LT0,",-1.8857245993246146,1,0,1
"PCTChangeGT3,,,,maySellFromBuyPattern-LT-1.8,##MAPositive_Uptrend(GT2),##MA-SMA200GT0SMA100GT0,",-2.334152334152344,1,0,1
"PCTChangeLT-5,,,,##buyRisingMA-1,",-3.3751241108192014,1,0,1
"PCDCLT0PCTChangeGT0,PCDayChange-0.5to0.5,year2High,_LTGT1.5_,,,##(Test)(check-chart)-buySMAUpTrend,",-0.09101645904869332,5,2,3
"PCDCGT0PCTChangeLT-1,PCDayChange-0.5to0.5,_LTGT1.5_,,,buyMorningStar-(checkChart),",2.7183936108117757,1,1,0
"PCTChangeGT1,_HTGT1.5__LTGT1.5_,,,(GLOBALFUTUP-UPTRENDMARKET)checkBuyConsolidationBreakUp-week2-highNotReachedWeek3,week2BarHighChangeGT0,",-1.4962556033719165,1,0,1
"PCTChangeLT-0.5,_HTGT1.5__LTGT3.0__HTGTPCTDayChange__LTGTPCTDayChange_,,,chisDownTrend-Risky-nearHigh,",-2.31235750716707,1,0,1
"PCTChangeLT-2,,,,chisSellFinalCandidate-4,sellFinal,",-1.3458537762897056,3,0,3
"PCTChangeLT-8,_LTGT1.5_,,,chisDownTrend-Risky-nearHigh,##MANegative_Downtrend_(LT-4.5),##MA-SMA200GT0SMA100LT0,",2.330098568814459,1,1,0
"PCTChangeGT0.5,,,,weekBarHighChangeGT0,chisFinalBreakOutBuyContinue-1-test-atYearLow,chisFinalBreakOutBuyContinue-0-test-atYearLow,",-0.4928243613048276,1,0,1
"PCTChangeGT2,,,,##(Check-chart-sell):month3Low-InPlus,ReversalLowMonth3,VOL:sell-DownVol-3dayUp-Week2Low,##UPTREND:buyMonth3LowReversal(Confirm),",-0.7173601461866489,1,0,1
"PCTChangeGT5,year2High,_HTGT1.5_,,,shortUpTrendSellReversal-MonthHigh,##last2DayHighGT3-M3HGT0,",0.22806803385417682,1,1,0
"PCTChangeGT3,_LTGT1.5_,,,chisUpTrend-Risky-nearLow,chisCheckConsolidationBreakoutLT(4.5),(GLOBALFUTUP-UPTRENDMARKET)checkBuyConsolidationBreakUp-week2-highNotReachedWeek3,week2BarHighChangeGT2,weekHighGTweek2High,",5.6208861746076675,1,1,0
"PCTChangeLT-1,,,,sellFinal,##ML:BuyRisingMA-Risky-2,",2.477973484998065,1,1,0
"PCTChangeGT8,_HTGT1.5_,,,chisSellYear2LowLT-40-last3DayDown(triggerAfter-9:15),",-2.6087000750113223,1,0,1
"PCTChangeGT1,,,,$$MaySell-CheckChart(downTrend-mayReverseLast4DaysUp)-Risky,shortUpTrendSellReversal-MonthHigh,",-2.079650338331546,1,0,1
"PCTChangeGT2,_LTGT1.5_,,,volSellVolumeUpsergedLast2n3DayDown,volSellReversalLast2DayUp-VolUp,##(Check-chart)buyMonth3High-Continue,",0.7847533632286988,1,1,0
"PCTChangeLT-3,_HTGT1.5__HTGTPCTDayChange_,,,volSellVolumeUpsergedLast2n3DayUp,(GLOBALFUTDOWN-DOWNTRENDMARKET)checkSellConsolidationBreakDown-week2-lowNotReachedWeek3,week2BarLowChangeLT0,",-3.2122905027932864,1,0,1
"PCTChangeLT-5,_HTGT1.5_,,,(GLOBALFUTDOWN-DOWNTRENDMARKET)checkSellConsolidationBreakDown-week2-lowNotReachedWeek3,week2BarLowChangeLT-2,chisDownTrend-Risky-nearHigh,##DOWNTREND:sellMonth6HighReversal(InDownTrend),",-1.6637761454790752,1,0,1
"PCTChangeGT0.5,,,,%%:checkSell:lastDayLT(-4.5),##(Test)(check-chart)-sellSMADownTrend,",-2.0986640202788784,1,0,1
"PCTChangeLT-5,_LTGT1.5_,,,##MANegative_Downtrend_(LT-4.5),##MA-SMA200LT0SMA100LT0,##last2DayLow(LT-3)-M3LLT0,",1.0673231095518283,7,3,4
"PCTChangeGT5,_HTGT1.5_,,,%%HLTF-Last2HighTail:(UPTREND)buy(DOWNTREND)sell:HighUpperTailPre-last2DayUp,##MAPositive_Uptrend(GT2),##MA-SMA200GT0SMA100GT0,##last2DayHighGT3-M3HGT0,",-3.3332941818387605,1,0,1
"PCTChangeGT2,year2High,_HTGT1.5__HTGTPCTDayChange_,,,%%HLTF-Last2HighTail:(UPTREND)buy(DOWNTREND)sell:HighUpperTailPre-last2DayUp,MaySellCheckChart-(IndexNotDownInSecondHalf),",-2.336170156359303,1,0,1
"PCTChangeLT-2,,,,VOL:buy-UpVol-3dayDown-Week2Low,$$MayBuy-CheckChart(monthLow-minimumLast4DayDown),",-2.4616681862288416,1,0,1
"PCTChangeGT3,_LTGT1.5_,,,weekBarHighChangeGT0,brokenToday,",-2.63381938730308,1,0,1
"PCTChangeGT3,,,,chisUpTrend-Risky-nearLow,week2BarHighChangeGT0,brokenToday,",1.5507220401655262,1,1,0
"PCTChangeGT0,PCDayChange-0.5to0.5,_HTGT1.5_,,,%%:checkSell:Super2,-+,%%:sellDowntrend-lastDayUp-ReversalHighTail,##MANegative_Downtrend_(GT0),##MA-SMA200LT0SMA100LT0,(SMA9LT0),",-0.33250333809784677,1,0,1
"PCTChangeLT-1,_LTGT3.0_,,,%%HLTF:(SGXNIFTYUP)buyHighLowerTail-Continue,##MAPositive_Uptrend(LT-1),##MA-SMA200GT0SMA100GT0,",-0.26812702869353033,2,1,1
"PCTChangeLT-0.5,,,,%%:checkSell:Super0,shortDownTrendSellContinue-Doji-Last2DayLTToday,",-9.82638465033638,1,0,1
"PCTChangeLT-2,PCDayChange-0.5to0.5,_LTGT3.0_,,,%%HLTF:(GLOBAL-DOWN)sellHighLowerTail-Reversal-LastDayMarketUp,",2.4056876561712133,1,1,0
"PCTChangeLT-2,,,,chisSellConsolidationBreakDown-forecastDayPCT7LT0,chisDownTrend-Risky-nearHigh,##(Check-chart-buy):month3High-InMinus,ReversalHighMonth3,",2.407405994556578,1,1,0
"PCTChangeGT2,_HTGT3.0__HTGTPCTDayChange_,,,%%HLTF:(DOWNTREND-OR-GLOBALDOWN)maySellTail-tailGT2-2,3,4thDayGT0,volSellReversalLast2DayUp-VolUp,",-0.8335038915011275,1,0,1
"PCTChangeGT3,_HTGT1.5_,,,%%HLTF:(DOWNTREND-OR-GLOBALDOWN)maySellTail-tailGT2-2,3,4thDayGT0,volBuyContinueLast2DayUp-VolUp,##(Check-chart):year2High-InPlus,",1.4876434204956748,1,1,0
"PCTChangeGT3,,,,##(Check-chart-sell):month3Low-InPlus,ReversalLowMonth3,(GLOBALFUTUP-UPTRENDMARKET)checkBuyConsolidationBreakUp-week2-highNotReachedWeek3,week2BarHighChangeGT2,weekHighGTweek2High,brokenToday,##UPTREND:buyMonth3LowReversal(Confirm),",0.0,1,0,0
"PCTChangeLT-12,,,,maySellHighVolatileDownContinueLT-8,volumeUpsergedLast2n3n4DayUp,chisSellDownTrend-nearHigh,",2.2373839582622823,1,1,0
"PCTDayChangeLT0,,,,%%:checkSell:Super0,shortDownTrendBuyReversal-Month3Low-Doji-Last2DayLTToday,",2.2819989270573076,1,1,0
"PCTChangeGT1,_HTGT1.5_,,,chisBuyUpTrend-nearLow,",0.7549833193289722,5,3,2
"PCTChangeGT5,,,,checkBuyConsolidationBreakout-allPreLT0,(GLOBALFUTUP-UPTRENDMARKET)checkBuyConsolidationBreakUp-week2-highNotReachedWeek3,week2BarHighChangeGT2,weekHighGTweek2High,brokenToday,buyPatternsML,",2.00417902835602,1,1,0
"PCTChangeGT3,year2High,_LTGT1.5_,,,VOL:sell-UpVol-3dayUp-Week2High,weekBarHighChangeGT2,",-1.444619136762783,1,0,1
"PCTChangeLT-3,_LTGT1.5_,,,(GLOBALFUTDOWN-DOWNTRENDMARKET)checkSellConsolidationBreakDown-week2-lowNotReachedWeek3,week2BarLowChangeLT-2,##DOWNTREND:sellYearHighReversal(InDownTrend),##(Check-chart-buy):YearHigh-InMinus,ReversalHighYear,",-0.5904715401785667,1,0,1
"PCTChangeLT-2,_HTGT1.5_,,,volBuyReversalLast2DayDown-VolDown,##(Check-chart-buy):YearHigh-InMinus,NearHighYear,",-1.7911769360677448,1,0,1
"PCTChangeLT-1,,,,checkCupDown-month3HighLTmonth3Low,bar_low,chisSellDownTrend-nearHigh,##(Check-chart-buy):month3High-InMinus,ReversalHighMonth3,",-1.2159546349790016,1,0,1
"PCTChangeGT5,_HTGT1.5_,,,weekBarHighChangeGT5,##MAPositive_Uptrend(GT4.5),##MA-SMA200GT0SMA100GT0,",1.4017735739227366,3,2,1
"PCTChangeLT-3,_HTGT1.5_,,,VOL:buy-UpVol-3dayDown-Week2Low,##MANegative_Downtrend_(LT-2),##MA-SMA200LT0SMA100LT0,##DOWNTREND:sellYearLowBreak,##last2DayLow(LT-3)-M3LLT0,",3.134023135470366,1,1,0
"PCTChangeLT-3,,,,checkCupDown-near2WeekDown-mayReveresalBuy,(GLOBALFUTDOWN-DOWNTRENDMARKET)checkSellConsolidationBreakDown-week2-lowNotReachedWeek3,week2BarLowChangeLT-2,volBuyRevarsalVolCrossed,",2.8903193082641834,1,1,0
"PCTChangeLT-0.5,_LTGT1.5_,,,##RisingMA(check-chart-buy)-MayBuyCheckChart,",0.9986827313978226,1,1,0
"PCTChangeGT1,,,,checkCupDown-lastDayUp-near2WeekHigh-mayReveresalSell,",0.1662053121689469,4,1,3
"PCTChangeGT3,year2High,,,,%%:sellUpTrend-month3High,volSellVolumeUpsergedLast2n3DayDown,checkBuyConsolidationBreakout-allPreLT0,weekBarHighChangeGT2,",-2.8999999999999995,1,0,1
"PCTChangeLT-3,,,,chisSellFlag2Week-Risky,##last2DayLow(LT-3)-M3LGT0,",-2.987896137865274,2,0,2
"PCTChangeLT-3,,,,weekBarLowChangeLT-2,",0.03184794526184795,190,98,91
"PCTDayChangeLT0,,,,##MAPositive_Uptrend(LT0),##MA-SMA200GT0SMA100GT0,",0.17141985438669088,4,2,2
"PCTChangeLT-3,,,,volBuyReversalLast2DayDown-VolDown,chisSellDownTrend-nearHigh,##DOWNTREND:sellMonth3High(InDownTrend),##(Check-chart-buy):month3High-InMinus,NearHighMonth3,",0.07605719218608425,1,1,0
"PCTDayChangeLT0,_LTGT1.5_,,,%%:check(UPTREND-UPMARKET)Buy(DOWNTRENDTREND-DOWNMARKET)Sell:Super01-monthLow,(Test)(check-chart-2-3MidCapCross)MayBuyCheckChart-Risky,",4.05304441677561,1,1,0
"PCTChangeGT2,,,,chisSellYear2LowLT-40-last4DayDown(triggerAfter-9:15),##MANegative_Downtrend_(GT2),##MA-SMA200LT0SMA100LT0,##buyTenDaysLessThanMinusTen,",2.5577452228476947,1,1,0
"PCTChangeGT0.5,,,,shortUpTrendBuyContinue-Doji-Last2DayGTToday,volSellReversalLast2DayUp-VolUp,",-0.4776294965283862,1,0,1
"PCTChangeLT-1,,,,%%:checkSell:Super0,shortDownTrendSellContinue-Doji-Last2DayLTToday,",-1.4145665149100053,3,0,3
"PCTChangeGT0,PCDayChange-0.5to0.5,_HTGT1.5__LTGT1.5_,,,maySellFromBuyPattern-LT-1.8,",-2.3284539425019606,1,0,1
"PCTChangeGT3,,,,volBuyContinueLast2DayUp-VolUp,##MAPositive_Uptrend(GT2),##MA-SMA200GT0SMA100GT0,",-1.9223080137853379,1,0,1
"PCTChangeGT2,_HTGT3.0__HTGTPCTDayChange_,,,%%:sellUpTrend-month3High,##MAPositive_Uptrend(GT2),##MA-SMA200GT0SMA100GT0,",1.5588165054075735,1,1,0
"PCTChangeLT-5,,,,vol-buy-DownVol-3dayDown-Week2Low,##last2DayLow(LT-3)-M3LGT0,",1.674328956442109,1,1,0
"PCTChangeLT-5,_HTGT1.5_,,,##MANegative_Downtrend_(LT-4.5),##MA-SMA200GT0SMA100GT0,##last2DayLow(LT-3)-M3LGT0,",-2.83673344826212,1,0,1
"PCTChangeLT-5,,,,maySellHighVolatileDownContinueLT-8,",-0.4447365858664292,20,8,12
"PCTChangeLT-5,,,,%%checkCupDown-2dayDown-continue,",-1.2574274395971186,1,0,1
"PCTChangeGT3,,,,volBuyVolumeUpsergedLast2n3DayDown,volBuyContinueLast2DayUp-VolUp,chisCheckConsolidationBreakoutLT(4.5),(GLOBALFUTUP-UPTRENDMARKET)checkBuyConsolidationBreakUp-week2-highNotReachedWeek3,week2BarHighChangeGT0,brokenToday,##(check-chart)mayBuy-EMA6-LT-May-MT-EMA14,",-0.5837711513045661,1,0,1
"PCTChangeLT-3,_LTGT1.5_,,,(GLOBALFUTDOWN-DOWNTRENDMARKET)checkSellConsolidationBreakDown-week2-lowNotReachedWeek3,week2BarLowChangeLT-2,weekLowLTweek2Low,chisDownTrend-Risky-nearHigh,",0.10826153932186225,1,1,0
"PCTChangeGT2,,,,week2BarHighChangeGT2,weekHighGTweek2High,brokenToday,##UPTREND:buyMonth3LowReversal(Confirm),",-3.3827700857388643,1,0,1
"PCTChangeGT2,,,,chisSellFlagWeek-doji-Risky,",-0.07439795332399556,1,0,1
"PCDCLT0PCTChangeGT0,_HTGT3.0__LTGT3.0__HTGTPCTDayChange__LTGTPCTDayChange_,,,##MA-SMA200LT0SMA100LT0,",-1.5115823423290664,2,1,1
"PCTChangeGT5,,,,chisSellYear2LowLT-40-last4DayDown(triggerAfter-9:15),chisBuyUpTrend-nearLow,##UPTREND:buyYear2Low,",3.2986804472869022,1,1,0
"PCTChangeGT3,_LTGT1.5_,,,checkCupDown-lastDayUp,%%HLTF:(GLOBAL-DOWN)sellHighLowerTail-Reversal-LastDayMarketUp,",-2.7632148459371155,1,0,1
"PCTChangeGT2,,,,##MAPositive_Uptrend(GT2),##MA-SMA200GT0SMA100LT0,",0.17860571736154732,3,2,1
"PCTChangeLT-3,,,,checkCupDown-upTrendLastDayDown-mayReversalBuy,##(Check-chart-sell)Month3Low-Continue(InUpTrend),ReversalLowMonth3,",-0.0822503668233828,1,0,1
"PCTChangeGT2,,,,chisBuyConsolidationBreakUp-2week-(Risky)-year2High,week2BarHighChangeGT0,",-0.9403150685385357,2,1,1
"PCTChangeGT3,_HTGT3.0__LTGT1.5__HTGTPCTDayChange__LTGTPCTDayChange_,,,chisUpTrend-Risky-nearLow,",-6.256754666435489,1,0,1
"PCTChangeLT-3,,,,##MANegative_Downtrend_(LT-4.5),##MA-SMA200LT0SMA100LT0,##DOWNTREND:sellYearLowBreak,##last2DayLow(LT-3)-M3LLT0,",18.922563032670457,1,1,0
"PCTChangeLT-8,_HTGT3.0__LTGT1.5_,,,chisSell-smallUptrendReversal,",-10.980700721758328,1,0,1
"PCTChangeLT-2,,,,checkCupDown-near2WeekDown-mayReveresalBuy,##DOWNTREND:sellMonth6HighReversal(InDownTrend),volBuyRevarsalVolCrossed,##(Check-chart-buy):month3High-InMinus,ReversalHighMonth3,",-1.517507402382817,1,0,1
"PCTChangeGT3,_HTGT1.5_,,,VOL:sell-UpVol-3dayUp-Week2High,",0.6912430453433861,2,1,1
"PCDCGT0PCTDayChangeLT0,_LTGT1.5_,,,##MA-SMA200GT0SMA100LT0,",0.8867876165328705,2,1,1
"PCTChangeGT12,year2High,,,,##(check-chart)sellEMA6>EMA14,",3.3677272013613537,1,1,0
"PCDCLT0PCTChangeGT0,PCDayChange-0.5to0.5,_LTGT1.5_,,,buyPatternsML,",3.6036036036036037,1,1,0
"PCTChangeGT0,PCDayChange-0.5to0.5,_HTGT1.5__LTGT3.0_,,,##MANegative_Downtrend_(GT0),##MA-SMA200LT0SMA100LT0,",1.3185053269308389,2,1,1
"PCTChangeLT-1,PCDayChange-0.5to0.5,,,,%%:checkSell:Super01-monthLow,buyYearHigh-0,",1.1307476443306055,2,2,0
"PCTChangeGT0.5,PCDayChange-0.5to0.5,,,,chisSellSuper-Risky,-+,",-0.1588482807406414,6,4,2
"PCTChangeLT-2,_HTGT1.5__LTGT3.0__LTGTPCTDayChange_,,,##(Check-chart-buy):month3High-InMinus,BreakHighMonth3,",0.28696941309822444,1,1,0
"PCDCGT0PCTDayChangeLT0,PCDayChange-0.5to0.5,_HTGT3.0_,,,chisBuyYearHigh-1,",-0.10055133995322782,2,1,1
"PCTChangeLT-5,_LTGT1.5_,,,checkCupDown-3dayDown-mayReversalBuy,VOL:buy-UpVol-3dayDown-Week2Low,",-3.0257557463956273,1,0,1
"PCDCLT0PCTChangeGT1,year2High,_HTGT1.5__LTGT3.0__HTGTPCTDayChange__LTGTPCTDayChange_,,,%%HLTF:(SGXNIFTYUP)buyHighLowerTail-Continue,",-3.4391534391534537,1,0,1
"PCTChangeGT3,,,,##(Check-chart-sell):month3Low-InPlus,NearLowMonth3,chisUpTrend-Risky-nearLow,",1.5976739266516464,1,1,0
"PCDCLT0PCTChangeGT0,PCDayChange-0.5to0.5,_LTGT3.0_,,,%%HLTF-Last2DayMarketUp:(GLOBAL-DOWN)sellHighLowerTail-Reversal-LastDayMarketUp,",2.4855508969698246,1,1,0
"PCTChangeGT2,year2Low,_HTGT3.0__HTGTPCTDayChange_,,,##buyTenDaysLessThanMinusTen,",-1.9640250685893985,1,0,1
"PCTChangeGT3,_HTGT1.5_,,,volSellRevarsalVolCrossed,",-3.020082666996347,2,0,2
"PCTChangeGT2,,,,##MAPositive_Uptrend(GT1),##MA-SMA200GT0SMA100LT0,",-2.667840209529576,1,0,1
"PCTChangeGT0,_LTGT1.5_,,,chisSellDowningMA-(check5MinuteDownTrendAndSellDowntrend)-Already10DayDown,chisBuyYearHigh-1,",-0.9916263042166097,1,0,1
"PCTChangeLT-5,,,,##MANegative_Downtrend_(LT-4.5),##MA-SMA200LT0SMA100GT0,",1.4565327919623219,2,2,0
"PCTChangeLT-1,_LTGT1.5_,,,%%HLTF:(SGXNIFTYUP)buyHighLowerTail-Continue,(Test)(check-chart-2-3MidCapCross)MayBuyCheckChart-Risky,(Test)MayBuy-CheckChart(upTrend-lastDayDown),",-3.865544936236212,1,0,1
"PCTChangeLT-2,_HTGT1.5__HTGTPCTDayChange_,,,chisSell:Super03-monthLow,%%HLTF-Last2HighTail:(DOWNTREND)sellHighUpperTailPre-1,",-1.8653780652730705,1,0,1
"PCTChangeLT-8,year2Low,_LTGT3.0_,,,VOL:sellAboveTail-BuyAtClose:upVol3dayDownWeek2Low-highLowerTail,",-2.3455462217017677,2,0,2
"PCTChangeLT-1,_HTGT1.5__LTGT3.0__HTGTPCTDayChange__LTGTPCTDayChange_,,,(GLOBALFUTDOWN-DOWNTRENDMARKET)checkSellConsolidationBreakDown-week2-lowNotReachedWeek3,week2BarLowChangeLT-2,weekLowLTweek2Low,",5.251324366009418,1,1,0
"PCTChangeGT5,_HTGT1.5__LTGT1.5_,,,chisSellYear2LowLT-40-last3DayDown(triggerAfter-9:15),",-6.568366791024436,1,0,1
"PCTChangeLT-3,_LTGT3.0_,,,volSellContinueLast2DayDown-VolUp,##MANegative_Downtrend_(LT-4.5),##MA-SMA200LT0SMA100LT0,",-6.41476362253033,1,0,1
"PCTChangeLT-2,_LTGT1.5_,,,(GLOBALFUTDOWN-DOWNTRENDMARKET)checkSellConsolidationBreakDown-week2-lowNotReachedWeek3,week2BarLowChangeLT0,weekLowLTweek2Low,chisDownTrend-Risky-nearHigh,MayBuyCheckChart-(IndexNotUpInSecondHalf),##ML:BuyRisingMA-Risky-0,",-0.5067590594766188,1,0,1
"PCTChangeLT-3,PCDayChange-0.5to0.5,_HTGT1.5_,,,chisSellSuper-Risky,--,##MA-SMA200LT0SMA100LT0,",3.774410813209827,2,2,0
"PCTChangeLT-3,,,,sellFinal1,chisSellDownTrend-nearHigh,##(Check-chart-buy):month3High-InMinus,NearHighMonth3,",-1.210571620197894,1,0,1
"PCTChangeGT3,,,,$$MaySell-CheckChart(monthHigh-minimumLast4DayUp),##MAPositive_Uptrend(GT1),##MA-SMA200LT0SMA100GT0,",-1.7715999204496902,1,0,1
"PCDCLT0PCTChangeGT0,PCDayChange-0.5to0.5,_HTGT3.0_,,,%%HLTF-Last2HighTail:(DOWNTREND)sellHighUpperTailPre,",-0.8443668974487302,2,1,1
"PCTChangeLT-2,,,,volBuyVolumeUpsergedLast2n3DayUp,(GLOBALFUTDOWN-DOWNTRENDMARKET)checkSellConsolidationBreakDown-week2-lowNotReachedWeek3,week2BarLowChangeLT-2,weekLowLTweek2Low,",-0.5889902009593364,2,0,2
"PCDCGT0PCTChangeLT-1,_HTGT1.5_,,,chisBuyYearHigh-3,",0.38082841042742577,11,6,5
"PCTDayChangeLT0,PCDayChange-0.5to0.5,_HTGT1.5__LTGT3.0_,,,chisBuyYearHigh-3,",-0.6528016930801933,4,0,4
"PCTChangeLT-5,_HTGT1.5_,,,##MANegative_Downtrend_(LT-4.5),##MA-SMA200LT0SMA100LT0,##last2DayLow(LT-3)-M3LGT0,",-3.859546416665906,5,2,3
"PCTDayChangeLT0,PCDayChange-0.5to0.5,_HTGT1.5_,,,%%:checkSell:CupDownDoji-last2lastDayLT0orTodayGT0,%%HLTF-Last2HighTail:(DOWNTREND)sell(UPTREND)buy:HighUpperTailPre,%%HLTF-LastDayUp:(DOWNTREND-OR-GLOBALDOWN)MaySellHighTail-LastDayMarketUp,",2.2321428571428497,1,1,0
"PCTChangeGT5,,,,volBuyContinueLast2DayUp-VolUp,chisCheckConsolidationBreakout2WeekGT(4.5),weekBarHighChangeGT2,brokenToday,##MAPositive_Uptrend(GT4.5),##MA-SMA200GT0SMA100GT0,",1.3343373794925584,1,1,0
"PCTChangeGT2,,,,weekBarHighChangeGT0,brokenToday,chisBuyYearHigh-3,",-1.7532782385980157,3,1,2
"PCTChangeGT3,_HTGT3.0_,,,%%HLTF:(DOWNTREND-OR-GLOBALDOWN)maySellTail-tailGT2-2,3,4thDayGT0,chisUpTrend-Risky-nearLow,",4.659949622166254,1,1,0
"PCTChangeLT-2,_HTGT3.0__LTGT1.5__HTGTPCTDayChange_,,,##MANegative_Downtrend_(LT-2),##MA-SMA200LT0SMA100LT0,##DOWNTREND:sellMonth6LowBreak,",4.967263519541022,1,1,0
"PCTChangeGT3,,,,chisCheckConsolidationBreakoutLT(4.5),checkBuyConsolidationBreakUp-2week,week2BarHighChangeGT0,brokenToday,chis-breakoutup-2week,",0.815240817793542,1,1,0
"PCTChangeLT-3,,,,VOL:buy-DownVol-3dayDown-Week2High,##DOWNTREND:sellYearHigh(InDownTrend),##(Check-chart-buy):month3High-InMinus,NearHighMonth3,",2.4143649903479707,1,1,0
"PCTChangeLT-1,,,,checkCupDown-near2WeekDown-mayReveresalBuy,chisDownTrend-Risky-nearHigh,",-2.64749384120461,1,0,1
"PCTChangeLT-3,,,,volSellContinueLast2DayDown-VolUp,##DOWNTREND:sellYearHighReversal(InDownTrend),##(Check-chart-buy):month3High-InMinus,ReversalHighMonth3,",-0.4498227657331323,1,0,1
"PCTChangeGT16,,,,##MAPositive_Uptrend(GT4.5),##MA-SMA200GT0SMA100GT0,",-4.771410791577086,2,0,2
"PCTChangeGT3,_LTGT3.0_,,,##buyTenDaysLessThanMinusTen,",-1.9965738772830308,13,3,10
"PCTChangeLT-3,year2Low,,,,vol-buy-DownVol-3dayDown-Week2Low,##last3DayLow(LT-3)-M3LLT0,chisBuyDayLowVolLow-03-checkMorningTrend(.5SL)-after10:30,",5.816937222506831,1,1,0
"PCTChangeLT-5,_HTGT1.5_,,,chisSellFlag2Week-Risky,volBuyReversalLast2DayDown-VolDown,chisSellDayLowVolLow-0,",-2.4279152913117885,1,0,1
"PCTChangeGT2,,,,chisCheckConsolidationBreakout2WeekLT(4.5),weekBarHighChangeGT0,",-0.3559080651930439,1,0,1
"PCTChangeGT0,PCDayChange-0.5to0.5,_HTGT1.5_,,,chisBuyYearHigh-3,",-0.18885042614303554,62,28,33
"PCTChangeLT-2,_HTGT1.5_,,,weekBarLowChangeLT-2,##DOWNTREND:sellYear2HighReversal(InDownTrend),",0.0659213928821932,1,1,0
"PCTChangeGT3,year2Low,_HTGT1.5__LTGT3.0__LTGTPCTDayChange_,,,chisBuyDownTrend-lowTail,",-4.712218011574921,1,0,1
"PCTChangeLT-2,,,,VOL:buy-UpVol-3dayDown-Week2Low,weekBarLowChangeLT-2,##DOWNTREND:sellMonth6LowBreak,",-0.15384380634014425,1,0,1
"PCTChangeLT-3,,,,checkCupDown-inDownTrend-month3HighLTmonth3Low,bar_low,##sellRisingMA,",-2.3866820943254368,1,0,1
"PCTChangeLT-3,,,,%%:checkSell:Super01-monthLow,volSellContinueLast2DayDown-VolUp,##(Check-chart-sell)Month3Low-Continue(InUpTrend),ReversalLowMonth3,",0.9385717851182328,1,1,0
"PCTChangeGT3,year2High,_LTGT1.5_,,,%%HLTF:(GLOBAL-DOWN)sellHighLowerTail-Reversal-LastDayMarketUp,",2.141375577074587,1,1,0
"PCTChangeGT2,,,,(GLOBALFUTUP-UPTRENDMARKET)checkBuyConsolidationBreakUp-week2-highNotReachedWeek3,week2BarHighChangeGT0,",0.15537338093161304,62,31,31
"PCTChangeLT-1,_LTGT1.5_,,,shortDownTrendSellContinue-Doji-Last2DayLTToday,(Test)(check-chart-2-3MidCapCross)MayBuyCheckChart-Risky,MayBuyCheckChart-(IndexNotUpInSecondHalf),",5.185654829508505,1,1,0
"PCTChangeLT-3,,,,##DOWNTREND:sellYear2HighReversal(InDownTrend),##last2DayLow(LT-3)-M3LGT0,##(Check-chart-buy):month3High-InMinus,ReversalHighMonth3,##(check-chart)maySell-EMA6-MT-May-LT-EMA14,",0.25793450533942475,1,1,0
"PCTChangeGT3,_HTGT1.5__HTGTPCTDayChange_,,,volBuyContinueLast2DayUp-VolUp,",2.663206110346229,1,1,0
"PCTChangeLT-3,,,,##DOWNTREND:sellMonth3HighReversal(InDownTrend),##(Check-chart-buy):month3High-InMinus,ReversalHighMonth3,",-0.17981856757079148,14,6,8
"PCTChangeLT-2,_HTGT1.5__LTGT1.5__LTGTPCTDayChange_,,,weekBarLowChangeLT0,brokenToday,",2.452984403222292,1,1,0
"PCTChangeGT2,,,,volumeUpsergedLast2n3n4DayDown,volBuyContinueLast2DayUp-VolUp,##(Check-chart)buyMonth3High-Continue,",0.770536860393056,1,1,0
"PCTChangeLT-5,,,,##MANegative_Downtrend_(LT-2),##MA-SMA200LT0SMA100LT0,##last2DayLow(LT-3)-M3LLT0,",-0.817030535794496,5,2,3
"PCTChangeLT-1,,,,checkCupDown-inDownTrend-month3HighLTmonth3Low,bar_low,volBuyReversalLast2DayDown-VolDown,",-1.0328927897841906,1,0,1
"PCTChangeLT-1,,,,chisDownTrend-Risky-nearHigh,##(check-chart)maySell-EMA6-MT-May-LT-EMA14,",3.2289652966595708,1,1,0
"PCTChangeLT-1,year2High,,,,%%HLTF-Last2DayMarketDown:(GLOBAL-UP)buyHighUpperTailPre1-Reversal-LastDayMarketDown,volBuyReversalLast2DayDown-VolDown,",-3.806598582054387,1,0,1
"PCTChangeGT2,,,,week2BarHighChangeGT0,",0.1636921319811381,75,38,37
"PCTChangeLT-8,year2High,_HTGT1.5_,,,maySellAfter10:30HighVolatileDownContinueLT-8-Risky,chisSellDayLowVolLow-0,",-7.595548255542632,1,0,1
"PCTChangeLT-5,,,,weekBarLowChangeLT-5,brokenToday,##last2DayLow(LT-3)-M3LGT0,",5.13888465033637,1,1,0
"PCTChangeLT-1,_HTGT1.5__LTGT1.5_,,,##MA-SMA200GT0SMA100GT0,",3.453307250295183,1,1,0
"PCTChangeLT-1,year2High,,,,checkCupDown-2dayDown,volBuyReversalLast2DayDown-VolDown,",0.5737992300659068,1,1,0
"PCTDayChangeLT0,PCDayChange-0.5to0.5,_HTGT3.0__LTGT3.0_,,,%%HLTF:(GLOBAL-DOWN)sellHighLowerTail-Reversal-LastDayMarketUp,",-1.9275143668914738,1,0,1
"PCTChangeGT0.5,_HTGT1.5__HTGTPCTDayChange__LTGTPCTDayChange_,,,chisBuyYearHigh-3,",0.1162772954896594,1,1,0
"PCTChangeGT1,,,,shortUpTrendSellReversal-Month3High-Doji-Last2DayGTToday,##MAPositive_Uptrend(GT0),##MA-SMA200GT0SMA100LT0,",-0.5333319769965339,1,0,1
"PCTDayChangeLT0,,,,weekBarLowChangeLT0,",0.946998307367505,1,1,0
"PCDCLT0PCTChangeGT1,PCDayChange-0.5to0.5,_HTGT1.5_,,,%%:sellDowntrend-lastDayDown-ReversalHighTail,##MANegative_Downtrend_(LT0),##MA-SMA200LT0SMA100LT0,",11.817391844902634,1,1,0
"PCTDayChangeLT0,_LTGT3.0_,,,shortDownTrendBuyReversal-Month3Low-Doji-Last2DayLTToday,buyMorningStar-HighLowerTail-(checkChart),",0.15289054429236992,1,1,0
"PCTChangeGT2,_HTGT3.0_,,,%%HLTF-Last2HighTail:(UPTREND)buy(DOWNTREND)sell:HighUpperTailPre-last2DayUp,%%HLTF:maySellTail-tailGT2-7,10thDayGT20,%%HLTF:(UPTREND-GLOBAL/SGX-UP)BuyHighUpperTail-Reversal-7,10thDayGT15-LastDayMarketDown,",-0.8648681640624999,1,0,1
"PCTChangeGT5,,,,chisUpTrend-Risky-nearLow,volumeUpsergedLast2n3n4DayDown,##UPTREND:buyYear2LowReversal(Confirm),##last2DayHighGT3-M3HLT0,",2.6854415821398114,1,1,0
"PCTChangeLT-2,_HTGT1.5_,,,chisSellFinalCandidate-(lastDayUp),",2.183912723000472,1,1,0
"PCTChangeGT3,,,,##MAPositive_Uptrend(GT1),##MA-SMA200GT0SMA100GT0,",0.8214084953440842,10,5,5
"PCTChangeGT1,_LTGT3.0_,,,week2BarHighChangeGT0,",-0.2666666666666658,1,0,1
"PCTChangeLT-3,_HTGT3.0__HTGTPCTDayChange_,,,##MANegative_Downtrend_(LT-1),##MA-SMA200LT0SMA100LT0,",0.7922095531078489,4,2,2
"PCTChangeGT3,,,,##MAPositive_Uptrend(GT2),##MA-SMA200LT0SMA100LT0,##lastDayHighGT5TodayGT1,",1.4275837735938288,2,1,1
"PCTChangeLT-3,_LTGT1.5_,,,chisSell-smallUptrendReversal,",-3.35335926775139,5,0,5
"PCTChangeGT8,_HTGT3.0__LTGT3.0_,,,chisSellYear2LowLT-40-last4DayDown(triggerAfter-9:15),",8.894733629728604,1,1,0
"PCTChangeLT-3,_HTGT3.0__HTGTPCTDayChange__LTGTPCTDayChange_,,,%%:sellDowntrend-lastDayDown-ReversalHighTail,",1.5959629128764912,1,1,0
"PCTChangeGT3,,,,volSellVolumeUpsergedLast2n3DayDown,chisCheckConsolidationBreakoutLT(4.5),weekBarHighChangeGT2,brokenToday,",-0.5070770264762409,5,1,4
"PCDCLT0PCTChangeGT0,PCDayChange-0.5to0.5,_LTGT1.5_,,,chisBuyYearHigh-1,",-0.0992989689644858,15,7,8
"PCTChangeLT-2,_LTGT1.5_,,,checkCupDown,",-3.548925005022975,1,0,1
"PCTDayChangeLT0,PCDayChange-0.5to0.5,,,,##MANegative_Downtrend_(LT0),##MA-SMA200LT0SMA100LT0,",1.7069446066601952,1,1,0
"PCDCGT0PCTDayChangeLT0,_HTGT1.5_,,,%%:checkSell:Super2,",-0.2990071117391493,2,1,1
"PCTDayChangeLT0,_HTGT3.0__LTGT1.5_,,,chisDownTrend-Risky-nearHigh,",-4.352650177120209,1,0,1
"PCTChangeLT-2,,,,checkCupDown-upTrendLastDayDown-mayReversalBuy,chisDownTrend-Risky-nearHigh,",-1.4937138668401868,1,0,1
"PCTChangeLT-3,_LTGT1.5_,,,vol-buy-DownVol-3dayDown-Week2Low,##MANegative_Downtrend_(LT-2),##MA-SMA200LT0SMA100LT0,##DOWNTREND:sellMonth3LowBreak,",2.057146344866055,1,1,0
"PCTChangeLT-3,_LTGT3.0_,,,%%HLTF:(SGXNIFTYUP)buyHighLowerTail-Continue,",4.344178847225866,1,1,0
"PCTChangeLT-3,,,,%%:checkSell:Flag2Week,",-0.7059724051720846,15,7,8
"PCTChangeGT8,_HTGT3.0__LTGT3.0__HTGTPCTDayChange_,,,volSellRevarsalVolCrossed,##last3DayHighGT3-M3HLT0,",-4.5858561576605394,1,0,1
"PCTChangeGT2,,,,##(Check-chart-sell):month3Low-InPlus,NearLowMonth3,chisBuyUpTrend-nearLow,",-0.8992717474946738,4,0,4
"PCDCGT0PCTDayChangeLT0,PCDayChange-0.5to0.5,,,,chisSellFlag2Week-doji-Risky,chisBuyYearHigh-3,",-1.8038097579331014,1,0,1
"PCTChangeLT-2,,,,checkCupDown-3dayDown-mayReversalBuy,##DOWNTREND:sellYearHighReversal(InDownTrend),##(Check-chart-buy):YearHigh-InMinus,ReversalHighYear,",-1.3687576409125108,1,0,1
"PCTChangeLT-1,PCDayChange-0.5to0.5,_HTGT1.5__LTGT1.5_,,,%%:checkSell:Super01-monthLow,",-1.097459641759907,3,1,2
"PCTChangeLT-3,,,,checkCupDown-inDownTrend-month3HighLTmonth3Low,bar_low,##MAPositive_Uptrend(LT-2),##MA-SMA200GT0SMA100GT0,",2.667457072557394,1,1,0
"PCTChangeGT2,_HTGT1.5_,,,%%HLTF-Last2HighTail:(UPTREND)buy(DOWNTREND)sell:HighUpperTailPre-last2DayUp,volBuyContinueLast2DayUp-VolUp,",-0.85227272727272,1,0,1
"PCTChangeLT-2,,,,chisSellFlag2Week-Risky,volSellVolumeUpsergedLast2n3DayUp,",-0.2260505746051212,1,0,1
"PCTChangeLT-2,_LTGT1.5_,,,checkCupDown-2dayDown,",-4.299088734852889,2,1,1
"PCTChangeLT-3,,,,chisDownTrend-Risky-nearHigh,##(check-chart)buyEMA6<EMA14,##DOWNTREND:sellYear2HighReversal(InDownTrend),##(Check-chart-buy):month3High-InMinus,ReversalHighMonth3,",0.503871237584782,1,1,0
"PCTChangeGT1,year2High,,,,%%:sellUpTrend-month3High,weekBarHighChangeGT0,brokenToday,",0.7689136226166435,4,2,2
"PCTChangeGT0,_HTGT3.0__LTGT1.5_,,,chisUpTrend-Risky-nearLow,",4.852997803555866,1,1,0
"PCTChangeGT5,year2Low,_HTGT1.5__LTGT1.5_,,,volumeUpsergedLast2n3n4DayDown,chisSellYear2LowContinue,##last2DayHighGT3-M3HLT0,",-5.428575788225446,1,0,1
"PCTChangeGT2,_HTGT3.0__LTGT1.5__HTGTPCTDayChange_,,,zigZagVolCrossedFromDown,",0.18911424684931183,1,1,0
"PCTChangeLT-2,,,,%%:checkSell:Flag2Week,checkCupDown-2dayDown,volSellContinueLast2DayDown-VolUp,",-0.3333242915251834,1,0,1
"PCDCGT0PCTChangeLT-3,PCDayChange-0.5to0.5,_HTGT3.0__LTGT3.0_,,,%%HLTF-Last2LowTail:(DOWNTREND)sellHighLowerTailPre-1,",13.412693568638396,1,1,0
"PCTChangeGT3,_LTGT1.5_,,,%%HLTF-Risky:(GLOBAL-DOWN)sellHighLowerTail-Reversal-LastDayMarketUp,##last2DayHighGT3-M3HLT0,",-5.234484442349148,1,0,1
"PCTDayChangeLT0,PCDayChange-0.5to0.5,_LTGT1.5_,,,chisSellSuper-Risky,--,shortDownTrendSellContinue-Doji-Last2DayLTToday,",0.3133920522836542,1,1,0
"PCTChangeLT-2,,,,(GLOBALFUTDOWN-DOWNTRENDMARKET)checkSellConsolidationBreakDown-week2-lowNotReachedWeek3,week2BarLowChangeLT-2,weekLowLTweek2Low,##DOWNTREND:sellMonth6HighReversal(InDownTrend),$$MayBuy-CheckChart(monthLow-minimumLast4DayDown),##(Check-chart-buy):month3High-InMinus,ReversalHighMonth3,",-4.3059524665810915,1,0,1
"PCTChangeGT5,_HTGT1.5_,,,chisSellYear2LowLT-40-last4DayDown(triggerAfter-9:15),chisUpTrend-Risky-nearLow,",-1.4778325123152702,1,0,1
"PCTChangeGT3,year2High,_HTGT3.0__LTGT3.0__LTGTPCTDayChange_,,,volumeUpsergedLast2n3n4DayDown,##last2DayHighGT3-M3HGT0,",1.4617830444567088,1,1,0
"PCTChangeLT-1,_HTGT3.0_,,,%%HLTF:maySellTail-tailGT2-allDayGT0,##buyYear2LowMovingSMA,",-0.8937178410577711,1,0,1
"PCTChangeGT3,_HTGT1.5__HTGTPCTDayChange_,,,%%HLTF-Last2HighTail:(UPTREND)buy(DOWNTREND)sell:HighUpperTailPre-last2DayUp,%%HLTF:(DOWNTREND-OR-GLOBALDOWN)maySellTail-tailGT2-2,3,4thDayGT0,",-1.1500015258789016,1,0,1
"PCTDayChangeLT0,PCDayChange-0.5to0.5,,,,%%:checkBuyContinue:CupDownDoji-last2dayUp,",-0.5180654210702866,13,4,9
"PCTChangeLT-3,,,,(GLOBALFUTDOWN-DOWNTRENDMARKET)checkSellConsolidationBreakDown-week2-lowNotReachedWeek3,week2BarLowChangeLT-2,",0.6695554178236941,41,25,16
"PCTChangeLT-3,,,,(GLOBALFUTDOWN-DOWNTRENDMARKET)checkSellConsolidationBreakDown-week2-lowNotReachedWeek3,week2BarLowChangeLT0,weekLowLTweek2Low,##DOWNTREND:sellYear2HighReversal(InDownTrend),##(Check-chart-buy):month3High-InMinus,ReversalHighMonth3,##(check-chart)maySell-EMA6-MT-May-LT-EMA14,",-0.8290187064847832,1,0,1
"PCTChangeGT0.5,,,,volSellRevarsalVolCrossed,",-0.056496393957612856,2,1,1
"PCTChangeGT1,,,,checkCupDown-lastDayUp,",-0.362462310384411,16,6,10
"PCTChangeLT-2,_HTGT1.5_,,,%%:checkSell:Super01-monthLow,##ML:buyRisingMA-down-Risky,",-1.3749980926513532,1,0,1
"PCDCLT0PCTChangeGT3,_HTGT1.5__LTGT1.5__HTGTPCTDayChange__LTGTPCTDayChange_,,,chisSellLastDayHighUpReversal,##MA-SMA200GT0SMA100LT0,",-6.188867469857931,1,0,1
"PCDCLT0PCTChangeGT0,_HTGT1.5__HTGTPCTDayChange_,,,%%HLTF-Last2HighTail:(DOWNTREND)sellHighUpperTailPre-1,",-0.7564826951624435,1,0,1
"PCTChangeLT-5,_HTGT1.5__LTGT3.0_,,,##MANegative_Downtrend_(LT-2),##MA-SMA200LT0SMA100LT0,",8.20256776034237,1,1,0
"PCTChangeGT2,,,,volSellVolumeUpsergedLast2n3DayDown,volBuyContinueLast2DayUp-VolUp,(GLOBALFUTUP-UPTRENDMARKET)checkBuyConsolidationBreakUp-week2-highNotReachedWeek3,week2BarHighChangeGT0,brokenToday,",0.7102272727272637,1,1,0
"PCDCLT0PCTChangeGT3,_LTGT3.0_,,,%%HLTF:(SGXNIFTYUP)buyHighLowerTail-Continue,##MA-SMA200GT0SMA100GT0,",1.1621643616272432,1,1,0
"PCTChangeGT2,_LTGT1.5_,,,%%HLTF-Risky:(GLOBAL-DOWN)sellHighLowerTail-Reversal-LastDayMarketUp,",-0.24975086896188095,9,4,5
"PCTChangeGT5,_HTGT3.0__HTGTPCTDayChange_,,,%%HLTF-Last2HighTail:(UPTREND)buy(DOWNTREND)sell:HighUpperTailPre-last2DayUp,%%HLTF-Risky9:30:maySellTail-tailGT2-7,10thDayGT15,%%HLTF:(UPTREND-GLOBAL/SGX-UP)BuyHighUpperTail-Reversal-7,10thDayGT15-LastDayMarketDown,",2.558281885158266,1,1,0
"PCTChangeLT-5,year2Low,_HTGT1.5__LTGT1.5_,,,##last2DayLow(LT-3)-M3LLT0,chisSellDayLowVolLow-0,",-11.225487204159014,1,0,1
"PCTChangeLT-1,_HTGT1.5__LTGT1.5_,,,(GLOBALFUTDOWN-DOWNTRENDMARKET)checkSellConsolidationBreakDown-week2-lowNotReachedWeek3,week2BarLowChangeLT0,",-4.117923349100246,2,0,2
"PCTChangeLT-0.5,PCDayChange-0.5to0.5,_LTGT1.5_,,,(SMA9LT0),",-0.573744069538718,5,2,3
"PCTChangeLT-1,_HTGT1.5__HTGTPCTDayChange_,,,##MAPositive_Uptrend(LT-1),##MA-SMA200GT0SMA100GT0,",0.861965627723514,5,4,1
"PCTChangeLT-1,,,,checkSellConsolidationBreakDown-2week,week2BarLowChangeLT0,chisDownTrend-Risky-nearHigh,##(Check-chart-buy):month3High-InMinus,ReversalHighMonth3,",-1.3347645803819552,2,0,2
"PCTChangeGT0,,,,chisSellDowningMA-(check5MinuteDownTrendAndSellDowntrend)-Already10DayDown,##(Test)(check-chart)-sellSMADownTrend,",-2.713178294573636,1,0,1
"PCTChangeLT-1,_HTGT1.5_,,,chisSellFinalCandidate-(lastDayDown)-(buyPattern),",2.7160986837377163,2,2,0
"PCTChangeLT-3,,,,##MANegative_Downtrend_(LT-2),##MA-SMA200LT0SMA100LT0,##DOWNTREND:sellMonth6LowBreak,",1.3761339156818653,15,12,3
"PCTChangeGT2,_HTGT1.5__HTGTPCTDayChange_,,,volumeUpsergedLast2n3n4DayDown,checkBuyConsolidationBreakUp-2week,week2BarHighChangeGT0,weekHighGTweek2High,brokenToday,##RisingMA(check-chart-sell)-MaySellCheckChart,",-0.5838948777266435,1,0,1
"PCTChangeGT12,year2Low,_HTGT1.5__LTGT3.0_,,,chisSellDayHighVolLow-01-checkMorningTrend(.5SL),volSellReversalLast2DayUp-VolDown,",-4.736840097527761,1,0,1
"PCTChangeLT-1,,,,chisBuyMay5DayFloorReversal,(GLOBALFUTDOWN-DOWNTRENDMARKET)checkSellConsolidationBreakDown-week2-lowNotReachedWeek3,week2BarLowChangeLT0,",-1.3939412434895833,1,0,1
"PCTChangeLT-3,,,,##last3DayLow(LT-3)-M3LGT0,",-0.36106228875102303,8,3,5
"PCTChangeLT-1,_HTGT1.5__LTGT3.0__LTGTPCTDayChange_,,,##MANegative_Downtrend_(LT-2),##MA-SMA200GT0SMA100GT0,",6.716248536273605,1,1,0
"PCTChangeGT1,_HTGT1.5_,,,chisSellFlagWeek-doji-Risky,",1.3276521819808271,1,1,0
"PCTChangeGT8,_HTGT1.5_,,,chisBuyDayHighVolLow-0,",-8.32712578412183,1,0,1
"PCTChangeGT0,,,,chisBuyUpTrend-nearLow,",-0.6089905212590487,3,1,2
"PCTChangeLT-3,_LTGT1.5_,,,##MANegative_Downtrend_(LT-2),##MA-SMA200LT0SMA100LT0,##DOWNTREND:sellMonth6LowBreak,##last2DayLow(LT-3)-M3LLT0,",1.6393442622950714,1,1,0
"PCTChangeGT0.5,PCDayChange-0.5to0.5,,,,chisSellFlagWeek-doji-Risky,shortUpTrendBuyContinue-Doji-Last2DayGTToday,",3.080990409160242,1,1,0
"PCTChangeGT2,_LTGT1.5_,,,week2BarHighChangeGT2,weekHighGTweek2High,",0.17196412794158278,2,1,1
"PCTChangeLT-2,_HTGT1.5_,,,volBuyReversalLast2DayDown-VolUp,",0.38427547510464455,1,1,0
"PCTChangeGT3,_LTGT1.5_,,,(Test)sellHeavyUpTrend-Reversal-1,VOL:sell-UpVol-3dayUp-Week2High,",1.2589253833186578,1,1,0
"PCTChangeLT-2,_HTGT1.5__HTGTPCTDayChange_,,,chisSell:Super03-monthLow,",-0.2303159009985325,3,2,1
"PCTChangeLT-3,_LTGT1.5_,,,checkCupDown-near2WeekDown-mayReveresalBuy,(GLOBALFUTDOWN-DOWNTRENDMARKET)checkSellConsolidationBreakDown-week2-lowNotReachedWeek3,week2BarLowChangeLT0,chisDownTrend-Risky-nearHigh,##(Check-chart-buy):month3High-InMinus,ReversalHighMonth3,",0.5208333333333411,1,1,0
"PCTChangeLT-5,_LTGT3.0_,,,##MANegative_Downtrend_(LT-4.5),##MA-SMA200LT0SMA100GT0,",1.0002016976815895,1,1,0
"PCTChangeGT0.5,PCDayChange-0.5to0.5,_LTGT1.5_,,,chisSellSMA4Reversal,",0.763434668148658,6,2,4
"PCTChangeGT5,_HTGT1.5__LTGT3.0_,,,(GLOBALFUTUP-UPTRENDMARKET)checkBuyConsolidationBreakUp-week2-highNotReachedWeek3,week2BarHighChangeGT2,##UPTREND:buyYearLowReversal(Confirm),",1.3721967728852618,1,1,0
"PCTChangeGT5,,,,chisUpTrend-Risky-nearLow,chisBuy-2week-breakoutup(check-chart)(|-|-| or --|),",-4.961542634882479,1,0,1
"PCTChangeGT3,year2High,_HTGT1.5_,,,%%HLTF-Last2HighTail:(UPTREND)buy(DOWNTREND)sell:HighUpperTailPre-last2DayUp,MaySellCheckChart-(IndexNotDownInSecondHalf),##lastDayHighGT5TodayGT1,",-0.6774260985909604,1,0,1
"PCTChangeLT-1,,,,chisSellDownTrend-nearHigh,##(Check-chart-buy):YearHigh-InMinus,NearHighYear,",-0.41377500800520917,10,5,5
"PCDCLT0PCTChangeGT0,PCDayChange-0.5to0.5,_HTGT3.0__LTGT3.0_,,,##MANegative_Downtrend_(LT0),##MA-SMA200GT0SMA100LT0,",-0.031251907348630294,1,0,1
"PCDCLT0PCTChangeGT0,,,,##(Test)(check-chart)-buySMAUpTrend,(Test)MayBuy-CheckChart(upTrend-lastDayDown),",-2.117714099010887,1,0,1
"PCTChangeLT-3,,,,volSellContinueLast2DayDown-VolUp,##(Check-chart-buy):YearHigh-InMinus,NearHighYear,",1.828896543054865,1,1,0
"PCTChangeLT-0.5,_HTGT1.5__HTGTPCTDayChange_,,,volBuyRevarsalVolCrossed,%%:checkBuyRevarsalLast3DayDownAtMonth3High,",1.5774841621031939,1,1,0
"PCTChangeLT-1,,,,(GLOBALFUTDOWN-DOWNTRENDMARKET)checkSellConsolidationBreakDown-week2-lowNotReachedWeek3,week2BarLowChangeLT0,weekLowLTweek2Low,chisDownTrend-Risky-nearHigh,##(Check-chart-buy):month3High-InMinus,ReversalHighMonth3,",0.24756066343424044,20,12,8
"PCTChangeGT0,_HTGT1.5__HTGTPCTDayChange_,,,%%HLTF-Risky9:30:maySellTail-tailGT2-7,10thDayGT15,(Test)(check-chart-2-3MidCapCross)MaySellCheckChart-Risky,",-1.815181518151826,1,0,1
"PCDCGT0PCTChangeLT-3,_HTGT1.5__LTGT3.0_,,,##MA-SMA200LT0SMA100LT0,",13.902942863743617,1,1,0
"PCTChangeLT-0.5,PCDayChange-0.5to0.5,,,,%%:checkSell:Super-Risky,--,",1.318942990402424,1,1,0
"PCTChangeLT-3,,,,chisSellFlagWeek-Risky,",-1.1080464982824503,2,1,1
"PCTChangeLT-3,,,,volBuyRevarsalVolCrossed,##(Check-chart-buy):month3High-InMinus,ReversalHighMonth3,",-0.015500165731183083,2,1,1
"PCTChangeGT0.5,year2Low,_HTGT1.5__LTGT3.0_,,,%%HLTF-Last2LowTail:(DOWNTREND)sellHighLowerTailPre-1,",-8.077263584580914,1,0,1
"PCTChangeLT-3,_HTGT1.5_,,,##sellTenDaysMoreThanTen,",1.0906081176029123,14,11,3
"PCTChangeGT0.5,,,,chisFinalBreakOutBuyContinue-1-test-atYearLow,chisFinalBreakOutBuyContinue-0-test-atYearLow,",-0.5547803210026016,7,3,4
"PCTChangeLT-1,,,,volSellContinueLast2DayDown-VolUp,(GLOBALFUTDOWN-DOWNTRENDMARKET)checkSellConsolidationBreakDown-week2-lowNotReachedWeek3,week2BarLowChangeLT-2,weekLowLTweek2Low,##(Check-chart-buy):month3High-InMinus,ReversalHighMonth3,##(check-chart)maySell-EMA6-MT-May-LT-EMA14,",2.1032504780114736,1,1,0
"PCTChangeLT-1,PCDayChange-0.5to0.5,_HTGT1.5_,,,%%:checkSell:Super0,%%:sellDowntrend-lastDayDown-ReversalHighTail,",-1.505976307563715,1,0,1
"PCTChangeLT-2,_LTGT1.5_,,,##longDownTrend-1-IndexNotDownLastDay(checkBase),chisDownTrend-Risky-nearHigh,",-2.238375641578858,1,0,1
"PCTChangeLT-3,_HTGT1.5__HTGTPCTDayChange_,,,chisDownTrend-Risky-nearHigh,",1.8132654583645027,10,7,3
"PCTChangeLT-3,,,,weekBarLowChangeLT-2,brokenToday,chisDownTrend-Risky-nearHigh,##DOWNTREND:sellMonth6HighReversal(InDownTrend),##(Check-chart-buy):month3High-InMinus,ReversalHighMonth3,",4.431934712133346,1,1,0
"PCTChangeGT2,,,,chisUpTrend-Risky-nearLow,chisCheckConsolidationBreakoutLT(4.5),weekBarHighChangeGT2,",0.6150282005882725,1,1,0
"PCTChangeGT2,,,,chisCheckConsolidationBreakoutLT(4.5),(GLOBALFUTUP-UPTRENDMARKET)checkBuyConsolidationBreakUp-week2-highNotReachedWeek3,week2BarHighChangeGT0,brokenToday,chisSell-2week-breakoutup,",1.3982575864725573,1,1,0
"PCTChangeLT-1,_HTGT1.5_,,,(SMA9LT0),chisDownTrend-Risky-nearHigh,",1.3371891564758402,1,1,0
"PCTChangeGT3,year2High,_HTGT3.0__HTGTPCTDayChange_,,,%%HLTF-Last2HighTail:(UPTREND)buy(DOWNTREND)sell:HighUpperTailPre-last2DayUp,##last2DayHighGT3-M3HGT0,",-2.549637986153153,1,0,1
"PCTChangeLT-1,,,,##ML:BuyRisingMA-Risky-1,",-0.17825622453409037,19,9,10
"PCTChangeLT-3,,,,chisSellFlag2Week-Risky,chisSellDownTrend-nearHigh,##DOWNTREND:sellMonth3HighReversal(InDownTrend),##(Check-chart-buy):month3High-InMinus,ReversalHighMonth3,",-0.9030389503809376,1,0,1
"PCTChangeGT5,_HTGT3.0_,,,##(check-chart)sellEMA6>EMA14,",1.119504413032044,2,1,1
"PCTChangeLT-2,_HTGT1.5_,,,chisSellDownTrend-nearHigh,chisSellUpTrend-Risky-2,",1.6650648355026394,1,1,0
"PCTChangeLT-5,_HTGT1.5__LTGT3.0__LTGTPCTDayChange_,,,##MANegative_Downtrend_(LT-4.5),##MA-SMA200LT0SMA100LT0,##DOWNTREND:sellYearLowBreak,",3.0525412488339594,1,1,0
"PCTChangeGT3,_HTGT1.5__LTGT3.0__HTGTPCTDayChange__LTGTPCTDayChange_,,,weekBarHighChangeGT2,",-4.926420121663207,1,0,1
"PCTChangeGT3,year2High,_HTGT3.0_,,,%%HLTF-Last2HighTail:(UPTREND)buy(DOWNTREND)sell:HighUpperTailPre-last2DayUp,##last3DayHighGT3-M3HGT0,",-4.361186642081102,1,0,1
"PCTChangeLT-12,,,,maySellAfter10:30HighVolatileDownContinueLT-8-Risky,##MANegative_Downtrend_(LT-4.5),##MA-SMA200LT0SMA100LT0,",2.0492344860428675,2,2,0
"PCTChangeGT3,_HTGT1.5__LTGT1.5_,,,volSellVolumeUpsergedLast2n3DayDown,weekBarHighChangeGT2,",0.5601685076828294,1,1,0
"PCTChangeLT-2,,,,chisSell-smallUptrendReversal,chisBuyFinalContinue-(lastDayUp),##sellTenDaysMoreThanTen,",-1.4330823592828956,1,0,1
"PCTChangeLT-1,year2Low,_LTGT1.5_,,,$$MayBuy-CheckChart(downTrend-mayReverseLast4DaysDown)-Risky,",0.7456126965974536,1,1,0
"PCTChangeGT5,,,,chisUpTrend-Risky-nearLow,volumeUpsergedLast2n3n4DayDown,weekBarHighChangeGT5,BuyYearLow,##UPTREND:buyYearLowReversal(Confirm),##last2DayHighGT3-M3HLT0,",0.44594033903257246,1,1,0
"PCTChangeGT3,year2High,,,,shortUpTrendSellReversal-MonthHigh,weekBarHighChangeGT2,",0.31503911284588904,2,1,1
"PCTChangeGT1,_HTGT1.5_,,,%%HLTF-Last2HighTail:(UPTREND)buy(DOWNTREND)sell:HighUpperTailPre-last2DayUp,##MA-SMA200GT0SMA100GT0,",9.702558875523572,1,1,0
"PCTChangeLT-2,,,,##DOWNTREND:sellMonth3High(InDownTrend),##(Check-chart-buy):month3High-InMinus,NearHighMonth3,",-2.7792310368231576,3,1,2
"PCDCGT0PCTDayChangeLT0,PCDayChange-0.5to0.5,_HTGT1.5_,,,%%HLTF:maySellTail-tailGT2-7,10thDayGT20,",1.3995037713856395,1,1,0
"PCTChangeLT-8,,,,##MANegative_Downtrend_(LT-4.5),##MA-SMA200LT0SMA100LT0,##last2DayLow(LT-3)-M3LLT0,",3.1992985652043204,1,1,0
"PCTChangeLT-3,,,,volSellVolumeUpsergedLast2n3DayUp,volSellContinueLast2DayDown-VolUp,##(check-chart)maySell-EMA6-MT-May-LT-EMA14,",0.057227734830775305,1,1,0
"PCDCLT0PCTChangeGT0,PCDayChange-0.5to0.5,_HTGT3.0__LTGT1.5_,,,##MANegative_Downtrend_(LT0),##MA-SMA200LT0SMA100LT0,",-2.739447651319792,4,1,3
"PCDCLT0PCTChangeGT0,_LTGT3.0_,,,##MA-SMA200LT0SMA100LT0,buyMorningStar-(checkChart),",-1.8354391749901018,1,0,1
"PCTChangeLT-2,,,,checkCupDown-near2WeekDown-mayReveresalBuy,chisDownTrend-Risky-nearHigh,##(Check-chart-buy):month3High-InMinus,ReversalHighMonth3,",0.9261438759651056,3,2,1
"PCTChangeGT0.5,PCDayChange-0.5to0.5,_HTGT1.5__LTGT1.5_,,,%%HLTF-Last2LowTail:(DOWNTREND)sellHighLowerTailPre-1,",-0.14657980456025088,1,0,1
"PCTChangeLT-5,,,,##(check-chart)buyEMA6<EMA14-Risky,",-0.6894555293048107,4,1,3
"PCDCGT0PCTDayChangeLT0,PCDayChange-0.5to0.5,_HTGT3.0__LTGT1.5_,,,%%HLTF-Risky9:30:maySellTail-tailGT2-7,10thDayGT15,%%HLTF:(UPTREND-GLOBAL/SGX-UP)BuyHighUpperTail-Reversal-7,10thDayGT15-LastDayMarketDown,##MAPositive_Uptrend(GT0),##MA-SMA200LT0SMA100LT0,",-3.184409288309474,1,0,1
"PCDCLT0PCTChangeGT0,PCDayChange-0.5to0.5,_LTGT3.0_,,,%%HLTF:(SGXNIFTYUP)buyHighLowerTail-Continue,chisBuyYearHigh-3,",3.9291716345646965,1,1,0
"PCTChangeGT3,_HTGT1.5__HTGTPCTDayChange_,,,%%HLTF-Last2HighTail:(UPTREND)buy(DOWNTREND)sell:HighUpperTailPre-last2DayUp,MaySellCheckChart-(IndexNotDownInSecondHalf),",1.1192991022477976,1,1,0
"PCTChangeGT8,_LTGT3.0_,,,volumeUpsergedLast2n3n4DayDown,",-1.2412652602695018,1,0,1
"PCTChangeGT0,_LTGT1.5_,,,##MA-SMA200GT0SMA100GT0,",1.4285738506014354,1,1,0
"PCTChangeLT-2,_LTGT1.5_,,,chisDownTrend-Risky-nearHigh,##(Check-chart-buy):month6High-InMinus,ReversalHighMonth6,",1.737345472227195,2,2,0
"PCTChangeGT2,,,,chis-breakoutup-2week,chisBuy-2week-breakoutup,##UPTREND:buyYear2LowReversal(Confirm),",-2.1811242189908993,1,0,1
"PCDCLT0PCTChangeGT1,PCDayChange-0.5to0.5,,,,chisBuyYearHigh-1,",0.9606326908944591,5,4,1
"PCTChangeLT-3,_HTGT1.5_,,,##MANegative_Downtrend_(LT-2),##MA-SMA200GT0SMA100LT0,##DOWNTREND:sellMonth3LowBreak,",1.1982721968048327,3,2,1
"PCTChangeLT-2,,,,volumeUpsergedLast2n3n4DayUp,VOL:sell(GLOBALFUTUP-GLOBALMARKETUP)Buy-UpVol-3dayDown-Week2High,chisSellDownTrend-nearHigh,##(Check-chart-buy):YearHigh-InMinus,NearHighYear,",0.18979544317170022,1,1,0
"PCTChangeLT-2,_HTGT1.5_,,,zigZagVolCrossedFromUp,",0.33269278809572744,9,3,6
"PCTChangeGT1,,,,week2BarHighChangeGT0,brokenToday,maySellFromBuyPattern-LT-1.8,",-3.165721654143493,1,0,1
"PCTChangeGT1,PCDayChange-0.5to0.5,,,,##MAPositive_Uptrend(GT0),##MA-SMA200GT0SMA100GT0,",1.873347189387759,6,4,2
"PCTChangeGT1,_HTGT1.5__LTGT1.5__HTGTPCTDayChange__LTGTPCTDayChange_,,,%%HLTF-Last2HighTail:(UPTREND)buy(DOWNTREND)sell:HighUpperTailPre-last2DayUp,buyYearHigh-0,",2.2737066107158572,1,1,0
"PCTChangeEQ0,PCDayChange-0.5to0.5,,,,chisSellFlag2Week-doji-Risky,",-2.3766829828510314,1,0,1
"PCTChangeLT-1,_LTGT1.5_,,,volSellContinueLast2DayDown-VolUp,$$MayBuy-CheckChart(monthLow-minimumLast4DayDown),",0.09388435381908433,2,1,1
"PCTChangeGT3,_HTGT3.0_,,,##MAPositive_Uptrend(GT2),##MA-SMA200GT0SMA100GT0,",-0.1047649671881916,2,1,1
"PCTChangeGT5,_LTGT1.5_,,,$$(DOWNTREND-OR-GLOBALDOWN)MaySellContinue-CheckChart(inuptrend-monthlow)-PCTDayChangeGT2,",-1.2278978020899178,1,0,1
"PCTChangeGT1,_HTGT1.5__HTGTPCTDayChange_,,,MaySellCheckChart-(IndexNotDownInSecondHalf),volSellRevarsalVolCrossed,week2BarHighChangeGT0,",1.5092258584847917,1,1,0
"PCTDayChangeLT0,PCDayChange-0.5to0.5,_HTGT1.5__LTGT3.0_,,,##MANegative_Downtrend_(LT0),##MA-SMA200LT0SMA100LT0,",2.625295481872509,1,1,0
"PCDCGT0PCTDayChangeLT0,_HTGT1.5__LTGT3.0__HTGTPCTDayChange__LTGTPCTDayChange_,,,$$MaySellContinue-CheckChart(inuptrend-monthlow)-highTail,",0.28770812551332436,1,1,0
"PCTChangeLT-2,_HTGT1.5__HTGTPCTDayChange_,,,(GLOBALFUTDOWN-DOWNTRENDMARKET)checkSellConsolidationBreakDown-week2-lowNotReachedWeek3,week2BarLowChangeLT0,weekLowLTweek2Low,##DOWNTREND:sellYear2HighReversal(InDownTrend),##(Check-chart-buy):month3High-InMinus,ReversalHighMonth3,",-0.5633788489399801,1,0,1
"PCTChangeGT2,_HTGT3.0__LTGT3.0__HTGTPCTDayChange__LTGTPCTDayChange_,,,%%HLTF-Risky:(GLOBAL-DOWN)sellHighLowerTail-Reversal-LastDayMarketUp,%%:sellUpTrend-month3High,##MAPositive_Uptrend(GT1),##MA-SMA200GT0SMA100GT0,",-7.127428275245158,1,0,1
"PCTChangeGT3,_HTGT3.0__HTGTPCTDayChange_,,,weekBarHighChangeGT2,##MAPositive_Uptrend(GT2),##MA-SMA200LT0SMA100GT0,",0.21918812025503906,1,1,0
"PCTChangeLT-3,_HTGT1.5_,,,(GLOBALFUTDOWN-DOWNTRENDMARKET)checkSellConsolidationBreakDown-week2-lowNotReachedWeek3,week2BarLowChangeLT0,##DOWNTREND:sellYear2HighReversal(InDownTrend),volBuyRevarsalVolCrossed,##(Check-chart-buy):month3High-InMinus,ReversalHighMonth3,",-0.4287060800243646,1,0,1
"PCTChangeGT3,_HTGT3.0__LTGT1.5__HTGTPCTDayChange_,,,weekBarHighChangeGT2,brokenToday,",-1.3801737970397183,1,0,1
"PCTChangeLT-2,_HTGT1.5__LTGT3.0_,,,##MANegative_Downtrend_(LT-2),##MA-SMA200LT0SMA100LT0,##DOWNTREND:sellMonth6LowBreak,",-3.9301310043668227,1,0,1
"PCDCGT0PCTDayChangeLT0,_HTGT1.5__HTGTPCTDayChange_,,,##(Test)(check-chart)-sellSMADownTrend,",-0.524942433350684,2,1,1
"PCTChangeGT5,_HTGT3.0_,,,volumeUpsergedLast2n3n4DayDown,volSellReversalLast2DayUp-VolUp,(GLOBALFUTUP-UPTRENDMARKET)checkBuyConsolidationBreakUp-week2-highNotReachedWeek3,week2BarHighChangeGT2,##last2DayHighGT3-M3HLT0,",1.5911910652596255,1,1,0
"PCTChangeGT2,,,,volumeUpsergedLast2n3n4DayDown,volBuyContinueLast2DayUp-VolUp,##(Check-chart)ML:buyMonth3High-Continue,",-0.5139179766352288,4,2,2
"PCTChangeGT2,,,,volBuyContinueLast2DayUp-VolUp,##UPTREND:buyMonth3Low,",-2.212504069010405,1,0,1
"PCTChangeGT2,_HTGT1.5_,,,%%HLTF-Last2HighTail:(UPTREND)buy(DOWNTREND)sell:HighUpperTailPre-last2DayUp,MaySellCheckChart-(IndexNotDownInSecondHalf),##MAPositive_Uptrend(GT2),##MA-SMA200GT0SMA100GT0,",-3.2437187923886266,1,0,1
"PCTChangeGT2,,,,(GLOBALFUTUP-UPTRENDMARKET)checkBuyConsolidationBreakUp-week2,weekBarHighChangeGT2,",-1.1548428535204527,3,0,3
"PCDCGT0PCTChangeLT-1,PCDayChange-0.5to0.5,_LTGT3.0_,,,##MANegative_Downtrend_(GT0),##MA-SMA200GT0SMA100LT0,",0.6275887324892345,1,1,0
"PCTChangeGT2,,,,##(Check-chart-sell):month3Low-InPlus,NearLowMonth3,chisBuyUpTrend-nearLow,volumeUpsergedLast2n3n4DayDown,volBuyContinueLast2DayUp-VolUp,",-0.03703445353835979,1,0,1
"PCTChangeGT3,_LTGT3.0_,,,chisSellYear2LowLT-40-last3DayDown(triggerAfter-9:15),##(Check-chart-sell):month3Low-InPlus,NearLowMonth3,chisUpTrend-Risky-nearLow,chisBuyDownTrend-lowTail,",3.1862745098039302,1,1,0
"PCTChangeGT5,_LTGT3.0_,,,%%HLTF-Risky:(GLOBAL-DOWN)sellHighLowerTail-Reversal-LastDayMarketUp,",-2.0502209369748288,6,1,5
"PCTChangeGT8,_HTGT3.0_,,,##MAPositive_Uptrend(GT4.5),##MA-SMA200LT0SMA100LT0,",0.0016007634000209474,3,2,1
"PCDCGT0PCTChangeLT-3,_HTGT1.5__HTGTPCTDayChange_,,,%%:sellDowntrend-lastDayUp-ReversalHighTail,",-5.299834480001935,1,0,1
"PCTChangeGT1,_HTGT1.5_,,,chisUpTrend-Risky-nearLow,",0.884916214351874,12,6,6
"PCTChangeLT-2,_LTGT1.5_,,,%%checkCupDown-2dayDown-continue,##MANegative_Downtrend_(LT-2),##MA-SMA200GT0SMA100LT0,",2.458293165237589,1,1,0
"PCTChangeLT-3,_LTGT1.5_,,,checkCupDown-2dayDown-mayReversalBuy,volumeUpsergedLast2n3n4DayUp,volSellContinueLast2DayDown-VolUp,##last2DayLow(LT-3)-M3LGT0,",-1.143441893873703,1,0,1
"PCTChangeLT-3,_LTGT1.5_,,,VOL:buy-UpVol-3dayDown-Week2Low,##MANegative_Downtrend_(LT-2),##MA-SMA200LT0SMA100LT0,##DOWNTREND:sellYearLowBreak,",-2.864972639477837,1,0,1
"PCTChangeGT2,_LTGT1.5_,,,chisBuyUpTrend-1-YearHigh,(GLOBALFUTUP-UPTRENDMARKET)checkBuyConsolidationBreakUp-month,weekBarHighChangeGT2,",2.0866093673105244,1,1,0
"PCTChangeGT3,_HTGT1.5__HTGTPCTDayChange_,,,%%HLTF-Last2HighTail:(UPTREND)buy(DOWNTREND)sell:HighUpperTailPre-last2DayUp,week2BarHighChangeGT0,brokenToday,chisBuyYearHigh-3,",4.286514785060637,1,1,0
"PCTChangeGT1,,,,chisBuyFinalCandidate-2,",2.0801809059448524,1,1,0
"PCTChangeLT-2,,,,weekBarLowChangeLT0,brokenToday,##ML:buyRisingMA-down-Risky,",0.1740036048227006,4,2,2
"PCTChangeLT-1,_LTGT1.5_,,,chisSellConsolidationBreakDown-forecastDayPCT7LT0,##(Check-chart-buy):month3High-InMinus,ReversalHighMonth3,",-1.1399985586255663,2,1,1
"PCTChangeLT-3,,,,chisDownTrend-Risky-nearHigh,##(Check-chart-buy):month6High-InMinus,NearHighMonth6,",1.5542198089232075,1,1,0
"PCTChangeGT3,_LTGT1.5_,,,brokenToday,##MAPositive_Uptrend(GT2),##MA-SMA200LT0SMA100GT0,",3.560603748668311,1,1,0
"PCDCGT0PCTDayChangeLT0,PCDayChange-0.5to0.5,,,,(SMA9LT0),",-0.05723834843462714,10,4,6
"PCTChangeLT-2,_HTGT1.5_,,,checkCupDown-near2WeekDown-mayReveresalBuy,(GLOBALFUTDOWN-DOWNTRENDMARKET)checkSellConsolidationBreakDown-week2-lowNotReachedWeek3,week2BarLowChangeLT-2,",2.505226579145928,1,1,0
"PCTChangeLT-5,_HTGT1.5_,,,##MANegative_Downtrend_(LT-2),##MA-SMA200LT0SMA100LT0,##DOWNTREND:sellYearLowBreak,",-2.0967450105539096,2,0,2
"PCTChangeLT-1,,,,(GLOBALFUTDOWN-DOWNTRENDMARKET)checkSellConsolidationBreakDown-week2-lowNotReachedWeek3,week2BarLowChangeLT0,chisSellDownTrend-nearHigh,",-1.202315017331252,1,0,1
"PCTChangeLT-1,_LTGT1.5_,,,##(Test)(check-chart)-buySMAUpTrend,(Test)MayBuy-CheckChart(upTrend-lastDayDown),",-1.7868134569061118,1,0,1
"PCTChangeLT-5,_HTGT3.0__LTGT1.5__HTGTPCTDayChange__LTGTPCTDayChange_,,,checkCupDown-inDownTrend-month3HighLTmonth3Low,bar_low,volBuyReversalLast2DayDown-VolUp,",-3.8375139519942856,1,0,1
"PCTChangeLT-2,_HTGT1.5_,,,%%HLTF-Last2HighTail:(DOWNTREND)sell(UPTREND)buy:HighUpperTailPre,chisSellDownTrend-nearHigh,",-0.985848496557526,2,0,2
"PCTChangeGT2,_HTGT1.5_,,,##(Check-chart-sell):month3Low-InPlus,ReversalLowMonth3,chisBuyUpTrend-nearLow,",7.171717171717165,1,1,0
"PCTChangeGT0,PCDayChange-0.5to0.5,_HTGT1.5_,,,chisSellFlag2Week-doji-Risky,chisSellSMA4Reversal,",-0.6040793963918633,1,0,1
"PCTChangeGT3,_HTGT1.5_,,,%%HLTF:(DOWNTREND-OR-GLOBALDOWN)maySellTail-tailGT2-2,3,4thDayGT0,chisUpTrend-Risky-nearLow,##UPTREND:buyMonth6LowReversal(Confirm),",2.4213257046502705,1,1,0
"PCTChangeLT-5,_HTGT1.5_,,,%%checkCupDown-2dayDown-continue,chisDownTrend-Risky-nearHigh,",2.5203142508092635,1,1,0
"PCTChangeGT2,_LTGT1.5_,,,%%HLTF:(GLOBAL-DOWN)sellHighLowerTail-Reversal-LastDayMarketUp,maySellFromBuyPattern-LT-1.8,",-5.692769245929031,1,0,1
"PCTChangeGT0,PCDayChange-0.5to0.5,year2Low,_LTGT1.5_,,,buyMorningStar-(checkChart),",0.2941156524458593,1,1,0
"PCTChangeLT-2,,,,checkCupDown-inDownTrend-month3HighLTmonth3Low,",0.28542267338373895,1,1,0
"PCTChangeGT2,,,,chisCheckConsolidationBreakoutLT(4.5),week2BarHighChangeGT0,brokenToday,",-0.8876176024961349,4,1,3
"PCTChangeGT3,,,,(Test)sellHeavyUpTrend-Reversal-1,##last2DayHighGT3-M3HLT0,",4.120734411168703,1,1,0
"PCTChangeGT1,PCDayChange-0.5to0.5,_LTGT1.5_,,,%%HLTF:(SGXNIFTYUP)buyHighLowerTail-Continue,",0.06401958388339053,12,6,6
"PCTChangeLT-1,_LTGT3.0_,,,shortDownTrendBuyReversal-MonthLow-Doji-Last2DayLTToday,buyMorningStar-HighLowerTail-(checkChart),",-1.541666666666674,1,0,1
"PCTChangeGT3,_LTGT1.5_,,,volSellVolumeUpsergedLast2n3DayDown,volBuyContinueLast2DayUp-VolUp,checkBuyConsolidationBreakUp-2week,week2BarHighChangeGT0,brokenToday,",0.998347049885427,1,1,0
"PCTChangeGT2,_HTGT1.5__HTGTPCTDayChange_,,,MaySellCheckChart-(IndexNotDownInSecondHalf),weekBarHighChangeGT0,brokenToday,",-0.023830372512540797,2,1,1
"PCTChangeGT8,,,,chisSellYear2LowLT-40-last4DayDown(triggerAfter-9:15),",-2.2944058258648163,3,0,3
"PCTChangeLT-2,,,,weekBarLowChangeLT-2,$$MayBuy-CheckChart(monthLow-minimumLast4DayDown),##(Check-chart-buy):YearHigh-InMinus,ReversalHighYear,",-2.642517814726839,1,0,1
"PCTChangeLT-3,,,,(GLOBALFUTDOWN-DOWNTRENDMARKET)checkSellConsolidationBreakDown-week2-lowNotReachedWeek3,week2BarLowChangeLT0,##(Check-chart-buy):YearHigh-InMinus,ReversalHighYear,",0.958781647103332,9,6,3
"PCTChangeGT5,,,,(GLOBALFUTUP-UPTRENDMARKET)checkBuyConsolidationBreakUp-month,weekBarHighChangeGT2,brokenToday,##MAPositive_Uptrend(GT2),##MA-SMA200GT0SMA100GT0,",-0.9320918276832124,1,0,1
"PCTChangeLT-1,,,,##longDownTrend-2-IndexNotDownLastDay(checkBase),chisSellDownTrend-nearHigh,",1.4813416158840504,1,1,0
"PCTChangeLT-3,_HTGT3.0__HTGTPCTDayChange_,,,##ML:buyRisingMA-down-Risky,",-1.1183408166970805,1,0,1
"PCTChangeLT-8,,,,chisDownTrend-Risky-nearHigh,chisSellDayLowVolLow-0,",-4.116281908611916,1,0,1
"PCTChangeLT-2,_LTGT1.5_,,,(GLOBALFUTDOWN-DOWNTRENDMARKET)checkSellConsolidationBreakDown-week2-lowNotReachedWeek3,week2BarLowChangeLT-2,weekLowLTweek2Low,chisDownTrend-Risky-nearHigh,##(Check-chart-buy):month6High-InMinus,ReversalHighMonth6,",2.40059780568774,1,1,0
"PCTChangeLT-5,,,,maySellHighVolatileDownContinueLT-8,##MANegative_Downtrend_(LT-4.5),##MA-SMA200GT0SMA100LT0,",-2.9146108117123255,1,0,1
"PCTChangeGT5,,,,shortUpTrendSellReversal-MonthHigh,weekBarHighChangeGT5,",1.809677244722685,1,1,0
"PCTChangeGT0,PCDayChange-0.5to0.5,_HTGT1.5__LTGT1.5_,,,shortUpTrendBuyContinue-Doji-Last2DayGTToday,",0.6696206587779373,2,1,1
"PCTChangeGT12,,,,volBuyContinueLast2DayUp-VolUp,##MAPositive_Uptrend(GT4.5),##MA-SMA200GT0SMA100GT0,",-0.9720537757841494,2,0,2
"PCTChangeLT-2,_HTGT1.5__HTGTPCTDayChange_,,,(GLOBALFUTDOWN-DOWNTRENDMARKET)checkSellConsolidationBreakDown-week2-lowNotReachedWeek3,week2BarLowChangeLT-2,weekLowLTweek2Low,",-5.016957486676054,2,0,2
"PCTChangeGT1,PCDayChange-0.5to0.5,,,,chisSellDowningMA-(check5MinuteDownTrendAndSellDowntrend)-Already10DayDown,sellPattern-LT-1.5-SMALT0,(SMA9LT0),",-3.8876390727482413,1,0,1
"PCTChangeGT2,,,,$$MaySell-CheckChart(monthHigh-minimumLast4DayUp),weekBarHighChangeGT0,brokenToday,",-0.4332755575292372,1,0,1
"PCTChangeGT2,_HTGT3.0__HTGTPCTDayChange_,,,sellEveningStar-0,",-3.442775525963235,6,2,4
"PCTChangeLT-2,_HTGT1.5_,,,##(Check-chart-buy):month6High-InMinus,ReversalHighMonth6,",0.9767273551241136,1,1,0
"PCTChangeGT0.5,_HTGT1.5__HTGTPCTDayChange_,,,(Test)(check-chart-2-3MidCapCross)MaySellCheckChart-Risky,chisSellFinalContinue-(lastDayUp)-2,",-2.6609428962412798,1,0,1
"PCTChangeGT0.5,_HTGT3.0_,,,chisSellEveningStar-2(Check2-3MidCapCross),chisBuyYearHigh-3,",-1.54362279563408,1,0,1
"PCTChangeGT1,PCDayChange-0.5to0.5,_LTGT3.0_,,,chisSellDowningMA-(check5MinuteDownTrendAndSellDowntrend),",1.0318336026615582,1,1,0
"PCTChangeLT-5,_LTGT1.5_,,,##MANegative_Downtrend_(LT-1),##MA-SMA200LT0SMA100LT0,",0.10525887472587052,1,1,0
"PCTChangeGT0.5,_HTGT1.5__LTGT3.0__HTGTPCTDayChange__LTGTPCTDayChange_,,,%%HLTF:(SGXNIFTYUP)buyHighLowerTail-Continue,",0.8558282448936307,1,1,0
"PCTChangeGT3,PCDayChange-0.5to0.5,_LTGT1.5_,,,##MA-SMA200LT0SMA100LT0,",10.342102050781252,1,1,0
"PCTChangeLT-0.5,_HTGT1.5__LTGT1.5_,,,shortDownTrendSellContinue-Doji-Last2DayLTToday,",-1.185591514452203,3,1,2
"PCTChangeLT-3,,,,%%:checkSell:Super01-monthLow,volBuyReversalLast2DayDown-VolDown,##(Check-chart-sell)Month3Low-Continue(InUpTrend),ReversalLowMonth3,##ML:buyRisingMA-down-Risky,",1.8675739155357436,1,1,0
"PCTChangeGT1,PCDayChange-0.5to0.5,,,,##MA-SMA200GT0SMA100GT0,",-0.3008329340142269,3,1,2
"PCTChangeGT8,_HTGT3.0__LTGT1.5__HTGTPCTDayChange_,,,##MAPositive_Uptrend(GT2),##MA-SMA200LT0SMA100LT0,",-1.5789473684210527,1,0,1
"PCTChangeGT3,,,,week2BarHighChangeGT0,brokenToday,",-0.0004825656574348469,46,23,23
"PCTChangeLT-3,,,,checkCupDown-2dayDown-mayReversalBuy,##DOWNTREND:sellYear2HighReversal(InDownTrend),##(Check-chart-buy):month3High-InMinus,ReversalHighMonth3,",0.41895469029791144,4,3,1
"PCDCGT0PCTChangeLT-1,PCDayChange-0.5to0.5,_HTGT1.5_,,,##ML:BuyRisingMA-Risky-0,",7.754684764175371,1,1,0
"PCTChangeGT0,_HTGT1.5__LTGT3.0_,,,%%HLTF-Last2DayMarketUp:(GLOBAL-DOWN)sellHighLowerTail-Reversal-LastDayMarketUp,",-2.9851362167300906,1,0,1
"PCTChangeGT2,,,,##(Check-chart-sell):month3Low-InPlus,ReversalLowMonth3,chisUpTrend-Risky-nearLow,##(Test)buyBottomReversal-1,##UPTREND:buyYear2LowReversal(Confirm),",-1.2419895944353452,1,0,1
"PCTChangeGT3,_HTGT1.5__HTGTPCTDayChange_,,,%%HLTF:maySellTail-tailGT2-7,10thDayGT20,##MAPositive_Uptrend(GT1),##MA-SMA200LT0SMA100LT0,",-3.8476397699192346,1,0,1
"PCDCLT0PCTChangeGT1,_LTGT3.0_,,,chisSell-smallUptrendReversal,%%HLTF-Last2DayMarketUp:(GLOBAL-DOWN)sellHighLowerTail-Reversal-LastDayMarketUp,",-0.4888716546367639,1,0,1
"PCTChangeLT-3,,,,checkCupDown-near2WeekDown-mayReveresalBuy,(GLOBALFUTDOWN-DOWNTRENDMARKET)checkSellConsolidationBreakDown-week2-lowNotReachedWeek3,week2BarLowChangeLT-2,weekLowLTweek2Low,chisDownTrend-Risky-nearHigh,##(Check-chart-buy):month3High-InMinus,ReversalHighMonth3,",2.049896391062608,1,1,0
"PCTChangeLT-1,_LTGT1.5_,,,##MA-SMA200GT0SMA100LT0,",-0.7135132777083046,1,0,1
"PCTChangeGT3,year2Low,_LTGT3.0_,,,volumeUpsergedLast2n3n4DayDown,volSellReversalLast2DayUp-VolUp,",-2.923075358072912,1,0,1
"PCTChangeGT5,_HTGT3.0_,,,##MAPositive_Uptrend(GT4.5),##MA-SMA200GT0SMA100GT0,",-0.7445302971884228,6,3,3
"PCTChangeLT-0.5,PCDayChange-0.5to0.5,_LTGT1.5_,,,%%:check(UPTREND-UPMARKET)Buy(DOWNTRENDTREND-DOWNMARKET)Sell:Super01-monthLow,",0.4716414770076423,3,2,1
"PCTChangeGT3,_HTGT1.5_,,,%%HLTF-Last2HighTail:(UPTREND)buy(DOWNTREND)sell:HighUpperTailPre-last2DayUp,buyHeavyUpTrend-Continue-(Risky),weekBarHighChangeGT2,brokenToday,##MAPositive_Uptrend(GT2),##MA-SMA200LT0SMA100GT0,##last2DayHighGT3-M3HGT0,",4.80432914770638,1,1,0
"PCTChangeLT-0.5,_LTGT1.5_,,,weekBarLowChangeLT0,brokenToday,",-1.0416690865133031,1,0,1
"PCTChangeLT-1,,,,##MANegative_Downtrend_(LT0),##MA-SMA200LT0SMA100LT0,",-0.4625647570972202,2,1,1
"PCTChangeLT-0.5,year2High,_HTGT1.5_,,,%%HLTF-LastDayUp:(DOWNTREND-OR-GLOBALDOWN)MaySellHighTail-LastDayMarketUp,",0.17769209423585886,12,6,6
"PCTChangeLT-2,_LTGT1.5_,,,%%HLTF:sellStockInUptrendReversal,",1.1811004701111691,1,1,0
"PCTChangeGT3,_LTGT1.5_,,,##MAPositive_Uptrend(GT4.5),##MA-SMA200GT0SMA100GT0,##last2DayHighGT3-M3HLT0,",-4.529135847021355,2,0,2
"PCDCLT0PCTChangeGT1,PCDayChange-0.5to0.5,_HTGT3.0_,,,%%HLTF-Last2HighTail:(DOWNTREND)sell(UPTREND)buy:HighUpperTailPre,",0.20573694916375226,3,2,1
"PCTChangeGT3,,,,chisCheckConsolidationBreakout2WeekLT(4.5),weekBarHighChangeGT2,brokenToday,chisBuy-2week-breakoutup(check-chart)(|-|-| or --|),",0.9348502555838462,1,1,0
"PCTChangeLT-3,,,,weekBarLowChangeLT-2,##(Check-chart-buy):month3High-InMinus,ReversalHighMonth3,",0.27155237491093054,10,5,5
"PCTChangeGT3,,,,VOL:sell-UpVol-3dayUp-Week2High,weekBarHighChangeGT2,##last2DayHighGT3-M3HLT0,",-1.8420163586678326,2,0,2
"PCTChangeLT-1,_HTGT1.5__LTGT1.5__LTGTPCTDayChange_,,,chisSell:Super03-monthLow,",0.9515557860213519,1,1,0
"PCTChangeGT0,PCDayChange-0.5to0.5,,,,sellPattern-LT-1.5-SMALT0,(SMA9LT0),",-0.016951911193498034,1,0,1
"PCTChangeGT2,,,,chisBuyUpTrend-nearLow,volBuyContinueLast2DayUp-VolUp,##UPTREND:buyYear2LowReversal(Confirm),",2.275346288767173,1,1,0
"PCDCGT0PCTDayChangeLT0,PCDayChange-0.5to0.5,,,,%%:sellDowntrend-lastDayUp-ReversalHighTail,",-0.9050804099567752,9,2,7
"PCTChangeGT5,_HTGT3.0__LTGT3.0__HTGTPCTDayChange_,,,volBuyContinueLast2DayUp-VolUp,",-0.892857142857147,1,0,1
"PCTChangeGT1,_HTGT1.5__HTGTPCTDayChange_,,,%%HLTF:(GLOBAL-SGX-DOWN)maySellTail-2,3,4thDayGT0,(Test)(check-chart-2-3MidCapCross)MaySellCheckChart-Risky,",0.5407714353005721,10,5,5
"PCTChangeLT-5,_LTGT1.5_,,,volumeUpsergedLast2n3n4DayUp,volSellContinueLast2DayDown-VolUp,chisDownTrend-Risky-nearHigh,",1.3048579048282913,1,1,0
"PCTChangeLT-1,PCDayChange-0.5to0.5,_LTGT1.5_,,,$$MayBuy-CheckChart-baseLine(inuptrend-monthlow)-PCTDayChangeLT0,chisBuyYearHigh-1,",-0.7938336213788418,1,0,1
"PCTChangeGT3,,,,checkCupDown-lastDayUp,##MAPositive_Uptrend(GT2),##MA-SMA200LT0SMA100GT0,",4.267594818769754,1,1,0
"PCTChangeLT-3,_LTGT1.5_,,,checkCupDown-3dayDown-mayReversalBuy,##last2DayLow(LT-3)-M3LGT0,",-4.467457427075626,1,0,1
"PCDCLT0PCTChangeGT1,PCDayChange-0.5to0.5,_HTGT1.5_,,,##MA-SMA200LT0SMA100LT0,",0.40214477211796246,1,1,0
"PCTDayChangeLT0,_HTGT3.0__HTGTPCTDayChange_,,,%%HLTF-Risky9:30:maySellTail-tailGT2-7,10thDayGT15,",1.593181742857339,4,2,2
"PCTChangeLT-3,_HTGT1.5_,,,weekBarLowChangeLT-2,brokenToday,##(Check-chart-buy):month3High-InMinus,ReversalHighMonth3,",3.6743344886401395,1,1,0
"PCTDayChangeLT0,PCDayChange-0.5to0.5,_HTGT1.5_,,,chisSell:Super03-monthLow,%%HLTF-LastDayUp:(DOWNTREND-OR-GLOBALDOWN)MaySellHighTail-LastDayMarketUp,",0.4100334953303921,4,2,2
"PCTChangeLT-2,_HTGT1.5__LTGT1.5__HTGTPCTDayChange_,,,##MANegative_Downtrend_(LT-1),##MA-SMA200LT0SMA100LT0,",-4.278222611715146,1,0,1
"PCTChangeGT1,PCDayChange-0.5to0.5,_HTGT1.5_,,,##MAPositive_Uptrend(GT0),##MA-SMA200LT0SMA100LT0,",-3.987957611564253,1,0,1
"PCTChangeLT-0.5,_HTGT1.5__LTGT3.0__HTGTPCTDayChange__LTGTPCTDayChange_,,,volBuyReversalLast2DayDown-VolUp,",8.78890197100817,1,1,0
"PCTChangeLT-3,_HTGT1.5_,,,##DOWNTREND:sellYear2HighReversal(InDownTrend),##(Check-chart-buy):month3High-InMinus,ReversalHighMonth3,",1.8838592997330939,1,1,0
"PCTChangeLT-1,,,,chisBuyFinalContinue-0,##MAPositive_Uptrend(LT-1),##MA-SMA200GT0SMA100GT0,",0.15035103128739033,1,1,0
"PCDCLT0PCTChangeGT0,PCDayChange-0.5to0.5,_LTGT3.0_,,,##MAPositive_Uptrend(LT0),##MA-SMA200GT0SMA100LT0,",2.7500025431315196,1,1,0
"PCTChangeLT-3,,,,VOL:sell(GLOBALFUTUP-GLOBALMARKETUP)Buy-UpVol-3dayDown-Week2High,chisSellDownTrend-nearHigh,",-1.8057093531318484,1,0,1
"PCTChangeLT-3,_HTGT1.5__LTGT1.5_,,,checkCupDown-3dayDown,##(Check-chart-buy):month3High-InMinus,ReversalHighMonth3,",-1.464613680903316,1,0,1
"PCTChangeGT5,,,,chisUpTrend-Risky-nearLow,##lastDayHighGT5TodayGT1,",-2.900001162574399,1,0,1
"PCTChangeLT-1,_LTGT1.5_,,,(Test)(check-chart-2-3MidCapCross)MayBuyCheckChart-Risky,##MAPositive_Uptrend(LT-1),##MA-SMA200GT0SMA100GT0,",-0.3192988386471474,3,2,1
"PCTChangeLT-1,,,,##MANegative_Downtrend_(LT0),##MA-SMA200GT0SMA100LT0,",1.1617774921447384,1,1,0
"PCTChangeLT-3,,,,VOL:sell(GLOBALFUTUP-GLOBALMARKETUP)Buy-UpVol-3dayDown-Week2High,chisDownTrend-Risky-nearHigh,##(Check-chart-buy):month3High-InMinus,ReversalHighMonth3,",2.256831907812359,1,1,0
"PCTChangeGT3,_HTGT1.5_,,,chisBuyUpTrend-1-YearHigh,",-1.4150070676129145,3,1,2
"PCTChangeLT-0.5,,,,volSellContinueLast2DayDown-VolUp,",0.9495934542507335,17,12,5
"PCTChangeGT1,_LTGT3.0_,,,%%HLTF:(GLOBAL-DOWN)sellHighLowerTail-Reversal-LastDayMarketUp,##MAPositive_Uptrend(GT2),##MA-SMA200LT0SMA100GT0,",3.2056101386049516,1,1,0
"PCDCLT0PCTChangeGT1,PCDayChange-0.5to0.5,_HTGT1.5_,,,buyYearHigh-0,",-1.2092428975445295,4,1,3
"PCTChangeGT2,_HTGT1.5__HTGTPCTDayChange_,,,week2BarHighChangeGT0,weekHighGTweek2High,brokenToday,",1.8783697657342646,5,3,2
"PCTChangeLT-1,,,,volSellContinueLast2DayDown-VolUp,checkSellConsolidationBreakDown-2week,brokenToday,",-0.5957007408142019,1,0,1
"PCDCGT0PCTDayChangeLT0,,,,##MA-SMA200LT0SMA100GT0,",-3.458541571564461,1,0,1
"PCTChangeLT-2,,,,chisSellDownTrend-nearHigh,##DOWNTREND:sellMonth3High(InDownTrend),##(Check-chart-buy):month3High-InMinus,NearHighMonth3,",-0.13184517440605364,2,1,1
"PCTChangeLT-0.5,_HTGT1.5__LTGT1.5_,,,%%HLTF-LastDayUp:(DOWNTREND-OR-GLOBALDOWN)MaySellHighTail-LastDayMarketUp,chisDownTrend-Risky-nearHigh,",-1.6426873149917451,1,0,1
"PCTChangeGT2,,,,volSellVolumeUpsergedLast2n3DayDown,chisCheckConsolidationBreakout2WeekLT(4.5),weekBarHighChangeGT0,brokenToday,",-0.3674524662688557,1,0,1
"PCTChangeLT-2,,,,%%:checkSell:Super01-monthLow,volumeUpsergedLast2n3n4DayUp,VOL:sell(GLOBALFUTUP-GLOBALMARKETUP)Buy-UpVol-3dayDown-Week2High,",1.390345595415538,1,1,0
"PCTDayChangeLT0,_LTGT1.5_,,,%%HLTF:(GLOBAL-UP)buyHighLowerTail-LastDayMarketUp,",-3.0343056164908506,2,1,1
"PCTChangeGT8,_HTGT1.5__HTGTPCTDayChange_,,,vol-sell-DownVol-3dayUp-Week2High,##MAPositive_Uptrend(GT1),##MA-SMA200GT0SMA100GT0,",4.156252543131519,1,1,0
"PCTChangeGT2,,,,chisSellYear2LowLT-40-last3DayDown(triggerAfter-9:15),chisBuyDownTrend-Risky-2,##UPTREND:buyYear2Low,",1.6277825447153444,1,1,0
"PCDCLT0PCTChangeGT1,PCDayChange-0.5to0.5,_LTGT1.5_,,,##MANegative_Downtrend_(LT0),##MA-SMA200LT0SMA100LT0,",-0.4758045909670717,2,1,1
"PCTChangeGT1,,,,chisUpTrend-Risky-nearLow,##RisingMA(Test)(check-chart-buy)-2DayUp,",0.37053723038403086,15,8,7
"PCTChangeLT-2,year2Low,_HTGT3.0__LTGT3.0__HTGTPCTDayChange__LTGTPCTDayChange_,,,volBuyReversalLast2DayDown-VolUp,week2BarLowChangeLT0,",3.289810469337242,1,1,0
"PCTChangeGT1,,,,##(Test)(check-chart)-sellSMADownTrend,",-1.2377192335454903,3,1,2
"PCTChangeLT-3,,,,checkCupDown-near2WeekDown-mayReveresalBuy,##DOWNTREND:sellYearHigh(InDownTrend),##(Check-chart-buy):month3High-InMinus,NearHighMonth3,",0.5447579763985908,1,1,0
"PCTChangeLT-3,_HTGT1.5__HTGTPCTDayChange_,,,%%HLTF:maySellTail-tailGT2-7,10thDayGT20,",-2.999998580577759,1,0,1
"PCDCLT0PCTChangeGT0,PCDayChange-0.5to0.5,_LTGT1.5_,,,%%HLTF:(SGXNIFTYUP)buyHighLowerTail-Continue,chisBuyYearHigh-3,",3.142859194459023,1,1,0
"PCTChangeGT16,_HTGT3.0__HTGTPCTDayChange_,,,##MAPositive_Uptrend(GT4.5),##MA-SMA200GT0SMA100GT0,",3.071161917439115,3,3,0
"PCTChangeGT3,_LTGT1.5_,,,chisUpTrend-Risky-nearLow,chisCheckConsolidationBreakoutLT(4.5),",-3.6434084870094474,1,0,1
"PCTChangeLT-3,,,,%%checkCupDown-2dayDown-continue,##DOWNTREND:sellYear2HighReversal(InDownTrend),##last2DayLow(LT-3)-M3LGT0,##(Check-chart-buy):month3High-InMinus,ReversalHighMonth3,",-1.373590508336947,2,0,2
"PCTChangeGT1,,,,$$(DOWNTREND-OR-GLOBALDOWN)MaySellContinue-CheckChart(inuptrend-monthlow)-PCTDayChangeGT2,volBuyVolumeUpsergedLast2n3DayDown,",-1.5253951376524861,1,0,1
"PCTChangeGT0.5,,,,##MANegative_Downtrend_(GT0),##MA-SMA200LT0SMA100LT0,",-1.5677339708824451,2,0,2
"PCTChangeLT-3,year2Low,_HTGT1.5__LTGT3.0__LTGTPCTDayChange_,,,volBuyReversalLast2DayDown-VolDown,",-5.182187470347291,1,0,1
"PCTChangeLT-2,,,,checkCupDown,bar_low,",-0.8254979300723918,14,5,9
"PCTDayChangeLT0,PCDayChange-0.5to0.5,_HTGT1.5_,,,%%HLTF-LastDayUp:(DOWNTREND-OR-GLOBALDOWN)MaySellHighTail-LastDayMarketUp,",-0.22126802989478306,238,97,141
"PCTChangeLT-0.5,PCDayChange-0.5to0.5,_HTGT1.5_,,,%%HLTF-LastDayUp:(DOWNTREND-OR-GLOBALDOWN)MaySellHighTail-LastDayMarketUp,buyYearHigh-0,",0.7859592843222573,6,4,2
"PCTChangeLT-5,_LTGT3.0_,,,VOL:sellAboveTail-BuyAtClose:upVol3dayDownWeek2Low-highLowerTail,##MANegative_Downtrend_(LT-4.5),##MA-SMA200LT0SMA100LT0,",-0.31087009194612697,7,4,3
"PCTChangeLT-5,,,,vol-buy-DownVol-3dayDown-Week2Low,##MANegative_Downtrend_(LT-2),##MA-SMA200LT0SMA100LT0,",3.7342768191518076,1,1,0
"PCTChangeLT-3,,,,volumeUpsergedLast2n3n4DayUp,weekBarLowChangeLT0,brokenToday,##last2DayLow(LT-3)-M3LGT0,##(check-chart)maySell-EMA6-MT-May-LT-EMA14,",-5.756352875546494,1,0,1
"PCTChangeGT8,_HTGT3.0_,,,volBuyContinueLast2DayUp-VolUp,",-4.265007703228498,4,1,3
"PCTChangeLT-3,_HTGT3.0__HTGTPCTDayChange_,,,##last2DayLow(LT-3)-M3LGT0,",-1.1418070362856816,1,0,1
"PCTChangeLT-3,,,,(GLOBALFUTDOWN-DOWNTRENDMARKET)checkSellConsolidationBreakDown-week2-lowNotReachedWeek3,week2BarLowChangeLT-2,##DOWNTREND:sellYear2HighReversal(InDownTrend),##(Check-chart-buy):YearHigh-InMinus,ReversalHighYear,",-1.1171029955833942,2,0,2
"PCTChangeLT-3,_HTGT3.0__LTGT1.5__HTGTPCTDayChange_,,,checkCupDown-2dayDown-mayReversalBuy,##(Check-chart-buy):month3High-InMinus,BreakHighMonth3,",-9.503559246775376,1,0,1
"PCTChangeLT-1,PCDayChange-0.5to0.5,_LTGT1.5_,,,##(Test):buyRisingMA-uptrend-SMA25gt0,",1.7036100671953183,1,1,0
"PCTChangeLT-8,_LTGT3.0_,,,(GLOBAL-DOWN)maySellContinueHighVolatileLastDayDOWN-month3LowGT0-(LT-8),volumeUpsergedLast2n3n4DayUp,volSellContinueLast2DayDown-VolUp,##MANegative_Downtrend_(LT-4.5),##MA-SMA200GT0SMA100LT0,",-0.9668729333334998,1,0,1
"PCTDayChangeLT0,_HTGT1.5_,,,%%:check(UPTREND-UPMARKET)Buy(DOWNTRENDTREND-DOWNMARKET)Sell:Super01-monthLow,",-0.47916412353515525,1,0,1
"PCTChangeLT-0.5,PCDayChange-0.5to0.5,,,,chisSell:Super03-monthLow,(SMA9LT0),",-2.112595959501085,1,0,1
"PCTChangeLT-2,_HTGT1.5_,,,(GLOBALFUTDOWN-DOWNTRENDMARKET)checkSellConsolidationBreakDown-week2-lowNotReachedWeek3,week2BarLowChangeLT-2,weekLowLTweek2Low,##(Check-chart-buy):month3High-InMinus,ReversalHighMonth3,",1.7581075663188832,1,1,0
"PCTChangeLT-1,_HTGT1.5__LTGT1.5_,,,##longDownTrend-1-IndexNotDownLastDay(checkBase),chisDownTrend-Risky-nearHigh,",0.9345794392523363,1,1,0
"PCTChangeLT-3,_LTGT1.5_,,,volSellContinueLast2DayDown-VolUp,##DOWNTREND:sellMonth3High(InDownTrend),##(Check-chart-buy):month3High-InMinus,NearHighMonth3,##buyRisingMA-1,",0.822786741618872,1,1,0
"PCTChangeLT-3,,,,(GLOBALFUTDOWN-DOWNTRENDMARKET)checkSellConsolidationBreakDown-week2-lowNotReachedWeek3,week2BarLowChangeLT-2,##DOWNTREND:sellMonth3HighReversal(InDownTrend),volBuyRevarsalVolCrossed,##(Check-chart-buy):month3High-InMinus,ReversalHighMonth3,##(check-chart)maySell-EMA6-MT-May-LT-EMA14,",-2.65765431124724,1,0,1
"PCTChangeGT5,_HTGT3.0_,,,(GLOBALFUTUP-UPTRENDMARKET)checkBuyConsolidationBreakUp-week2-highNotReachedWeek3,week2BarHighChangeGT5,",-0.4427160094062381,1,0,1
"PCDCLT0PCTChangeGT1,_LTGT1.5_,,,##(Test)(check-chart)-buySMAUpTrend,",-0.8336618296557577,1,0,1
"PCDCGT0PCTDayChangeLT0,PCDayChange-0.5to0.5,year2Low,_HTGT3.0__LTGT3.0_,,,%%HLTF-Last2LowTail:(DOWNTREND)sellHighLowerTailPre-1,",12.893377565870107,1,1,0
"PCDCLT0PCTChangeGT1,_HTGT1.5__LTGT1.5_,,,%%HLTF:(UPTREND-MorningTrend-UP)mayBuyTail-highTailGT2-7,10thDayGT10-Last2DayStockDown,",-1.7670422602391476,1,0,1
"PCTChangeLT-5,_LTGT1.5_,,,vol-buy-DownVol-3dayDown-Week2Low,##MANegative_Downtrend_(LT-4.5),##MA-SMA200LT0SMA100LT0,##last2DayLow(LT-3)-M3LGT0,chisBuyDayLowVolLow,",1.5372708717488424,1,1,0
"PCTChangeLT-8,,,,vol-buy-DownVol-3dayDown-Week2Low,##MANegative_Downtrend_(LT-4.5),##MA-SMA200LT0SMA100LT0,",14.863015092126847,1,1,0
"PCTChangeLT-2,,,,##DOWNTREND:sellMonth6LowBreak,",0.3261953872633552,11,5,6
"PCTChangeGT1,,,,chisCheckConsolidationBreakoutLT(4.5),checkBuyConsolidationBreakUp-2week,week2BarHighChangeGT0,brokenToday,",-1.0257067600220036,1,0,1
"PCTChangeLT-2,_LTGT1.5_,,,vol-buy-DownVol-3dayDown-Week2Low,weekBarLowChangeLT-2,MayBuyCheckChart-(IndexNotUpInSecondHalf),",3.042722289493433,1,1,0
"PCTDayChangeLT0,PCDayChange-0.5to0.5,_HTGT3.0_,,,chisSellSuper-Risky,--,##MANegative_Downtrend_(LT0),##MA-SMA200LT0SMA100LT0,",-1.7533862643528721,1,0,1
"PCTChangeLT-3,_HTGT1.5__LTGT3.0__LTGTPCTDayChange_,,,volSellVolumeUpsergedLast2n3DayUp,",1.0323990421314126,1,1,0
"PCTChangeGT3,,,,volumeUpsergedLast2n3n4DayDown,chisCheckConsolidationBreakoutLT(4.5),##(check-chart)mayBuy-EMA6-LT-May-MT-EMA14,",-0.7430322385810052,3,1,2
"PCTChangeLT-5,,,,vol-buy-DownVol-3dayDown-Week2Low,##MANegative_Downtrend_(LT-4.5),##MA-SMA200LT0SMA100LT0,chisSellDayLowVolLow-01,",6.35911028493076,2,2,0
"PCTChangeGT1,,,,##(Check-chart-sell):month3Low-InPlus,ReversalLowMonth3,weekBarHighChangeGT0,",2.2973000466286604,1,1,0
"PCTChangeGT0.5,PCDayChange-0.5to0.5,_HTGT1.5__LTGT1.5_,,,maySellFromBuyPattern-LT-1.8,",-1.1018055347200177,1,0,1
"PCTChangeGT3,,,,(GLOBALFUTUP-UPTRENDMARKET)checkBuyConsolidationBreakUp-week2-highNotReachedWeek3,week2BarHighChangeGT0,brokenToday,",-0.4604680120549609,118,48,70
"PCTChangeGT0,PCDayChange-0.5to0.5,_HTGT1.5_,,,(SMA9GT0),",4.770892778175539,1,1,0
"PCTDayChangeLT0,_LTGT1.5_,,,%%HLTF:(SGXNIFTYUP)buyHighLowerTail-Continue,(Test)(check-chart-2-3MidCapCross)MayBuyCheckChart-Risky,",-0.6710356355974081,1,0,1
"PCTChangeGT2,_HTGT1.5_,,,MaySellCheckChart-(IndexNotDownInSecondHalf),",0.7154318442195211,21,11,10
"PCTChangeGT3,_HTGT1.5__LTGT1.5_,,,%%HLTF-Last2HighTail:(UPTREND)buy(DOWNTREND)sell:HighUpperTailPre-last2DayUp,##MAPositive_Uptrend(GT4.5),##MA-SMA200LT0SMA100GT0,",-1.6387797293228212,1,0,1
"PCTChangeLT-3,,,,checkCupDown-near2WeekDown-mayReveresalBuy,(GLOBALFUTDOWN-DOWNTRENDMARKET)checkSellConsolidationBreakDown-week2-lowNotReachedWeek3,week2BarLowChangeLT0,chisSellDayLowVolLow-03-checkMorningTrend(.5SL),##(Check-chart-buy):month3High-InMinus,ReversalHighMonth3,",-3.6595770653258017,1,0,1
"PCTChangeLT-5,_HTGT3.0_,,,chisSell-smallUptrendReversal,",7.575365481608025,1,1,0
"PCTChangeLT-1,,,,volumeUpsergedLast2n3n4DayUp,volSellContinueLast2DayDown-VolUp,(GLOBALFUTDOWN-DOWNTRENDMARKET)checkSellConsolidationBreakDown-week2-lowNotReachedWeek3,week2BarLowChangeLT0,chisDownTrend-Risky-nearHigh,##(Check-chart-buy):month3High-InMinus,ReversalHighMonth3,",1.2096790961297743,1,1,0
"PCTChangeGT3,_HTGT1.5__HTGTPCTDayChange_,,,(GLOBALFUTUP-UPTRENDMARKET)checkBuyConsolidationBreakUp-week2-highNotReachedWeek3,week2BarHighChangeGT2,",-3.08353168554899,2,0,2
"PCTChangeGT3,,,,(GLOBALFUTUP-UPTRENDMARKET)checkBuyConsolidationBreakUp-week2-highNotReachedWeek3,week2BarHighChangeGT2,",-0.6895299903785828,25,8,16
"PCTChangeGT0,,,,##MAPositive_Uptrend(GT0),##MA-SMA200GT0SMA100GT0,",-1.951916419787225,3,0,3
"PCTChangeLT-2,,,,volBuyVolumeUpsergedLast2n3DayUp,weekBarLowChangeLT0,brokenToday,##DOWNTREND:sellYearLowBreak,##ML:buyRisingMA-down-Risky,",0.6600126970849239,1,1,0
"PCTDayChangeLT0,PCDayChange-0.5to0.5,_LTGT1.5_,,,%%HLTF:(SGXNIFTYUP)buyHighLowerTail-Continue,##(Test)(check-chart)-buySMAUpTrend,chisBuyYearHigh-3,",2.848643089210338,1,1,0
"PCTChangeGT0,_HTGT1.5_,,,%%HLTF-Last2HighTail:(UPTREND)buy(DOWNTREND)sell:HighUpperTailPre-last2DayUp,chisUpTrend-Risky-nearLow,",-0.2674154211409355,1,0,1
"PCTChangeLT-2,_HTGT1.5_,,,chisDownTrend-Risky-nearHigh,##(Check-chart-buy):month3High-InMinus,NearHighMonth3,",-0.030130987395837288,3,2,1
"PCTChangeLT-1,PCDayChange-0.5to0.5,_LTGT1.5_,,,chisBuyYearHigh-3,",0.5628147454221115,5,3,2
"PCTChangeLT-5,,,,##MANegative_Downtrend_(LT-4.5),##MA-SMA200GT0SMA100LT0,",1.1956243072716757,28,19,9
"PCTChangeGT2,,,,weekBarHighChangeGT2,chis-breakoutup-2week,",-0.47179665235469426,2,1,1
"PCTChangeGT0,PCDayChange-0.5to0.5,,,,chisSellDowningMA-(check5MinuteDownTrendAndSellDowntrend),(SMA9LT0),",-2.8033227471433495,1,0,1
"PCTChangeLT-2,_HTGT1.5_,,,%%:check(UPTREND-UPMARKET)Buy(DOWNTRENDTREND-DOWNMARKET)Sell:Super01-monthLow,",-2.9162321073399657,1,0,1
"PCTChangeLT-5,_LTGT1.5_,,,(GLOBAL-DOWN)maySellContinueHighVolatileLastDayDOWN-(LT-5),",0.21365677290361396,12,7,5
"PCTChangeGT2,_LTGT1.5_,,,volSellReversalLast2DayUp-VolUp,",-0.8407457782902028,2,0,2
"PCTChangeGT2,_HTGT3.0_,,,chisSellFlag2Week-doji-Risky,",5.3302433171149595,1,1,0
"PCTChangeLT-8,_LTGT3.0_,,,volSellContinueLast2DayDown-VolUp,##MANegative_Downtrend_(LT-2),##MA-SMA200LT0SMA100LT0,",5.692769245929031,1,1,0
"PCTDayChangeLT0,_LTGT1.5_,,,chisBuyMorningStar-1(NotUpSecondHalfAndUp2to3),",1.3663106345073632,2,2,0
"PCTChangeLT-1,_LTGT3.0_,,,##MANegative_Downtrend_(LT-1),##MA-SMA200LT0SMA100LT0,$$MayBuy-CheckChart(downTrend-mayReverseLast4DaysDown),",0.8003643464224259,2,1,1
"PCTChangeGT1,,,,$$MaySell-CheckChart(downTrend-mayReverseLast4DaysUp),weekBarHighChangeGT0,chisBuyYearHigh-1,##MAPositive_Uptrend(GT1),##MA-SMA200GT0SMA100GT0,",-2.0362587985965823,1,0,1
"PCDCGT0PCTChangeLT-1,PCDayChange-0.5to0.5,,,,(SMA9GT0),",0.8457743358712458,4,3,1
"PCTChangeGT1,,,,chisUpTrend-Risky-nearLow,##ML:sellRisingMAuptrend-1,##UPTREND:buyMonth6LowReversal(Confirm),",-0.5546909467167119,1,0,1
"PCTChangeGT2,_HTGT1.5_,,,%%HLTF:(DOWNTREND-OR-GLOBALDOWN)maySellTail-tailGT2-2,3,4thDayGT0,chisCheckConsolidationBreakoutLT(4.5),(GLOBALFUTUP-UPTRENDMARKET)checkBuyConsolidationBreakUp-week2-highNotReachedWeek3,week2BarHighChangeGT2,weekHighGTweek2High,",-2.4702126861489573,1,0,1
"PCTChangeLT-1,_LTGT1.5_,,,%%:buyDownTrend-month3Low,",-3.019131176961926,2,0,2
"PCTChangeGT8,_HTGT3.0_,,,chisBuyDayHighVolLow-0,##MAPositive_Uptrend(GT4.5),##MA-SMA200LT0SMA100GT0,",-3.9074716257862643,1,0,1
"PCTChangeLT-3,,,,%%checkCupDown-2dayDown-continue,%%HLTF-Last2DayMarketDown:(GLOBAL-UP)buyHighUpperTailPre1-Reversal-LastDayMarketDown,chisDownTrend-Risky-nearHigh,",-1.4285747821514423,1,0,1
"PCTChangeLT-5,_HTGT1.5_,,,volBuyReversalLast2DayDown-VolDown,##MANegative_Downtrend_(LT-4.5),##MA-SMA200LT0SMA100LT0,chisBuyDayLowVolLow,",1.1494252873563184,1,1,0
"PCTChangeLT-2,_LTGT1.5_,,,volSellContinueLast2DayDown-VolUp,(GLOBALFUTDOWN-DOWNTRENDMARKET)checkSellConsolidationBreakDown-week2-lowNotReachedWeek3,week2BarLowChangeLT0,weekLowLTweek2Low,(SMA9LT0),",1.0738052026618332,1,1,0
"PCTChangeGT3,,,,volBuyContinueLast2DayUp-VolUp,chisCheckConsolidationBreakoutLT(4.5),checkBuyConsolidationBreakUp-2week,week2BarHighChangeGT2,chisSell-2week-breakoutup,",-2.0206913463836162,1,0,1
"PCTChangeGT1,,,,%%:sellUpTrend-month3High,##MAPositive_Uptrend(GT2),##MA-SMA200GT0SMA100GT0,",1.8603347997968591,6,5,1
"PCTChangeLT-3,,,,weekBarLowChangeLT0,brokenToday,##DOWNTREND:sellMonth3LowBreak,",-0.825262788180233,3,0,3
"PCTChangeLT-1,year2Low,_LTGT3.0_,,,buyMorningStar-HighLowerTail-(checkChart),%%:buyDownTrend-month3Low,",-5.60214791246639,1,0,1
"PCTChangeLT-2,,,,VOL:buy-DownVol-3dayDown-Week2High,##DOWNTREND:sellMonth6High(InDownTrend),##(Check-chart-buy):month3High-InMinus,BreakHighMonth3,",-0.6548732073384302,1,0,1
"PCTChangeLT-2,_HTGT1.5__LTGT1.5_,,,chisDownTrend-Risky-nearHigh,##(Check-chart-buy):month3High-InMinus,ReversalHighMonth3,",-1.4846356639254048,2,0,2
"PCTChangeLT-2,,,,chisDownTrend-Risky-nearHigh,##(check-chart)buyEMA6<EMA14,",-4.825170556982093,1,0,1
"PCTChangeGT3,year2High,_HTGT3.0_,,,volSellVolumeUpsergedLast2n3DayDown,##last2DayHighGT3-M3HGT0,",3.861186764998433,1,1,0
"PCTChangeLT-2,,,,volumeUpsergedLast2n3n4DayUp,(GLOBALFUTDOWN-DOWNTRENDMARKET)checkSellConsolidationBreakDown-week2-lowNotReachedWeek3,week2BarLowChangeLT0,chisDownTrend-Risky-nearHigh,##DOWNTREND:sellMonth3HighReversal(InDownTrend),##(Check-chart-buy):month3High-InMinus,ReversalHighMonth3,##(check-chart)maySell-EMA6-MT-May-LT-EMA14,",-0.830850748597144,1,0,1
"PCTChangeLT-2,,,,volBuyReversalLast2DayDown-VolDown,##longDownTrend-2-IndexNotDownLastDay(checkBase),chisSellDownTrend-nearHigh,##ML:buyRisingMA-down-Risky,",-0.32079501985867576,1,0,1
"PCTChangeGT0,_LTGT1.5_,,,%%HLTF:(SGXNIFTYUP)buyHighLowerTail-Continue,",-0.9718396157012369,6,3,3
"PCTChangeLT-1,_LTGT1.5_,,,##(Test):buyRisingMA-uptrend-SMA25gt0,",1.4323563208322379,5,4,1
"PCTChangeLT-3,,,,%%:checkSell:Flag2Week,chisBuyFinalContinue-(lastDayUp),sellFinal,##longDownTrend-0-IndexNotDownLastDay(checkBase),",1.1331866468257268,1,1,0
"PCTChangeLT-2,_HTGT3.0__LTGT1.5__HTGTPCTDayChange_,,,chisDownTrend-Risky-nearHigh,##DOWNTREND:sellYear2HighReversal(InDownTrend),##(Check-chart-buy):month3High-InMinus,ReversalHighMonth3,",1.1856066329193278,1,1,0
"PCTChangeLT-2,,,,chisSellFlagWeek-Risky,volSellContinueLast2DayDown-VolUp,",1.191173333367444,1,1,0
"PCTChangeGT12,,,,volumeUpsergedLast2n3n4DayDown,volBuyContinueLast2DayUp-VolUp,",-2.753582032170654,3,0,3
"PCTChangeLT-3,_LTGT1.5_,,,%%checkCupDown-2dayDown-continue,",4.462727849447424,1,1,0
"PCTChangeLT-3,_LTGT1.5_,,,##MANegative_Downtrend_(LT-2),##MA-SMA200LT0SMA100LT0,##last2DayLow(LT-3)-M3LLT0,",1.5320151070947983,4,3,1
"PCTChangeLT-0.5,_HTGT1.5__LTGT1.5__HTGTPCTDayChange__LTGTPCTDayChange_,,,volBuyReversalLast2DayDown-VolUp,chisDownTrend-Risky-nearHigh,",-1.8218407409415045,1,0,1
"PCTChangeGT1,_HTGT1.5_,,,(SMA9GT0),##MAPositive_Uptrend(GT2),##MA-SMA200GT0SMA100GT0,",0.060016376011357335,1,1,0
"PCTChangeLT-0.5,_HTGT1.5_,,,chisSell:Super03-monthLow,volBuyReversalLast2DayDown-VolDown,",-5.019860672759968,1,0,1
"PCTChangeGT3,_HTGT1.5__LTGT1.5_,,,##last2DayHighGT3-M3HLT0,",-0.7177643594603971,7,3,4
"PCTChangeLT-5,_HTGT3.0__HTGTPCTDayChange_,,,chisSellFlag2Week-Risky,chisDownTrend-Risky-nearHigh,",1.014927455357142,1,1,0
"PCTChangeLT-2,,,,checkSellConsolidationBreakDown-2week,week2BarLowChangeLT0,sellPatternsML,",-2.857140132359098,1,0,1
"PCTChangeGT1,_HTGT3.0__HTGTPCTDayChange_,,,%%HLTF-Last2HighTail:(UPTREND)buy(DOWNTREND)sell:HighUpperTailPre-last2DayUp,%%HLTF:(DOWNTREND-OR-GLOBALDOWN)maySellTail-tailGT2-2,3,4thDayGT0,",0.798481408180841,1,1,0
"PCTChangeLT-1,_LTGT3.0_,,,##MANegative_Downtrend_(LT-2),##MA-SMA200GT0SMA100LT0,%%:buyDownTrend-month3Low,",-0.7923036843802231,1,0,1
"PCTDayChangeLT0,PCDayChange-0.5to0.5,_HTGT1.5__LTGT3.0_,,,%%HLTF:(GLOBAL-UP)buyHighLowerTail-LastDayMarketUp,",-3.4120716249990237,1,0,1
"PCTChangeGT1,_LTGT1.5_,,,%%:checkSell:CupDownDoji,checkCupDown-lastDayUp,",1.3436172080803135,2,1,1
"PCTChangeLT-5,year2High,_LTGT1.5_,,,(GLOBALFUTDOWN-DOWNTRENDMARKET)checkSellConsolidationBreakDown-week2-lowNotReachedWeek3,week2BarLowChangeLT0,",-1.2221393405937515,1,0,1
"PCTChangeGT12,,,,chisSellYear2LowLT-40-last4DayDown(triggerAfter-9:15),",-3.2088405616325937,1,0,1
"PCTChangeGT5,PCDayChange-0.5to0.5,_HTGT3.0__LTGT3.0_,,,##MA-SMA200GT0SMA100GT0,",2.8165102988314246,1,1,0
"PCDCGT0PCTDayChangeLT0,PCDayChange-0.5to0.5,_HTGT1.5_,,,%%:sellDowntrend-lastDayUp-ReversalHighTail,##(Test)(check-chart)-sellSMADownTrend,",0.9859781988299026,3,3,0
"PCTChangeLT-2,_LTGT1.5_,,,%%:checkSell:Flag2Week,volumeUpsergedLast2n3n4DayUp,volSellContinueLast2DayDown-VolUp,",-0.13401936009986062,1,0,1
"PCTChangeGT3,,,,##(Check-chart-sell):month3Low-InPlus,ReversalLowMonth3,",-1.1260785901016004,9,3,6
"PCTChangeLT-3,year2Low,,,,VOL:buy-UpVol-3dayDown-Week2Low,##last2DayLow(LT-3)-M3LLT0,",-1.0056774069852545,2,0,2
"PCTChangeLT-1,,,,chisSellFlagWeek-Risky,chisSellDownTrend-nearHigh,##(Check-chart-buy):month3High-InMinus,ReversalHighMonth3,",-2.920683796446456,1,0,1
"PCTChangeLT-3,_HTGT1.5_,,,##DOWNTREND:sellMonth3HighReversal(InDownTrend),##(Check-chart-buy):month3High-InMinus,ReversalHighMonth3,",4.308679709480506,1,1,0
"PCTChangeGT12,year2Low,_HTGT1.5__LTGT3.0_,,,chisSellYear2LowLT-40-last4DayDown(triggerAfter-9:15),",2.7419367144184728,1,1,0
"PCTChangeGT3,year2High,_HTGT3.0_,,,weekBarHighChangeGT2,",-1.5629067388465343,3,1,2
"PCTChangeGT1,year2High,_HTGT3.0__LTGT3.0__HTGTPCTDayChange_,,,chisCheckConsolidationBreakoutGT(4.5),weekBarHighChangeGT0,",2.9930104075611825,1,1,0
"PCTChangeLT-2,_LTGT3.0_,,,chisDownTrend-Risky-nearHigh,##(Check-chart-buy):month6High-InMinus,ReversalHighMonth6,",0.1390785380109488,1,1,0
"PCTChangeGT3,year2High,,,,volumeUpsergedLast2n3n4DayDown,weekBarHighChangeGT2,",-2.7082710122240914,4,0,4
"PCTChangeGT3,_LTGT3.0_,,,volBuyVolumeUpsergedLast2n3DayDown,##buyTenDaysLessThanMinusTen,",-0.24225026403957486,4,3,1
"PCTChangeLT-0.5,PCDayChange-0.5to0.5,,,,(SMA9GT0),mayBuyFromSellPattern-GT1.8,",0.4473771244538385,3,3,0
"PCTChangeLT-2,year2High,,,,chisSellConsolidationBreakDown-forecastDayPCT7LT0,",-1.574342817230424,2,0,2
"PCTChangeLT-1,_LTGT3.0_,,,chisSellDayLowVolLow-01,",1.2790650360344047,1,1,0
"PCTChangeLT-5,year2Low,_LTGT1.5_,,,volSellContinueLast2DayDown-VolUp,",2.4335158491099755,1,1,0
"PCTChangeLT-2,,,,volBuyReversalLast2DayDown-VolDown,##sellTenDaysMoreThanTen,",-0.7757196323877987,3,1,2
"PCTChangeGT2,,,,chisUpTrend-Risky-nearLow,volSellVolumeUpsergedLast2n3DayDown,##UPTREND:buyYear2LowReversal(Confirm),",-1.5145607364987939,1,0,1
"PCTChangeLT-12,year2Low,_LTGT3.0_,,,VOL:sellAboveTail-BuyAtClose:upVol3dayDownWeek2Low-highLowerTail,chisBuyYear2Low,BreakLowYear2,",2.1225409026815827,2,2,0
"PCTChangeLT-1,_HTGT1.5__LTGT1.5_,,,##(Check-chart-buy):month3High-InMinus,ReversalHighMonth3,",1.7568786849326123,5,3,2
"PCTChangeGT0,,,,chisSellDowningMA-(check5MinuteDownTrendAndSellDowntrend)-Already10DayDown,(SMA9LT0),",-0.7643292663963072,1,0,1
"PCTChangeGT3,year2High,_HTGT3.0__HTGTPCTDayChange_,,,%%HLTF-Last2HighTail:(UPTREND)buy(DOWNTREND)sell:HighUpperTailPre-last2DayUp,%%:sellUpTrend-month3High,volumeUpsergedLast2n3n4DayDown,##lastDayHighGT5TodayGT1,",-4.693311277244134,1,0,1
"PCTChangeLT-16,_HTGT3.0_,,,##MANegative_Downtrend_(LT-4.5),##MA-SMA200LT0SMA100LT0,",3.0557138192116433,3,1,2
"PCTChangeGT2,_HTGT3.0__LTGT1.5_,,,##UPTREND:buyMonth3LowReversal(Confirm),",-7.342856270926341,1,0,1
"PCTChangeLT-1,_HTGT1.5__HTGTPCTDayChange_,,,(GLOBALFUTDOWN-DOWNTRENDMARKET)checkSellConsolidationBreakDown-week2-lowNotReachedWeek3,week2BarLowChangeLT-2,weekLowLTweek2Low,chisDownTrend-Risky-nearHigh,##(Check-chart-buy):month3High-InMinus,ReversalHighMonth3,",-2.0210539165296004,1,0,1
"PCTChangeGT0,_HTGT1.5__LTGT1.5_,,,chisSellSMA4Reversal,",-1.3749980926513674,1,0,1
"PCTChangeGT3,,,,chisCheckConsolidationBreakout2WeekLT(4.5),(GLOBALFUTUP-UPTRENDMARKET)checkBuyConsolidationBreakUp-week2-highNotReachedWeek3,week2BarHighChangeGT2,brokenToday,",-1.160337552742624,1,0,1
"PCTDayChangeLT0,_LTGT1.5_,,,chisSellDownTrend-nearHigh,(Test)(check-chart-2-3MidCapCross)MayBuyCheckChart-Risky,",-0.9457455918002641,1,0,1
"PCTChangeLT-1,PCDayChange-0.5to0.5,_LTGT1.5_,,,chisSellSuper-Risky,--,##MANegative_Downtrend_(LT0),##MA-SMA200LT0SMA100LT0,",1.9662121172641287,1,1,0
"PCTChangeLT-8,,,,maySellAfter10:30HighVolatileDownContinueLT-8-Risky,volSellContinueLast2DayDown-VolUp,##MANegative_Downtrend_(LT-4.5),##MA-SMA200LT0SMA100LT0,",-1.1857362125381081,1,0,1
"PCTChangeLT-1,PCDayChange-0.5to0.5,_HTGT1.5_,,,chisSellSuper-Risky,--,",0.6006833768519725,3,1,2
"PCTChangeLT-8,_HTGT1.5__LTGT1.5_,,,(GLOBAL-DOWN)maySellContinueHighVolatileLastDayDOWN-month3LowGT0-(LT-8),chisDownTrend-Risky-nearHigh,##MANegative_Downtrend_(LT-4.5),##MA-SMA200GT0SMA100LT0,zigZagVolCrossedFromUp,",-3.303570217556426,1,0,1
"PCTDayChangeLT0,PCDayChange-0.5to0.5,year2Low,,,,MayBuyCheckChart-(|`|_|),",-1.696832579185516,1,0,1
"PCTChangeLT-3,_HTGT3.0__HTGTPCTDayChange_,,,##longDownTrend-2-IndexNotDownLastDay(checkBase),chisSellDownTrend-nearHigh,",2.1986836296813346,1,1,0
"PCTChangeGT0,PCDayChange-0.5to0.5,year2High,_HTGT3.0_,,,%%HLTF:(UPTREND-MorningTrend-UP)mayBuyTail-highTailGT2-7,10thDayGT10-Last2DayStockDown,",-0.8456591639871383,1,0,1
"PCTChangeGT2,_LTGT3.0_,,,%%HLTF:(SGXNIFTYUP)buyHighLowerTail-Continue,chisBuyYearHigh-3,",0.1418791960992385,2,1,1
"PCTChangeLT-3,_HTGT1.5_,,,zigZagVolCrossedFromUp,##(Check-chart-buy):month3High-InMinus,NearHighMonth3,",-4.29821124536658,1,0,1
"PCTChangeLT-1,,,,%%HLTF-Last2DayMarketDown:(GLOBAL-UP)buyHighUpperTailPre1-Reversal-LastDayMarketDown,chisSellDownTrend-nearHigh,chisSellUpTrend-Risky-2,",-1.0945490056818283,1,0,1
"PCTChangeLT-1,_LTGT3.0_,,,%%HLTF:(GLOBAL-DOWN)sellHighLowerTail-Reversal-LastDayMarketUp,",0.13582989131553752,20,10,10
"PCTChangeGT3,_LTGT1.5_,,,##MA-SMA200GT0SMA100GT0,",-1.2155007125124795,2,0,2
"PCTChangeLT-3,_HTGT1.5_,,,chisSellDownTrend-nearHigh,##DOWNTREND:sellYearHighReversal(InDownTrend),##last2DayLow(LT-3)-M3LGT0,##(Check-chart-buy):month3High-InMinus,ReversalHighMonth3,",4.839450941173299,1,1,0
"PCTChangeLT-1,,,,##(check-chart)buyEMA6<EMA14,",-2.5471698113207637,1,0,1
"PCTChangeGT1,year2High,,,,week2BarHighChangeGT0,weekHighGTweek2High,",-1.067469847526421,1,0,1
"PCTChangeGT5,,,,weekBarHighChangeGT2,##MAPositive_Uptrend(GT4.5),##MA-SMA200LT0SMA100GT0,",0.13380813207174122,1,1,0
"PCTChangeGT3,_LTGT1.5_,,,weekBarHighChangeGT2,##MAPositive_Uptrend(GT2),##MA-SMA200GT0SMA100GT0,##last2DayHighGT3-M3HLT0,",1.472149370460251,1,1,0
"PCTChangeLT-0.5,,,,weekBarLowChangeLT0,",0.01330903248809549,35,13,22
"PCTChangeLT-2,,,,volSellVolumeUpsergedLast2n3DayUp,volSellContinueLast2DayDown-VolUp,##(Check-chart-buy):month3High-InMinus,ReversalHighMonth3,",-0.9822696956741844,2,1,1
"PCTChangeGT3,year2High,_HTGT3.0__LTGT1.5__HTGTPCTDayChange__LTGTPCTDayChange_,,,%%HLTF-Last2HighTail:(UPTREND)buy(DOWNTREND)sell:HighUpperTailPre-last2DayUp,",1.6261886810563797,1,1,0
"PCTChangeLT-0.5,_HTGT1.5_,,,##MAPositive_Uptrend(LT0),##MA-SMA200LT0SMA100LT0,",4.0074952086259366,1,1,0
"PCTChangeGT3,year2High,_HTGT1.5_,,,volumeUpsergedLast2n3n4DayDown,volBuyContinueLast2DayUp-VolUp,",1.8843062477281423,4,3,1
"PCTChangeGT2,year2High,,,,vol-sell-DownVol-3dayUp-Week2High,",-0.03880226455554968,38,17,21
"PCTChangeGT1,,,,chisSellUpTrend-2,chisCheckConsolidationBreakoutLT(4.5),weekBarHighChangeGT0,",5.020611653605102,1,1,0
"PCDCLT0PCTChangeGT1,year2High,_LTGT3.0_,,,%%HLTF-Last2DayMarketUp:(GLOBAL-DOWN)sellHighLowerTail-Reversal-LastDayMarketUp,",-5.511364792332498,1,0,1
"PCTChangeLT-3,,,,weekBarLowChangeLT0,brokenToday,##MANegative_Downtrend_(LT-2),##MA-SMA200GT0SMA100LT0,##DOWNTREND:sellMonth3LowBreak,",2.1645922295548474,1,1,0
"PCTChangeGT5,year2High,_HTGT1.5_,,,volBuyContinueLast2DayUp-VolUp,",-0.23489928261614987,9,3,6
"PCTChangeLT-3,,,,vol-buy-DownVol-3dayDown-Week2Low,##MANegative_Downtrend_(LT-2),##MA-SMA200LT0SMA100LT0,##last2DayLow(LT-3)-M3LLT0,",3.3156499440588134,1,1,0
"PCTChangeGT3,,,,VOL:sell-UpVol-3dayUp-Week2High,chisBuy-2week-breakoutup(check-chart)(|-|-| or --|),",-1.8591516436590871,2,0,2
"PCTChangeGT3,,,,volSellVolumeUpsergedLast2n3DayDown,checkBuyConsolidationBreakUp-2week,week2BarHighChangeGT2,weekHighGTweek2High,",-2.0918367346938753,1,0,1
"PCTChangeGT3,_HTGT1.5_,,,(GLOBALFUTUP-UPTRENDMARKET)checkBuyConsolidationBreakUp-week2-highNotReachedWeek3,week2BarHighChangeGT2,weekHighGTweek2High,brokenToday,",-2.2330939133396353,1,0,1
"PCTChangeLT-1,_HTGT1.5__HTGTPCTDayChange_,,,##ML:BuyRisingMA-Risky-1,",-2.25085491167311,1,0,1
"PCTChangeLT-3,,,,checkCupDown-2dayDown-mayReversalBuy,##DOWNTREND:sellYear2HighReversal(InDownTrend),##(Check-chart-buy):YearHigh-InMinus,ReversalHighYear,",-2.282303370786519,1,0,1
"PCTChangeGT1,_HTGT1.5__LTGT1.5_,,,##MAPositive_Uptrend(GT0),##MA-SMA200LT0SMA100GT0,",-0.3775142279890997,1,0,1
"PCTChangeLT-3,,,,vol-buy-DownVol-3dayDown-Week2Low,weekBarLowChangeLT-2,brokenToday,",1.509401981566779,2,1,1
"PCTChangeGT5,_HTGT1.5__LTGT1.5_,,,##MAPositive_Uptrend(GT2),##MA-SMA200GT0SMA100GT0,",4.152946097811131,2,2,0
"PCTChangeLT-3,,,,checkCupDown-2dayDown-mayReversalBuy,volumeUpsergedLast2n3n4DayUp,##last2DayLow(LT-3)-M3LGT0,",2.326528696402209,1,1,0
"PCDCLT0PCTChangeGT1,PCDayChange-0.5to0.5,_HTGT1.5_,,,##MA-SMA200LT0SMA100GT0,",-2.3031174031973802,1,0,1
"PCTChangeLT-0.5,_LTGT1.5_,,,volBuyReversalLast2DayDown-VolUp,chisSellDownTrend-nearHigh,",2.820374194609994,2,2,0
"PCTChangeLT-2,_HTGT1.5__LTGT3.0__LTGTPCTDayChange_,,,checkCupDown-3dayDown-mayReversalBuy,##MANegative_Downtrend_(LT-2),##MA-SMA200LT0SMA100LT0,",-3.770739064856706,1,0,1
"PCTChangeLT-5,_HTGT3.0_,,,##DOWNTREND:sellYear2HighReversal(InDownTrend),##last2DayLow(LT-3)-M3LGT0,",0.495458298926507,1,1,0
"PCTChangeGT1,_HTGT1.5_,,,%%HLTF-Risky9:30:maySellTail-tailGT2-7,10thDayGT15,",1.6532258064516216,1,1,0
"PCTChangeGT5,_HTGT1.5__HTGTPCTDayChange_,,,week2BarHighChangeGT0,",-1.9829007510541206,1,0,1
"PCTChangeLT-2,year2High,_HTGT3.0__HTGTPCTDayChange_,,,VOL:sell(GLOBALFUTUP-GLOBALMARKETUP)Buy-UpVol-3dayDown-Week2High,",3.1430873101844683,1,1,0
"PCTChangeLT-2,_HTGT1.5_,,,chisSell-smallUptrendReversal,##sellTenDaysMoreThanTen,",-4.382944539757254,1,0,1
"PCTChangeGT1,PCDayChange-0.5to0.5,_HTGT1.5__LTGT3.0_,,,chisSellDowningMA-(check5MinuteDownTrendAndSellDowntrend)-Already10DayDown,",-0.9894996435406537,2,1,1
"PCTChangeLT-2,,,,checkCupDown-near2WeekDown-mayReveresalBuy,##DOWNTREND:sellYear2HighReversal(InDownTrend),",-0.13757537070210085,2,1,1
"PCTChangeLT-3,_HTGT1.5_,,,chisSellFlagWeek-Risky,",-0.3614429456290728,3,1,2
"PCTChangeGT5,,,,VOL:sell-UpVol-3dayUp-Week2High,weekBarHighChangeGT5,##MAPositive_Uptrend(GT4.5),##MA-SMA200GT0SMA100GT0,",0.8974983370436326,3,1,2
"PCTDayChangeLT0,_LTGT1.5_,,,%%:checkSell:CupDownDoji-lastDayLT(-2)TodayDoji,chisSellDownTrend-nearHigh,",1.7556337638136084,1,1,0
"PCTChangeLT-1,,,,volSellVolumeUpsergedLast2n3DayUp,volSellContinueLast2DayDown-VolUp,sellFinal,chisSellDownTrend-nearHigh,##(Check-chart-buy):month3High-InMinus,NearHighMonth3,",-0.7124188389491121,1,0,1
"PCTChangeGT3,_HTGT1.5__HTGTPCTDayChange_,,,week2BarHighChangeGT0,brokenToday,",-0.6550423570684136,1,0,1
"PCDCLT0PCTChangeGT0,PCDayChange-0.5to0.5,_LTGT1.5_,,,%%:checkSell:CupDownDoji-lastDayLT(-2)TodayDoji,%%HLTF:(GLOBAL-DOWN)sellHighLowerTail-Reversal-LastDayMarketUp,",2.292703394716696,2,2,0
"PCTChangeLT-1,_HTGT1.5_,,,volBuyReversalLast2DayDown-VolUp,chisDownTrend-Risky-nearHigh,",-1.162873228337141,1,0,1
"PCDCLT0PCTChangeGT0,PCDayChange-0.5to0.5,_LTGT1.5_,,,buyMayYear2LowBreakingUp,",-2.911718797394699,2,0,2
"PCTChangeGT8,year2High,_HTGT1.5__LTGT1.5_,,,volBuyContinueLast2DayUp-VolUp,",-5.539854261988036,1,0,1
"PCTChangeLT-2,year2High,,,,VOL:sell(GLOBALFUTUP-GLOBALMARKETUP)Buy-UpVol-3dayDown-Week2High,",0.4987495103272825,7,5,2
"PCTChangeGT5,_LTGT1.5_,,,(GLOBALFUTUP-UPTRENDMARKET)checkBuyConsolidationBreakUp-week2-highNotReachedWeek3,week2BarHighChangeGT2,##(check-chart)sellEMA6>EMA14,",-6.153846153846159,1,0,1
"PCTChangeGT1,_LTGT1.5_,,,volBuyVolumeUpsergedLast2n3DayDown,(SMA9LT0),",-0.23809766012523695,1,0,1
"PCDCGT0PCTDayChangeLT0,PCDayChange-0.5to0.5,_HTGT1.5_,,,%%:checkSell:Super2,-+,%%:sellDowntrend-lastDayUp-ReversalHighTail,",1.5706811915925065,1,1,0
"PCTChangeEQ0,_LTGT3.0_,,,chisBuyYearHigh-3,",-0.88782416918627,1,0,1
"PCTChangeLT-3,,,,volBuyVolumeUpsergedLast2n3DayUp,##MANegative_Downtrend_(LT-2),##MA-SMA200GT0SMA100LT0,##last2DayLow(LT-3)-M3LLT0,",1.434720292373306,1,1,0
"PCTChangeLT-2,_HTGT1.5__LTGT1.5_,,,weekBarLowChangeLT-2,##MANegative_Downtrend_(LT-2),##MA-SMA200LT0SMA100LT0,##DOWNTREND:sellMonth3LowBreak,",4.154240469223949,1,1,0
"PCTChangeLT-12,_HTGT1.5_,,,maySellHighVolatileDownContinueLT-8,##MANegative_Downtrend_(LT-4.5),##MA-SMA200LT0SMA100LT0,",15.106104033695306,1,1,0
"PCTChangeLT-5,,,,chisRSISellCandidate(yearLow)-lessThanMinus5,##MANegative_Downtrend_(LT-4.5),##MA-SMA200LT0SMA100LT0,",-2.3973721406612998,1,0,1
"PCTChangeGT2,_LTGT1.5_,,,volBuyContinueLast2DayUp-VolUp,BuyYearLow,",6.603562115029928,1,1,0
"PCTChangeGT3,_HTGT1.5_,,,(Test)sellHeavyUpTrend-Reversal-1,volBuyContinueLast2DayUp-VolUp,(GLOBALFUTUP-UPTRENDMARKET)checkBuyConsolidationBreakUp-week2-highNotReachedWeek3,week2BarHighChangeGT2,",-1.5894066682188321,1,0,1
"PCTChangeLT-3,,,,VOL:sell(GLOBALFUTUP-GLOBALMARKETUP)Buy-UpVol-3dayDown-Week2High,##last2DayLow(LT-3)-M3LGT0,",-2.1011786859791006,1,0,1
"PCTChangeLT-3,_HTGT3.0__LTGT1.5__HTGTPCTDayChange_,,,volSellContinueLast2DayDown-VolUp,",1.0395693466266356,2,1,1
"PCTChangeGT5,,,,volSellReversalLast2DayUp-VolDown,(GLOBALFUTUP-UPTRENDMARKET)checkBuyConsolidationBreakUp-week2-highNotReachedWeek3,week2BarHighChangeGT2,",0.04595243670384305,1,1,0
"PCTChangeGT1,,,,week2BarHighChangeGT2,weekHighGTweek2High,buyYearHigh-0,",-1.010953676442537,1,0,1
"PCTChangeGT2,_HTGT3.0__HTGTPCTDayChange_,,,sellEveningStar-0,##MAPositive_Uptrend(GT2),##MA-SMA200GT0SMA100GT0,",1.3638842820549963,1,1,0
"PCTChangeGT1,_LTGT1.5_,,,##MAPositive_Uptrend(GT2),##MA-SMA200LT0SMA100GT0,",-1.0844714209930397,1,0,1
"PCTChangeLT-0.5,PCDayChange-0.5to0.5,_HTGT3.0_,,,(SMA9GT0),",3.5548653681157187,1,1,0
"PCTChangeLT-3,year2Low,_HTGT3.0__HTGTPCTDayChange_,,,weekBarLowChangeLT0,brokenToday,",-2.5208346048990813,1,0,1
"PCTChangeLT-5,,,,##MANegative_Downtrend_(LT-4.5),##MA-SMA200GT0SMA100LT0,##DOWNTREND:sellMonth3LowBreak,",1.186239649032149,1,1,0
"PCTChangeGT5,_LTGT1.5_,,,weekBarHighChangeGT5,##MAPositive_Uptrend(GT2),##MA-SMA200GT0SMA100GT0,",-0.6493506493506533,1,0,1
"PCTChangeGT1,year2High,_HTGT1.5__HTGTPCTDayChange_,,,(Test)(check-chart-2-3MidCapCross)MaySellCheckChart-Risky,MaySellCheckChart-(IndexNotDownInSecondHalf),week2BarHighChangeGT2,",1.4009169420516472,1,1,0
"PCTChangeLT-0.5,PCDayChange-0.5to0.5,_LTGT1.5_,,,%%HLTF:sellStockInUptrendReversal,",2.452073297186648,1,1,0
"PCTChangeGT2,year2High,,,,shortUpTrendSellReversal-MonthHigh,weekBarHighChangeGT2,",-1.4017533368020352,4,0,4
"PCTChangeLT-2,_HTGT1.5__LTGT3.0__LTGTPCTDayChange_,,,volBuyReversalLast2DayDown-VolDown,(GLOBALFUTDOWN-DOWNTRENDMARKET)checkSellConsolidationBreakDown-week2-lowNotReachedWeek3,week2BarLowChangeLT0,weekLowLTweek2Low,##(Check-chart-buy):YearHigh-InMinus,NearHighYear,",0.9645372755984146,1,1,0
"PCTChangeGT2,,,,chisBuyUpTrend-1-YearHigh,chisCheckConsolidationBreakoutLT(4.5),",1.5148580197111778,4,2,2
"PCTChangeLT-1,_LTGT1.5_,,,shortDownTrendSellContinue-Doji-Last2DayLTToday,$$MayBuy-CheckChart(downTrend-mayReverseLast4DaysDown)-Risky,",-3.0066650390625114,1,0,1
"PCTChangeLT-0.5,,,,%%:checkSell:Super01-monthLow,shortDownTrendSellContinue-Doji-Last2DayLTToday,",6.531598514414794,1,1,0
"PCTChangeGT5,_LTGT3.0_,,,zigZagVolCrossedFromDown,",-1.025288690930398,3,0,3
"PCDCLT0PCTChangeGT1,PCDayChange-0.5to0.5,,,,##MANegative_Downtrend_(LT0),##MA-SMA200LT0SMA100LT0,",-0.13636502352628196,1,0,1
"PCTChangeLT-1,,,,checkCupDown-2dayDown-mayReversalBuy,##sellRisingMA,",3.405368076074508,1,1,0
"PCTChangeGT3,_HTGT1.5__LTGT1.5_,,,##MAPositive_Uptrend(GT2),##MA-SMA200LT0SMA100GT0,##last2DayHighGT3-M3HGT0,",0.388887193467882,1,1,0
"PCTChangeGT3,,,,volumeUpsergedLast2n3n4DayDown,week2BarHighChangeGT0,weekHighGTweek2High,brokenToday,",0.13912075917953973,1,1,0
"PCTChangeLT-0.5,PCDayChange-0.5to0.5,,,,shortDownTrendSellContinue-Doji-Last2DayLTToday,",-0.40494788432780726,14,4,10
"PCTChangeLT-1,PCDayChange-0.5to0.5,_HTGT3.0_,,,%%:checkSell:Super01-monthLow,",-1.5174807915050965,2,1,1
"PCTChangeGT2,,,,volSellVolumeUpsergedLast2n3DayDown,chisCheckConsolidationBreakoutLT(4.5),(GLOBALFUTUP-UPTRENDMARKET)checkBuyConsolidationBreakUp-week2-highNotReachedWeek3,week2BarHighChangeGT2,weekHighGTweek2High,brokenToday,",-2.255639097744362,1,0,1
"PCTChangeLT-1,,,,%%:check(UPTREND-UPMARKET)Buy(DOWNTRENDTREND-DOWNMARKET)Sell:Super01-monthLow,##(Check-chart-sell)Month3Low-Continue(InUpTrend),ReversalLowMonth3,",-0.753566640943224,1,0,1
"PCTChangeGT2,_HTGT1.5__LTGT3.0__HTGTPCTDayChange__LTGTPCTDayChange_,,,%%HLTF:(SGXNIFTYUP)buyHighLowerTail-Continue,",-9.143741978656697,1,0,1
"PCTChangeLT-2,_LTGT1.5_,,,(GLOBALFUTDOWN-DOWNTRENDMARKET)checkSellConsolidationBreakDown-week2-lowNotReachedWeek3,week2BarLowChangeLT0,weekLowLTweek2Low,chisDownTrend-Risky-nearHigh,##(Check-chart-buy):month3High-InMinus,ReversalHighMonth3,",-0.9956609470060234,2,0,2
"PCTChangeGT3,year2High,_HTGT1.5_,,,%%:sellUpTrend-month3High,",1.3707451288946162,8,6,2
"PCDCLT0PCTChangeGT0,PCDayChange-0.5to0.5,_HTGT3.0_,,,%%HLTF:maySellTail-tailGT2-allDayGT0,",1.9751739663740882,3,2,1
"PCTChangeLT-3,,,,checkCupDown-near2WeekDown-mayReveresalBuy,##DOWNTREND:sellYear2HighReversal(InDownTrend),##last2DayLow(LT-3)-M3LGT0,##(Check-chart-buy):month3High-InMinus,ReversalHighMonth3,",-0.4007586996063982,1,0,1
"PCTChangeLT-2,PCDayChange-0.5to0.5,_HTGT1.5_,,,%%HLTF:maySellTail-tailGT2-7,10thDayGT0,chisBuyYearHigh-3,",2.373337518601187,1,1,0
"PCTChangeLT-0.5,_HTGT1.5_,,,%%:checkSell:CupDownDoji-lastDayLT(-2)TodayDoji,",-1.2771262969896824,3,0,3
"PCTChangeGT0,,,,(GLOBALFUTUP-UPTRENDMARKET)checkBuyConsolidationBreakUp-week2-highNotReachedWeek3,week2BarHighChangeGT0,weekHighGTweek2High,",0.8226289614043962,2,1,1
"PCTChangeLT-3,_LTGT1.5_,,,(GLOBALFUTDOWN-DOWNTRENDMARKET)checkSellConsolidationBreakDown-week2-lowNotReachedWeek3,week2BarLowChangeLT-2,weekLowLTweek2Low,##(Check-chart-buy):month3High-InMinus,ReversalHighMonth3,",-5.595742083610362,1,0,1
"PCTChangeLT-0.5,,,,%%:check(UPTREND-UPMARKET)Buy(DOWNTRENDTREND-DOWNMARKET)Sell:Super01-monthLow,weekBarLowChangeLT0,brokenToday,",-1.9588890214064287,1,0,1
"PCTChangeGT2,_HTGT3.0_,,,##MA-SMA200LT0SMA100LT0,",5.616436265919306,1,1,0
"PCTChangeLT-2,,,,(SMA9LT0),##(Check-chart-buy):month3High-InMinus,ReversalHighMonth3,",-2.591624862682309,1,0,1
"PCTChangeLT-5,,,,VOL:buy-UpVol-3dayDown-Week2Low,##MANegative_Downtrend_(LT-2),##MA-SMA200LT0SMA100LT0,",0.37143089657739475,1,1,0
"PCTChangeLT-3,_LTGT1.5_,,,chisSellDownTrend-nearHigh,##DOWNTREND:sellMonth6HighReversal(InDownTrend),##last2DayLow(LT-3)-M3LGT0,",-0.01937845674209144,1,0,1
"PCTChangeGT0,_LTGT1.5_,,,%%HLTF:(SGXNIFTYUP)buyHighLowerTail-Continue,shortUpTrendBuyContinue-Doji-Last2DayGTToday,",6.05806412235384,1,1,0
"PCTChangeLT-1,_LTGT3.0_,,,volumeUpsergedLast2n3n4DayUp,##(Check-chart-buy):month3High-InMinus,ReversalHighMonth3,",-1.6803259430262483,1,0,1
"PCTChangeLT-2,,,,weekBarLowChangeLT0,sellPatternsML,",-2.326707121863881,1,0,1
"PCTChangeLT-0.5,PCDayChange-0.5to0.5,_HTGT1.5_,,,shortDownTrendSellContinue-Doji-Last2DayLTToday,",-1.5555098517264663,6,1,5
"PCTChangeGT5,year2High,,,,volumeUpsergedLast2n3n4DayDown,volBuyContinueLast2DayUp-VolUp,chisCheckConsolidationBreakoutGT(4.5),",-0.1267253700065087,2,1,1
"PCTChangeLT-1,_HTGT1.5__HTGTPCTDayChange_,,,$$MaySell-CheckChart-baseLine(inDownTrend-monthHigh)-MLCGT10,",-0.375816993464054,1,0,1
"PCTChangeGT3,_HTGT3.0_,,,volBuyContinueLast2DayUp-VolUp,weekBarHighChangeGT2,brokenToday,",-0.6054792767353305,1,0,1
"PCTChangeGT2,,,,buyYearHigh-0,",-0.3279225113437295,45,16,29
"PCTChangeLT-2,_LTGT1.5_,,,%%HLTF:(GLOBAL-DOWN)sellHighLowerTail-Reversal-LastDayMarketUp,volSellVolumeUpsergedLast2n3DayUp,",-3.9742180546551418,1,0,1
"PCTChangeGT1,_HTGT1.5__LTGT1.5__HTGTPCTDayChange__LTGTPCTDayChange_,,,shortUpTrendSellReversal-MonthHigh,volSellReversalLast2DayUp-VolUp,",1.5083725190172113,1,1,0
"PCTChangeLT-5,,,,vol-buy-DownVol-3dayDown-Week2Low,##MANegative_Downtrend_(LT-4.5),##MA-SMA200LT0SMA100LT0,chisBuyDayLowVolLow,",-3.8057742782152286,1,0,1
"PCTChangeGT0.5,PCDayChange-0.5to0.5,_HTGT3.0_,,,%%HLTF-Last2HighTail:(UPTREND)buy(DOWNTREND)sell:HighUpperTailPre-last2DayUp,%%HLTF-Risky9:30:maySellTail-tailGT2-7,10thDayGT15,%%HLTF:(UPTREND-GLOBAL/SGX-UP)BuyHighUpperTail-Reversal-7,10thDayGT15-LastDayMarketDown,",-2.1232848842394407,1,0,1
"PCTChangeLT-2,_HTGT3.0__HTGTPCTDayChange__LTGTPCTDayChange_,,,%%:checkBuyRevarsalLast3DayDownAtMonth3High,",-1.294865278048261,1,0,1
"PCTChangeGT2,_HTGT1.5_,,,maySellFromBuyPattern-LT-1.8,",-3.6798557627380855,2,0,2
"PCTChangeLT-8,_HTGT3.0_,,,chisSell-smallUptrendReversal,",3.7903201195501515,1,1,0
"PCTChangeLT-1,year2High,_LTGT3.0_,,,%%HLTF-Last2DayMarketUp:(GLOBAL-DOWN)sellHighLowerTail-Reversal-LastDayMarketUp,",-3.3149358867980157,2,0,2
"PCTChangeGT3,year2High,_HTGT1.5_,,,%%HLTF-Last2HighTail:(UPTREND)buy(DOWNTREND)sell:HighUpperTailPre-last2DayUp,##last3DayHighGT3-M3HGT0,",-1.2435863113929093,4,1,3
"PCTChangeGT3,,,,zigZagVolCrossedFromDown,##(Check-chart-sell):month3Low-InPlus,ReversalLowMonth3,chisUpTrend-Risky-nearLow,(GLOBALFUTUP-UPTRENDMARKET)checkBuyConsolidationBreakUp-week2-highNotReachedWeek3,week2BarHighChangeGT0,##UPTREND:buyYear2LowReversal(Confirm),",-1.3732587232593593e-14,1,0,1
"PCTChangeGT2,,,,volSellVolumeUpsergedLast2n3DayDown,checkBuyConsolidationBreakout-allPreLT0,",-0.12862432929195664,3,1,2
"PCDCLT0PCTChangeGT1,PCDayChange-0.5to0.5,,,,chisSellSuper-Risky,--,",1.0790172205458353,1,1,0
"PCTChangeGT5,,,,weekBarHighChangeGT2,brokenToday,##(Check-chart):year2High-InPlus,",1.4569562297944998,2,1,1
"PCTChangeLT-1,,,,$$(DOWNTREND-OR-GLOBALDOWN)MaySell-CheckChart-baseLine(inDownTrend-monthHigh)-MLCGT10,",-2.952313685753483,3,0,3
"PCTChangeGT3,PCDayChange-0.5to0.5,_HTGT3.0__LTGT1.5_,,,%%HLTF-Last2HighTail:(UPTREND)buy(DOWNTREND)sell:HighUpperTailPre-last2DayUp,##MA-SMA200GT0SMA100GT0,",-2.0588491827266147,2,0,2
"PCTChangeGT5,,,,volBuyContinueLast2DayUp-VolUp,chisCheckConsolidationBreakoutGT(4.5),(GLOBALFUTUP-UPTRENDMARKET)checkBuyConsolidationBreakUp-week2-highNotReachedWeek3,week2BarHighChangeGT0,brokenToday,",0.6465088364989928,1,1,0
"PCTChangeGT5,,,,volumeUpsergedLast2n3n4DayDown,##MAPositive_Uptrend(GT4.5),##MA-SMA200GT0SMA100GT0,##last2DayHighGT3-M3HLT0,",1.2931276443749704,2,2,0
"PCTChangeLT-2,,,,checkCupDown-near2WeekDown-mayReveresalBuy,week2BarLowChangeLT0,weekLowLTweek2Low,",1.573766489497947,1,1,0
"PCTDayChangeLT0,PCDayChange-0.5to0.5,year2High,_LTGT3.0_,,,%%HLTF:(GLOBAL-DOWN)sellHighLowerTail-Reversal-LastDayMarketUp,",0.09797539928600624,4,2,2
"PCTChangeGT5,,,,chisUpTrend-Risky-nearLow,chisSell-2week-breakoutup,",3.5679209127065112,2,1,1
"PCTChangeLT-3,,,,chisSell-smallUptrendReversal,chisSellFinalCandidate-(lastDayUp)-(highChange),##sellTenDaysMoreThanTen,",-7.221925008815824,1,0,1
"PCTChangeGT0.5,_HTGT3.0_,,,%%HLTF-Risky9:30:maySellTail-tailGT2-7,10thDayGT15,%%HLTF:(UPTREND-GLOBAL/SGX-UP)BuyHighUpperTail-Reversal-7,10thDayGT15-LastDayMarketDown,chisSellEveningStar-2(Check2-3MidCapCross),",5.467757806760213,2,2,0
"PCTChangeGT3,_HTGT3.0__HTGTPCTDayChange_,,,volumeUpsergedLast2n3n4DayDown,##MAPositive_Uptrend(GT2),##MA-SMA200LT0SMA100LT0,##last2DayHighGT3-M3HGT0,",-0.2509229112702324,1,0,1
"PCTChangeLT-1,,,,checkSellConsolidationBreakDown-2week,week2BarLowChangeLT0,##(Check-chart-buy):YearHigh-InMinus,ReversalHighYear,",0.9639706218477184,1,1,0
"PCTChangeLT-2,_HTGT1.5__HTGTPCTDayChange_,,,mayBuyFromSellPattern-GT1.8,",1.8920791912991324,1,1,0
"PCTChangeGT0.5,_HTGT1.5__LTGT1.5_,,,##MAPositive_Uptrend(GT0),##MA-SMA200GT0SMA100GT0,",2.869077379657036,1,1,0
"PCTChangeGT5,,,,chisBuyUpTrend-nearLow,",-0.44871991798987887,28,14,14
"PCTChangeGT1,_HTGT1.5__HTGTPCTDayChange_,,,shortUpTrendSellReversal-MonthHigh-Doji-Last2DayGTToday,",0.9974955880816607,1,1,0
"PCTChangeLT-3,,,,volBuyReversalLast2DayDown-VolDown,chisDownTrend-Risky-nearHigh,##DOWNTREND:sellYear2HighReversal(InDownTrend),##(Check-chart-buy):month3High-InMinus,ReversalHighMonth3,",-0.6374840546304901,1,0,1
"PCTChangeGT2,,,,##(Check-chart-sell):month3Low-InPlus,ReversalLowMonth3,chisUpTrend-Risky-nearLow,##(check-chart)mayBuy-EMA6-LT-May-MT-EMA14,##UPTREND:buyMonth6LowReversal(Confirm),",-0.29949087100313726,1,0,1
"PCTChangeLT-2,_LTGT1.5_,,,weekBarLowChangeLT-2,MayBuyCheckChart-(IndexNotUpInSecondHalf),",-2.141064693473085,2,0,2
"PCTChangeGT5,_HTGT1.5_,,,zigZagVolCrossedFromDown,chisUpTrend-Risky-nearLow,",-4.126651781459394,1,0,1
"PCTChangeLT-3,_LTGT1.5_,,,(GLOBALFUTDOWN-DOWNTRENDMARKET)checkSellConsolidationBreakDown-week2-lowNotReachedWeek3,week2BarLowChangeLT0,weekLowLTweek2Low,chisDownTrend-Risky-nearHigh,##DOWNTREND:sellYearHighReversal(InDownTrend),##(Check-chart-buy):month3High-InMinus,ReversalHighMonth3,",0.7895256865610295,1,1,0
"PCTChangeEQ0,,,,##RisingMA(Test)(check-chart-buy)-2DayUp,",-1.2308392013600356,1,0,1
"PCTChangeLT-3,_HTGT1.5__LTGT1.5_,,,chisSellFinalCandidate-1-(lastDayUp),##longDownTrend-0-IndexNotDownLastDay(checkBase),",1.297599673201436,1,1,0
"PCTDayChangeLT0,PCDayChange-0.5to0.5,_HTGT1.5__LTGT1.5_,,,%%:checkBuyContinue:CupDownDoji-last2dayUp,",0.04768241829928754,1,1,0
"PCTChangeGT5,,,,chisCheckConsolidationBreakoutLT(4.5),",-0.8644520104126455,10,4,6
"PCTChangeLT-2,PCDayChange-0.5to0.5,_HTGT3.0_,,,%%HLTF-Last2HighTail:(DOWNTREND)sellHighUpperTailPre,chisBuyYearHigh-3,",4.777214956766908,1,1,0
"PCTChangeLT-3,_HTGT1.5__LTGT1.5_,,,##(Check-chart-buy):YearHigh-InMinus,ReversalHighYear,",-1.072377232142851,1,0,1
"PCTChangeGT0,PCDayChange-0.5to0.5,year2High,_HTGT1.5__LTGT1.5_,,,shortUpTrendSellReversal-Month3High-Doji-Last2DayGTToday,",-1.0118433169066265,1,0,1
"PCTChangeGT2,,,,chisCheckConsolidationBreakoutLT(4.5),checkBuyConsolidationBreakUp-2week,week2BarHighChangeGT0,",-1.162422320840647,1,0,1
"PCDCGT0PCTChangeLT-5,_HTGT1.5_,,,buyYearHigh-0,",-0.5104986611992369,1,0,1
"PCDCGT0PCTDayChangeLT0,PCDayChange-0.5to0.5,_HTGT1.5__LTGT1.5_,,,chisBuyYearHigh-3,",-0.30329128644635595,6,1,5
"PCTChangeGT2,_HTGT3.0__HTGTPCTDayChange_,,,%%HLTF-Last2HighTail:(UPTREND)buy(DOWNTREND)sell:HighUpperTailPre-last2DayUp,weekBarHighChangeGT2,",0.4178987851632907,1,1,0
"PCTChangeGT2,_HTGT1.5_,,,MaySellCheckChart-(IndexNotDownInSecondHalf),volumeUpsergedLast2n3n4DayDown,volBuyContinueLast2DayUp-VolUp,",7.115371806303902,1,1,0
"PCTChangeLT-3,year2Low,,,,vol-buy-DownVol-3dayDown-Week2Low,##last3DayLow(LT-3)-M3LLT0,chisBuyDayLowVolLow-01,",2.5302256243923007,1,1,0
"PCTChangeGT5,,,,##UPTREND:buyMonth6LowReversal(Confirm),##last2DayHighGT3-M3HLT0,",-12.212816017928251,1,0,1
"PCTChangeLT-1,PCDayChange-0.5to0.5,,,,%%:checkSell:Super0,",0.48153971225425896,1,1,0
"PCTChangeGT1,_HTGT1.5_,,,%%HLTF:(GLOBAL-SGX-DOWN)maySellTail-2,3,4thDayGT0,chisBuyYearHigh-1,",1.969255081556548,1,1,0
"PCTChangeLT-5,,,,##MANegative_Downtrend_(LT-4.5),##MA-SMA200GT0SMA100GT0,chisSellDayLowVolLow-01,",2.7692307692307767,1,1,0
"PCTChangeLT-1,_LTGT1.5_,,,volSellContinueLast2DayDown-VolUp,##(Check-chart-buy):YearHigh-InMinus,ReversalHighYear,",-0.3106187961861123,1,0,1
"PCTChangeLT-3,,,,chisBuyMay5DayFloorReversal,##DOWNTREND:sellMonth3High(InDownTrend),volBuyRevarsalVolCrossed,%%:checkBuyRevarsalLast3DayDownAtMonth3High,##(Check-chart-buy):month3High-InMinus,NearHighMonth3,##(check-chart)maySell-EMA6-MT-May-LT-EMA14,",0.7027621642785138,1,1,0
"PCTChangeLT-3,,,,checkCupDown-2dayDown-mayReversalBuy,volumeUpsergedLast2n3n4DayUp,volSellContinueLast2DayDown-VolUp,chisDownTrend-Risky-nearHigh,##DOWNTREND:sellYear2HighReversal(InDownTrend),##(Check-chart-buy):month3High-InMinus,ReversalHighMonth3,",-0.4407522646499291,1,0,1
"PCTChangeGT3,,,,##(Check-chart-sell):month3Low-InPlus,BreakLowMonth3,VOL:sell-DownVol-3dayUp-Week2Low,##last2DayHighGT3-M3HLT0,",-0.4493836214145582,1,0,1
"PCTChangeGT0.5,_LTGT1.5_,,,##MAPositive_Uptrend(GT1),##MA-SMA200LT0SMA100LT0,",-1.6590794900901003,1,0,1
"PCTDayChangeLT0,PCDayChange-0.5to0.5,_HTGT1.5__LTGT1.5_,,,(SMA9LT0),",-3.528799504100175,1,0,1
"PCTChangeLT-1,_LTGT1.5_,,,chisSell:Super03-monthLow,chisSell-smallUptrendReversal,##(Test)buyBottomReversal-0,",-2.191011235955067,1,0,1
"PCTChangeGT0.5,PCDayChange-0.5to0.5,_HTGT1.5_,,,%%:checkSell:Flag2Week-doji,",-0.059122343741218386,2,1,1
"PCTChangeGT3,_HTGT3.0_,,,volBuyContinueLast2DayUp-VolUp,chisCheckConsolidationBreakoutLT(4.5),weekBarHighChangeGT2,brokenToday,",-0.20228266373836665,1,0,1
"PCTChangeLT-2,,,,checkCupDown-3dayDown-mayReversalBuy,##(Check-chart-buy):month3High-InMinus,BreakHighMonth3,",-1.6090350330113246,1,0,1
"PCTChangeLT-1,year2Low,_LTGT1.5_,,,week2BarLowChangeLT0,weekLowLTweek2Low,(Test)(check-chart-2-3MidCapCross)MayBuyCheckChart-Risky,MayBuyCheckChart-(IndexNotUpInSecondHalf),",-1.9230769230769278,1,0,1
"PCTChangeGT3,_LTGT1.5_,,,%%HLTF:(GLOBAL-DOWN)sellHighLowerTail-Reversal-LastDayMarketUp,##sellRisingMAuptrend-0,",-4.2814110319219045,1,0,1
"PCTChangeLT-3,,,,##(Test)(Check-chart-sell):year2Low-InMinus,",1.3008683588087389,4,3,1
"PCTChangeGT1,_LTGT1.5_,,,week2BarHighChangeGT2,",-1.3043500375056776,1,0,1
"PCTChangeLT-5,_HTGT1.5_,,,##last3DayLow(LT-3)-M3LGT0,",3.263359648330455,1,1,0
"PCTChangeLT-3,,,,checkCupDown-near2WeekDown-mayReveresalBuy,(GLOBALFUTDOWN-DOWNTRENDMARKET)checkSellConsolidationBreakDown-week2-lowNotReachedWeek3,week2BarLowChangeLT-2,chisDownTrend-Risky-nearHigh,##DOWNTREND:sellYear2HighReversal(InDownTrend),##(Check-chart-buy):month3High-InMinus,ReversalHighMonth3,##(check-chart)maySell-EMA6-MT-May-LT-EMA14,",3.671968219753082,1,1,0
"PCTChangeLT-1,,,,checkCupDown-near2WeekDown-mayReveresalBuy,##(Check-chart-buy):month3High-InMinus,ReversalHighMonth3,",-0.3857228149341681,2,1,1
"PCTChangeLT-3,,,,##(Check-chart-sell)Month3Low-Continue(InUpTrend),ReversalLowMonth3,##ML:buyRisingMA-down-Risky,",0.45984017826435697,2,2,0
"PCTChangeLT-2,year2Low,_LTGT1.5_,,,buyMorningStar-HighLowerTail,",-1.1125519987824675,1,0,1
"PCTChangeGT0.5,_HTGT1.5__HTGTPCTDayChange_,,,%%:checkSell:lastDayLT(-4.5),",-1.7888747562703204,1,0,1
"PCDCGT0PCTDayChangeLT0,_HTGT1.5__HTGTPCTDayChange_,,,%%:checkSell:Super2,%%:sellDowntrend-lastDayUp-ReversalHighTail,",1.6743788689209738,1,1,0
"PCTChangeGT2,_HTGT1.5_,,,volBuyContinueLast2DayUp-VolUp,weekBarHighChangeGT2,brokenToday,",-0.03145841197935124,1,0,1
"PCTChangeGT1,_LTGT1.5_,,,##(check-chart)mayBuy-EMA6-LT-May-MT-EMA14,",-4.690380409278467,2,1,1
"PCDCGT0PCTChangeLT-1,_HTGT1.5__HTGTPCTDayChange_,,,##(Test):buyRisingMA-uptrend-SMA25gt0,",-3.2422564285917574,1,0,1
"PCTChangeLT-2,,,,##longDownTrend-1-IndexNotDownLastDay(checkBase),zigZagVolCrossedFromUp,",-1.8999504878335478,1,0,1
"PCTChangeLT-3,,,,checkCupDown-near2WeekDown-mayReveresalBuy,weekBarLowChangeLT-2,##DOWNTREND:sellYearHighReversal(InDownTrend),##(Check-chart-buy):month3High-InMinus,ReversalHighMonth3,",4.370544868523611,1,1,0
"PCDCLT0PCTChangeGT1,_LTGT3.0_,,,##MA-SMA200LT0SMA100LT0,chisBuyYear2Low,",-2.5072599249282415,1,0,1
"PCTChangeLT-2,_LTGT3.0_,,,##MANegative_Downtrend_(LT-2),##MA-SMA200GT0SMA100LT0,buyMorningStar-HighLowerTail,",0.6170060528045457,1,1,0
"PCTChangeGT3,,,,##(Check-chart):year2High-InPlus,",-0.14477652861687051,20,9,11
"PCTChangeLT-5,_HTGT3.0__LTGT1.5__HTGTPCTDayChange_,,,##sellRisingMA,",-6.121495327102804,1,0,1
"PCDCGT0PCTDayChangeLT0,_HTGT1.5__LTGT3.0__HTGTPCTDayChange__LTGTPCTDayChange_,,,%%:checkSell:CupDownDoji,%%HLTF:(GLOBAL-DOWN)sellHighLowerTail-Reversal-LastDayMarketUp,",3.3751568961339338,1,1,0
"PCTChangeGT1,PCDayChange-0.5to0.5,_LTGT1.5_,,,chisSellSuper-Risky,-+,chisSellDowningMA-(check5MinuteDownTrendAndSellDowntrend)-Already10DayDown,",-1.6822410892474566,1,0,1
"PCTChangeGT2,_HTGT1.5_,,,vol-sell-DownVol-3dayUp-Week2High,",-1.7508256886191695,2,0,2
"PCTChangeGT0.5,_HTGT1.5__LTGT1.5__HTGTPCTDayChange__LTGTPCTDayChange_,,,%%:checkSell:Super2,",1.963928891946109,1,1,0
"PCTChangeLT-2,year2High,_HTGT3.0_,,,%%HLTF-Last2HighTail:(DOWNTREND)sell(UPTREND)buy:HighUpperTailPre,",-1.7333348592122415,1,0,1
"PCTChangeGT5,,,,VOL:sell-DownVol-3dayUp-Week2Low,",-0.51400354218118,3,1,2
"PCTChangeGT2,,,,##(Check-chart-sell):month3Low-InPlus,ReversalLowMonth3,chisUpTrend-Risky-nearLow,##UPTREND:buyMonth6LowReversal(Confirm),",-1.9999585523915355,2,0,2
"PCTChangeLT-3,year2Low,_LTGT3.0_,,,volBuyVolumeUpsergedLast2n3DayUp,volSellContinueLast2DayDown-VolUp,",-9.162444267678447,1,0,1
"PCTChangeLT-3,,,,mayBuyFromSellPattern-GT1.8,chisDownTrend-Risky-nearHigh,##DOWNTREND:sellYear2HighReversal(InDownTrend),##last2DayLow(LT-3)-M3LGT0,##(Check-chart-buy):YearHigh-InMinus,ReversalHighYear,",2.202078555490701,1,1,0
"PCTChangeGT5,,,,##MAPositive_Uptrend(GT4.5),##MA-SMA200LT0SMA100LT0,##last3DayHighGT3-M3HLT0,",0.6853561432723027,1,1,0
"PCTChangeLT-3,,,,volBuyReversalLast2DayDown-VolDown,##(Check-chart-buy):month3High-InMinus,NearHighMonth3,",0.6960562347744128,3,1,2
"PCTChangeLT-2,,,,checkCupDown-2dayDown,##(Check-chart-buy):month3High-InMinus,ReversalHighMonth3,",-0.399050579984513,2,1,1
"PCTChangeGT1,year2High,_LTGT1.5_,,,%%HLTF:(SGXNIFTYUP)buyHighLowerTail-Continue,",-0.9083898430571199,6,2,4
"PCTChangeLT-2,,,,volSellVolumeUpsergedLast2n3DayUp,(GLOBALFUTDOWN-DOWNTRENDMARKET)checkSellConsolidationBreakDown-week2-lowNotReachedWeek3,week2BarLowChangeLT0,##DOWNTREND:sellYear2HighReversal(InDownTrend),##(Check-chart-buy):YearHigh-InMinus,ReversalHighYear,##(check-chart)maySell-EMA6-MT-May-LT-EMA14,",-3.0261230468749964,1,0,1
"PCTChangeGT3,year2High,,,,week2BarHighChangeGT0,brokenToday,",-1.2228585379464318,1,0,1
"PCTChangeLT-3,_LTGT3.0_,,,chisSellFlag2Week-Risky,",-2.134724826780534,1,0,1
"PCTChangeGT8,year2Low,_LTGT1.5_,,,chisSellYear2LowLT-40-last4DayDown(triggerAfter-9:15),",-5.490196078431383,1,0,1
"PCTChangeGT1,,,,volBuyVolumeUpsergedLast2n3DayDown,volBuyContinueLast2DayUp-VolUp,chisCheckConsolidationBreakoutLT(4.5),",-0.4584132038191572,1,0,1
"PCTChangeGT2,year2High,_HTGT1.5__HTGTPCTDayChange_,,,%%HLTF:(GLOBAL-SGX-DOWN)maySellTail-2,3,4thDayGT0,MaySellCheckChart-(IndexNotDownInSecondHalf),",-0.9617476803324243,2,0,2
"PCTChangeGT1,_HTGT1.5__LTGT3.0__HTGTPCTDayChange__LTGTPCTDayChange_,,,%%HLTF-Last2LowTail:(DOWNTREND)sellHighLowerTailPre-1,",-1.3237323483842995,3,1,2
"PCTChangeGT3,,,,##(Check-chart-sell):month3Low-InPlus,ReversalLowMonth3,chisUpTrend-Risky-nearLow,chis-breakoutup-2week,##UPTREND:buyMonth3LowReversal(Confirm),",-0.9336746327520961,2,0,2
"PCTChangeGT1,_HTGT1.5__HTGTPCTDayChange_,,,chisSellDowningMA-(check5MinuteDownTrendAndSellDowntrend),",-0.4762731239848755,6,3,3
"PCTChangeGT3,,,,volSellVolumeUpsergedLast2n3DayDown,volBuyContinueLast2DayUp-VolUp,(GLOBALFUTUP-UPTRENDMARKET)checkBuyConsolidationBreakUp-week2-highNotReachedWeek3,week2BarHighChangeGT0,brokenToday,chisSell-2week-breakoutup,",1.019840518636224,1,1,0
"PCTChangeLT-2,_HTGT1.5_,,,volSellContinueLast2DayDown-VolUp,",0.40090499373734995,7,3,3
"PCTChangeLT-3,,,,volumeUpsergedLast2n3n4DayUp,##DOWNTREND:sellMonth3HighReversal(InDownTrend),##(Check-chart-buy):month3High-InMinus,ReversalHighMonth3,",1.3254808625238195,1,1,0
"PCTChangeGT3,_HTGT1.5__LTGT1.5_,,,checkBuyConsolidationBreakUp-2week,week2BarHighChangeGT2,",-2.172347501963657,1,0,1
"PCTChangeGT1,_HTGT3.0__HTGTPCTDayChange_,,,sellEveningStar-0,##MAPositive_Uptrend(GT1),##MA-SMA200LT0SMA100LT0,",-2.230891190238081,1,0,1
"PCTChangeLT-1,_LTGT1.5_,,,%%HLTF:(GLOBAL-UP)buyHighLowerTail-LastDayMarketUp,chisDownTrend-Risky-nearHigh,##(Check-chart-buy):YearHigh-InMinus,NearHighYear,",-1.1944965023654421,1,0,1
"PCTChangeLT-3,,,,VOL:buy-UpVol-3dayDown-Week2Low,(GLOBALFUTDOWN-DOWNTRENDMARKET)checkSellConsolidationBreakDown-week2-lowNotReachedWeek3,week2BarLowChangeLT-2,weekLowLTweek2Low,",-0.1254798805692451,3,1,2
"PCTChangeGT16,_HTGT3.0_,,,VOL:buyBelowTail-SellAtClose:upVol3dayUpWeek2High-highUpperTail,##MAPositive_Uptrend(GT4.5),##MA-SMA200GT0SMA100GT0,",1.5744889945772649,1,1,0
"PCTChangeGT5,_HTGT1.5_,,,##MAPositive_Uptrend(GT4.5),##MA-SMA200GT0SMA100LT0,",-0.7075389731492616,1,0,1
"PCTChangeGT2,_LTGT1.5_,,,%%:checkSell:Super2,chisBuyDownTrend-lowTail,",-1.2941158519071712,1,0,1
"PCTChangeGT2,_HTGT1.5_,,,##(Check-chart-sell):month3Low-InPlus,ReversalLowMonth3,##UPTREND:buyMonth3LowReversal(Confirm),",1.57852542262775,2,2,0
"PCTChangeGT2,,,,chisCheckConsolidationBreakoutLT(4.5),weekBarHighChangeGT2,##UPTREND:buyYearLowReversal(Confirm),",-0.6744486646500996,1,0,1
"PCTChangeLT-1,_LTGT3.0_,,,weekBarLowChangeLT-2,chisDownTrend-Risky-nearHigh,",1.20430238785282,1,1,0
"PCTChangeLT-1,_HTGT1.5__LTGT1.5__HTGTPCTDayChange_,,,##(Check-chart-buy):month6High-InMinus,ReversalHighMonth6,",1.9691121827689433,1,1,0
"PCTChangeGT2,,,,checkBuyConsolidationBreakout-allPreLT0,buyPatternsML,",2.0670638685556293,1,1,0
"PCDCLT0PCTChangeGT1,_HTGT1.5_,,,%%:checkSell:CupDownDoji-last2lastDayLT0orTodayGT0,%%HLTF-Last2HighTail:(DOWNTREND)sellHighUpperTailPre,",-1.5302303452127881,1,0,1
"PCTChangeLT-2,_LTGT1.5_,,,%%HLTF:(GLOBAL-DOWN)sellHighLowerTail-Reversal-LastDayMarketUp,##RisingMA(check-chart-buy)-MayBuyCheckChart,##ML:BuyRisingMA-Risky-0,",4.868854460169061,1,1,0
"PCTChangeGT3,_HTGT1.5_,,,zigZagVolCrossedFromDown,chisBuyUpTrend-nearLow,",-0.8346812478353479,1,0,1
"PCTChangeLT-3,,,,VOL:buy-UpVol-3dayDown-Week2Low,",-0.29325457180568026,38,16,22
"PCTChangeLT-1,year2Low,_LTGT1.5_,,,(Test)(check-chart-2-3MidCapCross)MayBuyCheckChart-Risky,chisBuyYear2Low,BreakLowYear2,",-0.6582837774993274,1,0,1
"PCTChangeGT2,_HTGT1.5__HTGTPCTDayChange_,,,MaySellCheckChart-(IndexNotDownInSecondHalf),chisUpTrend-Risky-nearLow,##UPTREND:buyMonth6LowReversal(Confirm),",1.1681393824048831,1,1,0
"PCTChangeGT5,,,,chisBuyUpTrend-nearLow,volBuyContinueLast2DayUp-VolUp,",5.199819200530728,1,1,0
"PCTChangeLT-2,_HTGT3.0__LTGT1.5_,,,chisDownTrend-Risky-nearHigh,",1.5451728057298082,2,2,0
"PCTChangeLT-5,,,,(GLOBALFUTDOWN-DOWNTRENDMARKET)checkSellConsolidationBreakDown-week2-lowNotReachedWeek3,week2BarLowChangeLT-5,weekLowLTweek2Low,volBuyRevarsalVolCrossed,",-2.8411472128186515,1,0,1
"PCTChangeGT5,_HTGT3.0__LTGT1.5__HTGTPCTDayChange_,,,%%HLTF-Last2HighTail:(UPTREND)buy(DOWNTREND)sell:HighUpperTailPre-last2DayUp,%%HLTF:(UPTREND-GLOBAL/SGX-UP)BuyHighUpperTail-Reversal-7,10thDayGT15-LastDayMarketDown,##MAPositive_Uptrend(GT2),##MA-SMA200LT0SMA100GT0,",-4.197675305052453,1,0,1
"PCTChangeGT3,_LTGT1.5_,,,maySellFromBuyPattern-LT-1.8,",-1.663105964341448,3,1,2
"PCTChangeGT3,_LTGT3.0_,,,##RisingMA(Test)(check-chart-buy)-1DayUp,##UPTREND:buyMonth6LowReversal(Confirm),",-3.42268872381349,1,0,1
"PCTChangeLT-2,_HTGT1.5_,,,volBuyVolumeUpsergedLast2n3DayUp,weekBarLowChangeLT0,brokenToday,chisDownTrend-Risky-nearHigh,##(Check-chart-buy):month3High-InMinus,ReversalHighMonth3,",-1.1664350568493094e-14,1,0,1
"PCTChangeGT3,_HTGT1.5_,,,MaySellCheckChart-(IndexNotDownInSecondHalf),##(Check-chart-sell):month3Low-InPlus,ReversalLowMonth3,weekBarHighChangeGT0,brokenToday,##ML:sellRisingMAuptrend-1,##UPTREND:buyMonth3LowReversal(Confirm),",3.4562797059995467,1,1,0
"PCTChangeGT2,,,,%%:sellUpTrend-month3High,",0.18814146350720384,47,22,25
"PCTChangeGT1,,,,chisSellDowningMA-(check5MinuteDownTrendAndSellDowntrend)-Already10DayDown,$$(UPTREND-OR-GLOBALUP)MayBuy-CheckChart-baseLine(inuptrend-monthlow)-MHCLT(-10),",-3.64683098973113,1,0,1
"PCTChangeGT2,_HTGT1.5__HTGTPCTDayChange_,,,%%HLTF-Last2HighTail:(UPTREND)buy(DOWNTREND)sell:HighUpperTailPre-last2DayUp,##RisingMA(check-chart-sell)-MaySellCheckChart,",1.3223127885298347,1,1,0
"PCTChangeGT3,,,,chisUpTrend-Risky-nearLow,chisCheckConsolidationBreakoutLT(4.5),(GLOBALFUTUP-UPTRENDMARKET)checkBuyConsolidationBreakUp-week2-highNotReachedWeek3,week2BarHighChangeGT0,weekHighGTweek2High,brokenToday,##UPTREND:buyYearLowReversal(Confirm),",-0.20892865127206242,1,0,1
"PCDCGT0PCTChangeLT-3,PCDayChange-0.5to0.5,_HTGT1.5__LTGT3.0_,,,%%HLTF-Last2LowTail:(DOWNTREND)sellHighLowerTailPre-1,",-0.181215014687553,3,2,1
"PCTChangeLT-3,,,,chisSellFinalCandidate-(lastDayUp),sellFinal1,",-1.1856625772345202,1,0,1
"PCTChangeLT-1,_HTGT3.0__HTGTPCTDayChange_,,,##(Check-chart-buy):YearHigh-InMinus,NearHighYear,",2.3612926852318634,1,1,0
"PCTChangeLT-3,,,,checkCupDown-month3HighLTmonth3Low,bar_low,##(Check-chart-buy):month3High-InMinus,ReversalHighMonth3,",0.5740860832788973,3,2,1
"PCTChangeLT-2,,,,volBuyReversalLast2DayDown-VolDown,(SMA9LT0),",0.4272951942735897,1,1,0
"PCTChangeGT0.5,_HTGT3.0__LTGT1.5__HTGTPCTDayChange__LTGTPCTDayChange_,,,(SMA9LT0),maySellFromBuyPattern-LT-1.8,",-1.6206060821686574,1,0,1
"PCTDayChangeLT0,,,,%%:checkSell:CupDownDoji-lastDayLT(-2)TodayDoji,chisSellDownTrend-nearHigh,",-0.17250675486933043,2,1,1
"PCTChangeLT-1,,,,##longDownTrend-2-IndexNotDownLastDay(checkBase),",-0.9477035412606384,6,2,4
"PCTChangeGT2,,,,chisUpTrend-Risky-nearLow,chisCheckConsolidationBreakoutLT(4.5),checkBuyConsolidationBreakUp-2week,week2BarHighChangeGT0,chis-breakoutup-2week,BuyYearLow,##UPTREND:buyYear2LowReversal(Confirm),",0.2627430330960228,1,1,0
"PCTChangeLT-3,_HTGT1.5_,,,chisDownTrend-Risky-nearHigh,##DOWNTREND:sellMonth3HighReversal(InDownTrend),##(Check-chart-buy):month3High-InMinus,ReversalHighMonth3,",1.640838650865991,1,1,0
"PCTChangeLT-0.5,_HTGT1.5_,,,%%HLTF-LastDayUp:(DOWNTREND-OR-GLOBALDOWN)MaySellHighTail-LastDayMarketUp,%%HLTF:(UPTREND-MorningTrend-UP)mayBuyTail-highTailGT2-7,10thDayGT10-Last2DayStockDown,##buyYear2LowMovingSMA,",-0.27415621193800016,1,0,1
"PCTChangeGT0,,,,##MA-SMA200LT0SMA100LT0,",0.4385361172942221,5,4,1
"PCTDayChangeLT0,PCDayChange-0.5to0.5,,,,%%:checkSell:Super01-monthLow,shortDownTrendBuyReversal-Month3Low-Doji-Last2DayLTToday,",-0.062189054726365434,1,0,1
"PCTChangeLT-2,_LTGT1.5_,,,volSellContinueLast2DayDown-VolUp,chisSellDownTrend-nearHigh,##DOWNTREND:sellYear2HighReversal(InDownTrend),##(Check-chart-buy):month3High-InMinus,ReversalHighMonth3,",-0.7734806629834201,1,0,1
"PCTChangeLT-0.5,_LTGT1.5_,,,(SMA9GT0),",1.6463873314256023,1,1,0
"PCTChangeGT3,,,,weekBarHighChangeGT2,chisBuy-2week-breakoutup(check-chart)(|-|-| or --|),",0.1830043745507545,10,3,7
"PCTChangeGT2,_LTGT1.5_,,,##buyTenDaysLessThanMinusTen,",-0.6794499766051112,21,6,15
"PCTChangeGT1,_LTGT1.5_,,,%%HLTF:sellStockInUptrendReversal,",-1.2065608068435276,2,0,2
"PCTChangeLT-0.5,PCDayChange-0.5to0.5,_HTGT1.5__LTGT1.5_,,,shortDownTrendBuyReversal-Month3Low-Doji-Last2DayLTToday,",-2.182229967836061,1,0,1
"PCTChangeGT1,_HTGT1.5__LTGT1.5_,,,##MANegative_Downtrend_(GT1),##MA-SMA200GT0SMA100LT0,",0.3309367588297959,1,1,0
"PCTChangeGT3,year2High,,,,volSellVolumeUpsergedLast2n3DayDown,chisCheckConsolidationBreakoutGT(4.5),",2.74675484428115,1,1,0
"PCTChangeLT-3,,,,chisSellFinalCandidate-4,",1.3128854421890372,8,6,2
"PCDCGT0PCTDayChangeLT0,PCDayChange-0.5to0.5,year2High,_HTGT1.5_,,,%%HLTF:(UPTREND-MorningTrend-UP)mayBuyTail-highTailGT2-7,10thDayGT10-Last2DayStockDown,",-1.6918255842338248,1,0,1
"PCTChangeGT2,_HTGT1.5__HTGTPCTDayChange_,,,##(Check-chart)ML:buyMonth3High-Continue,",2.049465651225706,1,1,0
"PCTChangeLT-1,_HTGT1.5__LTGT1.5__LTGTPCTDayChange_,,,volBuyRevarsalVolCrossed,",1.7137169200009947,1,1,0
"PCTChangeLT-2,,,,##DOWNTREND:sellYearHigh(InDownTrend),##(Check-chart-buy):YearHigh-InMinus,NearHighYear,",0.02572465760314402,2,1,1
"PCTChangeLT-2,,,,checkCupDown-inDownTrend-month3HighLTmonth3Low,bar_low,chisSellDownTrend-nearHigh,##(Check-chart-buy):month3High-InMinus,NearHighMonth3,",3.119402078674953,1,1,0
"PCTChangeGT2,_LTGT3.0_,,,volBuyVolumeUpsergedLast2n3DayDown,##buyTenDaysLessThanMinusTen,",0.044368281376961076,1,1,0
"PCTChangeLT-2,_LTGT1.5_,,,chisSell-smallUptrendReversal,",-1.2184053971790174,8,2,6
"PCTChangeLT-5,,,,(GLOBALFUTDOWN-DOWNTRENDMARKET)checkSellConsolidationBreakDown-week2-lowNotReachedWeek3,week2BarLowChangeLT-2,sellPatternsML,",-3.120296162770204,1,0,1
"PCTChangeGT0.5,_LTGT1.5_,,,week2BarHighChangeGT0,weekHighGTweek2High,",1.2051662077667435,1,1,0
"PCTChangeGT1,_HTGT1.5_,,,volBuyContinueLast2DayUp-VolUp,(GLOBALFUTUP-UPTRENDMARKET)checkBuyConsolidationBreakUp-week2-highNotReachedWeek3,week2BarHighChangeGT0,brokenToday,",5.96647945135937,1,1,0
"PCTChangeLT-2,_HTGT1.5__LTGT1.5__LTGTPCTDayChange_,,,chisDownTrend-Risky-nearHigh,##(Check-chart-buy):month3High-InMinus,ReversalHighMonth3,",2.272153443928017,1,1,0
"PCTChangeGT2,_LTGT1.5_,,,##MA-SMA200GT0SMA100GT0,##buyTenDaysLessThanMinusTen,",6.319261355168974,1,1,0
"PCDCLT0PCTChangeGT3,_LTGT1.5_,,,(Test)MayBuy-CheckChart(upTrend-lastDayDown),",0.5310469916468619,1,1,0
"PCTChangeGT2,_HTGT1.5_,,,%%HLTF:(GLOBAL-SGX-DOWN)maySellTail-2,3,4thDayGT0,chisBuyUpTrend-nearLow,",-0.6037758881191007,1,0,1
"PCTChangeGT1,year2High,_HTGT1.5__HTGTPCTDayChange_,,,%%HLTF:(GLOBAL-SGX-DOWN)maySellTail-2,3,4thDayGT0,%%:sellUpTrend-month3High,",1.7223078060568446,1,1,0
"PCTChangeLT-5,_HTGT3.0__LTGT1.5_,,,##MANegative_Downtrend_(LT-2),##MA-SMA200GT0SMA100LT0,##DOWNTREND:sellMonth3LowBreak,",-4.272726039693817,1,0,1
"PCTChangeGT1,_HTGT1.5_,,,chisSellFinalContinue-(lastDayUp)-1,",0.037998881014546355,1,1,0
"PCTChangeLT-1,,,,checkCupDown-near2WeekDown-mayReveresalBuy,chisDownTrend-Risky-nearHigh,##(Check-chart-buy):month3High-InMinus,ReversalHighMonth3,",0.1991616942440716,2,1,1
"PCTChangeLT-2,,,,chisSell:Super03-monthLow,",-0.7403662108301546,53,15,38
"PCTChangeGT2,_HTGT3.0__HTGTPCTDayChange_,,,zigZagVolCrossedFromDown,##(Check-chart):year2High-InPlus,",0.5711103908299704,1,1,0
"PCTChangeLT-5,,,,vol-buy-DownVol-3dayDown-Week2Low,##MANegative_Downtrend_(LT-2),##MA-SMA200LT0SMA100LT0,##last2DayLow(LT-3)-M3LGT0,chisBuyYear2Low,",-3.9275608825160115,1,0,1
"PCTChangeLT-0.5,year2High,,,,volSellContinueLast2DayDown-VolUp,",-0.9237326075821102,5,2,3
"PCTChangeGT1,_HTGT1.5__HTGTPCTDayChange_,,,%%HLTF-Last2HighTail:(UPTREND)buy(DOWNTREND)sell:HighUpperTailPre-last2DayUp,%%HLTF-Risky9:30:maySellTail-tailGT2-7,10thDayGT15,(Test)(check-chart-2-3MidCapCross)MaySellCheckChart-Risky,",-0.061542217548084935,1,0,1
"PCDCGT0PCTChangeLT-3,_HTGT3.0__LTGT1.5__HTGTPCTDayChange_,,,##MA-SMA200LT0SMA100LT0,",-2.7020324046386524,2,0,2
"PCTChangeGT1,,,,weekBarHighChangeGT0,##MAPositive_Uptrend(GT1),##MA-SMA200GT0SMA100GT0,",2.0152821059731374,1,1,0
"PCDCGT0PCTChangeLT-3,_LTGT3.0_,,,##MA-SMA200LT0SMA100LT0,",0.32348398130855854,1,1,0
"PCTChangeLT-2,,,,%%:check(UPTREND-UPMARKET)Buy(DOWNTRENDTREND-DOWNMARKET)Sell:Super01-monthLow,##(Test)(Check-chart):yearLow-InMinus,",0.2837579154292834,1,1,0
"PCTChangeLT-3,year2High,,,,volSellVolumeUpsergedLast2n3DayUp,##last2DayLow(LT-3)-M3LGT0,",-1.4063409945943561,1,0,1
"PCTChangeGT0.5,_LTGT1.5_,,,%%:checkSell:CupDownDoji,",-4.7426631619353525,2,0,2
"PCDCLT0PCTChangeGT0,PCDayChange-0.5to0.5,_HTGT1.5_,,,%%:checkSell:CupDownDoji-lastDayLT(-2)TodayDoji,%%HLTF-LastDayUp:(DOWNTREND-OR-GLOBALDOWN)MaySellHighTail-LastDayMarketUp,",1.8719271822575858,2,2,0
"PCTChangeLT-3,,,,VOL:buy-UpVol-3dayDown-Week2Low,weekBarLowChangeLT-2,brokenToday,",1.125445360757145,2,1,1
"PCTChangeGT0,_LTGT1.5_,,,chisSellFlagWeek-doji-Risky,",1.033335367838558,1,1,0
"PCTChangeGT1,,,,chisFinalBreakOutBuyContinue-1-test-atYearLow,chisFinalBreakOutBuyContinue-0-test-atYearLow,##UPTREND:buyYear2LowReversal(Confirm),",0.23167105243312341,1,1,0
"PCTChangeLT-2,,,,chisSellFlag2Week-Risky,chisDownTrend-Risky-nearHigh,##DOWNTREND:sellMonth6HighReversal(InDownTrend),##(Check-chart-buy):month6High-InMinus,ReversalHighMonth6,",0.8845650564670299,1,1,0
"PCTChangeGT3,_HTGT3.0_,,,##RisingMA(check-chart-sell)-MaySellCheckChart,",1.2324292003111328,2,1,1
"PCDCLT0PCTChangeGT5,PCDayChange-0.5to0.5,_LTGT3.0_,,,%%HLTF-Last2DayMarketUp:(GLOBAL-DOWN)sellHighLowerTail-Reversal-LastDayMarketUp,",-1.413791700341232,1,0,1
"PCTChangeGT1,_HTGT1.5__LTGT1.5_,,,chisSellDowningMA-(check5MinuteDownTrendAndSellDowntrend)-Already10DayDown,",-0.5659573147633689,1,0,1
"PCTChangeGT1,_LTGT1.5_,,,$$MayBuy-CheckChart-baseLine(inuptrend-monthlow)-MHCLT(-10),",1.8728670795500424,2,1,1
"PCTChangeLT-1,,,,checkCupDown-3dayDown,volBuyRevarsalVolCrossed,##(Check-chart-buy):YearHigh-InMinus,ReversalHighYear,",2.4718462497132196,1,1,0
"PCTChangeLT-3,_HTGT1.5_,,,chisDownTrend-Risky-nearHigh,##(Check-chart-buy):month3High-InMinus,ReversalHighMonth3,",0.9588628141917892,18,10,8
"PCTChangeGT0.5,,,,%%:checkSell:CupDownDoji,",-0.5157389492294763,18,5,13
"PCTChangeLT-3,,,,weekBarLowChangeLT0,brokenToday,##DOWNTREND:sellMonth6LowBreak,",-0.4705900304457816,1,0,1
"PCTChangeGT2,,,,volSellVolumeUpsergedLast2n3DayDown,##(Check-chart):year2High-InPlus,",-2.6207275298690473,1,0,1
"PCTChangeLT-3,,,,weekBarLowChangeLT-2,##DOWNTREND:sellMonth6HighReversal(InDownTrend),chisSellDayLowVolLow-03-checkMorningTrend(.5SL),##(Check-chart-buy):month6High-InMinus,ReversalHighMonth6,",0.6423454072908437,1,1,0
"PCTChangeLT-1,_HTGT1.5_,,,%%HLTF-Last2HighTail:(DOWNTREND)sellHighUpperTailPre-1,",0.2793777730031811,8,4,4
"PCTChangeGT5,_LTGT3.0_,,,%%HLTF-Risky:(GLOBAL-DOWN)sellHighLowerTail-Reversal-LastDayMarketUp,weekBarHighChangeGT5,",-0.687899255448847,1,0,1
"PCTChangeGT2,_LTGT3.0_,,,%%HLTF:(GLOBAL-DOWN)sellHighLowerTail-Reversal-LastDayMarketUp,",0.7026008645971342,17,8,9
"PCTChangeLT-2,,,,volBuyReversalLast2DayDown-VolUp,",-1.0807859830890334,4,1,3
"PCTChangeLT-3,,,,(SMA9GT0),mayBuyFromSellPattern-GT1.8,",1.3453942094767817,1,1,0
"PCTChangeLT-2,year2High,_LTGT1.5_,,,checkCupDown-2dayDown-mayReversalBuy,chisBuyMay5DayFloorReversal,",-1.7647041309854732,1,0,1
"PCTChangeGT0,,,,%%:checkSell:CupDownDoji,",-0.8248189325871204,5,1,4
"PCTChangeLT-8,,,,chisDownTrend-Risky-nearHigh,",-0.7856193000516735,9,4,5
"PCTChangeGT0.5,PCDayChange-0.5to0.5,_HTGT1.5_,,,%%:checkSell:FlagWeek-doji,",0.7033668897508397,3,2,1
"PCTChangeLT-2,,,,weekBarLowChangeLT-2,##DOWNTREND:sellYearHighReversal(InDownTrend),##(Check-chart-buy):month3High-InMinus,ReversalHighMonth3,",-0.5933377524159398,1,0,1
"PCTChangeGT3,_LTGT1.5_,,,%%HLTF:(SGXNIFTYUP)buyHighLowerTail-Continue,",-0.0513817975858483,7,3,4
"PCTChangeEQ0,_LTGT3.0_,,,%%HLTF:(GLOBAL-DOWN)sellHighLowerTail-Reversal-LastDayMarketUp,",-0.08954859491606243,1,0,1
"PCDCGT0PCTChangeLT-1,PCDayChange-0.5to0.5,_HTGT1.5_,,,##MANegative_Downtrend_(GT0),##MA-SMA200LT0SMA100LT0,",-1.1840399231106464,1,0,1
"PCTChangeLT-0.5,_LTGT1.5_,,,##MANegative_Downtrend_(LT-1),##MA-SMA200LT0SMA100LT0,",-0.6247321048419923,2,0,2
"PCTChangeLT-1,,,,volSellContinueLast2DayDown-VolUp,chisSellUpTrend-Risky-2,##(Check-chart-buy):YearHigh-InMinus,NearHighYear,",-0.3867214721493661,1,0,1
"PCTChangeGT0,PCDayChange-0.5to0.5,year2High,_HTGT1.5_,,,%%HLTF:(UPTREND-MorningTrend-UP)mayBuyTail-highTailGT2-7,10thDayGT10-Last2DayStockDown,",-2.6516180812916437,2,0,2
"PCTChangeLT-2,,,,%%:checkSell:ConsolidationBreakDown(NotShapeA)-2week,checkSellConsolidationBreakDown-2week,week2BarLowChangeLT0,brokenToday,chisDownTrend-Risky-nearHigh,##(Check-chart-buy):month3High-InMinus,ReversalHighMonth3,",-0.320221149044762,4,1,3
"PCTChangeGT3,_HTGT1.5_,,,%%HLTF:(DOWNTREND-OR-GLOBALDOWN)maySellTail-tailGT2-2,3,4thDayGT0,(GLOBALFUTUP-UPTRENDMARKET)checkBuyConsolidationBreakUp-week2-highNotReachedWeek3,week2BarHighChangeGT0,brokenToday,",-1.291572438597801,1,0,1
"PCTChangeLT-2,,,,checkCupDown-inDownTrend-month3HighLTmonth3Low,bar_low,",0.022229223928235172,11,6,5
"PCTChangeLT-1,,,,##ML:BuyRisingMA-Risky-1,##MAPositive_Uptrend(LT-1),##MA-SMA200LT0SMA100LT0,",-1.6544145232252554,1,0,1
"PCTChangeLT-1,,,,chisSellFlag2Week-Risky,##(Check-chart-buy):month3High-InMinus,ReversalHighMonth3,",0.5602299481972814,2,2,0
"PCTChangeLT-3,_HTGT1.5_,,,checkCupDown-month3HighLTmonth3Low,bar_low,",0.2501457600327748,1,1,0
"PCDCLT0PCTChangeGT0,,,,%%:checkSell:Super0,",0.16003596528911285,5,3,2
"PCTChangeGT1,_HTGT1.5__LTGT1.5_,,,(SMA9GT0),",3.0777544075441736,3,2,1
"PCTChangeLT-3,,,,chisSell-smallUptrendReversal,##(Check-chart-sell)Month3Low-Continue(InUpTrend),ReversalLowMonth3,",-2.0155874817302313,1,0,1
"PCTChangeLT-2,,,,checkCupDown-3dayDown,VOL:sell(GLOBALFUTUP-GLOBALMARKETUP)Buy-UpVol-3dayDown-Week2High,##DOWNTREND:sellYear2HighReversal(InDownTrend),##(Check-chart-buy):month3High-InMinus,ReversalHighMonth3,",-0.9689896226399726,2,0,2
"PCTChangeLT-2,,,,checkCupDown-month3HighLTmonth3Low,bar_low,##longDownTrend-2-IndexNotDownLastDay(checkBase),",-0.03597341853080201,1,0,1
"PCTDayChangeLT0,PCDayChange-0.5to0.5,_LTGT3.0_,,,%%HLTF:(GLOBAL-DOWN)sellHighLowerTail-Reversal-LastDayMarketUp,chisFinalBreakOutSell-0,",-2.846151498647835,1,0,1
"PCTChangeLT-3,_LTGT1.5_,,,##longDownTrend-2-IndexNotDownLastDay(checkBase),##ML:buyRisingMA-down-Risky,",3.1709574824439315,1,1,0
"PCTChangeGT2,,,,brokenToday,buyYearHigh-0,",-2.0920991701678213,1,0,1
"PCTChangeGT2,,,,volumeUpsergedLast2n3n4DayDown,chis-breakoutup-2week,chisSell-2week-breakoutup,",0.47649801952142956,1,1,0
"PCTChangeGT2,_HTGT1.5__HTGTPCTDayChange_,,,weekBarHighChangeGT2,brokenToday,buyYearHigh-0,",-2.7777777777777857,1,0,1
"PCTDayChangeLT0,_HTGT3.0__HTGTPCTDayChange_,,,(GLOBALFUTDOWN-DOWNTRENDMARKET)checkSellConsolidationBreakDown-week2-lowNotReachedWeek3,week2BarLowChangeLT0,weekLowLTweek2Low,",7.001468826314914,1,1,0
"PCTChangeLT-1,year2High,_LTGT1.5_,,,(Test)(check-chart-2-3MidCapCross)MayBuyCheckChart-Risky,",0.07282658970165813,22,10,12
"PCTChangeLT-3,,,,volBuyReversalLast2DayDown-VolDown,weekBarLowChangeLT-2,",1.3033187565292037,1,1,0
"PCTChangeGT3,_HTGT1.5__HTGTPCTDayChange_,,,%%HLTF-Last2HighTail:(UPTREND)buy(DOWNTREND)sell:HighUpperTailPre-last2DayUp,",-0.7390551098946956,4,0,4
"PCTChangeGT1,,,,chisUpTrend-Risky-nearLow,weekBarHighChangeGT0,",1.9785440302251989,2,2,0
"PCTChangeGT3,_HTGT1.5_,,,##MAPositive_Uptrend(GT2),##MA-SMA200GT0SMA100GT0,##last3DayHighGT3-M3HGT0,",-1.6514599198471758,2,0,2
"PCTChangeLT-3,,,,(GLOBALFUTDOWN-DOWNTRENDMARKET)checkSellConsolidationBreakDown-week2-lowNotReachedWeek3,week2BarLowChangeLT0,##last2DayLow(LT-3)-M3LGT0,",-10.922223045712423,1,0,1
"PCTChangeGT2,_HTGT3.0__LTGT1.5_,,,(SMA4GT(1.5)),",5.695855697389466,1,1,0
"PCTChangeGT2,,,,chisCheckConsolidationBreakoutLT(4.5),(GLOBALFUTUP-UPTRENDMARKET)checkBuyConsolidationBreakUp-month,weekBarHighChangeGT2,",2.8974647567378007,1,1,0
"PCTChangeLT-3,,,,checkCupDown-inDownTrend-month3HighLTmonth3Low,chisSellUpTrend-Risky-2,",-1.3596491228070253,1,0,1
"PCTChangeGT1,_HTGT1.5_,,,%%HLTF:(DOWNTREND-OR-GLOBALDOWN)maySellTail-tailGT2-2,3,4thDayGT0,volSellVolumeUpsergedLast2n3DayDown,",-3.6307701697716306,1,0,1
"PCTChangeLT-3,,,,%%:checkSell:Super0,##MANegative_Downtrend_(LT-2),##MA-SMA200GT0SMA100LT0,##DOWNTREND:sellMonth3LowBreak,",-4.446762408012382,1,0,1
"PCTChangeGT3,year2High,_LTGT1.5_,,,checkCupDown-lastDayUp-near2WeekHigh-mayReveresalSell,",-1.099042313548309,1,0,1
"PCTChangeLT-5,year2High,_LTGT1.5_,,,(GLOBAL-DOWN)maySellContinueHighVolatileLastDayDOWN-(LT-5),",-2.1934809270718327,1,0,1
"PCTChangeGT3,_HTGT3.0__HTGTPCTDayChange_,,,volSellVolumeUpsergedLast2n3DayDown,##MAPositive_Uptrend(GT2),##MA-SMA200LT0SMA100GT0,",-1.6728606259885492,1,0,1
"PCTChangeLT-16,_HTGT3.0__LTGT3.0__LTGTPCTDayChange_,,,volBuyReversalLast2DayDown-VolDown,volBuyRevarsalVolCrossed,chisSellDayLowVolLow-0,",-3.844218038434366,1,0,1
"PCTChangeLT-3,_HTGT3.0_,,,%%HLTF:maySellTail-tailGT2-allDayGT0,",-1.7676345357378884,2,1,1
"PCTChangeGT1,PCDayChange-0.5to0.5,year2High,_HTGT3.0__LTGT1.5_,,,shortUpTrendSellReversal-Month3High-Doji-Last2DayGTToday,",0.9545473805332464,1,1,0
"PCTChangeGT5,_HTGT1.5__LTGT1.5__HTGTPCTDayChange__LTGTPCTDayChange_,,,##MAPositive_Uptrend(GT1),##MA-SMA200GT0SMA100GT0,",0.18863308597553016,1,1,0
"PCTChangeGT1,_HTGT1.5__LTGT1.5_,,,%%:sellDowntrend-lastDayUp-ReversalHighTail,",1.7951754922463883,1,1,0
"PCTChangeGT1,year2High,_HTGT1.5__LTGT1.5__HTGTPCTDayChange__LTGTPCTDayChange_,,,%%HLTF-Last2HighTail:(UPTREND)buy(DOWNTREND)sell:HighUpperTailPre-last2DayUp,",-0.6192426913143515,3,1,2
"PCTChangeGT2,,,,chisUpTrend-Risky-nearLow,weekBarHighChangeGT2,##UPTREND:buyYear2LowReversal(Confirm),",-1.648689079716539,1,0,1
"PCTChangeLT-3,,,,chisDownTrend-Risky-nearHigh,##(check-chart)buyEMA6<EMA14,##(Check-chart-buy):YearHigh-InMinus,ReversalHighYear,",0.2519356187923935,1,1,0
"PCTChangeGT0.5,_HTGT1.5__HTGTPCTDayChange__LTGTPCTDayChange_,,,chisSellDowningMA-(check5MinuteDownTrendAndSellDowntrend)-Already10DayDown,",2.1751803478615788,1,1,0
"PCTChangeGT3,_HTGT1.5_,,,chisUpTrend-Risky-nearLow,chis-breakoutup-2week,##UPTREND:buyMonth3LowReversal(Confirm),",1.2455368908125213,1,1,0
"PCTDayChangeLT0,_HTGT3.0__HTGTPCTDayChange_,,,%%:checkSell:Super0,##MA-SMA200LT0SMA100LT0,",-1.656246185302725,1,0,1
"PCTChangeGT2,_HTGT1.5_,,,shortUpTrendSellReversal-MonthHigh,week2BarHighChangeGT0,weekHighGTweek2High,brokenToday,",-2.332763970748461,1,0,1
"PCTChangeGT8,_HTGT3.0_,,,%%HLTF-Last2HighTail:(UPTREND)buy(DOWNTREND)sell:HighUpperTailPre-last2DayUp,volumeUpsergedLast2n3n4DayDown,volBuyContinueLast2DayUp-VolUp,##MAPositive_Uptrend(GT4.5),##MA-SMA200LT0SMA100GT0,",-2.554450162923169,1,0,1
"PCTChangeGT8,_HTGT3.0_,,,%%HLTF-Last2HighTail:(UPTREND)buy(DOWNTREND)sell:HighUpperTailPre-last2DayUp,##MAPositive_Uptrend(GT4.5),##MA-SMA200GT0SMA100GT0,",0.05817669940876691,3,1,2
"PCTChangeGT1,_HTGT1.5__HTGTPCTDayChange_,,,%%HLTF:maySellTail-tailGT2-7,10thDayGT20,(Test)MaySellCheckChart-last3DayUp,$$MaySell-CheckChart(downTrend-mayReverseLast4DaysUp),%%:sellUpTrend-month3High,##MAPositive_Uptrend(GT1),##MA-SMA200GT0SMA100GT0,",-1.5901659355789084,1,0,1
"PCTChangeLT-5,,,,##DOWNTREND:sellMonth6HighReversal(InDownTrend),",-0.619818689169523,1,0,1
"PCTChangeGT5,_HTGT1.5_,,,##sellRisingMAuptrend-2,",-0.22388287444612873,1,0,1
"PCTChangeGT0.5,_HTGT1.5__LTGT1.5__HTGTPCTDayChange__LTGTPCTDayChange_,,,chisUpTrend-Risky-nearLow,",-2.6882536865447384,1,0,1
"PCTChangeGT2,PCDayChange-0.5to0.5,_HTGT1.5__LTGT3.0_,,,buyYearHigh-0,",7.57061802061264,1,1,0
"PCTChangeLT-1,,,,chisBuyFinalContinue-0,chisSellDownTrend-nearHigh,",-6.0411055358264445,1,0,1
"PCTChangeLT-5,_LTGT1.5_,,,##MA-SMA200LT0SMA100LT0,",-2.8083872081460175,1,0,1
"PCTChangeGT1,_HTGT1.5__HTGTPCTDayChange_,,,week2BarHighChangeGT0,",-1.6783411178536667,2,0,2
"PCTChangeGT1,,,,##RisingMA(Test)(check-chart-buy)-1DayUp,",0.4469809971344686,30,16,14
"PCTChangeGT1,_HTGT3.0__HTGTPCTDayChange_,,,%%HLTF-Last2HighTail:(UPTREND)buy(DOWNTREND)sell:HighUpperTailPre-last2DayUp,%%HLTF-Risky9:30:maySellTail-tailGT2-7,10thDayGT15,%%HLTF:(UPTREND-GLOBAL/SGX-UP)BuyHighUpperTail-Reversal-7,10thDayGT15-LastDayMarketDown,",3.1123263973527675,1,1,0
"PCTChangeLT-0.5,_HTGT1.5__LTGT1.5_,,,chisDownTrend-Risky-nearHigh,",0.1501901064921216,7,4,3
"PCTChangeLT-2,year2High,,,,weekBarLowChangeLT-2,",-0.7542036732826097,1,0,1
"PCTChangeLT-1,_LTGT1.5_,,,checkCupDown-inDownTrend-month3HighLTmonth3Low,bar_low,##(Check-chart-buy):month3High-InMinus,ReversalHighMonth3,",7.955624619499253,1,1,0
"PCTChangeGT5,_LTGT3.0_,,,%%HLTF-Risky:(GLOBAL-DOWN)sellHighLowerTail-Reversal-LastDayMarketUp,chisBuyDayHighVolLow-0,##MAPositive_Uptrend(GT4.5),##MA-SMA200LT0SMA100LT0,",13.388846696763116,1,1,0
"PCTChangeLT-3,_HTGT3.0__LTGT1.5__HTGTPCTDayChange__LTGTPCTDayChange_,,,##MANegative_Downtrend_(LT-1),##MA-SMA200LT0SMA100LT0,",7.7744998121155,1,1,0
"PCTChangeGT1,_HTGT1.5_,,,chisSellFlag2Week-doji-Risky,",-0.811013932778983,2,0,2
"PCTChangeGT0.5,_HTGT1.5_,,,chisUpTrend-Risky-nearLow,",0.9581252115561076,23,13,10
"PCTChangeLT-3,,,,VOL:buy-UpVol-3dayDown-Week2Low,##MANegative_Downtrend_(LT-2),##MA-SMA200LT0SMA100LT0,",0.8628668179551794,11,8,3
"PCTChangeLT-2,,,,checkCupDown-2dayDown-mayReversalBuy,##DOWNTREND:sellYear2HighReversal(InDownTrend),##(Check-chart-buy):month3High-InMinus,ReversalHighMonth3,##(check-chart)maySell-EMA6-MT-May-LT-EMA14,",-0.6068681371653237,1,0,1
"PCTChangeLT-2,,,,chisBuyMay5DayFloorReversal,(GLOBALFUTDOWN-DOWNTRENDMARKET)checkSellConsolidationBreakDown-week2-lowNotReachedWeek3,week2BarLowChangeLT-2,weekLowLTweek2Low,",-0.423726574188146,1,0,1
"PCTChangeGT2,,,,zigZagVolCrossedFromDown,chisCheckConsolidationBreakoutLT(4.5),",-1.3553558558157703,1,0,1
"PCTChangeLT-3,,,,%%:checkSell:ConsolidationBreakDown(NotShapeA)-2week,checkSellConsolidationBreakDown-2week,week2BarLowChangeLT-2,weekLowLTweek2Low,",0.8645315380861683,1,1,0
"PCTChangeLT-8,,,,maySellHighVolatileDownContinueLT-8,chisSell-smallUptrendReversal,",1.3917322460462307,1,1,0
"PCTChangeLT-1,_HTGT1.5_,,,volSellContinueLast2DayDown-VolUp,chisDownTrend-Risky-nearHigh,",1.0,1,1,0
"PCDCGT0PCTDayChangeLT0,PCDayChange-0.5to0.5,_HTGT1.5__LTGT3.0_,,,%%HLTF-Last2LowTail:(DOWNTREND)sellHighLowerTailPre-1,",3.6778171154258636,2,2,0
"PCTChangeLT-3,,,,##MANegative_Downtrend_(LT-4.5),##MA-SMA200LT0SMA100LT0,##last3DayLow(LT-3)-M3LGT0,",-1.8240846849051007,2,0,2
"PCTChangeGT1,,,,chisUpTrend-Risky-nearLow,week2BarHighChangeGT0,weekHighGTweek2High,brokenToday,##UPTREND:buyMonth3LowReversal(Confirm),",2.248673181703048,1,1,0
"PCTDayChangeLT0,_HTGT1.5__LTGT1.5_,,,shortDownTrendSellContinue-Doji-Last2DayLTToday,",2.280172977993853,2,1,1
"PCTChangeGT5,,,,chisBuyDayHighVolLow-0,",3.920395987197383,1,1,0
"PCTChangeGT0,_LTGT1.5_,,,##MA-SMA200LT0SMA100LT0,",-3.455813471649855,2,0,2
"PCTChangeGT5,_HTGT3.0__LTGT3.0__LTGTPCTDayChange_,,,volSellReversalLast2DayUp-VolUp,##MAPositive_Uptrend(GT2),##MA-SMA200GT0SMA100LT0,##last2DayHighGT3-M3HLT0,",-1.4583333333333333,1,0,1
"PCTChangeLT-2,_HTGT1.5__LTGT1.5_,,,volSellContinueLast2DayDown-VolUp,weekBarLowChangeLT0,brokenToday,chisDownTrend-Risky-nearHigh,",1.6907241663982018,1,1,0
"PCTChangeLT-3,,,,checkCupDown-3dayDown-mayReversalBuy,##(Check-chart-buy):YearHigh-InMinus,ReversalHighYear,##(check-chart)maySell-EMA6-MT-May-LT-EMA14,",1.4482316679757723,1,1,0
"PCTChangeLT-8,_LTGT3.0_,,,volSellContinueLast2DayDown-VolUp,##MANegative_Downtrend_(LT-2),##MA-SMA200LT0SMA100LT0,##last2DayLow(LT-3)-M3LLT0,",-1.4266010723975744,1,0,1
"PCTChangeLT-3,,,,##longDownTrend-1-IndexNotDownLastDay(checkBase),chisDownTrend-Risky-nearHigh,",3.0953415048640873,1,1,0
"PCTChangeLT-1,,,,checkSellConsolidationBreakDown-2week,week2BarLowChangeLT0,weekLowLTweek2Low,brokenToday,##(Check-chart-buy):month3High-InMinus,ReversalHighMonth3,",-1.5630187973340839,1,0,1
"PCTChangeLT-3,,,,weekBarLowChangeLT0,brokenToday,##(Check-chart-buy):month3High-InMinus,ReversalHighMonth3,",-0.014344975643196279,5,3,2
"PCTChangeLT-3,_LTGT3.0_,,,%%checkCupDown-2dayDown-continue,%%HLTF:(GLOBAL-DOWN)sellHighLowerTail-Reversal-LastDayMarketUp,",-3.0147103702320566,1,0,1
"PCTChangeLT-3,_LTGT3.0_,,,##MANegative_Downtrend_(LT-1),##MA-SMA200LT0SMA100LT0,",-0.9752894220564912,3,1,2
"PCTChangeLT-2,_HTGT1.5_,,,%%HLTF:(UPTREND-MorningTrend-UP)mayBuyTail-highTailGT2-7,10thDayGT10-Last2DayStockDown,volumeUpsergedLast2n3n4DayUp,volSellContinueLast2DayDown-VolUp,##(Check-chart-buy):month3High-InMinus,BreakHighMonth3,",1.525853062903367,1,1,0
"PCTChangeGT1,_LTGT1.5_,,,%%HLTF:(SGXNIFTYUP)buyHighLowerTail-Continue,week2BarHighChangeGT0,weekHighGTweek2High,",-3.3458177972660272,1,0,1
"PCTChangeLT-2,,,,weekBarLowChangeLT-2,brokenToday,##(Check-chart-buy):month3High-InMinus,ReversalHighMonth3,",0.013570818046642378,12,7,5
"PCTChangeLT-3,,,,(GLOBALFUTDOWN-DOWNTRENDMARKET)checkSellConsolidationBreakDown-week2-lowNotReachedWeek3,week2BarLowChangeLT-2,##(Check-chart-buy):YearHigh-InMinus,ReversalHighYear,",-1.8182672778386952,4,1,3
"PCTChangeGT3,_HTGT3.0__LTGT1.5__HTGTPCTDayChange_,,,chisSellYear2LowLT-40-last3DayDown(triggerAfter-9:15),",0.30758561759159214,1,1,0
"PCTChangeGT8,_LTGT3.0_,,,volBuyContinueLast2DayUp-VolUp,",2.047165204893865,1,1,0
"PCTChangeLT-2,,,,volumeUpsergedLast2n3n4DayUp,volSellContinueLast2DayDown-VolUp,##DOWNTREND:sellYear2HighReversal(InDownTrend),##(Check-chart-buy):month3High-InMinus,ReversalHighMonth3,",-0.08587393492576739,2,1,1
"PCTChangeGT3,_HTGT1.5_,,,chisSellYear2LowLT-40-last4DayDown(triggerAfter-9:15),##MANegative_Downtrend_(GT2),##MA-SMA200LT0SMA100LT0,##buyTenDaysLessThanMinusTen,",3.6444430881076433,1,1,0
"PCTChangeGT12,_HTGT3.0_,,,volBuyContinueLast2DayUp-VolUp,",-2.7012316423881364,1,0,1
"PCTChangeLT-1,,,,##longDownTrend-2-IndexNotDownLastDay(checkBase),zigZagVolCrossedFromUp,",2.7074786749658664,1,1,0
"PCDCGT0PCTDayChangeLT0,,,,%%:sellDowntrend-lastDayUp-ReversalHighTail,",-0.4666930368636054,10,2,8
"PCTChangeLT-1,,,,(GLOBALFUTDOWN-DOWNTRENDMARKET)checkSellConsolidationBreakDown-month,weekBarLowChangeLT0,brokenToday,",-0.42089981486524436,2,1,1
"PCDCLT0PCTChangeGT0,PCDayChange-0.5to0.5,_LTGT1.5_,,,%%HLTF:(SGXNIFTYUP)buyHighLowerTail-Continue,",0.8471902204171711,17,10,7
"PCDCLT0PCTChangeGT0,PCDayChange-0.5to0.5,_HTGT1.5__LTGT1.5_,,,%%:checkSell:CupDownDoji-lastDayLT(-2)TodayDoji,",-0.6797742452665909,1,0,1
"PCTChangeLT-1,,,,%%:checkSell:CupDownDoji-last2lastDayLT0orTodayGT0,",-0.49345171895538836,13,5,8
"PCTChangeGT2,,,,##(Check-chart-sell):month3Low-InPlus,ReversalLowMonth3,chisUpTrend-Risky-nearLow,(GLOBALFUTUP-UPTRENDMARKET)checkBuyConsolidationBreakUp-week2-highNotReachedWeek3,week2BarHighChangeGT0,##UPTREND:buyMonth3LowReversal(Confirm),",-1.3879802573761584,3,1,2
"PCTChangeGT3,,,,chisUpTrend-Risky-nearLow,volumeUpsergedLast2n3n4DayDown,(GLOBALFUTUP-UPTRENDMARKET)checkBuyConsolidationBreakUp-week2-highNotReachedWeek3,week2BarHighChangeGT2,weekHighGTweek2High,##(check-chart)mayBuy-EMA6-LT-May-MT-EMA14,",-2.8654935067160063,1,0,1
"PCTChangeGT5,_LTGT1.5_,,,##(check-chart)sellEMA6>EMA14,##MAPositive_Uptrend(GT4.5),##MA-SMA200LT0SMA100LT0,",-1.4450867052023122,1,0,1
"PCTChangeLT-0.5,_HTGT1.5_,,,%%HLTF-Last2HighTail:(DOWNTREND)sellHighUpperTailPre,",0.07639233189307153,30,16,14
"PCTChangeLT-1,_HTGT1.5_,,,##MAPositive_Uptrend(LT-1),##MA-SMA200GT0SMA100GT0,",-2.5708822424802587,1,0,1
"PCDCLT0PCTChangeGT5,_HTGT3.0__LTGT3.0__HTGTPCTDayChange__LTGTPCTDayChange_,,,##MA-SMA200GT0SMA100GT0,",-12.074987615422932,1,0,1
"PCTChangeGT1,,,,chisBuyYearHigh-3,##(Check-chart)ML:buyMonth3High-Continue,",-2.6974091543587897,1,0,1
"PCTChangeGT5,,,,(Test)MaySell-CheckChart(downTrend-lastDayUp),",4.278949938322363,1,1,0
"PCDCLT0PCTChangeGT1,PCDayChange-0.5to0.5,_HTGT3.0__LTGT3.0_,,,##MA-SMA200LT0SMA100GT0,",-0.8227867416188626,1,0,1
"PCTChangeGT2,,,,volSellVolumeUpsergedLast2n3DayDown,volBuyContinueLast2DayUp-VolUp,chisCheckConsolidationBreakoutLT(4.5),(GLOBALFUTUP-UPTRENDMARKET)checkBuyConsolidationBreakUp-week2-highNotReachedWeek3,week2BarHighChangeGT2,",-0.5030912630321357,1,0,1
"PCTChangeLT-2,,,,##(Check-chart-buy):month3High-InMinus,BreakHighMonth3,",-0.41444891987446797,46,22,24
"PCTChangeLT-1,_HTGT3.0__LTGT1.5__HTGTPCTDayChange__LTGTPCTDayChange_,,,volBuyReversalLast2DayDown-VolUp,",5.372313679210382,1,1,0
"PCTChangeGT2,,,,chisCheckConsolidationBreakoutLT(4.5),week2BarHighChangeGT2,weekHighGTweek2High,brokenToday,",-2.0843551384104826,1,0,1
"PCTChangeLT-2,,,,volBuyReversalLast2DayDown-VolUp,chisDownTrend-Risky-nearHigh,##DOWNTREND:sellYear2HighReversal(InDownTrend),##(Check-chart-buy):month3High-InMinus,ReversalHighMonth3,",-6.5254273268951914,1,0,1
"PCTChangeLT-5,_LTGT3.0_,,,##last3DayLow(LT-3)-M3LGT0,",4.102998091387263,2,2,0
"PCTChangeGT2,,,,volSellVolumeUpsergedLast2n3DayDown,weekBarHighChangeGT2,brokenToday,",3.434665233532178,2,2,0
"PCTChangeGT3,_HTGT1.5_,,,chisUpTrend-Risky-nearLow,chisCheckConsolidationBreakoutLT(4.5),chisSell-2week-breakoutup,##(Test)buyBottomReversal-1,",0.10100855971828036,1,1,0
"PCTChangeGT0.5,_HTGT1.5__LTGT1.5__LTGTPCTDayChange_,,,%%HLTF-Last2LowTail:(DOWNTREND)sellHighLowerTailPre-1,",-6.916191940168666,1,0,1
"PCDCLT0PCTChangeGT1,PCDayChange-0.5to0.5,_LTGT1.5_,,,##(Test)(check-chart)-buySMAUpTrend,",-0.06400571276078418,8,4,4
"PCTChangeGT3,_LTGT1.5_,,,##buyTenDaysLessThanMinusTen,",-0.9359156359081421,22,9,13
"PCTChangeLT-3,,,,%%:checkSell:Super0,weekBarLowChangeLT-2,##MANegative_Downtrend_(LT-2),##MA-SMA200GT0SMA100LT0,",1.312001953125017,1,1,0
"PCTChangeLT-3,year2High,,,,%%HLTF-Last2DayMarketDown:(GLOBAL-UP)buyHighUpperTailPre1-Reversal-LastDayMarketDown,chisSellUpTrend-Risky-2,",1.045843523347972,1,1,0
"PCTChangeGT0.5,,,,chisUpTrend-Risky-nearLow,buyYearHigh-0,",-2.716297786720326,1,0,1
"PCTChangeGT0.5,year2High,_LTGT3.0_,,,%%HLTF:(GLOBAL-DOWN)sellHighLowerTail-Reversal-LastDayMarketUp,",1.6179643580059495,4,4,0
"PCTChangeGT3,,,,chisSellYear2LowLT-40-last3DayDown(triggerAfter-9:15),",-0.06327941818001159,5,2,3
"PCTChangeGT1,_LTGT1.5_,,,%%HLTF-Risky:(GLOBAL-DOWN)sellHighLowerTail-Reversal-LastDayMarketUp,%%:sellUpTrend-month3High,##MAPositive_Uptrend(GT1),##MA-SMA200GT0SMA100GT0,",-1.4789568022647586,1,0,1
"PCTChangeLT-1,,,,checkCupDown-2dayDown-mayReversalBuy,volSellVolumeUpsergedLast2n3DayUp,chisSellDownTrend-nearHigh,##(Check-chart-buy):month3High-InMinus,ReversalHighMonth3,",-2.32183981153521,1,0,1
"PCTChangeLT-3,_HTGT1.5__HTGTPCTDayChange_,,,sellFinal,##ML:BuyRisingMA-Risky-2,",3.0359702170797394,1,1,0
"PCTChangeGT5,year2High,_HTGT1.5_,,,##lastDayHighGT5TodayGT1,",0.2660780946854154,1,1,0
"PCTChangeLT-3,_HTGT1.5_,,,chisDownTrend-Risky-nearHigh,",0.19184314186620044,26,12,14
"PCTChangeGT3,,,,buyFinal1,",1.2611874680722734,4,2,2
"PCTChangeLT-2,_LTGT1.5_,,,%%HLTF:(GLOBAL-DOWN)sellHighLowerTail-Reversal-LastDayMarketUp,VOL:buy-DownVol-3dayDown-Week2High,##(Check-chart-buy):YearHigh-InMinus,NearHighYear,",2.3687723863164436,1,1,0
"PCTChangeGT3,,,,chisBuyDownTrend-Risky-1,",-0.7935898154564818,4,1,3
"PCTChangeGT3,,,,chisBuyUpTrend-nearLow,chisBuy-2week-breakoutup(check-chart)(|-|-| or --|),",-1.5210989439394016,2,0,2
"PCTChangeLT-1,,,,chisBuyFinalContinue-0,sellFinal,",-0.6782516136247361,1,0,1
"PCTChangeGT1,PCDayChange-0.5to0.5,_HTGT1.5_,,,shortUpTrendSellReversal-MonthHigh-Doji-Last2DayGTToday,",0.5698043030779416,1,1,0
"PCTChangeGT3,,,,chisBuyUpTrend-nearLow,##UPTREND:buyYear2LowReversal(Confirm),",2.2655732151058205,1,1,0
"PCTChangeLT-3,_LTGT3.0_,,,##(Check-chart-buy):YearHigh-InMinus,NearHighYear,",1.1360904166782342,2,1,1
"PCTChangeGT5,,,,chisUpTrend-Risky-nearLow,(GLOBALFUTUP-UPTRENDMARKET)checkBuyConsolidationBreakUp-week2-highNotReachedWeek3,week2BarHighChangeGT0,brokenToday,##UPTREND:buyYearLowReversal(Confirm),",0.8865248226950319,1,1,0
"PCTChangeLT-3,,,,(GLOBALFUTDOWN-DOWNTRENDMARKET)checkSellConsolidationBreakDown-week2-lowNotReachedWeek3,week2BarLowChangeLT-2,##DOWNTREND:sellYear2HighReversal(InDownTrend),##(Check-chart-buy):month3High-InMinus,ReversalHighMonth3,##(check-chart)maySell-EMA6-MT-May-LT-EMA14,",-0.8559225805071378,1,0,1
"PCDCGT0PCTDayChangeLT0,_HTGT3.0_,,,%%:checkBuyContinue:CupDownDoji,",0.4126828564591746,1,1,0
"PCTChangeLT-3,_LTGT1.5_,,,vol-buy-DownVol-3dayDown-Week2Low,##DOWNTREND:sellYear2HighReversal(InDownTrend),##last2DayLow(LT-3)-M3LGT0,##(Check-chart-buy):YearHigh-InMinus,ReversalHighYear,",-1.3192004955278278,1,0,1
"PCTChangeLT-1,_HTGT1.5__LTGT1.5_,,,weekBarLowChangeLT0,brokenToday,##MANegative_Downtrend_(LT-2),##MA-SMA200LT0SMA100LT0,",0.0,1,0,0
"PCTChangeGT0.5,_HTGT1.5__HTGTPCTDayChange_,,,chisBuyUpTrend-nearLow,",0.7830279157757991,2,2,0
"PCTChangeGT5,,,,(GLOBALFUTUP-UPTRENDMARKET)checkBuyConsolidationBreakUp-week2-highNotReachedWeek3,week2BarHighChangeGT5,##lastDayHighGT5TodayGT1,",2.657896343030436,1,1,0
"PCTChangeLT-2,,,,week2BarLowChangeLT0,",0.34276465402688466,9,4,5
"PCTChangeGT2,_LTGT1.5_,,,(GLOBALFUTUP-UPTRENDMARKET)checkBuyConsolidationBreakUp-week2-highNotReachedWeek3,week2BarHighChangeGT0,##UPTREND:buyYear2LowReversal(Confirm),",0.25156848835494094,1,1,0
"PCDCGT0PCTDayChangeLT0,,,,chisSellFlag2Week-doji-Risky,",-1.0750290378873664,5,1,4
"PCTChangeGT1,PCDayChange-0.5to0.5,_LTGT1.5_,,,##MA-SMA200LT0SMA100LT0,",-2.735186912575361,1,0,1
"PCTDayChangeLT0,PCDayChange-0.5to0.5,_HTGT1.5_,,,%%HLTF-Last2HighTail:(DOWNTREND)sell(UPTREND)buy:HighUpperTailPre,",-1.7981202092168678,4,1,3
"PCTChangeLT-1,,,,(GLOBALFUTDOWN-DOWNTRENDMARKET)checkSellConsolidationBreakDown-week2-lowNotReachedWeek3,week2BarLowChangeLT-2,",-0.5636795832067586,20,8,12
"PCTChangeGT2,,,,weekBarHighChangeGT0,brokenToday,chis-breakoutup-2week,chisBuy-2week-breakoutup,",-1.1465555414979767,1,0,1
"PCTChangeGT0.5,,,,%%:checkSellRevarsalLast3DayUpAtMonth3Low,",1.3967557177084144,1,1,0
"PCTChangeGT2,_HTGT1.5__LTGT1.5__HTGTPCTDayChange__LTGTPCTDayChange_,,,volSellRevarsalVolCrossed,",1.3952049361278318,1,1,0
"PCTChangeLT-1,,,,volBuyReversalLast2DayDown-VolUp,chisSellFinalCandidate-3,sellFinal,",0.5701767770867493,1,1,0
"PCTChangeGT5,,,,VOL:sell-UpVol-3dayUp-Week2High,##MAPositive_Uptrend(GT4.5),##MA-SMA200LT0SMA100LT0,##last2DayHighGT3-M3HLT0,",-1.928774475665864,1,0,1
"PCTChangeGT3,_HTGT1.5__HTGTPCTDayChange_,,,%%:sellUpTrend-month3High,##MAPositive_Uptrend(GT1),##MA-SMA200GT0SMA100GT0,",-1.9879536456372409,1,0,1
"PCTChangeLT-3,_LTGT1.5_,,,##MANegative_Downtrend_(LT-4.5),##MA-SMA200LT0SMA100LT0,##DOWNTREND:sellYearLowBreak,##last2DayLow(LT-3)-M3LLT0,",-2.762756744546412,2,1,1
"PCTChangeGT3,_LTGT1.5_,,,(GLOBALFUTUP-UPTRENDMARKET)checkBuyConsolidationBreakUp-week2-highNotReachedWeek3,week2BarHighChangeGT0,",-2.3504803061402755,4,0,4
"PCTChangeGT0,PCDayChange-0.5to0.5,,,,buyPatternsML,buyPattern-GT1.5-SMAGT0,(SMA9GT0),chisBuyYearHigh-3,",2.6695803616794027,3,3,0
"PCTChangeLT-1,_HTGT1.5__LTGT3.0__LTGTPCTDayChange_,,,%%HLTF-Last2DayMarketUp:(GLOBAL-DOWN)sellHighLowerTail-Reversal-LastDayMarketUp,##MAPositive_Uptrend(LT-2),##MA-SMA200LT0SMA100GT0,",-6.178848522715637,1,0,1
"PCDCGT0PCTChangeLT-1,PCDayChange-0.5to0.5,_LTGT1.5_,,,chisSellSuper-Risky,-+,##MA-SMA200GT0SMA100LT0,",-4.535926316312682,1,0,1
"PCTChangeGT2,_HTGT1.5__HTGTPCTDayChange_,,,%%:checkSell:CupDownDoji,%%:sellDowntrend-lastDayUp-ReversalHighTail,",-2.403309753570192,1,0,1
"PCTChangeGT0,_HTGT1.5__HTGTPCTDayChange_,,,(Test)MaySellCheckChart-last3DayUp,shortUpTrendSellReversal-MonthHigh-Doji-Last2DayGTToday,",-0.5927843816424917,1,0,1
"PCTChangeLT-1,_HTGT1.5__LTGT1.5__HTGTPCTDayChange__LTGTPCTDayChange_,,,weekBarLowChangeLT0,##MANegative_Downtrend_(LT-1),##MA-SMA200LT0SMA100LT0,$$MayBuy-CheckChart(downTrend-mayReverseLast4DaysDown),",2.648869383261672,1,1,0
"PCTChangeLT-3,,,,chisSellFlag2Week-Risky,VOL:buy-UpVol-3dayDown-Week2Low,",0.46276272984673616,1,1,0
"PCTChangeLT-3,_LTGT1.5_,,,chisDownTrend-Risky-nearHigh,##(Check-chart-buy):YearHigh-InMinus,NearHighYear,",2.7149662090714597,1,1,0
"PCTChangeGT1,_HTGT1.5__HTGTPCTDayChange_,,,%%HLTF:(GLOBAL-SGX-DOWN)maySellTail-2,3,4thDayGT0,(Test)(check-chart-2-3MidCapCross)MaySellCheckChart-Risky,%%:sellUpTrend-month3High,",0.1772735407338512,1,1,0
"PCTChangeGT3,_HTGT1.5__LTGT1.5__HTGTPCTDayChange__LTGTPCTDayChange_,,,##lastDayHighGT5TodayGT1,",1.5311330702459645,1,1,0
"PCTChangeGT0.5,_HTGT3.0__HTGTPCTDayChange_,,,##RisingMA(check-chart-sell)-MaySellCheckChart,",0.4284752739800338,1,1,0
"PCDCGT0PCTDayChangeLT0,PCDayChange-0.5to0.5,,,,(SMA9GT0),mayBuyFromSellPattern-GT1.8,",1.228847312903468,1,1,0
"PCDCGT0PCTDayChangeLT0,_HTGT3.0__HTGTPCTDayChange_,,,%%HLTF:maySellTail-tailGT2-7,10thDayGT20,%%HLTF:(UPTREND-GLOBAL/SGX-UP)BuyHighUpperTail-Reversal-7,10thDayGT15-LastDayMarketDown,",-0.12633036911137455,1,0,1
"PCTChangeLT-2,year2Low,,,,%%:buyDownTrend-month3Low,",0.01996987803024857,7,3,4
"PCTChangeGT1,_HTGT1.5__LTGT1.5__LTGTPCTDayChange_,,,chisSellDowningMA-(check5MinuteDownTrendAndSellDowntrend)-Already10DayDown,$$(DOWNTREND-OR-GLOBALDOWN)MaySellContinue-CheckChart(inuptrend-monthlow)-highTail,",-2.7476057838708114,1,0,1
"PCTChangeLT-3,,,,%%:checkSell:Super0,##MANegative_Downtrend_(LT-2),##MA-SMA200GT0SMA100LT0,",1.766670422676289,1,1,0
"PCTChangeGT2,_HTGT3.0_,,,##RisingMA(check-chart-sell)-MaySellCheckChart,",1.51257113241468,2,2,0
"PCTChangeLT-2,year2High,_HTGT1.5__LTGT3.0_,,,%%HLTF:(GLOBAL-DOWN)sellHighLowerTail-Reversal-LastDayMarketUp,",-2.350181271467485,2,0,2
"PCTChangeGT2,,,,volSellRevarsalVolCrossed,##UPTREND:buyMonth3LowReversal(Confirm),",2.593091298898394,1,1,0
"PCTChangeLT-2,_HTGT3.0__LTGT3.0__HTGTPCTDayChange__LTGTPCTDayChange_,,,(GLOBALFUTDOWN-DOWNTRENDMARKET)checkSellConsolidationBreakDown-week2-lowNotReachedWeek3,week2BarLowChangeLT-2,weekLowLTweek2Low,",3.2593814993067496,1,1,0
"PCTChangeLT-2,,,,(GLOBALFUTDOWN-DOWNTRENDMARKET)checkSellConsolidationBreakDown-week2-lowNotReachedWeek3,week2BarLowChangeLT-2,weekLowLTweek2Low,chisDownTrend-Risky-nearHigh,##DOWNTREND:sellYear2HighReversal(InDownTrend),##(Check-chart-buy):YearHigh-InMinus,ReversalHighYear,",0.5145642782567197,2,2,0
"PCTChangeGT3,,,,chisUpTrend-Risky-nearLow,volumeUpsergedLast2n3n4DayDown,chisCheckConsolidationBreakoutLT(4.5),BuyYearLow,##UPTREND:buyYear2LowReversal(Confirm),",-1.3846138196113833,1,0,1
"PCTChangeGT5,year2High,_HTGT1.5_,,,chisBuyConsolidationBreakUp-2week-(Risky)-year2High,week2BarHighChangeGT2,weekHighGTweek2High,brokenToday,",0.16408622486460445,1,1,0
"PCTChangeLT-2,,,,volSellContinueLast2DayDown-VolUp,weekBarLowChangeLT-2,##DOWNTREND:sellMonth3LowBreak,",0.10584451565717641,1,1,0
"PCTChangeLT-0.5,PCDayChange-0.5to0.5,_HTGT1.5__LTGT1.5_,,,%%HLTF-LastDayUp:(DOWNTREND-OR-GLOBALDOWN)MaySellHighTail-LastDayMarketUp,shortDownTrendSellContinue-Doji-Last2DayLTToday,",-0.29736489651312675,1,0,1
"PCDCGT0PCTChangeLT-1,,,,##ML:buyRisingMA-down-Risky,",-0.6494322137138839,3,1,2
"PCTChangeLT-3,_LTGT1.5_,,,(GLOBALFUTDOWN-DOWNTRENDMARKET)checkSellConsolidationBreakDown-week2-lowNotReachedWeek3,week2BarLowChangeLT-2,weekLowLTweek2Low,##last3DayLow(LT-3)-M3LGT0,chisBuyDayLowVolLow-03-checkMorningTrend(.5SL)-after10:30,",-2.1640417762006594,1,0,1
"PCTChangeGT0.5,_HTGT1.5__LTGT1.5__HTGTPCTDayChange__LTGTPCTDayChange_,,,$$(DOWNTREND-OR-GLOBALDOWN)MaySellContinue-CheckChart(inuptrend-monthlow)-highTail,",0.09849996675751038,3,1,2
"PCTChangeGT5,_HTGT1.5__HTGTPCTDayChange_,,,chisUpTrend-Risky-nearLow,",0.6464190611426311,3,2,1
"PCTChangeGT3,,,,VOL:buy-DownVol-3dayUp-Week2Low,",0.6357226248902023,11,7,4
"PCTChangeGT12,_LTGT3.0_,,,%%HLTF-Risky:(GLOBAL-DOWN)sellHighLowerTail-Reversal-LastDayMarketUp,volBuyContinueLast2DayUp-VolUp,##MAPositive_Uptrend(GT4.5),##MA-SMA200GT0SMA100GT0,",-0.8390050356079932,1,0,1
"PCTChangeLT-1,_LTGT3.0_,,,chisSellFlag2Week-Risky,",-5.324426316122966,1,0,1
"PCTChangeGT3,,,,volumeUpsergedLast2n3n4DayDown,chisCheckConsolidationBreakoutLT(4.5),checkBuyConsolidationBreakUp-2week,week2BarHighChangeGT0,##(Check-chart):yearHigh-InPlus,",-0.7562139039266772,1,0,1
"PCTChangeLT-5,_HTGT3.0__LTGT1.5_,,,##last2DayLow(LT-3)-M3LGT0,",0.27057948026020184,3,1,2
"PCTChangeLT-3,_HTGT1.5_,,,##longDownTrend-1-IndexNotDownLastDay(checkBase),chisDownTrend-Risky-nearHigh,",0.12211774378338155,1,1,0
"PCTChangeGT0.5,,,,chisUpTrend-Risky-nearLow,volSellReversalLast2DayUp-VolUp,BuyYearLow,",-0.6786873355671093,1,0,1
"PCTChangeLT-3,_HTGT1.5_,,,volumeUpsergedLast2n3n4DayUp,volSellContinueLast2DayDown-VolUp,##last2DayLow(LT-3)-M3LGT0,",-1.75736448525373,1,0,1
"PCTChangeLT-2,_HTGT1.5_,,,%%:checkSell:Flag2Week,vol-buy-DownVol-3dayDown-Week2Low,",5.113499599203359,1,1,0
"PCTChangeLT-3,_HTGT1.5_,,,chisSellDayLowVolLow-03-checkMorningTrend(.5SL),##(Check-chart-buy):month3High-InMinus,ReversalHighMonth3,",-1.8052532804517838,1,0,1
"PCTChangeLT-2,,,,volBuyVolumeUpsergedLast2n3DayUp,weekBarLowChangeLT-2,chisDownTrend-Risky-nearHigh,##DOWNTREND:sellYear2HighReversal(InDownTrend),",0.6542453827828486,2,1,1
"PCTChangeLT-1,_LTGT1.5_,,,##MANegative_Downtrend_(LT-1),##MA-SMA200LT0SMA100LT0,(Test)(check-chart-2-3MidCapCross)MayBuyCheckChart-Risky,MayBuyCheckChart-(IndexNotUpInSecondHalf),%%:buyDownTrend-month3Low,",0.14492901051101323,1,1,0
"PCTChangeLT-1,,,,chisSell:Super03-monthLow,(GLOBALFUTDOWN-DOWNTRENDMARKET)checkSellConsolidationBreakDown-month,weekBarLowChangeLT0,brokenToday,",-2.8651062371143428,1,0,1
"PCTChangeGT5,,,,##UPTREND:buyMonth3LowReversal(Confirm),##last2DayHighGT3-M3HLT0,",7.27053969010896,1,1,0
"PCTChangeLT-1,,,,volBuyReversalLast2DayDown-VolDown,chisBuyFinalContinue-1,##MAPositive_Uptrend(LT-2),##MA-SMA200LT0SMA100LT0,",-0.901639344262287,1,0,1
"PCTChangeLT-3,,,,chisSellFlag2Week-Risky,##MANegative_Downtrend_(LT-2),##MA-SMA200LT0SMA100LT0,",-3.1239284705787416,1,0,1
"PCTChangeGT2,PCDayChange-0.5to0.5,_LTGT3.0_,,,sellPattern-LT-1.5-SMALT0,(SMA9LT0),maySellFromBuyPattern-LT-1.8,",-9.482453998766449,1,0,1
"PCTChangeGT3,_HTGT1.5_,,,volSellVolumeUpsergedLast2n3DayDown,##MAPositive_Uptrend(GT2),##MA-SMA200GT0SMA100LT0,",-4.050523869570332,1,0,1
"PCTChangeLT-5,,,,(GLOBALFUTDOWN-DOWNTRENDMARKET)checkSellConsolidationBreakDown-week2-lowNotReachedWeek3,week2BarLowChangeLT0,chisSellDownTrend-nearHigh,",2.6666702049366067,1,1,0
"PCTChangeEQ0,PCDayChange-0.5to0.5,_LTGT1.5_,,,%%:checkBuyContinue:CupDownDoji-last2dayUp,",-0.6004988238713199,1,0,1
"PCTChangeGT3,_HTGT3.0__HTGTPCTDayChange_,,,%%HLTF:maySellTail-tailGT2-7,10thDayGT20,%%HLTF:(UPTREND-GLOBAL/SGX-UP)BuyHighUpperTail-Reversal-7,10thDayGT15-LastDayMarketDown,volumeUpsergedLast2n3n4DayDown,(GLOBALFUTUP-UPTRENDMARKET)checkBuyConsolidationBreakUp-week2-highNotReachedWeek3,week2BarHighChangeGT2,brokenToday,",-1.698033135164521,1,0,1
"PCTChangeLT-3,,,,checkCupDown-2dayDown-mayReversalBuy,##last2DayLow(LT-3)-M3LGT0,",1.2350571619633315,5,2,3
"PCTChangeGT1,_HTGT3.0_,,,%%HLTF:maySellTail-tailGT2-7,10thDayGT20,%%HLTF:(UPTREND-GLOBAL/SGX-UP)BuyHighUpperTail-Reversal-7,10thDayGT15-LastDayMarketDown,",-6.8664171095795385,1,0,1
"PCTChangeLT-3,_HTGT1.5__HTGTPCTDayChange_,,,(GLOBALFUTDOWN-DOWNTRENDMARKET)checkSellConsolidationBreakDown-week2-lowNotReachedWeek3,week2BarLowChangeLT-5,weekLowLTweek2Low,chisDownTrend-Risky-nearHigh,",-1.3196392034553777,1,0,1
"PCTChangeLT-3,,,,##DOWNTREND:sellYear2HighReversal(InDownTrend),##(Check-chart-buy):month3High-InMinus,ReversalHighMonth3,##(check-chart)maySell-EMA6-MT-May-LT-EMA14,",-1.2583492662836522,3,1,2
"PCTChangeGT1,_HTGT3.0__LTGT1.5_,,,%%HLTF:maySellTail-tailGT2-7,10thDayGT20,%%HLTF:(UPTREND-GLOBAL/SGX-UP)BuyHighUpperTail-Reversal-7,10thDayGT15-LastDayMarketDown,",1.1403490925392934,1,1,0
"PCTChangeGT0.5,,,,chisUpTrend-Risky-nearLow,",-0.03207238356942241,138,70,66
"PCTChangeLT-1,_LTGT1.5_,,,(GLOBALFUTDOWN-DOWNTRENDMARKET)checkSellConsolidationBreakDown-week2-lowNotReachedWeek3,week2BarLowChangeLT0,weekLowLTweek2Low,chisDownTrend-Risky-nearHigh,##(Test):buyRisingMA-uptrend-SMA25gt0,",-0.7939209809174295,1,0,1
"PCTChangeGT3,,,,checkBuyConsolidationBreakout-allPreLT0,week2BarHighChangeGT2,weekHighGTweek2High,brokenToday,",-2.5883087181971742,2,0,2
"PCTChangeGT3,year2High,_LTGT1.5_,,,volSellVolumeUpsergedLast2n3DayDown,##lastDayHighGT5TodayGT1,",-1.9385580289161843,1,0,1
"PCTChangeGT3,_HTGT3.0__HTGTPCTDayChange_,,,%%HLTF-Last2HighTail:(UPTREND)buy(DOWNTREND)sell:HighUpperTailPre-last2DayUp,sellEveningStar-0,##MAPositive_Uptrend(GT2),##MA-SMA200GT0SMA100GT0,##last2DayHighGT3-M3HGT0,",2.7056277056277036,1,1,0
"PCTChangeGT0,year2High,_HTGT1.5__LTGT3.0__HTGTPCTDayChange__LTGTPCTDayChange_,,,%%HLTF:(GLOBAL-DOWN)sellHighLowerTail-Reversal-LastDayMarketUp,",-3.034621974844073,1,0,1
"PCTChangeEQ0,PCDayChange-0.5to0.5,_HTGT1.5_,,,chisSellFlagWeek-doji-Risky,",-1.230767764010342,1,0,1
"PCTChangeGT1,,,,week2BarHighChangeGT2,weekHighGTweek2High,##UPTREND:buyMonth3LowReversal(Confirm),",-0.16547113871403343,1,0,1
"PCTChangeGT5,_HTGT1.5_,,,##MAPositive_Uptrend(GT4.5),##MA-SMA200LT0SMA100LT0,",1.5629566939738453,5,3,2
"PCTChangeLT-3,_HTGT1.5__LTGT1.5_,,,volSellContinueLast2DayDown-VolUp,##(Check-chart-buy):month3High-InMinus,ReversalHighMonth3,",-2.0087043035811427,1,0,1
"PCTChangeGT3,_HTGT3.0_,,,%%HLTF-Last2HighTail:(UPTREND)buy(DOWNTREND)sell:HighUpperTailPre-last2DayUp,##MAPositive_Uptrend(GT4.5),##MA-SMA200LT0SMA100LT0,##last2DayHighGT3-M3HLT0,",0.3115217163617787,1,1,0
"PCTChangeLT-2,_HTGT1.5__LTGT1.5_,,,##(Check-chart-buy):month3High-InMinus,ReversalHighMonth3,",-1.4152106835803469,2,0,2
"PCTChangeGT1,,,,##MAPositive_Uptrend(GT2),##MA-SMA200GT0SMA100LT0,",-2.003464834527717,1,0,1
"PCTChangeLT-3,_HTGT3.0__HTGTPCTDayChange_,,,##(Check-chart-buy):YearHigh-InMinus,NearHighYear,",-6.0686999604902265,1,0,1
"PCTChangeGT3,_HTGT1.5__LTGT1.5_,,,%%HLTF-Last2HighTail:(UPTREND)buy(DOWNTREND)sell:HighUpperTailPre-last2DayUp,(GLOBALFUTUP-UPTRENDMARKET)checkBuyConsolidationBreakUp-week2-highNotReachedWeek3,week2BarHighChangeGT0,weekHighGTweek2High,##last2DayHighGT3-M3HLT0,",-0.7930211016548586,1,0,1
"PCTChangeGT2,_HTGT1.5__LTGT1.5_,,,##MANegative_Downtrend_(GT2),##MA-SMA200LT0SMA100LT0,",-5.825688073394492,1,0,1
"PCTChangeGT1,,,,weekBarHighChangeGT0,(SMA9GT0),",-0.28748850045997976,1,0,1
"PCTChangeLT-2,_LTGT1.5_,,,volBuyRevarsalVolCrossed,",3.744493392070474,1,1,0
"PCTChangeLT-2,,,,checkCupDown-inDownTrend-month3HighLTmonth3Low,bar_low,volBuyReversalLast2DayDown-VolDown,chisSellDownTrend-nearHigh,##(Check-chart-buy):YearHigh-InMinus,NearHighYear,",-1.1601102140528823,1,0,1
"PCTChangeGT0.5,PCDayChange-0.5to0.5,,,,chisSellSuper-Risky,-+,##MANegative_Downtrend_(GT0),##MA-SMA200LT0SMA100LT0,",-3.2509505703422077,1,0,1
"PCTChangeLT-2,_HTGT1.5_,,,volSellVolumeUpsergedLast2n3DayUp,volSellContinueLast2DayDown-VolUp,",1.1920914559552391,2,2,0
"PCTChangeGT3,_LTGT1.5_,,,chisSell-2week-breakoutup,",8.129892364167652,1,1,0
"PCTChangeLT-3,_HTGT1.5__LTGT1.5_,,,volBuyReversalLast2DayDown-VolUp,",1.3432432892100474,1,1,0
"PCTChangeLT-1,_LTGT1.5_,,,chisSellDownTrend-nearHigh,",0.14483638457170356,35,20,15
"PCTChangeLT-1,_LTGT3.0_,,,##MANegative_Downtrend_(LT-1),##MA-SMA200GT0SMA100LT0,",-1.8437718758690294,1,0,1
"PCTChangeGT5,_LTGT1.5_,,,##MAPositive_Uptrend(GT1),##MA-SMA200LT0SMA100GT0,",-1.808242565011444,1,0,1
"PCTChangeLT-0.5,,,,chisSellFlag2Week-Risky,volBuyReversalLast2DayDown-VolDown,",-1.2315802323190803,1,0,1
"PCTChangeLT-3,,,,volSellContinueLast2DayDown-VolUp,(GLOBALFUTDOWN-DOWNTRENDMARKET)checkSellConsolidationBreakDown-week2-lowNotReachedWeek3,week2BarLowChangeLT-2,chisDownTrend-Risky-nearHigh,##DOWNTREND:sellMonth6HighReversal(InDownTrend),##(Check-chart-buy):month3High-InMinus,ReversalHighMonth3,",1.223776223776224,1,1,0
"PCTChangeGT0.5,_HTGT1.5__HTGTPCTDayChange_,,,(Test)(check-chart-2-3MidCapCross)MaySellCheckChart-Risky,",0.42776923944786316,50,24,25
"PCTChangeGT2,,,,week2BarHighChangeGT0,weekHighGTweek2High,brokenToday,buyPatternsML,buyPattern-GT1.5-SMAGT0,(SMA9GT0),",-2.5267639813637586,1,0,1
"PCTChangeLT-3,_HTGT1.5_,,,checkCupDown-near2WeekDown-mayReveresalBuy,",-1.141269493616074,2,1,1
"PCTChangeLT-2,year2High,_LTGT3.0_,,,chisSellConsolidationBreakDown-forecastDayPCT7LT0,",-0.6476735378637882,2,0,2
"PCTChangeLT-2,,,,volSellContinueLast2DayDown-VolUp,(GLOBALFUTDOWN-DOWNTRENDMARKET)checkSellConsolidationBreakDown-week2-lowNotReachedWeek3,week2BarLowChangeLT0,weekLowLTweek2Low,##(Check-chart-buy):month3High-InMinus,ReversalHighMonth3,",0.6870209615290324,2,2,0
"PCTChangeGT3,year2High,_HTGT3.0__HTGTPCTDayChange_,,,volSellVolumeUpsergedLast2n3DayDown,checkBuyConsolidationBreakout-allPreLT0,",2.8188491318153113,1,1,0
"PCTChangeLT-1,_LTGT1.5_,,,MayBuyCheckChart-(IndexNotUpInSecondHalf),$$MayBuy-CheckChart(downTrend-mayReverseLast4DaysDown)-Risky,",-1.218184037642043,1,0,1
"PCTChangeLT-1,_HTGT1.5__HTGTPCTDayChange_,,,%%HLTF:maySellTail-tailGT2-7,10thDayGT20,",4.234503764231466,1,1,0
"PCTChangeGT3,_HTGT1.5_,,,##UPTREND:buyYear2LowReversal(Confirm),",-3.59940831801472,1,0,1
"PCTChangeLT-2,,,,sellFinal1,##(Check-chart-buy):month3High-InMinus,NearHighMonth3,",0.28438628185902465,1,1,0
"PCTChangeGT1,_HTGT1.5__HTGTPCTDayChange_,,,##MAPositive_Uptrend(GT1),##MA-SMA200LT0SMA100GT0,",3.2616242583170028,1,1,0
"PCDCGT0PCTChangeLT-5,_HTGT3.0__HTGTPCTDayChange_,,,##MA-SMA200LT0SMA100LT0,",0.5916694460024322,3,2,1
"PCTChangeLT-0.5,_HTGT3.0_,,,%%:checkBuyContinue:CupDownDoji-last2dayUp,%%HLTF-Last2HighTail:(DOWNTREND)sellHighUpperTailPre,",2.362908149642246,1,1,0
"PCTChangeLT-3,_LTGT3.0_,,,chisSellDownTrend-nearHigh,##(Check-chart-buy):month3High-InMinus,NearHighMonth3,",4.7916684831891745,1,1,0
"PCTChangeGT3,,,,(GLOBALFUTUP-UPTRENDMARKET)checkBuyConsolidationBreakUp-week2-highNotReachedWeek3,week2BarHighChangeGT0,##last3DayHighGT3-M3HLT0,",1.7209607195936196,1,1,0
"PCTChangeLT-2,year2Low,,,,weekBarLowChangeLT0,",-0.44401308744570567,1,0,1
"PCTChangeLT-1,_LTGT1.5_,,,##MANegative_Downtrend_(LT-2),##MA-SMA200GT0SMA100GT0,",-1.3902852860854509,1,0,1
"PCTChangeGT2,_HTGT1.5_,,,zigZagVolCrossedFromDown,##(Check-chart-sell):month3Low-InPlus,ReversalLowMonth3,##UPTREND:buyMonth3LowReversal(Confirm),",-0.5350867177524691,1,0,1
"PCTChangeLT-2,,,,##ML:BuyRisingMA-Risky-2,",3.414637867997335,1,1,0
"PCTChangeGT1,,,,volBuyVolumeUpsergedLast2n3DayDown,maySellFromBuyPattern-LT-1.8,",-2.4491431007922464,1,0,1
"PCTChangeLT-2,_HTGT1.5__HTGTPCTDayChange_,,,%%HLTF:(UPTREND-MorningTrend-UP)mayBuyTail-highTailGT2-7,10thDayGT10-Last2DayStockDown,",1.510935907836047,2,2,0
"PCTChangeLT-3,_HTGT1.5__LTGT3.0_,,,(GLOBALFUTDOWN-DOWNTRENDMARKET)checkSellConsolidationBreakDown-week2-lowNotReachedWeek3,week2BarLowChangeLT-2,",3.0143555271568574,1,1,0
"PCTChangeGT3,,,,##(Check-chart-sell):month3Low-InPlus,ReversalLowMonth3,chisBuyUpTrend-nearLow,volumeUpsergedLast2n3n4DayDown,VOL:buy(GLOBALFUTDOWN-GLOBALMARKETDOWN)Sell-UpVol-3dayUp-Week2Low,##UPTREND:buyMonth3LowReversal(Confirm),",0.7423567459572786,1,1,0
"PCDCGT0PCTChangeLT-3,PCDayChange-0.5to0.5,year2Low,_HTGT3.0__LTGT1.5_,,,%%HLTF-Last2LowTail:(DOWNTREND)sellHighLowerTailPre-1,",1.9506562461015897,1,1,0
"PCTChangeGT1,_HTGT1.5__HTGTPCTDayChange_,,,##RisingMA(check-chart-sell)-MaySellCheckChart,",4.624345945983425,3,3,0
"PCTChangeLT-1,_HTGT1.5_,,,volSellContinueLast2DayDown-VolUp,weekBarLowChangeLT0,brokenToday,",0.7223723756474172,2,1,1
"PCTChangeGT1,_HTGT3.0_,,,chisSellSuper-Risky,-+,##MANegative_Downtrend_(GT0),##MA-SMA200LT0SMA100LT0,",6.156599631306448,1,1,0
"PCTChangeLT-0.5,_LTGT1.5_,,,chisDownTrend-Risky-nearHigh,",0.2328262662279934,129,61,68
"PCTChangeGT2,_HTGT1.5__LTGT1.5__HTGTPCTDayChange__LTGTPCTDayChange_,,,%%:sellUpTrend-month3High,##(Check-chart):year2High-InPlus,",1.2605047673799814,1,1,0
"PCTChangeLT-1,,,,%%:sellDowntrend-lastDayDown-ReversalHighTail,",-0.47859703553914446,3,0,3
"PCTChangeGT3,_LTGT3.0_,,,%%HLTF:(SGXNIFTYUP)buyHighLowerTail-Continue,##MAPositive_Uptrend(GT2),##MA-SMA200LT0SMA100GT0,",-0.1075816717473588,1,0,1
"PCTChangeLT-0.5,_HTGT1.5_,,,##MAPositive_Uptrend(LT0),##MA-SMA200GT0SMA100GT0,",-3.2210763648144383,1,0,1
"PCTChangeGT1,_HTGT1.5_,,,##RisingMA(check-chart-sell)-MaySellCheckChart,##MAPositive_Uptrend(GT2),##MA-SMA200LT0SMA100LT0,",3.9326869434672966,1,1,0
"PCTChangeLT-0.5,_HTGT3.0_,,,%%HLTF-Last2HighTail:(DOWNTREND)sellHighUpperTailPre,",1.7420927479557893,3,2,1
"PCTChangeGT8,,,,chisBuyUpTrend-nearLow,volumeUpsergedLast2n3n4DayDown,volBuyContinueLast2DayUp-VolUp,",-4.628493665982903,1,0,1
"PCTChangeGT3,,,,volSellVolumeUpsergedLast2n3DayDown,volBuyContinueLast2DayUp-VolUp,chisCheckConsolidationBreakoutLT(4.5),checkBuyConsolidationBreakUp-2week,week2BarHighChangeGT2,weekHighGTweek2High,",1.4470573874080908,1,1,0
"PCTChangeLT-2,_LTGT1.5_,,,chisDownTrend-Risky-nearHigh,buyMorningStar-HighLowerTail-(checkChart),",-1.360842844600521,1,0,1
"PCTChangeGT5,_HTGT1.5_,,,checkBuyConsolidationBreakUp-month3HighLTMonth3Low,",-2.297195372185738,1,0,1
"PCTChangeGT1,_LTGT1.5_,,,volBuyVolumeUpsergedLast2n3DayDown,",-0.6464310721384557,6,3,3
"PCTChangeGT3,_LTGT1.5_,,,%%HLTF:(GLOBAL-DOWN)sellHighLowerTail-Reversal-LastDayMarketUp,##MAPositive_Uptrend(GT4.5),##MA-SMA200LT0SMA100GT0,",-5.332779752778589,1,0,1
"PCTChangeLT-8,,,,volSellContinueLast2DayDown-VolUp,",0.9981755559619824,4,3,1
"PCTChangeGT3,,,,chis-breakoutup-2week,chisBuy-2week-breakoutup,",-0.0790782575609769,6,3,3
"PCTChangeLT-1,PCDayChange-0.5to0.5,_HTGT1.5__LTGT1.5_,,,shortDownTrendSellContinue-Doji-Last2DayLTToday,",-2.76176901424632,1,0,1
"PCDCLT0PCTChangeGT5,_HTGT1.5__LTGT1.5__HTGTPCTDayChange__LTGTPCTDayChange_,,,chisSell-smallUptrendReversal,chisSellLastDayHighUpReversal,",-2.688754653150564,1,0,1
"PCTDayChangeLT0,_HTGT1.5__HTGTPCTDayChange_,,,%%HLTF:maySellTail-tailGT2-7,10thDayGT20,##MAPositive_Uptrend(LT-1),##MA-SMA200LT0SMA100LT0,",-1.210013883954838,1,0,1
"PCTChangeGT3,_HTGT1.5_,,,volumeUpsergedLast2n3n4DayDown,##last2DayHighGT3-M3HLT0,",-0.5889419755716087,3,1,2
"PCTChangeGT5,_HTGT1.5_,,,%%HLTF-Last2HighTail:(UPTREND)buy(DOWNTREND)sell:HighUpperTailPre-last2DayUp,##MAPositive_Uptrend(GT2),##MA-SMA200GT0SMA100GT0,",-5.674846625766871,1,0,1
"PCTChangeLT-3,,,,chisSellFinalCandidate-(lastDayUp),",0.48058915281257375,8,5,3
"PCTChangeLT-2,,,,weekBarLowChangeLT0,brokenToday,chisDownTrend-Risky-nearHigh,##DOWNTREND:sellYear2HighReversal(InDownTrend),##(Check-chart-buy):YearHigh-InMinus,ReversalHighYear,",-0.61223215182136,8,2,6
"PCTChangeLT-1,PCDayChange-0.5to0.5,,,,##(Check-chart-sell)Month3Low-Continue(InUpTrend),ReversalLowMonth3,",-1.8878744285117022,4,1,3
"PCTChangeLT-2,PCDayChange-0.5to0.5,_HTGT1.5__LTGT1.5_,,,##MA-SMA200LT0SMA100LT0,",-1.5533365885416732,1,0,1
"PCTChangeLT-2,_LTGT1.5_,,,weekBarLowChangeLT-2,brokenToday,chisDownTrend-Risky-nearHigh,##(Check-chart-buy):month3High-InMinus,ReversalHighMonth3,",-1.2168124508340796,1,0,1
"PCTDayChangeLT0,_LTGT1.5_,,,(GLOBALFUTDOWN-DOWNTRENDMARKET)checkSellConsolidationBreakDown-week2-lowNotReachedWeek3,week2BarLowChangeLT-2,weekLowLTweek2Low,",-2.829239646322021,1,0,1
"PCTChangeGT3,year2High,_HTGT3.0__HTGTPCTDayChange_,,,%%HLTF-Last2HighTail:(UPTREND)buy(DOWNTREND)sell:HighUpperTailPre-last2DayUp,",1.1509223411782532,4,3,1
"PCTChangeGT1,_HTGT1.5_,,,%%HLTF-Last2HighTail:(UPTREND)buy(DOWNTREND)sell:HighUpperTailPre-last2DayUp,chisCheckConsolidationBreakoutLT(4.5),",-2.1401277772939866,1,0,1
"PCTChangeGT3,year2High,_LTGT1.5_,,,vol-sell-DownVol-3dayUp-Week2High,weekBarHighChangeGT2,",-1.4475711740535897,1,0,1
"PCTChangeGT1,,,,chisSellDowningMA-(check5MinuteDownTrendAndSellDowntrend),(SMA9LT0),",-0.9983832090316691,1,0,1
"PCTChangeLT-3,,,,chisSell-smallUptrendReversal,%%HLTF-Last2DayMarketDown:(GLOBAL-UP)buyHighUpperTailPre1-Reversal-LastDayMarketDown,##ML:buyRisingMA-down-Risky,",-0.34141516183390647,1,0,1
"PCTChangeGT3,,,,chisUpTrend-Risky-nearLow,volumeUpsergedLast2n3n4DayDown,chisCheckConsolidationBreakoutLT(4.5),##UPTREND:buyYear2LowReversal(Confirm),",0.45947438194750684,1,1,0
"PCTChangeGT3,,,,chisCheckConsolidationBreakoutLT(4.5),(GLOBALFUTUP-UPTRENDMARKET)checkBuyConsolidationBreakUp-month,weekBarHighChangeGT2,",-2.287581699346404,1,0,1
"PCTChangeGT5,,,,chisUpTrend-Risky-nearLow,volBuyContinueLast2DayUp-VolUp,",1.743158786802094,4,4,0
"PCTChangeGT8,_HTGT3.0_,,,chisCheckConsolidationBreakout2WeekLT(4.5),",1.235297707950368,1,1,0
"PCTChangeLT-1,_HTGT1.5__LTGT1.5_,,,checkSellConsolidationBreakDown-month3HighGTMonth3Low,chisSellDownTrend-nearHigh,##(Check-chart-buy):YearHigh-InMinus,NearHighYear,",5.129179489898833,1,1,0
"PCTChangeGT3,,,,weekBarHighChangeGT2,##last3DayHighGT3-M3HLT0,",3.9967876748852604,1,1,0
"PCTChangeGT0.5,PCDayChange-0.5to0.5,_HTGT1.5__LTGT1.5_,,,chisSellDowningMA-(check5MinuteDownTrendAndSellDowntrend),%%HLTF-Last2LowTail:(DOWNTREND)sellHighLowerTailPre-1,",-0.27914106542547845,1,0,1
"PCTChangeGT1,_HTGT1.5_,,,volBuyContinueLast2DayUp-VolUp,chisCheckConsolidationBreakoutLT(4.5),(GLOBALFUTUP-UPTRENDMARKET)checkBuyConsolidationBreakUp-week2-highNotReachedWeek3,week2BarHighChangeGT0,brokenToday,",-1.7043712676185054,1,0,1
"PCTChangeGT5,,,,##MAPositive_Uptrend(GT2),##MA-SMA200LT0SMA100LT0,",-1.48041373747917,7,4,3
"PCTChangeLT-1,_HTGT1.5_,,,chisSell:Super03-monthLow,volSellContinueLast2DayDown-VolUp,",0.7827229280808822,1,1,0
"PCTChangeLT-3,,,,volSellContinueLast2DayDown-VolUp,(GLOBALFUTDOWN-DOWNTRENDMARKET)checkSellConsolidationBreakDown-week2-lowNotReachedWeek3,week2BarLowChangeLT0,chisDownTrend-Risky-nearHigh,##(Check-chart-buy):YearHigh-InMinus,ReversalHighYear,",1.2938645544169183,2,2,0
"PCTChangeGT5,year2High,,,,volSellReversalLast2DayUp-VolDown,weekBarHighChangeGT2,",4.76872112257364,1,1,0
"PCTChangeGT0.5,_HTGT3.0__HTGTPCTDayChange_,,,chisUpTrend-Risky-nearLow,##RisingMA(check-chart-sell)-MaySellCheckChart,##(Test)buyBottomReversal-1,",-0.48030740377417597,1,0,1
"PCTChangeLT-5,,,,%%:checkSell:FlagWeek,volBuyReversalLast2DayDown-VolDown,",-9.647417774107911,1,0,1
"PCTChangeLT-1,,,,chisBuy-smallUptrendContinue,",-1.3292232029874484,1,0,1
"PCDCLT0PCTChangeGT1,PCDayChange-0.5to0.5,_HTGT1.5_,,,%%HLTF-Last2HighTail:(DOWNTREND)sell(UPTREND)buy:HighUpperTailPre,",-0.4578154303554318,1,0,1
"PCTChangeLT-3,,,,##MANegative_Downtrend_(LT-2),##MA-SMA200LT0SMA100LT0,##DOWNTREND:sellMonth6LowBreak,##last2DayLow(LT-3)-M3LLT0,",4.524073199502112,1,1,0
"PCTChangeLT-5,_LTGT3.0_,,,volSellContinueLast2DayDown-VolUp,##last2DayLow(LT-3)-M3LGT0,",-6.42856819919807,1,0,1
"PCTChangeGT3,_LTGT1.5_,,,vol-sell-DownVol-3dayUp-Week2High,##MAPositive_Uptrend(GT2),##MA-SMA200GT0SMA100GT0,",3.783686557749923,2,1,1
"PCTChangeLT-1,,,,%%:checkSell:ConsolidationBreakDown(NotShapeA)-2week,checkSellConsolidationBreakDown-2week,week2BarLowChangeLT0,brokenToday,chisDownTrend-Risky-nearHigh,##(Check-chart-buy):month3High-InMinus,ReversalHighMonth3,",-0.11447227142885925,3,2,1
"PCTChangeGT2,_LTGT1.5_,,,week2BarHighChangeGT0,",0.12980572842269905,5,3,2
"PCTChangeLT-3,,,,chisDownTrend-Risky-nearHigh,",-0.0582804557907494,184,92,90
"PCTChangeLT-1,_HTGT1.5_,,,shortDownTrendSellContinue-Doji-Last2DayLTToday,",-0.21378218106612076,6,2,3
"PCTChangeGT3,,,,week2BarHighChangeGT2,##last2DayHighGT3-M3HLT0,",1.6439521157460144,1,1,0
"PCDCLT0PCTChangeGT1,_LTGT1.5_,,,%%HLTF:(SGXNIFTYUP)buyHighLowerTail-Continue,##(Test)(check-chart)-buySMAUpTrend,",-1.7937824206077426,2,0,2
"PCTChangeLT-2,,,,chisDownTrend-Risky-nearHigh,zigZagVolCrossedFromUp,##(Check-chart-buy):month3High-InMinus,ReversalHighMonth3,",-0.23832987021922264,2,1,1
"PCTChangeGT0.5,year2High,_HTGT1.5__HTGTPCTDayChange_,,,%%HLTF-Last2HighTail:(UPTREND)buy(DOWNTREND)sell:HighUpperTailPre-last2DayUp,",-2.1540621377942135,1,0,1
"PCDCLT0PCTChangeGT1,_LTGT3.0_,,,##MA-SMA200GT0SMA100GT0,",1.600002712673616,1,1,0
"PCTChangeLT-2,_HTGT3.0_,,,%%:checkSell:FlagWeek,##MANegative_Downtrend_(LT-2),##MA-SMA200LT0SMA100LT0,",-16.830602760523394,1,0,1
"PCTChangeLT-1,PCDayChange-0.5to0.5,_LTGT1.5_,,,%%HLTF:(GLOBAL-UP)buyHighLowerTail-LastDayMarketUp,",1.0521538823628642,1,1,0
"PCTChangeGT2,,,,chisCheckConsolidationBreakoutLT(4.5),chisBuyConsolidationBreakUp-2week-(Risky)-year2High,week2BarHighChangeGT0,brokenToday,##(Check-chart):year2High-InPlus,",-0.23275296405008972,2,1,1
"PCTChangeLT-1,_LTGT1.5_,,,chisDownTrend-Risky-nearHigh,MayBuyCheckChart-(IndexNotUpInSecondHalf),##(Check-chart-buy):month3High-InMinus,ReversalHighMonth3,",-1.5956410401375245,2,1,1
"PCTChangeLT-0.5,_LTGT1.5_,,,shortDownTrendBuyReversal-Month3Low-Doji-Last2DayLTToday,buyMorningStar-HighLowerTail-(checkChart),",0.885606603868775,1,1,0
"PCTChangeLT-2,,,,checkCupDown-near2WeekDown-mayReveresalBuy,(GLOBALFUTDOWN-DOWNTRENDMARKET)checkSellConsolidationBreakDown-week2-lowNotReachedWeek3,week2BarLowChangeLT0,chisDownTrend-Risky-nearHigh,##DOWNTREND:sellYear2HighReversal(InDownTrend),##(Check-chart-buy):month3High-InMinus,ReversalHighMonth3,##(check-chart)maySell-EMA6-MT-May-LT-EMA14,",-2.785334799842804,1,0,1
"PCTChangeLT-1,PCDayChange-0.5to0.5,_HTGT3.0_,,,buyYearHigh-0,",0.05813722248145281,2,1,1
"PCTChangeLT-3,,,,checkCupDown-near2WeekDown-mayReveresalBuy,(GLOBALFUTDOWN-DOWNTRENDMARKET)checkSellConsolidationBreakDown-week2-lowNotReachedWeek3,week2BarLowChangeLT-2,##(Check-chart-buy):month3High-InMinus,ReversalHighMonth3,",0.7409192516103603,1,1,0
"PCTChangeLT-0.5,_LTGT3.0_,,,buyMorningStar-HighLowerTail-(checkChart),",0.07431271380919795,10,5,5
"PCTChangeGT2,_LTGT1.5_,,,(GLOBALFUTUP-UPTRENDMARKET)checkBuyConsolidationBreakUp-week2-highNotReachedWeek3,week2BarHighChangeGT2,weekHighGTweek2High,",0.8408371750656981,1,1,0
"PCDCLT0PCTChangeGT3,_LTGT3.0_,,,(Test)MayBuy-CheckChart(upTrend-lastDayDown),",0.8379919092731568,1,1,0
"PCTChangeLT-3,_LTGT3.0_,,,volBuyReversalLast2DayDown-VolDown,chisSellDayLowVolLow-0,",-1.7318566433779887,1,0,1
"PCTChangeLT-3,,,,chisSellDownTrend-nearHigh,##(Check-chart-buy):month6High-InMinus,NearHighMonth6,",1.4344262295081966,1,1,0
"PCTChangeLT-2,,,,volSellContinueLast2DayDown-VolUp,(GLOBALFUTDOWN-DOWNTRENDMARKET)checkSellConsolidationBreakDown-week2-lowNotReachedWeek3,week2BarLowChangeLT0,chisDownTrend-Risky-nearHigh,##(Check-chart-buy):YearHigh-InMinus,NearHighYear,",-2.6332775109804127,1,0,1
"PCTChangeLT-2,_LTGT1.5_,,,weekBarLowChangeLT-2,##MANegative_Downtrend_(LT-2),##MA-SMA200GT0SMA100LT0,##DOWNTREND:sellMonth3LowBreak,chisSellDayLowVolLow-03-checkMorningTrend(.5SL),",-0.93071995011296,1,0,1
"PCTChangeLT-3,PCDayChange-0.5to0.5,_LTGT3.0_,,,%%HLTF:(GLOBAL-DOWN)sellHighLowerTail-Reversal-LastDayMarketUp,(SMA9LT0),",-3.0477216670425062,1,0,1
"PCTChangeLT-3,_HTGT3.0__LTGT3.0__HTGTPCTDayChange__LTGTPCTDayChange_,,,volBuyReversalLast2DayDown-VolUp,volBuyRevarsalVolCrossed,",-1.503467227543837,1,0,1
"PCTChangeGT1,_HTGT3.0_,,,shortUpTrendSellReversal-Month3High-Doji-Last2DayGTToday,",-2.7328917980298644,1,0,1
"PCTChangeLT-3,,,,chisSellFinalCandidate-1-(lastDayUp),##sellTenDaysMoreThanTen,",0.1308324181346589,2,1,1
"PCTChangeLT-3,_HTGT1.5_,,,chisDownTrend-Risky-nearHigh,##last2DayLow(LT-3)-M3LGT0,",13.039650265865918,1,1,0
"PCTChangeLT-1,,,,chisSell:Super03-monthLow,checkCupDown-inDownTrend,bar_low,",0.20542824915213176,1,1,0
"PCTChangeGT5,_HTGT3.0_,,,%%HLTF-Last2HighTail:(UPTREND)buy(DOWNTREND)sell:HighUpperTailPre-last2DayUp,VOL:buyBelowTail-SellAtClose:upVol3dayUpWeek2High-highUpperTail,chisCheckConsolidationBreakoutGT(4.5),",0.3142903645833435,1,1,0
"PCTChangeLT-2,_LTGT1.5_,,,##MAPositive_Uptrend(LT-1),##MA-SMA200LT0SMA100GT0,",-3.560730301991856,1,0,1
"PCTChangeLT-2,_HTGT3.0__LTGT1.5_,,,(SMA9GT0),mayBuyFromSellPattern-GT1.8,",-1.7529440487132297,1,0,1
"PCTChangeGT2,_HTGT1.5_,,,MaySellCheckChart-(IndexNotDownInSecondHalf),chisCheckConsolidationBreakoutLT(4.5),##MAPositive_Uptrend(GT2),##MA-SMA200LT0SMA100GT0,",1.0555521647135417,1,1,0
"PCTChangeLT-1,_HTGT3.0__HTGTPCTDayChange_,,,weekBarLowChangeLT0,",-0.1455581929594874,1,0,1
"PCTChangeLT-3,year2High,_HTGT1.5_,,,volSellContinueLast2DayDown-VolUp,",1.6068618024187655,3,2,1
"PCTChangeLT-1,year2Low,_LTGT1.5_,,,%%:buyDownTrend-month3Low,",-8.04601570560563,2,0,2
"PCTChangeGT1,_HTGT1.5__HTGTPCTDayChange_,,,(SMA9LT0),",-4.300205315827835,1,0,1
"PCTChangeLT-5,_HTGT3.0__LTGT1.5__HTGTPCTDayChange_,,,##MANegative_Downtrend_(LT-2),##MA-SMA200LT0SMA100LT0,",1.0145123644329335,4,2,2
"PCTChangeLT-1,PCDayChange-0.5to0.5,_HTGT1.5_,,,%%:checkSell:Super01-monthLow,%%HLTF-Last2HighTail:(DOWNTREND)sellHighUpperTailPre-1,",-1.0752688172043077,1,0,1
"PCTChangeLT-3,year2High,_HTGT1.5_,,,##sellTenDaysMoreThanTen,",2.600879597576104,3,2,1
"PCTChangeLT-3,_HTGT1.5_,,,volSellContinueLast2DayDown-VolUp,##(Check-chart-buy):month3High-InMinus,NearHighMonth3,",1.6093375681132882,1,1,0
"PCDCGT0PCTChangeLT-1,PCDayChange-0.5to0.5,_HTGT1.5__LTGT3.0_,,,sellPattern-LT-1.5-SMALT0,(SMA9LT0),maySellFromBuyPattern-LT-1.8,",-1.8862238901103934,1,0,1
"PCTChangeGT3,,,,volSellVolumeUpsergedLast2n3DayDown,weekBarHighChangeGT2,##MAPositive_Uptrend(GT2),##MA-SMA200GT0SMA100GT0,",3.0428114545071074,3,3,0
"PCTChangeLT-0.5,_LTGT1.5_,,,volSellContinueLast2DayDown-VolUp,",0.12625047656754268,4,3,1
"PCTChangeLT-2,_LTGT1.5_,,,(GLOBALFUTDOWN-DOWNTRENDMARKET)checkSellConsolidationBreakDown-week2-lowNotReachedWeek3,week2BarLowChangeLT0,MayBuyCheckChart-(IndexNotUpInSecondHalf),",0.35134805215371545,1,1,0
"PCDCGT0PCTChangeLT-1,PCDayChange-0.5to0.5,_LTGT3.0_,,,chisSellFlagWeek-doji-Risky,",2.323785998463394,1,1,0
"PCTChangeLT-3,year2High,,,,VOL:sell(GLOBALFUTUP-GLOBALMARKETUP)Buy-UpVol-3dayDown-Week2High,",0.2510547242785026,8,5,3
"PCTChangeLT-3,,,,volBuyVolumeUpsergedLast2n3DayUp,chisDownTrend-Risky-nearHigh,##(Check-chart-buy):YearHigh-InMinus,ReversalHighYear,",-1.7776060168471088,3,2,1
"PCTChangeLT-2,year2High,_HTGT1.5_,,,##sellTenDaysMoreThanTen,",2.147958360244039,8,5,3
"PCTChangeGT1,_LTGT1.5_,,,volumeUpsergedLast2n3n4DayDown,##RisingMA(Test)(check-chart-buy)-2DayUp,",-3.3012820512820564,1,0,1
"PCTChangeLT-1,_HTGT1.5_,,,##(Check-chart-buy):YearHigh-InMinus,NearHighYear,",2.054708061379762,2,2,0
"PCDCLT0PCTChangeGT5,PCDayChange-0.5to0.5,_HTGT3.0_,,,##MA-SMA200GT0SMA100LT0,",-5.770554500255979,1,0,1
"PCTChangeGT0,_LTGT1.5_,,,chisSellSMA4Reversal,",2.073315992066096,2,2,0
"PCTChangeLT-5,_LTGT1.5_,,,zigZagVolCrossedFromUp,",-1.120644195958948,1,0,1
"PCTChangeLT-3,_HTGT3.0__LTGT1.5_,,,chisDownTrend-Risky-nearHigh,##DOWNTREND:sellMonth6HighReversal(InDownTrend),##last2DayLow(LT-3)-M3LGT0,",4.67835800709957,1,1,0
"PCTDayChangeLT0,PCDayChange-0.5to0.5,_HTGT3.0_,,,%%HLTF-Last2HighTail:(DOWNTREND)sell(UPTREND)buy:HighUpperTailPre,%%HLTF:(UPTREND-MorningTrend-UP)mayBuyTail-highTailGT2-7,10thDayGT10-Last2DayStockDown,",-1.0246898509838014,1,0,1
"PCTChangeLT-1,_HTGT1.5_,,,volSellContinueLast2DayDown-VolUp,##MA-SMA200LT0SMA100LT0,",3.7536734641368095,1,1,0
"PCTChangeLT-2,,,,%%checkCupDown-2dayDown-continue,chisDownTrend-Risky-nearHigh,##(Check-chart-buy):month3High-InMinus,ReversalHighMonth3,",-1.2376110632942252,2,0,2
"PCTChangeLT-0.5,year2Low,_LTGT3.0_,,,chisBuyYear2Low,BreakLowYear2,",7.7524096324777485,1,1,0
"PCTChangeGT2,_HTGT1.5__HTGTPCTDayChange_,,,%%HLTF:(DOWNTREND-OR-GLOBALDOWN)maySellTail-tailGT2-2,3,4thDayGT0,(GLOBALFUTUP-UPTRENDMARKET)checkBuyConsolidationBreakUp-week2-highNotReachedWeek3,week2BarHighChangeGT0,",1.661652299694543,1,1,0
"PCTChangeLT-0.5,PCDayChange-0.5to0.5,_LTGT1.5_,,,%%HLTF:(GLOBAL-DOWN)sellHighLowerTail-Reversal-LastDayMarketUp,chisBuyYearHigh-3,",1.544320624559371,1,1,0
"PCTChangeLT-1,,,,##(Test)(check-chart)-buySMAUpTrend,",-0.3954299125740515,7,3,4
"PCTChangeLT-3,_LTGT3.0_,,,%%HLTF-Last2DayMarketUp:(GLOBAL-DOWN)sellHighLowerTail-Reversal-LastDayMarketUp,",0.24395161820957756,2,1,1
"PCTChangeGT2,year2High,_HTGT1.5_,,,vol-sell-DownVol-3dayUp-Week2High,",-0.9468779192460444,1,0,1
"PCTChangeGT5,,,,chisSellYear2LowLT-40-last4DayDown(triggerAfter-9:15),",0.5116263645520723,10,5,5
"PCTChangeGT2,_LTGT1.5_,,,weekBarHighChangeGT2,##MAPositive_Uptrend(GT2),##MA-SMA200GT0SMA100GT0,",0.4201997185909443,1,1,0
"PCTChangeGT1,_HTGT1.5_,,,%%:sellUpTrend-month3High,##MAPositive_Uptrend(GT2),##MA-SMA200GT0SMA100GT0,",-2.6803119307001038,1,0,1
"PCTChangeLT-3,_LTGT1.5_,,,##DOWNTREND:sellYearHigh(InDownTrend),##(Check-chart-buy):month3High-InMinus,NearHighMonth3,",-0.6958762886597971,1,0,1
"PCTChangeLT-2,year2High,,,,checkCupDown-2dayDown,",-0.3251963555966359,2,1,1
"PCTChangeGT8,_LTGT1.5_,,,%%HLTF-Risky:(GLOBAL-DOWN)sellHighLowerTail-Reversal-LastDayMarketUp,",-0.059391171251272024,4,2,2
"PCTChangeGT1,_HTGT1.5__LTGT3.0__HTGTPCTDayChange__LTGTPCTDayChange_,,,chisSellDowningMA-(check5MinuteDownTrendAndSellDowntrend),maySellFromBuyPattern-LT-1.8,",-1.5016308806277263,1,0,1
"PCTChangeLT-1,,,,##(Test)(Check-chart):year2Low-InMinus,",-0.8848899143894837,8,2,6
"PCTChangeLT-2,year2High,,,,volSellVolumeUpsergedLast2n3DayUp,",0.02966969030060899,3,1,2
"PCTChangeGT3,year2High,_HTGT1.5_,,,volSellVolumeUpsergedLast2n3DayDown,volBuyContinueLast2DayUp-VolUp,weekBarHighChangeGT2,",0.8445681086014893,1,1,0
"PCTChangeLT-1,_LTGT1.5_,,,weekBarLowChangeLT0,brokenToday,MayBuyCheckChart-(IndexNotUpInSecondHalf),##(Check-chart-buy):YearHigh-InMinus,ReversalHighYear,",0.1116165797632469,1,1,0
"PCTChangeLT-2,,,,checkCupDown-3dayDown,##DOWNTREND:sellYear2HighReversal(InDownTrend),##(Check-chart-buy):month3High-InMinus,ReversalHighMonth3,",0.14824150961622745,9,3,6
"PCTChangeLT-1,,,,volBuyReversalLast2DayDown-VolDown,chisSellUpTrend-Risky-2,##(Check-chart-buy):month3High-InMinus,ReversalHighMonth3,",-0.42677882132474726,1,0,1
"PCTChangeGT2,year2High,_HTGT1.5_,,,%%:sellUpTrend-month3High,volSellVolumeUpsergedLast2n3DayDown,",-1.6449734935588556,1,0,1
"PCTChangeGT2,,,,chisUpTrend-Risky-nearLow,weekBarHighChangeGT2,##(Test)buyBottomReversal-1,",-0.8656188318615895,1,0,1
"PCTChangeGT0.5,PCDayChange-0.5to0.5,_HTGT1.5_,,,(Test)MaySellCheckChart-monthHighReversal-risky,monthHighChangeGT-1,",-0.9730538922155689,1,0,1
"PCTChangeGT0.5,PCDayChange-0.5to0.5,_HTGT3.0_,,,(SMA9LT0),",1.9344083256594595,1,1,0
"PCTChangeLT-5,,,,volumeUpsergedLast2n3n4DayUp,VOL:sell(GLOBALFUTUP-GLOBALMARKETUP)Buy-UpVol-3dayDown-Week2High,",-1.1494252873563175,1,0,1
"PCTChangeLT-1,PCDayChange-0.5to0.5,_HTGT1.5__LTGT1.5_,,,buyYearHigh-0,",-0.25043758285298084,3,2,1
"PCTChangeLT-5,_LTGT1.5_,,,%%HLTF:(GLOBAL-DOWN)sellHighLowerTail-Reversal-LastDayMarketUp,",7.701786475993548,1,1,0
"PCTChangeGT1,_HTGT1.5__LTGT1.5__HTGTPCTDayChange__LTGTPCTDayChange_,,,$$MayBuyContinue-CheckChart(inUpTrend-monthHigh)-lowTail,",2.7667997963082462,1,1,0
"PCTChangeLT-1,_LTGT3.0_,,,(GLOBALFUTDOWN-DOWNTRENDMARKET)checkSellConsolidationBreakDown-week2-lowNotReachedWeek3,week2BarLowChangeLT-5,weekLowLTweek2Low,",0.891014957802602,1,1,0
"PCTChangeLT-2,_HTGT1.5__LTGT1.5__HTGTPCTDayChange__LTGTPCTDayChange_,,,##buyRisingMA-1,",0.534980679735717,1,1,0
"PCTChangeLT-3,_HTGT1.5__HTGTPCTDayChange_,,,%%:checkSell:Super01-monthLow,",0.8219178082191655,1,1,0
"PCTChangeLT-1,_LTGT1.5_,,,%%:check(UPTREND-UPMARKET)Buy(DOWNTRENDTREND-DOWNMARKET)Sell:Super01-monthLow,",-0.37411706957124197,8,3,5
"PCTChangeGT3,,,,chisUpTrend-Risky-nearLow,chisCheckConsolidationBreakout2WeekLT(4.5),##ML:sellRisingMAuptrend-1,##UPTREND:buyYear2LowReversal(Confirm),",-0.3011370754105106,1,0,1
"PCTChangeGT5,,,,%%:checkSellRevarsalLast3DayUpAtMonth3Low,VOL:buy(GLOBALFUTDOWN-GLOBALMARKETDOWN)Sell-UpVol-3dayUp-Week2Low,",-2.944640700904991,1,0,1
"PCTChangeGT5,,,,volSellReversalLast2DayUp-VolDown,##MAPositive_Uptrend(GT4.5),##MA-SMA200LT0SMA100LT0,",-2.4927553923233696,1,0,1
"PCTChangeGT5,_HTGT3.0__LTGT1.5__HTGTPCTDayChange__LTGTPCTDayChange_,,,%%HLTF-Last2HighTail:(UPTREND)buy(DOWNTREND)sell:HighUpperTailPre-last2DayUp,",-1.3854896837717243,2,1,1
"PCTChangeLT-3,,,,##MANegative_Downtrend_(LT-2),##MA-SMA200LT0SMA100LT0,",-0.05457663167076071,116,60,56
"PCTChangeGT5,year2High,_HTGT1.5_,,,VOL:sell-UpVol-3dayUp-Week2High,weekBarHighChangeGT5,brokenToday,",1.04282509231265,1,1,0
"PCTChangeGT3,year2High,,,,volSellVolumeUpsergedLast2n3DayDown,volBuyContinueLast2DayUp-VolUp,chisCheckConsolidationBreakout2WeekLT(4.5),",-1.83121628085355,1,0,1
"PCTChangeLT-1,_HTGT3.0__LTGT1.5__HTGTPCTDayChange_,,,%%checkCupDown-2dayDown-continue,chisDownTrend-Risky-nearHigh,##(Check-chart-buy):month6High-InMinus,NearHighMonth6,",0.31291575091034507,1,1,0
"PCTChangeGT5,_HTGT1.5__LTGT3.0__LTGTPCTDayChange_,,,##MANegative_Downtrend_(GT2),##MA-SMA200LT0SMA100LT0,",3.7445861023741958,1,1,0
"PCTChangeGT2,,,,volBuyContinueLast2DayUp-VolUp,##(Check-chart)ML:buyMonth3High-Continue,",-1.5546270465756784,2,0,2
"PCTChangeLT-0.5,year2Low,_LTGT1.5_,,,(Test)(check-chart-2-3MidCapCross)MayBuyCheckChart-Risky,",-0.8896251094007422,1,0,1
"PCTChangeLT-3,_LTGT1.5_,,,checkCupDown-near2WeekDown-mayReveresalBuy,##DOWNTREND:sellYear2HighReversal(InDownTrend),##(Check-chart-buy):month3High-InMinus,ReversalHighMonth3,",0.7712765957446763,1,1,0
"PCTChangeLT-3,_LTGT1.5_,,,volSellContinueLast2DayDown-VolUp,##(Check-chart-buy):month3High-InMinus,NearHighMonth3,",2.037032926925513,1,1,0
"PCTChangeGT3,,,,(GLOBALFUTUP-UPTRENDMARKET)checkBuyConsolidationBreakUp-week2-highNotReachedWeek3,week2BarHighChangeGT0,chisBuy-2week-breakoutup(check-chart)(|-|-| or --|),",-0.3094330368870575,2,1,1
"PCTChangeLT-3,,,,chisBuyMay5DayFloorReversal,VOL:buy-DownVol-3dayDown-Week2High,##last2DayLow(LT-3)-M3LGT0,",1.3325012207031381,1,1,0
"PCTChangeGT2,,,,chisBuyUpTrend-nearLow,BuyYearLow,##UPTREND:buyYear2Low,",0.5106369992519925,1,1,0
"PCTChangeLT-0.5,PCDayChange-0.5to0.5,_HTGT1.5_,,,%%HLTF-Last2HighTail:(DOWNTREND)sellHighUpperTailPre-1,%%HLTF-LastDayUp:(DOWNTREND-OR-GLOBALDOWN)MaySellHighTail-LastDayMarketUp,",1.0185513664147725,3,2,1
"PCTChangeGT1,year2High,_HTGT1.5_,,,%%HLTF:(UPTREND-MorningTrend-UP)mayBuyTail-highTailGT2-7,10thDayGT10-Last2DayStockDown,",-2.8512338696276474,1,0,1
"PCTChangeLT-2,_LTGT3.0_,,,(GLOBALFUTDOWN-DOWNTRENDMARKET)checkSellConsolidationBreakDown-week2-lowNotReachedWeek3,week2BarLowChangeLT-2,chisDownTrend-Risky-nearHigh,##(Check-chart-buy):YearHigh-InMinus,ReversalHighYear,",2.888885697508163,1,1,0
"PCTChangeLT-3,,,,%%:checkSell:Flag2Week,VOL:buy-DownVol-3dayDown-Week2High,##ML:buyRisingMA-down-Risky,",-3.744343461268761,1,0,1
"PCTChangeLT-3,year2High,_LTGT3.0_,,,volumeUpsergedLast2n3n4DayUp,",1.4729762721705995,1,1,0
"PCDCGT0PCTDayChangeLT0,_HTGT1.5_,,,##MA-SMA200LT0SMA100GT0,",-0.9096593499142961,1,0,1
"PCTChangeLT-5,,,,volSellContinueLast2DayDown-VolUp,##MANegative_Downtrend_(LT-4.5),##MA-SMA200LT0SMA100LT0,##DOWNTREND:sellYearLowBreak,",-5.05128518129006,1,0,1
"PCTChangeLT-3,,,,weekBarLowChangeLT0,brokenToday,##DOWNTREND:sellYear2HighReversal(InDownTrend),##(Check-chart-buy):month3High-InMinus,ReversalHighMonth3,##(check-chart)maySell-EMA6-MT-May-LT-EMA14,",2.966914385588971,1,1,0
"PCTChangeLT-3,year2High,_LTGT1.5_,,,volSellContinueLast2DayDown-VolUp,",-5.841285561974828,2,0,2
"PCTChangeGT2,_LTGT1.5_,,,volBuyContinueLast2DayUp-VolUp,week2BarHighChangeGT0,brokenToday,",-0.03649486532466401,1,0,1
"PCTChangeGT3,_HTGT3.0__HTGTPCTDayChange_,,,volSellVolumeUpsergedLast2n3DayDown,weekBarHighChangeGT2,brokenToday,",2.981281790503842,1,1,0
"PCTChangeGT5,_HTGT1.5_,,,%%HLTF-Last2HighTail:(UPTREND)buy(DOWNTREND)sell:HighUpperTailPre-last2DayUp,",1.294435126464461,19,11,8
"PCDCLT0PCTChangeGT0,_LTGT1.5_,,,%%HLTF:(SGXNIFTYUP)buyHighLowerTail-Continue,##(Test)(check-chart)-buySMAUpTrend,",-6.633856942446696,1,0,1
"PCTChangeGT0.5,_HTGT1.5__LTGT1.5__HTGTPCTDayChange__LTGTPCTDayChange_,,,%%HLTF-Last2HighTail:(UPTREND)buy(DOWNTREND)sell:HighUpperTailPre-last2DayUp,%%HLTF-Risky9:30:maySellTail-tailGT2-7,10thDayGT15,",-0.6034500297458703,1,0,1
"PCTChangeLT-3,_HTGT3.0__LTGT1.5_,,,volBuyVolumeUpsergedLast2n3DayUp,volSellContinueLast2DayDown-VolUp,##MANegative_Downtrend_(LT-4.5),##MA-SMA200LT0SMA100LT0,##DOWNTREND:sellYearLowBreak,",1.909769146183244,1,1,0
"PCTChangeLT-1,,,,shortDownTrendBuyReversal-MonthLow-Doji-Last2DayLTToday,$$MayBuy-CheckChart(monthLow-minimumLast4DayDown),$$MayBuy-CheckChart(downTrend-mayReverseLast4DaysDown)-Risky,",-3.0220490062246226,1,0,1
"PCTChangeLT-3,_HTGT3.0__LTGT3.0__HTGTPCTDayChange__LTGTPCTDayChange_,,,##MANegative_Downtrend_(LT-2),##MA-SMA200LT0SMA100LT0,##DOWNTREND:sellMonth3LowBreak,",2.668079064724117,1,1,0
"PCTChangeGT2,,,,(GLOBALFUTUP-UPTRENDMARKET)checkBuyConsolidationBreakUp-week2-highNotReachedWeek3,week2BarHighChangeGT2,weekHighGTweek2High,brokenToday,",-1.4315580825851133,2,0,2
"PCTChangeLT-2,_LTGT1.5_,,,chisSellDownTrend-nearHigh,##(Check-chart-buy):month3High-InMinus,BreakHighMonth3,",0.20182132720947366,1,1,0
"PCTChangeLT-1,_HTGT1.5__HTGTPCTDayChange_,,,brokenToday,",0.8247401706131944,1,1,0
"PCTDayChangeLT0,_HTGT1.5_,,,%%HLTF-Last2HighTail:(DOWNTREND)sellHighUpperTailPre,",0.2568662701527824,21,9,12
"PCTChangeGT0.5,_HTGT1.5__HTGTPCTDayChange__LTGTPCTDayChange_,,,%%HLTF-Risky9:30:maySellTail-tailGT2-7,10thDayGT15,",1.5647503969480676,1,1,0
"PCTChangeLT-3,_HTGT1.5_,,,(GLOBALFUTDOWN-DOWNTRENDMARKET)checkSellConsolidationBreakDown-week2-lowNotReachedWeek3,week2BarLowChangeLT-2,weekLowLTweek2Low,##(Check-chart-buy):month3High-InMinus,ReversalHighMonth3,",0.03907421829340302,2,1,1
"PCTChangeLT-1,_HTGT1.5_,,,checkCupDown-3dayDown-mayReversalBuy,",0.2767940782623159,1,1,0
"PCTChangeGT0,_HTGT1.5__LTGT1.5__HTGTPCTDayChange__LTGTPCTDayChange_,,,chisSellDowningMA-(check5MinuteDownTrendAndSellDowntrend)-Already10DayDown,",2.3751136246298516,2,1,1
"PCTChangeGT0,,,,%%:checkSell:Flag2Week-doji,",0.8373807074926644,1,1,0
"PCTChangeGT0.5,_HTGT1.5_,,,%%HLTF-Last2HighTail:(UPTREND)buy(DOWNTREND)sell:HighUpperTailPre-last2DayUp,chisUpTrend-Risky-nearLow,",-0.8247386724502959,1,0,1
"PCTChangeLT-2,_LTGT3.0_,,,##(Check-chart-buy):YearHigh-InMinus,ReversalHighYear,",3.6297257469151614,1,1,0
"PCTChangeGT2,_LTGT1.5_,,,sellHeavyUpTrend-Reversal,",-0.9617818844546253,1,0,1
"PCTChangeGT2,,,,chis-breakoutup-2week,chisSell-2week-breakoutup,",-1.7763149392192201,3,0,3
"PCTChangeGT3,_HTGT1.5_,,,##MAPositive_Uptrend(GT2),##MA-SMA200GT0SMA100GT0,",-0.22758602554402627,26,11,15
"PCTChangeGT3,,,,volumeUpsergedLast2n3n4DayDown,volBuyContinueLast2DayUp-VolUp,checkBuyConsolidationBreakUp-2week,week2BarHighChangeGT0,brokenToday,chisBuy-2week-breakoutup(check-chart)(|-|-| or --|),",0.9258228343921667,1,1,0
"PCTChangeLT-3,_HTGT1.5__LTGT1.5_,,,##MANegative_Downtrend_(LT-2),##MA-SMA200GT0SMA100LT0,##last2DayLow(LT-3)-M3LGT0,",3.1205673758865236,1,1,0
"PCTChangeGT2,,,,chisSellYear2LowLT-40-last4DayDown(triggerAfter-9:15),volBuyVolumeUpsergedLast2n3DayDown,",1.0593220167754542,1,1,0
"PCTChangeGT2,_HTGT1.5_,,,MaySellCheckChart-(IndexNotDownInSecondHalf),chisUpTrend-Risky-nearLow,",-2.101943716850556,1,0,1
"PCTChangeGT5,_HTGT1.5__LTGT1.5_,,,%%ACU:sellReversalLast2DayHighGT4,##last2DayHighGT3-M3HLT0,",1.7717699388842156,1,1,0
"PCTChangeLT-3,_LTGT1.5_,,,volSellContinueLast2DayDown-VolUp,(GLOBALFUTDOWN-DOWNTRENDMARKET)checkSellConsolidationBreakDown-week2-lowNotReachedWeek3,week2BarLowChangeLT-2,chisDownTrend-Risky-nearHigh,##DOWNTREND:sellYear2HighReversal(InDownTrend),##last2DayLow(LT-3)-M3LGT0,##(Check-chart-buy):month3High-InMinus,ReversalHighMonth3,",2.8010503159767537,1,1,0
"PCTChangeLT-3,,,,(GLOBALFUTDOWN-DOWNTRENDMARKET)checkSellConsolidationBreakDown-week2-lowNotReachedWeek3,week2BarLowChangeLT0,(SMA9LT0),",-1.2613896918376784,1,0,1
"PCDCGT0PCTChangeLT-1,_HTGT3.0__LTGT3.0_,,,%%HLTF-Last2LowTail:(DOWNTREND)sellHighLowerTailPre-1,",6.174072265624988,1,1,0
"PCTChangeGT0.5,_HTGT3.0__HTGTPCTDayChange_,,,(GLOBALFUTUP-UPTRENDMARKET)checkBuyConsolidationBreakUp-week2-highNotReachedWeek3,week2BarHighChangeGT0,weekHighGTweek2High,",0.2347165767593528,1,1,0
"PCTChangeLT-0.5,PCDayChange-0.5to0.5,_HTGT1.5_,,,%%HLTF-Last2HighTail:(DOWNTREND)sell(UPTREND)buy:HighUpperTailPre,chisBuyYearHigh-3,",1.1794330749975404,3,2,1
"PCTChangeLT-2,_HTGT1.5_,,,%%HLTF-Last2HighTail:(DOWNTREND)sell(UPTREND)buy:HighUpperTailPre,%%HLTF:(UPTREND-MorningTrend-UP)mayBuyTail-highTailGT2-7,10thDayGT10-Last2DayStockDown,chisSellUpTrend-highTail,",-0.20689655172414484,1,0,1
"PCTDayChangeLT0,PCDayChange-0.5to0.5,_HTGT3.0_,,,%%HLTF:(UPTREND-MorningTrend-UP)mayBuyTail-highTailGT2-7,10thDayGT10-Last2DayStockDown,",0.16233020441354795,2,1,1
"PCTChangeGT2,,,,volumeUpsergedLast2n3n4DayDown,(GLOBALFUTUP-UPTRENDMARKET)checkBuyConsolidationBreakUp-week2-highNotReachedWeek3,week2BarHighChangeGT2,weekHighGTweek2High,brokenToday,",-1.8818388182859482,1,0,1
"PCTChangeGT2,,,,chisBuyUpTrend-nearLow,volumeUpsergedLast2n3n4DayDown,",-3.16925801920209,2,0,2
"PCTChangeGT3,year2High,_HTGT1.5_,,,(GLOBALFUTUP-UPTRENDMARKET)checkBuyConsolidationBreakUp-month,weekBarHighChangeGT2,",-0.9586506182641871,1,0,1
"PCTChangeLT-1,,,,chisSellUpTrend-highTail,",-1.088650750775706,1,0,1
"PCTChangeLT-1,_LTGT1.5_,,,volBuyRevarsalVolCrossed,##(Check-chart-buy):month3High-InMinus,ReversalHighMonth3,",-2.5627706624894846,2,0,2
"PCTChangeGT0.5,_HTGT3.0_,,,##RisingMA(check-chart-sell)-MaySellCheckChart,",-1.6843241491350045,2,0,2
"PCTChangeLT-3,,,,##sellTenDaysMoreThanTen,##(Check-chart-buy):YearHigh-InMinus,NearHighYear,",-1.333804901649631,1,0,1
"PCTChangeLT-1,_LTGT3.0_,,,volumeUpsergedLast2n3n4DayUp,volBuyReversalLast2DayDown-VolUp,weekBarLowChangeLT0,##(Check-chart-buy):month3High-InMinus,ReversalHighMonth3,",0.3546099290780142,1,1,0
"PCTChangeGT1,_HTGT1.5_,,,chisSellFinalContinue-(lastDayDown)-2,",-4.0796118613713075,1,0,1
"PCTChangeLT-3,_HTGT1.5_,,,(GLOBALFUTDOWN-DOWNTRENDMARKET)checkSellConsolidationBreakDown-week2-lowNotReachedWeek3,week2BarLowChangeLT-2,##(Check-chart-buy):month3High-InMinus,ReversalHighMonth3,",6.586209001212284,1,1,0
"PCTChangeGT2,,,,buyFinal,",-0.4898015846828716,16,6,10
"PCDCLT0PCTChangeGT8,_HTGT3.0__LTGT3.0__HTGTPCTDayChange__LTGTPCTDayChange_,,,##MA-SMA200LT0SMA100LT0,",-14.97584541062803,1,0,1
"PCTChangeLT-3,,,,volBuyRevarsalVolCrossed,",2.9555190641206597,1,1,0
"PCTChangeLT-3,_LTGT3.0_,,,(GLOBALFUTDOWN-DOWNTRENDMARKET)checkSellConsolidationBreakDown-week2-lowNotReachedWeek3,week2BarLowChangeLT-2,##last2DayLow(LT-3)-M3LGT0,",-1.7620408530611014,1,0,1
"PCTChangeLT-2,_LTGT1.5_,,,MayBuyCheckChart-(IndexNotUpInSecondHalf),$$MayBuy-CheckChart(monthLow-minimumLast4DayDown),chisBuyYear2Low,",-0.7795932359553721,1,0,1
"PCTChangeGT8,,,,##MAPositive_Uptrend(GT4.5),##MA-SMA200LT0SMA100GT0,",-1.4667722036755553,16,5,11
"PCTChangeGT1,year2High,_HTGT3.0__HTGTPCTDayChange__LTGTPCTDayChange_,,,volSellReversalLast2DayUp-VolUp,",0.771036761207028,1,1,0
"PCDCGT0PCTChangeLT-1,_HTGT3.0_,,,%%:checkSell:Super0,",0.5555531335255506,1,1,0
"PCTChangeLT-2,_LTGT1.5_,,,buyMorningStar-(checkChart),",-2.505040923281872,1,0,1
"PCTChangeLT-5,,,,%%checkCupDown-2dayDown-continue,##last2DayLow(LT-3)-M3LGT0,",-1.2415017059766593,1,0,1
"PCTChangeLT-2,,,,checkCupDown-mayReversalBuy,(Test)MayBuy-CheckChart(upTrend-lastDayDown),",-0.04306457127225974,1,0,1
"PCTChangeLT-1,PCDayChange-0.5to0.5,_HTGT3.0_,,,chisBuyYearHigh-3,",-1.7957985634079017,1,0,1
"PCTChangeLT-5,_LTGT1.5_,,,chisBuyYear2Low,",3.978218337784655,1,1,0
"PCTChangeGT5,,,,##UPTREND:buyMonth6LowReversal(Confirm),",-2.203037260698747,2,0,2
"PCTChangeLT-5,year2Low,,,,volBuyReversalLast2DayDown-VolDown,##last2DayLow(LT-3)-M3LLT0,",3.4526914104916715,1,1,0
"PCTChangeGT5,_HTGT1.5__LTGT3.0_,,,zigZagVolCrossedFromDown,",1.21820613622157,2,1,1
"PCTChangeGT3,year2High,,,,volBuyContinueLast2DayUp-VolUp,chisBuyConsolidationBreakUp-2week-(Risky)-year2High,week2BarHighChangeGT0,brokenToday,",0.005349989259964428,2,1,1
"PCDCLT0PCTChangeGT1,PCDayChange-0.5to0.5,,,,##MA-SMA200LT0SMA100LT0,",-2.628574916294637,1,0,1
"PCTChangeLT-16,year2Low,_LTGT3.0_,,,volSellContinueLast2DayDown-VolUp,",5.818181818181819,1,1,0
"PCTChangeLT-2,,,,(GLOBALFUTDOWN-DOWNTRENDMARKET)checkSellConsolidationBreakDown-week2-lowNotReachedWeek3,week2BarLowChangeLT0,##longDownTrend-1-IndexNotDownLastDay(checkBase),chisDownTrend-Risky-nearHigh,",3.1549475289779,1,1,0
"PCTChangeGT5,year2High,_HTGT3.0__HTGTPCTDayChange_,,,volumeUpsergedLast2n3n4DayDown,volBuyContinueLast2DayUp-VolUp,weekBarHighChangeGT2,brokenToday,",0.07751622557332047,1,1,0
"PCTChangeGT0,PCDayChange-0.5to0.5,_HTGT1.5__LTGT3.0_,,,chisSellSuper-Risky,-+,%%HLTF-Last2LowTail:(DOWNTREND)sellHighLowerTailPre-1,",1.8690382013015692,1,1,0
"PCTChangeGT0.5,year2High,_HTGT1.5_,,,chisSellEveningStar-2(Check2-3MidCapCross),",-0.6905059766814498,3,0,3
"PCTChangeGT2,_HTGT1.5_,,,VOL:sell-UpVol-3dayUp-Week2High,",-0.33980434380688435,1,0,1
"PCTChangeLT-5,,,,volBuyReversalLast2DayDown-VolDown,(GLOBALFUTDOWN-DOWNTRENDMARKET)checkSellConsolidationBreakDown-week2-lowNotReachedWeek3,week2BarLowChangeLT-2,volBuyRevarsalVolCrossed,",0.887847615179607,1,1,0
"PCDCGT0PCTDayChangeLT0,_LTGT3.0_,,,chisBuyYearHigh-3,",2.6003649635036603,1,1,0
"PCTChangeLT-3,_LTGT1.5_,,,checkCupDown-inDownTrend,bar_low,chisSellFinalCandidate-1-(lastDayUp),##MAPositive_Uptrend(LT-2),##MA-SMA200LT0SMA100LT0,",-4.292430395356884,1,0,1
"PCTChangeLT-1,,,,(GLOBALFUTDOWN-DOWNTRENDMARKET)checkSellConsolidationBreakDown-week2-lowNotReachedWeek3,week2BarLowChangeLT-2,weekLowLTweek2Low,chisDownTrend-Risky-nearHigh,",1.3934523531785497,11,9,2
"PCTChangeGT12,year2High,_HTGT3.0_,,,%%HLTF-Last2HighTail:(UPTREND)buy(DOWNTREND)sell:HighUpperTailPre-last2DayUp,VOL:buyBelowTail-SellAtClose:upVol3dayUpWeek2High-highUpperTail,",-7.629353097469254,2,0,2
"PCTChangeGT1,PCDayChange-0.5to0.5,_HTGT1.5_,,,##MA-SMA200LT0SMA100LT0,",-0.7492054571019937,2,1,1
"PCTChangeLT-5,_HTGT1.5_,,,volumeUpsergedLast2n3n4DayUp,chisDownTrend-Risky-nearHigh,##last2DayLow(LT-3)-M3LGT0,",6.287127202100094,1,1,0
"PCTChangeGT3,_HTGT3.0__HTGTPCTDayChange_,,,chisCheckConsolidationBreakoutLT(4.5),weekBarHighChangeGT2,",1.1834506330819117,1,1,0
"PCTChangeGT1,_HTGT1.5__HTGTPCTDayChange_,,,(Test)MaySellCheckChart-last3DayUp,$$MaySell-CheckChart(downTrend-mayReverseLast4DaysUp)-Risky,chisBuyYearHigh-3,",-2.0219886772168163,1,0,1
"PCTChangeGT0.5,_LTGT1.5_,,,%%HLTF:sellStockInUptrendReversal,",-1.1372350141284218,1,0,1
"PCTChangeGT3,,,,VOL:buy(GLOBALFUTDOWN-GLOBALMARKETDOWN)Sell-UpVol-3dayUp-Week2Low,##last2DayHighGT3-M3HLT0,",1.9052360038922707,1,1,0
"PCTChangeLT-2,_LTGT1.5_,,,(SMA9LT0),##MANegative_Downtrend_(LT-1),##MA-SMA200LT0SMA100LT0,",-7.560340618265089,1,0,1
"PCTChangeLT-1,,,,volBuyReversalLast2DayDown-VolUp,chisDownTrend-Risky-nearHigh,",-2.1767755502659734,2,0,2
"PCTChangeLT-5,year2Low,,,,maySellHighVolatileDownContinueLT-8,",-0.5509125622024739,3,1,2
"PCTChangeLT-1,,,,chisDownTrend-Risky-nearHigh,##(Check-chart-buy):month3High-InMinus,ReversalHighMonth3,##(check-chart)maySell-EMA6-MT-May-LT-EMA14,",9.757642552176842,1,1,0
"PCTChangeLT-3,,,,volBuyVolumeUpsergedLast2n3DayUp,volSellContinueLast2DayDown-VolUp,(GLOBALFUTDOWN-DOWNTRENDMARKET)checkSellConsolidationBreakDown-week2-lowNotReachedWeek3,week2BarLowChangeLT0,chisDownTrend-Risky-nearHigh,",-0.4987531172069724,1,0,1
"PCTChangeGT3,_HTGT1.5_,,,chisBuyUpTrend-nearLow,",-0.7741043774443135,3,1,2
"PCTChangeGT2,_LTGT1.5_,,,checkCupDown-lastDayUp,##MAPositive_Uptrend(GT2),##MA-SMA200LT0SMA100GT0,",-6.699876875864788,1,0,1
"PCTChangeGT3,,,,volBuyVolumeUpsergedLast2n3DayDown,(GLOBALFUTUP-UPTRENDMARKET)checkBuyConsolidationBreakUp-week2-highNotReachedWeek3,week2BarHighChangeGT0,weekHighGTweek2High,brokenToday,chis-breakoutup-2week,",0.7174194931813251,1,1,0
"PCTChangeGT3,_LTGT1.5_,,,chisSellUpTrend-0,volumeUpsergedLast2n3n4DayDown,VOL:buy(GLOBALFUTDOWN-GLOBALMARKETDOWN)Sell-UpVol-3dayUp-Week2Low,",-1.5296749449719327,1,0,1
"PCTChangeGT3,,,,volumeUpsergedLast2n3n4DayDown,buyFinal,",0.28875750973595105,1,1,0
"PCTChangeGT8,year2High,,,,volSellReversalLast2DayUp-VolDown,",-1.6195341370099612,1,0,1
"PCDCGT0PCTChangeLT-1,PCDayChange-0.5to0.5,,,,buyYearHigh-0,",-0.07673272793820363,1,0,1
"PCTChangeGT16,_HTGT1.5_,,,##MAPositive_Uptrend(GT4.5),##MA-SMA200LT0SMA100LT0,",-4.4858233424371825,2,0,2
"PCTChangeGT8,_HTGT1.5_,,,checkBuyConsolidationBreakout-allPreLT0,",1.6944461398654538,1,1,0
"PCTChangeLT-1,_LTGT1.5_,,,(Test)MayBuy-CheckChart(upTrend-lastDayDown),##ML:BuyRisingMA-Risky-0,",8.458669026692718,1,1,0
"PCDCGT0PCTChangeLT-1,_HTGT3.0__LTGT1.5_,,,%%HLTF-Last2LowTail:(DOWNTREND)sellHighLowerTailPre-1,",-4.153400143689067,1,0,1
"PCTChangeGT3,_HTGT1.5_,,,##MAPositive_Uptrend(GT4.5),##MA-SMA200GT0SMA100GT0,",-2.0841367007398457,10,1,9
"PCTChangeLT-2,,,,##MANegative_Downtrend_(LT-2),##MA-SMA200LT0SMA100LT0,##DOWNTREND:sellMonth3LowBreak,",0.3665486193853253,7,4,3
"PCTChangeGT3,,,,volBuyVolumeUpsergedLast2n3DayDown,(GLOBALFUTUP-UPTRENDMARKET)checkBuyConsolidationBreakUp-week2-highNotReachedWeek3,week2BarHighChangeGT0,brokenToday,",4.744014275747896,1,1,0
"PCTChangeLT-0.5,_HTGT1.5_,,,chisSell:Super03-monthLow,",0.40431653065311934,5,3,2
"PCTChangeGT2,,,,chisBuyUpTrend-1-YearHigh,chisCheckConsolidationBreakoutLT(4.5),checkBuyConsolidationBreakUp-2week,week2BarHighChangeGT0,weekHighGTweek2High,brokenToday,",1.1438693640367041,1,1,0
"PCTChangeGT1,_LTGT3.0_,,,zigZagVolCrossedFromDown,",-0.24537331500972195,1,0,1
"PCTChangeLT-0.5,_HTGT1.5__HTGTPCTDayChange_,,,%%HLTF:(UPTREND-MorningTrend-UP)mayBuyTail-highTailGT2-7,10thDayGT10-Last2DayStockDown,",-2.2394194914524235,3,1,2
"PCTChangeLT-1,,,,%%:checkSell:Super01-monthLow,checkSellConsolidationBreakDown-month3HighGTMonth3Low,",1.7696709468155916,1,1,0
"PCTChangeGT2,_LTGT1.5_,,,volSellReversalLast2DayUp-VolDown,",0.8878867237100998,10,7,3
"PCTChangeGT0.5,_HTGT1.5__HTGTPCTDayChange_,,,shortUpTrendSellReversal-MonthHigh,",-0.7353231040898299,2,1,1
"PCTChangeGT5,_HTGT1.5__LTGT3.0_,,,chisBuyUpTrend-nearLow,volBuyContinueLast2DayUp-VolUp,",5.159883720930238,1,1,0
"PCTChangeLT-3,,,,weekBarLowChangeLT-2,brokenToday,##MANegative_Downtrend_(LT-4.5),##MA-SMA200LT0SMA100LT0,",-0.5372573636240006,2,1,1
"PCTChangeGT1,_LTGT1.5_,,,week2BarHighChangeGT2,weekHighGTweek2High,",2.905586725194762,1,1,0
"PCTChangeGT1,PCDayChange-0.5to0.5,_HTGT3.0_,,,%%:checkSell:CupDownDoji,",2.0361748377209317,1,1,0
"PCTChangeLT-1,,,,(GLOBALFUTDOWN-DOWNTRENDMARKET)checkSellConsolidationBreakDown-week2-lowNotReachedWeek3,week2BarLowChangeLT0,weekLowLTweek2Low,volBuyRevarsalVolCrossed,",2.5918323781746326,1,1,0
"PCTChangeLT-5,_LTGT1.5_,,,##MANegative_Downtrend_(LT-4.5),##MA-SMA200LT0SMA100LT0,##last2DayLow(LT-3)-M3LLT0,chisBuyDayLowVolLow,",0.505998522680985,1,1,0
"PCTChangeLT-2,_LTGT1.5_,,,%%HLTF:(GLOBAL-DOWN)sellHighLowerTail-Reversal-LastDayMarketUp,chisSellDownTrend-nearHigh,",-2.0032189059951055,1,0,1
"PCDCLT0PCTChangeGT1,PCDayChange-0.5to0.5,year2High,_HTGT3.0_,,,%%HLTF:maySellTail-tailGT2-allDayGT0,",1.7755014999455623,1,1,0
"PCTChangeGT2,_HTGT1.5_,,,##(Check-chart)sellMonth3High-Continue,",-1.2094385550777502,10,2,8
"PCTDayChangeLT0,PCDayChange-0.5to0.5,_HTGT1.5_,,,(SMA9LT0),",-0.032842471845398215,1,0,1
"PCTChangeLT-2,,,,weekBarLowChangeLT-2,##DOWNTREND:sellMonth3LowBreak,",-0.8830266899692306,3,0,3
"PCTChangeLT-3,,,,weekBarLowChangeLT-2,brokenToday,##DOWNTREND:sellYear2HighReversal(InDownTrend),##(Check-chart-buy):month3High-InMinus,ReversalHighMonth3,",1.253603851050595,2,1,1
"PCTChangeGT1,_HTGT1.5__LTGT1.5_,,,(GLOBALFUTUP-UPTRENDMARKET)checkBuyConsolidationBreakUp-week2-highNotReachedWeek3,week2BarHighChangeGT0,weekHighGTweek2High,",-0.18779056172974945,1,0,1
"PCTChangeLT-1,,,,checkCupDown-2dayDown,chisDownTrend-Risky-nearHigh,",-0.4326949637701926,1,0,1
"PCTChangeGT2,_LTGT1.5_,,,##MA-SMA200LT0SMA100LT0,",-6.335401941324554,1,0,1
"PCTChangeGT3,,,,chisBuy-2week-breakoutup(check-chart)(|-|-| or --|),##MAPositive_Uptrend(GT2),##MA-SMA200GT0SMA100GT0,",2.6895748195982443,1,1,0
"PCDCGT0PCTDayChangeLT0,PCDayChange-0.5to0.5,,,,%%:sellDowntrend-lastDayUp-ReversalHighTail,##(Test)(check-chart)-sellSMADownTrend,",0.062217538717653315,1,1,0
"PCTChangeLT-2,,,,##DOWNTREND:sellMonth6High(InDownTrend),##(Check-chart-buy):month3High-InMinus,NearHighMonth3,",0.3581390749834813,2,1,1
"PCTChangeGT3,_LTGT1.5_,,,weekBarHighChangeGT2,brokenToday,",1.3721475005455706,7,3,4
"PCTChangeLT-3,_LTGT3.0_,,,##MANegative_Downtrend_(LT-2),##MA-SMA200LT0SMA100LT0,##DOWNTREND:sellMonth6LowBreak,buyMorningStar-HighLowerTail,",9.431712937390992,2,2,0
"PCTChangeLT-1,,,,chisSellFinalCandidate-3,chisBuyFinalContinue-2,",-1.0423492531046572,1,0,1
"PCDCLT0PCTChangeGT3,_HTGT1.5__LTGT1.5__HTGTPCTDayChange__LTGTPCTDayChange_,,,chisSellLastDayHighUpReversal,",4.0450891817401535,1,1,0
"PCTChangeGT0.5,_HTGT3.0_,,,%%:checkSell:CupDownDoji,",-3.811025544414378,1,0,1
"PCTChangeLT-1,,,,volBuyReversalLast2DayDown-VolDown,chisSellDownTrend-nearHigh,##(Check-chart-buy):month3High-InMinus,ReversalHighMonth3,",-6.4596013172415825,1,0,1
"PCTChangeLT-1,_HTGT3.0__LTGT3.0__HTGTPCTDayChange__LTGTPCTDayChange_,,,checkCupDown-near2WeekDown-mayReveresalBuy,chisDownTrend-Risky-nearHigh,##(Check-chart-buy):month3High-InMinus,ReversalHighMonth3,",-3.5914282338725108,1,0,1
"PCTChangeGT2,,,,volBuyContinueLast2DayUp-VolUp,(GLOBALFUTUP-UPTRENDMARKET)checkBuyConsolidationBreakUp-week2-highNotReachedWeek3,week2BarHighChangeGT0,",-1.641680598143534,2,0,2
"PCTChangeLT-2,year2High,,,,(GLOBALFUTDOWN-DOWNTRENDMARKET)checkSellConsolidationBreakDown-week2-lowNotReachedWeek3,week2BarLowChangeLT0,",-0.44743099381894613,7,2,5
"PCTChangeGT3,year2High,_HTGT3.0_,,,volSellVolumeUpsergedLast2n3DayDown,checkBuyConsolidationBreakout-allPreLT0,weekBarHighChangeGT2,brokenToday,",-2.3244843075892305,1,0,1
"PCTChangeLT-3,_HTGT1.5_,,,%%checkCupDown-2dayDown-continue,chisDownTrend-Risky-nearHigh,##DOWNTREND:sellYear2HighReversal(InDownTrend),##(Check-chart-buy):month3High-InMinus,ReversalHighMonth3,",-0.015654841845877537,1,0,1
"PCTChangeLT-3,_HTGT1.5_,,,chisSellDownTrend-nearHigh,##DOWNTREND:sellMonth6High(InDownTrend),##last2DayLow(LT-3)-M3LGT0,##(Check-chart-buy):month3High-InMinus,NearHighMonth3,",-0.6808157665274474,1,0,1
"PCDCGT0PCTDayChangeLT0,PCDayChange-0.5to0.5,,,,MaySellCheckChart-(|_|`|),(SMA9LT0),",-7.360001627604168,1,0,1
"PCTChangeLT-2,,,,volBuyVolumeUpsergedLast2n3DayUp,weekBarLowChangeLT-2,brokenToday,chisDownTrend-Risky-nearHigh,##DOWNTREND:sellYear2HighReversal(InDownTrend),##(Check-chart-buy):YearHigh-InMinus,ReversalHighYear,",0.20024725731382,1,1,0
"PCTChangeLT-1,_HTGT1.5_,,,%%HLTF:(UPTREND-MorningTrend-UP)mayBuyTail-highTailGT2-7,10thDayGT10-Last2DayStockDown,",4.317076148056402,1,1,0
"PCTChangeGT2,,,,chisSellUpTrend-1,weekBarHighChangeGT0,chisBuy-2week-breakoutup(check-chart)(|-|-| or --|),",-2.266292707077177,1,0,1
"PCTChangeLT-3,,,,%%:checkSell:Super01-monthLow,##ML:buyRisingMA-down-Risky,",0.6286656329656432,4,3,1
"PCDCGT0PCTChangeLT-1,PCDayChange-0.5to0.5,_HTGT3.0__LTGT3.0_,,,##MANegative_Downtrend_(GT0),##MA-SMA200LT0SMA100LT0,",-0.9420289855072577,1,0,1
"PCTChangeGT1,_HTGT1.5__LTGT3.0__HTGTPCTDayChange__LTGTPCTDayChange_,,,##(Check-chart)ML:buyMonth3High-Continue,",-3.2217560452896166,1,0,1
"PCTChangeGT3,year2High,,,,%%:sellUpTrend-month3High,volSellVolumeUpsergedLast2n3DayDown,",-0.0191707739093858,1,0,1
"PCDCGT0PCTChangeLT-1,PCDayChange-0.5to0.5,_HTGT1.5__LTGT3.0_,,,buyYearHigh-0,",5.816575038580249,1,1,0
"PCTChangeGT2,,,,checkCupDown-lastDayUp-near2WeekHigh-mayReveresalSell,",-0.9703407425061649,4,1,3
"PCTChangeGT3,_HTGT1.5__LTGT1.5_,,,##lastDayHighGT5TodayGT1,",3.8119569080123865,1,1,0
"PCTChangeLT-5,,,,chisDownTrend-Risky-nearHigh,zigZagVolCrossedFromUp,",-0.06304913843321577,1,0,1
"PCTChangeLT-3,_HTGT1.5__HTGTPCTDayChange_,,,%%HLTF-Last2HighTail:(DOWNTREND)sell(UPTREND)buy:HighUpperTailPre,%%HLTF:maySellTail-tailGT2-7,10thDayGT0,",1.325664884513879,1,1,0
"PCTChangeGT3,year2Low,_HTGT3.0_,,,##buyTenDaysLessThanMinusTen,",-5.83333514985583,1,0,1
"PCTChangeGT0.5,,,,buyPatternsML,",3.4657722499673445,3,3,0
"PCTChangeLT-2,,,,volSellContinueLast2DayDown-VolUp,weekBarLowChangeLT-2,brokenToday,",-0.748641055955294,11,4,7
"PCTChangeLT-2,,,,(GLOBALFUTDOWN-DOWNTRENDMARKET)checkSellConsolidationBreakDown-week2-lowNotReachedWeek3,week2BarLowChangeLT0,weekLowLTweek2Low,$$MayBuy-CheckChart(monthLow-minimumLast4DayDown),",0.24327716794150378,2,1,1
"PCTChangeGT1,PCDayChange-0.5to0.5,year2High,_LTGT1.5_,,,%%HLTF:(SGXNIFTYUP)buyHighLowerTail-Continue,(SMA9GT0),",-0.7538759122250451,1,0,1
"PCTChangeGT3,,,,chisUpTrend-Risky-nearLow,(GLOBALFUTUP-UPTRENDMARKET)checkBuyConsolidationBreakUp-week2-highNotReachedWeek3,week2BarHighChangeGT0,brokenToday,##last2DayHighGT3-M3HLT0,",-0.4216879725934909,1,0,1
"PCTChangeGT3,_LTGT1.5_,,,chisUpTrend-Risky-nearLow,(GLOBALFUTUP-UPTRENDMARKET)checkBuyConsolidationBreakUp-week2-highNotReachedWeek3,week2BarHighChangeGT2,weekHighGTweek2High,chis-breakoutup-2week,##(check-chart)mayBuy-EMA6-LT-May-MT-EMA14,",0.4598022853954906,1,1,0
"PCTChangeLT-8,_LTGT3.0_,,,%%HLTF:(GLOBAL-DOWN)sellHighLowerTail-Reversal-LastDayMarketUp,VOL:sell(GLOBALFUTUP-GLOBALMARKETUP)Buy-UpVol-3dayDown-Week2High,",3.654080457681904,1,1,0
"PCTChangeLT-2,,,,volBuyVolumeUpsergedLast2n3DayUp,checkSellConsolidationBreakDown-2week,week2BarLowChangeLT-2,weekLowLTweek2Low,brokenToday,chisDownTrend-Risky-nearHigh,##DOWNTREND:sellYear2HighReversal(InDownTrend),",-0.6355414347538115,1,0,1
"PCTDayChangeLT0,_LTGT1.5_,,,chisDownTrend-Risky-nearHigh,$$MayBuy-CheckChart-baseLine(inuptrend-monthlow)-PCTDayChangeLT0,",0.3273272420825686,1,1,0
"PCTChangeLT-3,,,,(GLOBALFUTDOWN-DOWNTRENDMARKET)checkSellConsolidationBreakDown-week2-lowNotReachedWeek3,week2BarLowChangeLT0,chisDownTrend-Risky-nearHigh,##(Check-chart-buy):YearHigh-InMinus,ReversalHighYear,",0.911128708514953,7,6,1
"PCTChangeGT2,,,,zigZagVolCrossedFromDown,chisBuyUpTrend-1,chisUpTrend-Risky-nearLow,",-0.8846594496412841,1,0,1
"PCTChangeGT3,_HTGT1.5__LTGT1.5__HTGTPCTDayChange__LTGTPCTDayChange_,,,VOL:sell-DownVol-3dayUp-Week2Low,",-4.0317499069940625,1,0,1
"PCTChangeGT3,_HTGT1.5__LTGT3.0_,,,zigZagVolCrossedFromDown,",2.3337021181521265,2,2,0
"PCTChangeLT-2,_HTGT1.5__HTGTPCTDayChange_,,,sellPatternsML,sellPatterns-LT-1.5-SMALT0,(SMA9LT0),",-2.355473066308423,2,0,2
"PCTChangeLT-3,,,,(GLOBALFUTDOWN-DOWNTRENDMARKET)checkSellConsolidationBreakDown-week2-lowNotReachedWeek3,week2BarLowChangeLT-2,weekLowLTweek2Low,##DOWNTREND:sellYear2HighReversal(InDownTrend),##(Check-chart-buy):YearHigh-InMinus,ReversalHighYear,",-2.146067415730336,1,0,1
"PCTChangeGT2,,,,vol-sell-DownVol-3dayUp-Week2High,brokenToday,",-0.6683069502551952,1,0,1
"PCTChangeGT0.5,,,,##MANegative_Downtrend_(GT1),##MA-SMA200GT0SMA100GT0,",0.24999999999998773,1,1,0
"PCTChangeLT-1,_LTGT3.0_,,,(GLOBALFUTDOWN-DOWNTRENDMARKET)checkSellConsolidationBreakDown-week2-lowNotReachedWeek3,week2BarLowChangeLT0,weekLowLTweek2Low,chisDownTrend-Risky-nearHigh,",2.567111545138895,1,1,0
"PCTChangeGT2,,,,chisBuyUpTrend-0,chisBuyUpTrend-nearLow,",-0.5383516834900538,1,0,1
"PCDCGT0PCTChangeLT-1,PCDayChange-0.5to0.5,_HTGT1.5_,,,##MA-SMA200LT0SMA100LT0,",-1.4303718721648633,1,0,1
"PCTChangeLT-3,_HTGT3.0__LTGT3.0_,,,volBuyReversalLast2DayDown-VolUp,",1.1516314779270558,1,1,0
"PCTChangeGT1,year2High,,,,week2BarHighChangeGT0,brokenToday,",1.7193603327552502,2,2,0
"PCTChangeLT-5,_HTGT3.0__LTGT1.5_,,,##MANegative_Downtrend_(LT-4.5),##MA-SMA200LT0SMA100LT0,",-2.494396829758279,7,2,5
"PCTChangeGT3,,,,VOL:buy(GLOBALFUTDOWN-GLOBALMARKETDOWN)Sell-UpVol-3dayUp-Week2Low,chisCheckConsolidationBreakoutLT(4.5),",-0.23058337780804308,2,1,1
"PCTChangeLT-3,_LTGT1.5_,,,volBuyVolumeUpsergedLast2n3DayUp,weekBarLowChangeLT-2,brokenToday,",-2.641129032258064,1,0,1
"PCTChangeLT-2,_HTGT1.5__HTGTPCTDayChange_,,,(GLOBALFUTDOWN-DOWNTRENDMARKET)checkSellConsolidationBreakDown-week2-lowNotReachedWeek3,week2BarLowChangeLT0,##DOWNTREND:sellYearHigh(InDownTrend),##(Check-chart-buy):month3High-InMinus,BreakHighMonth3,",1.0530776172805376,1,1,0
"PCTChangeGT2,,,,vol-sell-DownVol-3dayUp-Week2High,weekBarHighChangeGT2,##MAPositive_Uptrend(GT2),##MA-SMA200GT0SMA100GT0,",-0.6186317321688604,1,0,1
"PCTChangeLT-2,year2High,_LTGT1.5_,,,checkCupDown-inDownTrend-month3HighLTmonth3Low,bar_low,%%HLTF:(GLOBAL-UP)buyHighLowerTail-LastDayMarketUp,volBuyReversalLast2DayDown-VolDown,",-1.9610357903814997,1,0,1
"PCTChangeLT-5,_LTGT1.5_,,,##ML:sellRisingMA-down-(Risky),",-1.687498092651367,1,0,1
"PCTChangeLT-2,,,,chisSellDownTrend-nearHigh,##(Check-chart-buy):YearHigh-InMinus,ReversalHighYear,",-0.8198241531530446,7,3,4
"PCTChangeGT1,PCDayChange-0.5to0.5,_HTGT1.5_,,,chisSellFlag2Week-doji-Risky,",-0.07624933160298064,3,1,2
"PCTChangeLT-3,year2Low,_LTGT3.0_,,,##last3DayLow(LT-3)-M3LLT0,chisBuyYear2Low,BreakLowYear2,",2.208703952898549,2,1,1
"PCTChangeLT-2,,,,checkCupDown-month3HighLTmonth3Low,bar_low,chisSellDownTrend-nearHigh,##(Check-chart-buy):month3High-InMinus,ReversalHighMonth3,",0.16969701991318842,1,1,0
"PCTChangeLT-8,_LTGT1.5_,,,(GLOBAL-DOWN)maySellContinueHighVolatileLastDayDOWN-month3LowGT0-(LT-8),chisDownTrend-Risky-nearHigh,",-6.914520559671338,8,0,8
"PCDCGT0PCTChangeLT-1,_HTGT3.0__HTGTPCTDayChange_,,,(Test)MaySell-CheckChart(downTrend-lastDayUp),##MA-SMA200LT0SMA100LT0,",-2.8053903581193618,1,0,1
"PCTChangeGT8,_HTGT3.0_,,,chisBuyDayHighVolLow-0,",-2.2726980351062642,1,0,1
"PCTChangeLT-3,,,,volumeUpsergedLast2n3n4DayUp,volSellContinueLast2DayDown-VolUp,##last2DayLow(LT-3)-M3LLT0,",-0.6918363396375392,1,0,1
"PCTChangeLT-1,_HTGT1.5_,,,%%:checkSell:Super0,weekBarLowChangeLT-2,",0.24674264157729758,1,1,0
"PCTChangeGT5,_HTGT1.5__HTGTPCTDayChange_,,,##MAPositive_Uptrend(GT1),##MA-SMA200GT0SMA100GT0,",0.7947974851933134,1,1,0
"PCTChangeGT0,_HTGT1.5__HTGTPCTDayChange_,,,%%HLTF-Last2HighTail:(UPTREND)buy(DOWNTREND)sell:HighUpperTailPre-last2DayUp,(Test)(check-chart-2-3MidCapCross)MaySellCheckChart-Risky,",-0.4140067951682415,1,0,1
"PCTChangeGT3,,,,vol-sell-DownVol-3dayUp-Week2High,##MAPositive_Uptrend(GT2),##MA-SMA200GT0SMA100GT0,",-0.08695960602262091,6,3,3
"PCTChangeLT-2,_LTGT1.5_,,,checkCupDown-2dayDown-mayReversalBuy,##DOWNTREND:sellYear2HighReversal(InDownTrend),",3.803926355698533,1,1,0
"PCTChangeLT-0.5,PCDayChange-0.5to0.5,_LTGT1.5_,,,%%:checkSell:CupDownDoji-lastDayLT(-2)TodayDoji,",-0.46545966215366463,2,0,2
"PCTDayChangeLT0,_HTGT1.5_,,,$$MaySell-CheckChart-baseLine(inDownTrend-monthHigh)-MLCGT10,",-0.5855869602512664,1,0,1
"PCTChangeLT-2,_HTGT3.0__LTGT3.0__HTGTPCTDayChange__LTGTPCTDayChange_,,,checkCupDown-3dayDown-mayReversalBuy,##DOWNTREND:sellMonth3HighReversal(InDownTrend),volBuyRevarsalVolCrossed,##(Check-chart-buy):month3High-InMinus,ReversalHighMonth3,",16.594827586206893,1,1,0
"PCTChangeLT-1,_HTGT3.0__LTGT1.5__HTGTPCTDayChange_,,,##MANegative_Downtrend_(LT-2),##MA-SMA200LT0SMA100LT0,",-2.8142391036615426,2,1,1
"PCTChangeGT2,_HTGT1.5__HTGTPCTDayChange_,,,volSellReversalLast2DayUp-VolUp,",-4.969365526497057,2,0,2
"PCTChangeLT-2,,,,##longDownTrend-2-IndexNotDownLastDay(checkBase),chisDownTrend-Risky-nearHigh,",-0.10639045286151388,4,2,2
"PCTChangeGT1,_LTGT1.5_,,,chisSellDowningMA-(check5MinuteDownTrendAndSellDowntrend)-Already10DayDown,$$(UPTREND-OR-GLOBALUP)MayBuy-CheckChart-baseLine(inuptrend-monthlow)-MHCLT(-10),",-0.9788105153411957,1,0,1
"PCTChangeGT3,_HTGT3.0__HTGTPCTDayChange_,,,%%HLTF:(UPTREND-GLOBAL/SGX-UP)BuyHighUpperTail-Reversal-7,10thDayGT15-LastDayMarketDown,##MAPositive_Uptrend(GT2),##MA-SMA200GT0SMA100GT0,",-1.1874469889737065,1,0,1
"PCTChangeGT1,,,,chisSellDowningMA-(check5MinuteDownTrendAndSellDowntrend)-Already10DayDown,",0.05253016685462637,217,103,111
"PCTChangeLT-3,_LTGT1.5_,,,##(Check-chart-buy):month6High-InMinus,NearHighMonth6,",-0.38345912633840035,1,0,1
"PCDCLT0PCTChangeGT0,_HTGT1.5__LTGT1.5_,,,%%HLTF-LastDayUp:(DOWNTREND-OR-GLOBALDOWN)MaySellHighTail-LastDayMarketUp,",-0.939849030048708,4,1,3
"PCTChangeGT1,PCDayChange-0.5to0.5,_HTGT1.5_,,,%%HLTF-Risky9:30:maySellTail-tailGT2-7,10thDayGT15,shortUpTrendBuyContinue-Doji-Last2DayGTToday,",2.0561716293953745,1,1,0
"PCTChangeGT2,_HTGT1.5__HTGTPCTDayChange_,,,%%HLTF-Last2HighTail:(UPTREND)buy(DOWNTREND)sell:HighUpperTailPre-last2DayUp,sellEveningStar-0,##RisingMA(check-chart-sell)-MaySellCheckChart,",-2.42355400836665,1,0,1
"PCDCGT0PCTChangeLT-1,PCDayChange-0.5to0.5,_HTGT1.5__LTGT3.0_,,,chisSellFlagWeek-doji-Risky,",0.6293511861422806,1,1,0
"PCTChangeLT-5,,,,volSellContinueLast2DayDown-VolUp,",0.32306302146262644,44,19,25
"PCTChangeLT-3,,,,weekBarLowChangeLT-2,##DOWNTREND:sellYear2HighReversal(InDownTrend),##last2DayLow(LT-3)-M3LGT0,##(Check-chart-buy):month3High-InMinus,ReversalHighMonth3,##(check-chart)maySell-EMA6-MT-May-LT-EMA14,",0.07416261878090229,1,1,0
"PCTChangeLT-3,_LTGT3.0_,,,%%HLTF:(GLOBAL-DOWN)sellHighLowerTail-Reversal-LastDayMarketUp,chisSellFinalCandidate-(lastDayUp)-(highChange),",-5.736644396936755,1,0,1
"PCTChangeGT3,,,,volSellReversalLast2DayUp-VolDown,",0.7092816642036748,52,36,16
"PCTChangeLT-5,,,,##DOWNTREND:sellMonth3LowBreak,",-0.3476840479418939,5,2,3
"PCTChangeLT-3,_HTGT1.5__HTGTPCTDayChange_,,,chisDownTrend-Risky-nearHigh,##DOWNTREND:sellYear2HighReversal(InDownTrend),##(Check-chart-buy):month3High-InMinus,ReversalHighMonth3,",0.3256249673009449,1,1,0
"PCTChangeGT0.5,_HTGT3.0_,,,chisUpTrend-Risky-nearLow,",4.334969677002734,3,3,0
"PCTChangeGT2,,,,volBuyVolumeUpsergedLast2n3DayDown,",-0.09903752681789624,43,21,22
"PCTChangeGT12,_HTGT3.0_,,,zigZagVolCrossedFromDown,",13.986013986013987,1,1,0
"PCTChangeLT-1,year2High,_HTGT1.5__HTGTPCTDayChange_,,,%%HLTF-Last2HighTail:(DOWNTREND)sellHighUpperTailPre,%%HLTF:(UPTREND-MorningTrend-UP)mayBuyTail-highTailGT2-7,10thDayGT10-Last2DayStockDown,",-0.26375421540619826,1,0,1
"PCTChangeGT1,,,,chisBuyConsolidationBreakUp-2week-(Risky)-year2High,week2BarHighChangeGT0,weekHighGTweek2High,brokenToday,",1.729141425162842e-14,1,1,0
"PCTChangeLT-3,,,,chisBuyFinalContinue-(lastDayUp),sellFinal,chisSellDownTrend-nearHigh,",-0.720001220703125,1,0,1
"PCDCLT0PCTChangeGT0,_HTGT3.0_,,,%%HLTF:maySellTail-tailGT2-allDayGT0,",-2.543086069747346,2,0,2
"PCTChangeGT0.5,_LTGT3.0_,,,%%HLTF-Last2DayMarketUp:(GLOBAL-DOWN)sellHighLowerTail-Reversal-LastDayMarketUp,##MAPositive_Uptrend(GT0),##MA-SMA200GT0SMA100GT0,",5.759635804191468,1,1,0
"PCTChangeLT-2,year2Low,,,,volSellContinueLast2DayDown-VolUp,",1.7914594861435416,2,1,1
"PCTChangeLT-1,,,,%%:checkSell:ConsolidationBreakDown(NotShapeA)-2week,checkSellConsolidationBreakDown-2week,week2BarLowChangeLT0,brokenToday,chisSellDownTrend-nearHigh,##(Check-chart-buy):month3High-InMinus,ReversalHighMonth3,",0.019375113553775032,1,1,0
"PCTChangeGT5,_HTGT1.5__LTGT3.0_,,,%%HLTF-Risky:(GLOBAL-DOWN)sellHighLowerTail-Reversal-LastDayMarketUp,##MAPositive_Uptrend(GT2),##MA-SMA200LT0SMA100LT0,",5.645615678086437,1,1,0
"PCTChangeGT5,year2High,_HTGT1.5__LTGT3.0__LTGTPCTDayChange_,,,%%HLTF-Risky:(GLOBAL-DOWN)sellHighLowerTail-Reversal-LastDayMarketUp,volumeUpsergedLast2n3n4DayDown,",5.711499983009006,1,1,0
"PCTChangeGT2,_HTGT1.5__LTGT3.0_,,,$$(DOWNTREND-OR-GLOBALDOWN)MaySellContinue-CheckChart(inuptrend-monthlow)-highTail,volBuyContinueLast2DayUp-VolUp,",5.060243415066518,1,1,0
"PCTDayChangeLT0,PCDayChange-0.5to0.5,_HTGT1.5_,,,%%:checkSell:Super01-monthLow,%%HLTF-LastDayUp:(DOWNTREND-OR-GLOBALDOWN)MaySellHighTail-LastDayMarketUp,",0.11741916437356396,5,3,2
"PCTChangeGT2,_LTGT1.5_,,,volSellReversalLast2DayUp-VolDown,##RisingMA(Test)(check-chart-buy)-2DayUp,",-2.361111111111102,1,0,1
"PCTChangeLT-1,year2High,_LTGT1.5_,,,%%HLTF:(SGXNIFTYUP)buyHighLowerTail-Continue,(Test)MayBuy-CheckChart(upTrend-lastDayDown),",0.5809594205622216,1,1,0
"PCTChangeGT1,PCDayChange-0.5to0.5,_HTGT1.5_,,,%%:checkSell:FlagWeek-doji,%%HLTF-Last2HighTail:(UPTREND)buy(DOWNTREND)sell:HighUpperTailPre-last2DayUp,",0.8875803755287366,1,1,0
"PCTChangeGT3,,,,##MAPositive_Uptrend(GT2),##MA-SMA200GT0SMA100LT0,",-0.6557028185683498,2,0,2
"PCTChangeGT3,,,,%%:sellUpTrend-month3High,volSellVolumeUpsergedLast2n3DayDown,chisCheckConsolidationBreakout2WeekLT(4.5),weekBarHighChangeGT0,brokenToday,##MAPositive_Uptrend(GT2),##MA-SMA200GT0SMA100GT0,",-0.9710769022791802,1,0,1
"PCTChangeGT1,,,,chisBuyYearHigh-3,##(Check-chart)sellMonth3High-Continue,",-1.2205894320618784,1,0,1
"PCTChangeGT3,_HTGT3.0__LTGT1.5__HTGTPCTDayChange_,,,##MAPositive_Uptrend(GT2),##MA-SMA200GT0SMA100LT0,",-1.7820048084721027,1,0,1
"PCTChangeGT1,,,,weekBarHighChangeGT0,brokenToday,##UPTREND:buyYearLowReversal(Confirm),",-3.668073356328869,1,0,1
"PCTChangeGT3,,,,buyPatternsML,",3.0604007283024055,8,7,1
"PCTChangeGT2,PCDayChange-0.5to0.5,_HTGT1.5__LTGT1.5_,,,%%HLTF:maySellTail-tailGT2-7,10thDayGT20,",1.416739357659503,1,1,0
"PCTChangeLT-5,year2Low,_LTGT3.0_,,,zigZagVolCrossedFromUp,",6.9818257337805125,1,1,0
"PCTChangeLT-8,,,,maySellAfter10:30HighVolatileDownContinueLT-8-Risky,##MANegative_Downtrend_(LT-4.5),##MA-SMA200LT0SMA100LT0,",5.911049442291654,2,2,0
"PCTChangeLT-5,,,,chisSellDownTrend-nearHigh,##last2DayLow(LT-3)-M3LGT0,chisSellDayLowVolLow-0,",2.4667929645714475,1,1,0
"PCTDayChangeLT0,_LTGT3.0_,,,%%HLTF:sellStockInUptrendReversal,buyMorningStar-HighLowerTail-(checkChart),",-3.162694967059604,1,0,1
"PCTChangeGT3,_LTGT3.0_,,,%%HLTF-Risky:(GLOBAL-DOWN)sellHighLowerTail-Reversal-LastDayMarketUp,",4.617950500811537,2,2,0
"PCTChangeGT1,_HTGT1.5__HTGTPCTDayChange_,,,weekBarHighChangeGT0,buyYearHigh-0,",-2.5288753282219485,1,0,1
"PCTChangeLT-2,,,,checkCupDown-month3HighLTmonth3Low,bar_low,VOL:buy-DownVol-3dayDown-Week2High,##(Check-chart-buy):month3High-InMinus,ReversalHighMonth3,",1.651675654073499,1,1,0
"PCTChangeGT8,year2High,_HTGT3.0__LTGT3.0_,,,%%HLTF-Last2HighTail:(UPTREND)buy(DOWNTREND)sell:HighUpperTailPre-last2DayUp,",-5.872612242486066,1,0,1
"PCDCLT0PCTChangeGT0,PCDayChange-0.5to0.5,,,,%%:checkSell:Super0,",-0.020057061099121976,2,1,1
"PCTChangeGT3,year2High,_HTGT1.5_,,,volumeUpsergedLast2n3n4DayDown,weekBarHighChangeGT0,brokenToday,",-1.4185173558263384,2,0,2
"PCTChangeLT-3,_HTGT1.5__HTGTPCTDayChange_,,,%%HLTF-Last2HighTail:(DOWNTREND)sellHighUpperTailPre,%%HLTF-Risky9:30:maySellTail-tailGT2-7,10thDayGT15,chisSellFinalCandidate-4,",-3.1034447680944597,1,0,1
"PCTChangeLT-3,,,,checkCupDown-3dayDown,chisBuyMay5DayFloorReversal,",2.4758454106280197,1,1,0
"PCTChangeGT1,_LTGT1.5_,,,chisSellDowningMA-(check5MinuteDownTrendAndSellDowntrend),",-0.312626675059122,15,7,7
"PCTDayChangeLT0,_HTGT1.5_,,,%%:checkSell:Super0,##MANegative_Downtrend_(LT0),##MA-SMA200LT0SMA100LT0,",1.6355140186915929,1,1,0
"PCTDayChangeLT0,PCDayChange-0.5to0.5,_HTGT1.5_,,,chisSell:Super03-monthLow,",-1.4522378143838497,5,0,5
"PCTChangeGT0.5,_LTGT1.5_,,,##MA-SMA200GT0SMA100GT0,",-1.458163558476676,2,0,2
"PCTChangeLT-3,,,,vol-buy-DownVol-3dayDown-Week2Low,##MANegative_Downtrend_(LT-2),##MA-SMA200LT0SMA100LT0,##DOWNTREND:sellMonth3LowBreak,",2.748964194951279,1,1,0
"PCDCLT0PCTChangeGT0,PCDayChange-0.5to0.5,_HTGT3.0__LTGT3.0_,,,chisBuyYearHigh-1,",1.4204545806402842,1,1,0
"PCTChangeGT0.5,PCDayChange-0.5to0.5,_HTGT1.5__LTGT1.5_,,,chisSellDowningMA-(check5MinuteDownTrendAndSellDowntrend),",-2.297198046042546,1,0,1
"PCTChangeLT-0.5,_LTGT1.5_,,,%%:checkSell:Super01-monthLow,%%HLTF:(SGXNIFTYUP)buyHighLowerTail-Continue,",2.2438675854233425,1,1,0
"PCTChangeGT2,_LTGT3.0_,,,%%HLTF:(GLOBAL-DOWN)sellHighLowerTail-Reversal-LastDayMarketUp,##(Check-chart-sell):month3Low-InPlus,ReversalLowMonth3,##UPTREND:buyMonth3LowReversal(Confirm),",0.01446824687951545,1,1,0
"PCTChangeGT1,_LTGT1.5_,,,week2BarHighChangeGT0,brokenToday,",-0.013563695908162428,4,2,2
"PCTDayChangeLT0,_LTGT3.0_,,,%%HLTF:(GLOBAL-UP)buyHighLowerTail-LastDayMarketUp,",6.456379294258219,2,1,1
"PCTChangeGT5,_LTGT1.5_,,,chisBuyUpTrend-nearLow,",0.8345628258256775,3,1,2
"PCTChangeLT-0.5,_LTGT1.5_,,,%%HLTF:(GLOBAL-UP)buyHighLowerTail-LastDayMarketUp,chisDownTrend-Risky-nearHigh,",-0.6892044697683775,1,0,1
"PCTChangeGT1,_HTGT1.5__LTGT1.5__HTGTPCTDayChange__LTGTPCTDayChange_,,,volSellReversalLast2DayUp-VolUp,",-2.079025785913409,1,0,1
"PCTChangeGT2,_HTGT1.5_,,,%%HLTF:(DOWNTREND-OR-GLOBALDOWN)maySellTail-tailGT2-2,3,4thDayGT0,(GLOBALFUTUP-UPTRENDMARKET)checkBuyConsolidationBreakUp-week2-highNotReachedWeek3,week2BarHighChangeGT0,weekHighGTweek2High,brokenToday,",2.4448880487087434,1,1,0
"PCTChangeGT2,,,,##(Check-chart-sell):month3Low-InPlus,ReversalLowMonth3,VOL:buy(GLOBALFUTDOWN-GLOBALMARKETDOWN)Sell-UpVol-3dayUp-Week2Low,##UPTREND:buyMonth3LowReversal(Confirm),",1.0866180179625997,1,1,0
"PCTChangeLT-2,,,,weekBarLowChangeLT-2,brokenToday,chisDownTrend-Risky-nearHigh,##DOWNTREND:sellYear2HighReversal(InDownTrend),##(Check-chart-buy):month3High-InMinus,ReversalHighMonth3,",1.3580924216332895,6,4,2
"PCDCLT0PCTChangeGT0,PCDayChange-0.5to0.5,_HTGT1.5__LTGT3.0_,,,##MANegative_Downtrend_(LT0),##MA-SMA200LT0SMA100LT0,",0.6071142113648869,1,1,0
"PCTChangeGT8,_LTGT1.5_,,,##MAPositive_Uptrend(GT2),##MA-SMA200LT0SMA100GT0,",-4.363323893353197,1,0,1
"PCDCGT0PCTChangeLT-3,_HTGT3.0__LTGT3.0__HTGTPCTDayChange__LTGTPCTDayChange_,,,%%HLTF-Last2LowTail:(DOWNTREND)sellHighLowerTailPre-1,##MA-SMA200GT0SMA100LT0,",-1.766230595576293,1,0,1
"PCTChangeGT5,_HTGT3.0__HTGTPCTDayChange_,,,%%HLTF-Last2HighTail:(UPTREND)buy(DOWNTREND)sell:HighUpperTailPre-last2DayUp,volSellReversalLast2DayUp-VolDown,weekBarHighChangeGT5,",5.457589705118916,1,1,0
"PCTChangeLT-1,,,,$$MayBuy-CheckChart(monthLow-minimumLast4DayDown),##(Check-chart-buy):YearHigh-InMinus,ReversalHighYear,",-0.41862885280317874,1,0,1
"PCTChangeLT-1,_LTGT1.5_,,,%%HLTF:(GLOBAL-DOWN)sellHighLowerTail-Reversal-LastDayMarketUp,##RisingMA(check-chart-buy)-MayBuyCheckChart,",1.2892394228961692,1,1,0
"PCTChangeLT-3,_HTGT1.5__HTGTPCTDayChange__LTGTPCTDayChange_,,,%%HLTF-Last2HighTail:(DOWNTREND)sell(UPTREND)buy:HighUpperTailPre,##buyRisingMA-1,",1.6864676118889188,1,1,0
"PCTChangeGT0,PCDayChange-0.5to0.5,_HTGT3.0__LTGT1.5_,,,##MANegative_Downtrend_(GT0),##MA-SMA200LT0SMA100LT0,",-3.219515172446638,1,0,1
"PCTChangeGT3,_HTGT3.0__HTGTPCTDayChange_,,,##RisingMA(check-chart-sell)-MaySellCheckChart,##MAPositive_Uptrend(GT2),##MA-SMA200LT0SMA100LT0,",7.9949519610164135,1,1,0
"PCTChangeLT-2,_LTGT1.5_,,,weekBarLowChangeLT0,brokenToday,chisDownTrend-Risky-nearHigh,$$MayBuy-CheckChart-baseLine(inuptrend-monthlow)-PCTDayChangeLT0,##(Check-chart-buy):month3High-InMinus,ReversalHighMonth3,",1.3129622847945606,1,1,0
"PCTDayChangeLT0,PCDayChange-0.5to0.5,_HTGT3.0__LTGT1.5_,,,%%:sellDowntrend-lastDayDown-ReversalHighTail,",-3.3391272503396623,1,0,1
"PCTChangeLT-1,_HTGT1.5__LTGT1.5_,,,volBuyReversalLast2DayDown-VolDown,",0.5340888569671324,1,1,0
"PCTChangeLT-5,_HTGT1.5__LTGT3.0_,,,chisRSISellCandidate(yearLow)-lessThanMinus5,##MANegative_Downtrend_(LT-4.5),##MA-SMA200LT0SMA100LT0,",2.4561430278577383,1,1,0
"PCTChangeGT5,year2High,_HTGT3.0__LTGT1.5__HTGTPCTDayChange_,,,checkBuyConsolidationBreakout-allPreLT0,",-3.706940237060992,1,0,1
"PCTChangeLT-0.5,,,,%%:checkSell:Super01-monthLow,##(Test)buyBottomReversal-0,",-0.7777606693351461,2,0,2
"PCTChangeGT2,,,,weekBarHighChangeGT0,",0.2679454680202026,39,22,17
"PCTChangeLT-0.5,_HTGT1.5__LTGT1.5_,,,volSellContinueLast2DayDown-VolUp,",-1.1049399658668575,2,1,1
"PCTChangeLT-3,,,,volSellContinueLast2DayDown-VolUp,weekBarLowChangeLT-2,##(check-chart)maySell-EMA6-MT-May-LT-EMA14,",1.263104794059804,1,1,0
"PCTChangeLT-2,,,,volBuyReversalLast2DayDown-VolDown,##sellRisingMA,",2.848453688197378,1,1,0
"PCTChangeGT2,_HTGT3.0__HTGTPCTDayChange_,,,sellEveningStar-0,##MANegative_Downtrend_(GT2),##MA-SMA200LT0SMA100LT0,(SMA9LT0),maySellFromBuyPattern-LT-1.8,",2.988811599124108,1,1,0
"PCTChangeGT2,PCDayChange-0.5to0.5,_HTGT1.5__LTGT1.5_,,,%%HLTF-Last2HighTail:(UPTREND)buy(DOWNTREND)sell:HighUpperTailPre-last2DayUp,##MA-SMA200LT0SMA100LT0,",7.500000000000001,1,1,0
"PCTChangeGT2,_HTGT1.5_,,,$$MaySell-CheckChart(monthHigh-minimumLast4DayUp),chisCheckConsolidationBreakoutLT(4.5),",-0.059056539399423603,1,0,1
"PCTChangeLT-1,_LTGT1.5_,,,checkCupDown-2dayDown-mayReversalBuy,",-0.4676970458845945,4,2,2
"PCTChangeGT3,year2High,,,,%%:sellUpTrend-month3High,VOL:sell-UpVol-3dayUp-Week2High,",-2.94068156724227,1,0,1
"PCTChangeGT3,_LTGT3.0_,,,%%HLTF:buyStockInUptrend,",-0.3586752012038317,1,0,1
"PCTChangeLT-2,,,,checkCupDown-3dayDown,VOL:sell(GLOBALFUTUP-GLOBALMARKETUP)Buy-UpVol-3dayDown-Week2High,##DOWNTREND:sellMonth3HighReversal(InDownTrend),%%:checkBuyRevarsalLast3DayDownAtMonth3High,##(Check-chart-buy):month3High-InMinus,ReversalHighMonth3,",-0.3214263916015513,1,0,1
"PCTChangeLT-2,_HTGT1.5__LTGT1.5_,,,%%:checkSell:Flag2Week,",-5.02738743675822,1,0,1
"PCTChangeGT5,year2High,_HTGT3.0__HTGTPCTDayChange_,,,volSellReversalLast2DayUp-VolUp,",-2.479338842975207,1,0,1
"PCTChangeGT2,,,,chisBuyUpTrend-nearLow,volSellReversalLast2DayUp-VolDown,",-0.2555679927752445,2,1,1
"PCTChangeGT5,_LTGT3.0_,,,chisUpTrend-Risky-nearLow,##UPTREND:buyYear2LowReversal(Confirm),##last2DayHighGT3-M3HLT0,",-2.6770572824451113,1,0,1
"PCTChangeLT-2,_HTGT3.0__HTGTPCTDayChange_,,,##MANegative_Downtrend_(LT-2),##MA-SMA200GT0SMA100GT0,",-1.0855223003186742,1,0,1
"PCTChangeGT8,_HTGT3.0_,,,volBuyContinueLast2DayUp-VolUp,##MAPositive_Uptrend(GT4.5),##MA-SMA200GT0SMA100GT0,",-2.0128337637665172,1,0,1
"PCTChangeGT5,year2High,,,,volumeUpsergedLast2n3n4DayDown,weekBarHighChangeGT2,brokenToday,##last2DayHighGT3-M3HGT0,",-3.9225854917220055,1,0,1
"PCTChangeGT3,year2High,,,,vol-sell-DownVol-3dayUp-Week2High,##last2DayHighGT3-M3HGT0,",1.725663716814163,1,1,0
"PCTChangeLT-2,_HTGT3.0__LTGT3.0__HTGTPCTDayChange__LTGTPCTDayChange_,,,%%HLTF:(GLOBAL-UP)buyHighLowerTail-LastDayMarketUp,volSellContinueLast2DayDown-VolUp,",3.311514222700319,1,1,0
"PCTChangeGT3,,,,(GLOBALFUTUP-UPTRENDMARKET)checkBuyConsolidationBreakUp-week2-highNotReachedWeek3,week2BarHighChangeGT0,weekHighGTweek2High,brokenToday,##(check-chart)mayBuy-EMA6-LT-May-MT-EMA14,##last2DayHighGT3-M3HLT0,",2.6591490203769657,1,1,0
"PCTChangeLT-2,,,,chisBuyFinalContinue-1,##(Check-chart-buy):month3High-InMinus,BreakHighMonth3,",-0.046731824072723166,1,0,1
"PCTChangeGT0.5,_LTGT1.5_,,,chisSellFlagWeek-doji-Risky,",0.4307437883030136,2,1,1
"PCTChangeLT-2,_HTGT1.5_,,,(GLOBALFUTDOWN-DOWNTRENDMARKET)checkSellConsolidationBreakDown-week2-lowNotReachedWeek3,week2BarLowChangeLT0,",-0.5098402710271632,9,4,5
"PCTChangeGT5,,,,volumeUpsergedLast2n3n4DayDown,volBuyContinueLast2DayUp-VolUp,week2BarHighChangeGT2,brokenToday,chisBuy-2week-breakoutup(check-chart)(|-|-| or --|),",1.3881732381707894,1,1,0
"PCTChangeLT-2,,,,chisBuyMay5DayFloorReversal,vol-buy-DownVol-3dayDown-Week2Low,",-1.1693564794396878,1,0,1
"PCTChangeLT-3,,,,weekBarLowChangeLT-2,brokenToday,chisDownTrend-Risky-nearHigh,##(Check-chart-buy):YearHigh-InMinus,ReversalHighYear,",-0.1352816189304033,11,5,6
"PCTChangeLT-3,_LTGT3.0_,,,buyMorningStar-HighLowerTail-(checkChart),",-1.6372283810194568,2,0,2
"PCTChangeGT2,_HTGT1.5_,,,zigZagVolCrossedFromDown,##UPTREND:buyYear2LowReversal(Confirm),",-1.053509664376045,1,0,1
"PCTChangeGT2,_HTGT1.5__HTGTPCTDayChange_,,,MaySellCheckChart-(IndexNotDownInSecondHalf),##MAPositive_Uptrend(GT2),##MA-SMA200LT0SMA100GT0,",-2.395885504464281,1,0,1
"PCTChangeEQ0,,,,chisBuyYearHigh-1,",-1.0486891385767856,1,0,1
"PCTChangeLT-2,,,,weekBarLowChangeLT-2,(SMA9LT0),##(Check-chart-buy):YearHigh-InMinus,ReversalHighYear,",-4.631979695431481,1,0,1
"PCDCLT0PCTChangeGT0,_HTGT3.0__HTGTPCTDayChange_,,,chisSell-smallUptrendReversal,",-0.2899005226285164,2,1,1
"PCTChangeLT-1,PCDayChange-0.5to0.5,,,,##MAPositive_Uptrend(LT0),##MA-SMA200GT0SMA100GT0,",-1.0905546080583977,1,0,1
"PCTChangeLT-2,_HTGT1.5__HTGTPCTDayChange_,,,volSellContinueLast2DayDown-VolUp,",12.721516412018726,1,1,0
"PCTChangeLT-3,_HTGT1.5_,,,chisDownTrend-Risky-nearHigh,##DOWNTREND:sellYear2HighReversal(InDownTrend),##(Check-chart-buy):month3High-InMinus,ReversalHighMonth3,",0.581533957889078,3,3,0
"PCTChangeLT-2,,,,volumeUpsergedLast2n3n4DayUp,volSellContinueLast2DayDown-VolUp,",-0.10028471836251965,14,7,7
"PCTChangeLT-5,_HTGT1.5__LTGT1.5_,,,##MANegative_Downtrend_(LT-4.5),##MA-SMA200LT0SMA100LT0,",-2.840767328440516,15,4,11
"PCTChangeGT3,_HTGT3.0__LTGT1.5__HTGTPCTDayChange__LTGTPCTDayChange_,,,%%:sellUpTrend-month3High,##MAPositive_Uptrend(GT2),##MA-SMA200LT0SMA100GT0,",8.306454073998228,1,1,0
"PCTChangeLT-2,_HTGT1.5_,,,##DOWNTREND:sellMonth6HighReversal(InDownTrend),##(Check-chart-buy):month3High-InMinus,ReversalHighMonth3,",3.0937022966004495,2,1,1
"PCTChangeGT5,_HTGT1.5_,,,vol-sell-DownVol-3dayUp-Week2High,##MAPositive_Uptrend(GT4.5),##MA-SMA200GT0SMA100GT0,",15.611814345991561,1,1,0
"PCDCGT0PCTChangeLT-3,_HTGT1.5_,,,##RisingMA(check-chart-sell)-MaySellCheckChart,",0.34782741380774457,1,1,0
"PCTChangeGT5,_HTGT1.5_,,,chisSelldowntrendReversalMayFail,",-1.835493827582674,3,0,3
"PCDCLT0PCTChangeGT5,_LTGT1.5_,,,##lastDayHigh(LT-5)Today(LT-1),",5.374341989583099,1,1,0
"PCTChangeGT1,_HTGT1.5_,,,##MANegative_Downtrend_(GT0),##MA-SMA200LT0SMA100LT0,",2.3800034942111683,2,2,0
"PCTChangeGT3,_HTGT1.5_,,,chisSellYear2LowLT-40-last4DayDown(triggerAfter-9:15),##buyTenDaysLessThanMinusTen,",-0.8854144900924646,2,1,1
"PCTChangeLT-1,_HTGT1.5__LTGT1.5__LTGTPCTDayChange_,,,volSellContinueLast2DayDown-VolUp,(GLOBALFUTDOWN-DOWNTRENDMARKET)checkSellConsolidationBreakDown-week2-lowNotReachedWeek3,week2BarLowChangeLT0,weekLowLTweek2Low,##(Check-chart-buy):month3High-InMinus,ReversalHighMonth3,",-1.6421710039747204,1,0,1
"PCTChangeGT5,_HTGT1.5__LTGT1.5_,,,##MAPositive_Uptrend(GT4.5),##MA-SMA200LT0SMA100LT0,",-1.9093005929013884,2,0,2
"PCTChangeLT-1,_LTGT3.0_,,,volSellContinueLast2DayDown-VolUp,chisDownTrend-Risky-nearHigh,##(Check-chart-buy):YearHigh-InMinus,ReversalHighYear,",-2.7769438098195187,1,0,1
"PCDCGT0PCTDayChangeLT0,PCDayChange-0.5to0.5,_LTGT3.0_,,,buyPatternsML,",3.0344785492995614,1,1,0
"PCTChangeGT1,_LTGT1.5_,,,chisSellDowningMA-(check5MinuteDownTrendAndSellDowntrend),%%HLTF:(GLOBAL-DOWN)sellHighLowerTail-Reversal-LastDayMarketUp,",0.2725190010730358,2,2,0
"PCTChangeGT3,,,,chisUpTrend-Risky-nearLow,chisCheckConsolidationBreakoutLT(4.5),##(check-chart)mayBuy-EMA6-LT-May-MT-EMA14,",-0.39913137850311287,1,0,1
"PCTChangeGT1,PCDayChange-0.5to0.5,_LTGT3.0_,,,chisSellDowningMA-(check5MinuteDownTrendAndSellDowntrend)-Already10DayDown,",-2.2511696479534793,2,0,2
"PCTChangeGT5,_LTGT1.5_,,,chis-breakoutup-2week,chisSell-2week-breakoutup,##last2DayHighGT3-M3HLT0,",2.7450576967951243,1,1,0
"PCTChangeLT-3,,,,volBuyReversalLast2DayDown-VolDown,(GLOBALFUTDOWN-DOWNTRENDMARKET)checkSellConsolidationBreakDown-week2-lowNotReachedWeek3,week2BarLowChangeLT0,##(check-chart)maySell-EMA6-MT-May-LT-EMA14,",-0.3629708780048746,1,0,1
"PCTChangeGT3,,,,chisUpTrend-Risky-nearLow,chisCheckConsolidationBreakoutLT(4.5),(GLOBALFUTUP-UPTRENDMARKET)checkBuyConsolidationBreakUp-week2-highNotReachedWeek3,week2BarHighChangeGT0,BuyYearLow,##ML:sellRisingMAuptrend-1,##UPTREND:buyYear2LowReversal(Confirm),",-0.09337068160597572,1,0,1
"PCDCGT0PCTChangeLT-3,year2Low,_HTGT3.0__LTGT3.0__HTGTPCTDayChange__LTGTPCTDayChange_,,,%%HLTF-Last2LowTail:(DOWNTREND)sellHighLowerTailPre-1,",6.453338221382824,1,1,0
"PCTChangeLT-5,_HTGT3.0__LTGT1.5__HTGTPCTDayChange__LTGTPCTDayChange_,,,##MANegative_Downtrend_(LT-1),##MA-SMA200GT0SMA100GT0,",-2.215051138272852,1,0,1
"PCTChangeGT1,_LTGT3.0_,,,volSellVolumeUpsergedLast2n3DayDown,",0.9209221428459652,1,1,0
"PCTChangeLT-2,,,,checkCupDown-3dayDown,vol-buy-DownVol-3dayDown-Week2Low,",5.440681649497733,1,1,0
"PCTChangeGT1,PCDayChange-0.5to0.5,_LTGT1.5_,,,%%HLTF:(GLOBAL-DOWN)sellHighLowerTail-Reversal-LastDayMarketUp,",1.1406230926513723,1,1,0
"PCTChangeLT-3,_HTGT1.5_,,,volumeUpsergedLast2n3n4DayUp,volSellContinueLast2DayDown-VolUp,chisSellDownTrend-nearHigh,##(Check-chart-buy):month3High-InMinus,ReversalHighMonth3,",-0.8749479406984734,1,0,1
"PCTChangeGT3,,,,chisUpTrend-Risky-nearLow,volSellReversalLast2DayUp-VolDown,(GLOBALFUTUP-UPTRENDMARKET)checkBuyConsolidationBreakUp-week2-highNotReachedWeek3,week2BarHighChangeGT2,brokenToday,",-0.0454960298007986,1,0,1
"PCTChangeLT-5,,,,maySellHighVolatileDownContinueLT-8,volSellContinueLast2DayDown-VolUp,",1.4615384615384635,1,1,0
"PCTChangeLT-2,PCDayChange-0.5to0.5,_HTGT3.0__LTGT3.0_,,,chisBuyYearHigh-1,",5.336765999976854,1,1,0
"PCTChangeLT-3,_LTGT3.0_,,,(GLOBALFUTDOWN-DOWNTRENDMARKET)checkSellConsolidationBreakDown-week2-lowNotReachedWeek3,week2BarLowChangeLT-2,",-5.413352253893798,3,0,3
"PCTChangeLT-2,_HTGT3.0__HTGTPCTDayChange_,,,%%HLTF-Last2HighTail:(DOWNTREND)sell(UPTREND)buy:HighUpperTailPre,chisSellDownTrend-nearHigh,",-4.121701222545693,1,0,1
"PCTChangeGT8,_HTGT3.0_,,,%%HLTF-Last2HighTail:(UPTREND)buy(DOWNTREND)sell:HighUpperTailPre-last2DayUp,VOL:buyBelowTail-SellAtClose:upVol3dayUpWeek2High-highUpperTail,",-1.3414750046564692,1,0,1
"PCTChangeGT2,_HTGT1.5__HTGTPCTDayChange_,,,%%HLTF:(DOWNTREND-OR-GLOBALDOWN)maySellTail-tailGT2-2,3,4thDayGT0,chisBuyUpTrend-nearLow,",0.3825889728314663,1,1,0
"PCDCLT0PCTChangeGT0,PCDayChange-0.5to0.5,_LTGT3.0_,,,%%HLTF:(SGXNIFTYUP)buyHighLowerTail-Continue,buyYearHigh-0,##MAPositive_Uptrend(LT0),##MA-SMA200GT0SMA100GT0,",1.3636403269581936,1,1,0
"PCTChangeGT12,_LTGT1.5_,,,##MAPositive_Uptrend(GT4.5),##MA-SMA200GT0SMA100GT0,",-1.0725845144667274,1,0,1
"PCTChangeGT3,,,,##(Check-chart-sell):month3Low-InPlus,ReversalLowMonth3,chisUpTrend-Risky-nearLow,volSellVolumeUpsergedLast2n3DayDown,chisCheckConsolidationBreakoutLT(4.5),checkBuyConsolidationBreakUp-2week,week2BarHighChangeGT0,brokenToday,chis-breakoutup-2week,chisSell-2week-breakoutup,##UPTREND:buyMonth6LowReversal(Confirm),",-1.538464146801555,1,0,1
"PCTChangeGT2,,,,(Test)sellHeavyUpTrend-Reversal-1,volSellVolumeUpsergedLast2n3DayDown,weekBarHighChangeGT2,",-4.127664848988075,1,0,1
"PCTChangeGT1,,,,(GLOBALFUTUP-UPTRENDMARKET)checkBuyConsolidationBreakUp-week2,weekBarHighChangeGT0,brokenToday,",-0.7888773330814624,2,0,1
"PCTChangeLT-2,,,,volumeUpsergedLast2n3n4DayUp,(GLOBALFUTDOWN-DOWNTRENDMARKET)checkSellConsolidationBreakDown-week2-lowNotReachedWeek3,week2BarLowChangeLT0,##DOWNTREND:sellYear2HighReversal(InDownTrend),##(Check-chart-buy):month3High-InMinus,ReversalHighMonth3,",-4.62159511303536,1,0,1
"PCTChangeGT2,_HTGT1.5__LTGT1.5__HTGTPCTDayChange_,,,##UPTREND:buyMonth6LowReversal(Confirm),",1.08882171718301,1,1,0
"PCTChangeGT0.5,PCDayChange-0.5to0.5,_HTGT1.5__LTGT3.0_,,,%%HLTF-Last2DayMarketUp:(GLOBAL-DOWN)sellHighLowerTail-Reversal-LastDayMarketUp,",0.8235258214613915,1,1,0
"PCTChangeGT3,year2High,_HTGT1.5_,,,vol-sell-DownVol-3dayUp-Week2High,",-2.4690943244006456,1,0,1
"PCTChangeGT5,_HTGT3.0__LTGT3.0__HTGTPCTDayChange_,,,%%HLTF-Last2HighTail:(UPTREND)buy(DOWNTREND)sell:HighUpperTailPre-last2DayUp,chisBuyFinalContinueReversal-2,##last2DayHighGT3-M3HLT0,",1.1901927939434422,1,1,0
"PCTChangeGT0,,,,%%:checkSell:lastDayLT(-4.5),",-1.3791360413544582,2,1,1
"PCTDayChangeLT0,_LTGT1.5_,,,%%HLTF:(GLOBAL-DOWN)sellHighLowerTail-Reversal-LastDayMarketUp,##RisingMA(check-chart-buy)-MayBuyCheckChart,##MAPositive_Uptrend(LT-1),##MA-SMA200LT0SMA100LT0,",-0.7222239176432291,1,0,1
"PCTChangeGT2,,,,volumeUpsergedLast2n3n4DayDown,volBuyContinueLast2DayUp-VolUp,chisCheckConsolidationBreakoutLT(4.5),weekBarHighChangeGT2,",0.49446202531645245,1,1,0
"PCTChangeLT-3,_HTGT1.5_,,,VOL:buy-UpVol-3dayDown-Week2Low,",1.5248183663009822,1,1,0
"PCTChangeLT-2,_LTGT1.5_,,,chisSellDownTrend-nearHigh,",-0.6736585627103763,14,6,8
"PCTChangeLT-5,_HTGT1.5__LTGT1.5_,,,volSellContinueLast2DayDown-VolUp,##MANegative_Downtrend_(LT-4.5),##MA-SMA200LT0SMA100LT0,",0.8403722340604212,2,1,1
"PCTChangeLT-2,,,,(GLOBALFUTDOWN-DOWNTRENDMARKET)checkSellConsolidationBreakDown-week2-lowNotReachedWeek3,week2BarLowChangeLT-2,chisDownTrend-Risky-nearHigh,##DOWNTREND:sellYear2HighReversal(InDownTrend),##(Check-chart-buy):month3High-InMinus,ReversalHighMonth3,",-0.7315987154614133,3,1,2
"PCTChangeGT0,PCDayChange-0.5to0.5,,,,chisSellFlag2Week-doji-Risky,chisBuyYearHigh-3,",0.6682814290832688,7,5,2
"PCTChangeGT5,year2High,_HTGT3.0__HTGTPCTDayChange_,,,%%HLTF-Last2HighTail:(UPTREND)buy(DOWNTREND)sell:HighUpperTailPre-last2DayUp,VOL:buyBelowTail-SellAtClose:upVol3dayUpWeek2High-highUpperTail,##last3DayHighGT3-M3HGT0,",-3.1530637157206645,1,0,1
"PCTChangeLT-1,year2High,_LTGT1.5_,,,volBuyReversalLast2DayDown-VolDown,",1.4044915603540225,4,1,3
"PCTChangeLT-0.5,_HTGT3.0_,,,%%HLTF:maySellTail-tailGT2-allDayGT0,##MAPositive_Uptrend(LT0),##MA-SMA200GT0SMA100GT0,",1.1778241975371695,1,1,0
"PCTChangeLT-2,,,,VOL:buy-UpVol-3dayDown-Week2Low,##MANegative_Downtrend_(LT-2),##MA-SMA200LT0SMA100LT0,##DOWNTREND:sellMonth6LowBreak,",1.206078083424184,1,1,0
"PCTChangeLT-3,PCDayChange-0.5to0.5,,,,%%:checkSell:Super01-monthLow,",-5.855593036023755,1,0,1
"PCTChangeGT1,_LTGT1.5_,,,%%HLTF:(SGXNIFTYUP)buyHighLowerTail-Continue,",-0.569559770366111,27,9,18
"PCTChangeLT-0.5,_LTGT3.0_,,,chisSellFlag2Week-Risky,",0.8975520528785688,1,1,0
"PCTChangeLT-5,_HTGT3.0__LTGT1.5__HTGTPCTDayChange_,,,##MANegative_Downtrend_(LT-2),##MA-SMA200LT0SMA100LT0,##DOWNTREND:sellMonth3LowBreak,",-7.266662597656243,1,0,1
"PCTChangeGT3,,,,chisBuyConsolidationBreakUp-2week-(Risky)-year2High,week2BarHighChangeGT2,",-0.3098040199277958,1,0,1
"PCTChangeLT-1,_HTGT1.5__HTGTPCTDayChange_,,,volBuyReversalLast2DayDown-VolDown,",-0.8509796740962,1,0,1
"PCDCGT0PCTChangeLT-1,_HTGT3.0_,,,%%HLTF-Last2HighTail:(UPTREND)buy(DOWNTREND)sell:HighUpperTailPre-last2DayUp,",10.807616082337201,2,2,0
"PCDCGT0PCTDayChangeLT0,_HTGT3.0__HTGTPCTDayChange__LTGTPCTDayChange_,,,%%:checkSell:Super2,",1.958767081454046,1,1,0
"PCTChangeLT-2,_HTGT1.5_,,,checkSellConsolidationBreakDown-2week,week2BarLowChangeLT0,brokenToday,",0.5461165048543689,1,1,0
"PCTChangeLT-0.5,_LTGT3.0_,,,volSellContinueLast2DayDown-VolUp,",-2.0283972149266587,2,1,1
"PCTChangeGT0,PCDayChange-0.5to0.5,,,,shortUpTrendSellReversal-MonthHigh,",-0.18418495396003795,20,6,14
"PCTDayChangeLT0,PCDayChange-0.5to0.5,_LTGT1.5_,,,%%HLTF:(GLOBAL-UP)buyHighLowerTail-LastDayMarketUp,",2.4675646265605113,4,2,2
"PCTChangeLT-2,,,,volSellContinueLast2DayDown-VolUp,weekBarLowChangeLT0,brokenToday,chisDownTrend-Risky-nearHigh,##DOWNTREND:sellMonth6HighReversal(InDownTrend),##(Check-chart-buy):month3High-InMinus,ReversalHighMonth3,",-3.4353922660202865,1,0,1
"PCTChangeGT3,_HTGT1.5_,,,chisUpTrend-Risky-nearLow,",0.2945842941691388,9,4,5
"PCTChangeLT-1,,,,%%:checkSell:Super01-monthLow,##(Test)(Check-chart):yearLow-InMinus,",0.36036173502605123,1,1,0
"PCTChangeGT8,,,,##MAPositive_Uptrend(GT4.5),##MA-SMA200LT0SMA100LT0,",-0.030443865071431608,21,9,12
"PCTChangeLT-3,,,,##MANegative_Downtrend_(LT-4.5),##MA-SMA200LT0SMA100LT0,##DOWNTREND:sellYearLowBreak,",0.7960924368838702,5,4,1
"PCTChangeGT3,year2Low,,,,checkBuyConsolidationBreakout-allPreLT0,",-0.7839448252894935,1,0,1
"PCTChangeGT3,_HTGT1.5_,,,chisSellDayHighVolLow-01-checkMorningTrend(.5SL),volSellReversalLast2DayUp-VolDown,chisBuyFinalContinueReversal-2,",-3.9312112939374653,1,0,1
"PCTChangeGT0.5,,,,%%:checkSell:FlagWeek-doji,chisSellDowningMA-(check5MinuteDownTrendAndSellDowntrend),",4.630070142359037,1,1,0
"PCTChangeLT-3,,,,volBuyReversalLast2DayDown-VolDown,(SMA4LT(-1.5)),##(Check-chart-buy):month3High-InMinus,BreakHighMonth3,",-0.7490752868191756,1,0,1
"PCTChangeLT-0.5,PCDayChange-0.5to0.5,_HTGT1.5_,,,%%HLTF-Last2HighTail:(DOWNTREND)sellHighUpperTailPre,%%HLTF-LastDayUp:(DOWNTREND-OR-GLOBALDOWN)MaySellHighTail-LastDayMarketUp,chisBuyYearHigh-3,",-1.040270504535442,1,0,1
"PCTChangeGT0,,,,chisFinalBreakOutBuyContinue-1-test-atYearLow,chisFinalBreakOutBuyContinue-0-test-atYearLow,",0.151598724487355,2,2,0
"PCTChangeGT1,PCDayChange-0.5to0.5,,,,(SMA9GT0),",2.4675928860463934,4,4,0
"PCTChangeLT-1,PCDayChange-0.5to0.5,_HTGT1.5_,,,%%:checkSell:CupDownDoji-last2lastDayLT0orTodayGT0,",-1.9158708815410985,1,0,1
"PCTChangeLT-2,_HTGT1.5__HTGTPCTDayChange_,,,weekBarLowChangeLT0,brokenToday,",-0.6056592991634229,4,1,3
"PCTChangeGT0.5,,,,##MA-SMA200GT0SMA100GT0,",0.46293816342944794,7,4,3
"PCTChangeGT3,_HTGT1.5__HTGTPCTDayChange_,,,%%HLTF-Last2HighTail:(UPTREND)buy(DOWNTREND)sell:HighUpperTailPre-last2DayUp,##lastDayHighGT5TodayGT1,",3.0756400983929932,1,1,0
"PCTChangeLT-3,,,,chisSell-smallUptrendReversal,chisSellFinalCandidate-(lastDayUp)-(highChange),",-2.7180315531194172,1,0,1
"PCTChangeGT2,year2High,,,,volBuyContinueLast2DayUp-VolUp,weekBarHighChangeGT2,",0.6646982225033504,2,1,1
"PCTChangeLT-3,_LTGT1.5_,,,volSellContinueLast2DayDown-VolUp,##last2DayLow(LT-3)-M3LGT0,",-3.1451251527834705,2,0,2
"PCTChangeLT-2,,,,##DOWNTREND:sellYear2HighReversal(InDownTrend),$$MayBuy-CheckChart(monthLow-minimumLast4DayDown),",-3.5828210518410035,1,0,1
"PCTChangeGT3,_HTGT1.5_,,,week2BarHighChangeGT0,##last2DayHighGT3-M3HLT0,",-4.858524804283119,1,0,1
"PCTChangeGT2,,,,volSellReversalLast2DayUp-VolDown,chisBuyFinalContinueReversal-2,",7.457339967070182,1,1,0
"PCTChangeLT-3,_HTGT3.0__LTGT3.0__LTGTPCTDayChange_,,,volBuyVolumeUpsergedLast2n3DayUp,##MANegative_Downtrend_(LT-2),##MA-SMA200GT0SMA100LT0,##DOWNTREND:sellMonth3LowBreak,##last2DayLow(LT-3)-M3LLT0,",1.3904738653273863,1,1,0
"PCTChangeLT-3,_HTGT1.5__HTGTPCTDayChange_,,,chisSell-smallUptrendReversal,",-1.1130136986301407,1,0,1
"PCTChangeGT2,,,,chisCheckConsolidationBreakoutLT(4.5),(GLOBALFUTUP-UPTRENDMARKET)checkBuyConsolidationBreakUp-week2-highNotReachedWeek3,week2BarHighChangeGT2,weekHighGTweek2High,chisBuy-2week-breakoutup(check-chart)(|-|-| or --|),",0.3556492017662974,1,1,0
"PCTChangeLT-2,,,,volSellContinueLast2DayDown-VolUp,(GLOBALFUTDOWN-DOWNTRENDMARKET)checkSellConsolidationBreakDown-week2-lowNotReachedWeek3,week2BarLowChangeLT0,weekLowLTweek2Low,chisDownTrend-Risky-nearHigh,",-2.367770612732433,1,0,1
"PCTChangeLT-1,_LTGT1.5_,,,checkCupDown-2dayDown,%%HLTF:(GLOBAL-UP)buyHighLowerTail-LastDayMarketUp,",2.3140311372429476,1,1,0
"PCTChangeGT1,PCDayChange-0.5to0.5,_LTGT3.0_,,,%%:checkSell:CupDownDoji,%%HLTF:(GLOBAL-DOWN)sellHighLowerTail-Reversal-LastDayMarketUp,",-2.782810525579383,1,0,1
"PCTChangeLT-0.5,_HTGT1.5_,,,%%:checkSell:Super0,",-2.8061224489795853,1,0,1
"PCTChangeGT2,,,,checkBuyConsolidationBreakout-allPreLT0,chisBuyConsolidationBreakUp-2week-(Risky)-year2High,week2BarHighChangeGT0,",-1.753345534161034,1,0,1
"PCTChangeLT-3,,,,volSellContinueLast2DayDown-VolUp,##MANegative_Downtrend_(LT-2),##MA-SMA200LT0SMA100LT0,",-1.0696948642220407,1,0,1
"PCTChangeGT3,_HTGT3.0_,,,##buyTenDaysLessThanMinusTen,",-2.9342724055714577,1,0,1
"PCTChangeGT1,_LTGT1.5_,,,##(Check-chart):year2High-InPlus,",0.5069952840082825,4,2,2
"PCTChangeLT-2,,,,chisSell-smallUptrendReversal,%%HLTF-Last2DayMarketDown:(GLOBAL-UP)buyHighUpperTailPre1-Reversal-LastDayMarketDown,",0.7657643911000789,1,1,0
"PCTChangeLT-1,,,,checkSellConsolidationBreakDown-2week,week2BarLowChangeLT0,chisDownTrend-Risky-nearHigh,##(Check-chart-buy):month6High-InMinus,ReversalHighMonth6,",-3.781952385546688,1,0,1
"PCTChangeLT-1,,,,volBuyVolumeUpsergedLast2n3DayUp,chisDownTrend-Risky-nearHigh,",-2.862238798778677,1,0,1
"PCTChangeLT-2,,,,vol-buy-DownVol-3dayDown-Week2Low,##MANegative_Downtrend_(LT-2),##MA-SMA200GT0SMA100LT0,##DOWNTREND:sellMonth3LowBreak,",-0.32516349562032,1,0,1
"PCTChangeLT-3,,,,(GLOBALFUTDOWN-DOWNTRENDMARKET)checkSellConsolidationBreakDown-week2-lowNotReachedWeek3,week2BarLowChangeLT0,##DOWNTREND:sellMonth3HighReversal(InDownTrend),##(Check-chart-buy):month3High-InMinus,ReversalHighMonth3,##(check-chart)maySell-EMA6-MT-May-LT-EMA14,",0.2992387251420454,1,1,0
"PCTChangeLT-1,,,,chisSellDownTrend-nearHigh,chisSellUpTrend-Risky-2,##(Check-chart-buy):month3High-InMinus,BreakHighMonth3,",-1.0229969514890649,1,0,1
"PCTChangeLT-2,_HTGT1.5_,,,(GLOBALFUTDOWN-DOWNTRENDMARKET)checkSellConsolidationBreakDown-week2-lowNotReachedWeek3,week2BarLowChangeLT-2,weekLowLTweek2Low,volBuyRevarsalVolCrossed,",-4.242424242424233,1,0,1
"PCTChangeGT2,_HTGT1.5_,,,%%:sellDowntrend-lastDayUp-ReversalHighTail,chisBuyFinalCandidate-3,",-3.92344351590534,1,0,1
"PCTChangeLT-0.5,PCDayChange-0.5to0.5,_LTGT1.5_,,,shortDownTrendBuyReversal-Month3Low-Doji-Last2DayLTToday,",0.5983443232540105,2,2,0
"PCTChangeGT3,_HTGT1.5_,,,%%HLTF-Last2HighTail:(UPTREND)buy(DOWNTREND)sell:HighUpperTailPre-last2DayUp,MaySellCheckChart-(IndexNotDownInSecondHalf),",-1.8430032317241087,1,0,1
"PCTChangeGT1,_LTGT1.5_,,,(Test)MayBuyCheckChart-monthLowReversal-risky,monthLowChangeLT-1,weekLowLTweek2,",-4.209247538092052,1,0,1
"PCTChangeLT-2,,,,weekBarLowChangeLT-2,brokenToday,##DOWNTREND:sellMonth6LowBreak,",-0.7072194044370731,1,0,1
"PCTChangeLT-12,_LTGT3.0_,,,volSellContinueLast2DayDown-VolUp,",-6.825092779583407,2,0,2
"PCTChangeLT-3,_HTGT3.0__HTGTPCTDayChange_,,,%%HLTF-Last2HighTail:(DOWNTREND)sellHighUpperTailPre,",-1.0941726689143192,1,0,1
"PCTDayChangeLT0,_HTGT1.5_,,,%%:checkBuyContinue:CupDownDoji-last2dayUp,",-0.1550242287274689,1,0,1
"PCTChangeGT3,_HTGT1.5_,,,volumeUpsergedLast2n3n4DayDown,(GLOBALFUTUP-UPTRENDMARKET)checkBuyConsolidationBreakUp-week2-highNotReachedWeek3,week2BarHighChangeGT2,##last2DayHighGT3-M3HLT0,",-0.7627118644067797,1,0,1
"PCTChangeLT-3,,,,chisSellFlagWeek-Risky,volumeUpsergedLast2n3n4DayUp,chisSellDownTrend-nearHigh,##(Check-chart-buy):month3High-InMinus,ReversalHighMonth3,",-1.85101855689194,1,0,1
"PCTChangeLT-3,_HTGT1.5__HTGTPCTDayChange_,,,##DOWNTREND:sellMonth3HighReversal(InDownTrend),volBuyRevarsalVolCrossed,##(Check-chart-buy):month3High-InMinus,ReversalHighMonth3,",5.087529058149573,1,1,0
"PCTChangeGT0.5,PCDayChange-0.5to0.5,,,,%%:sellDowntrend-lastDayUp-ReversalHighTail,",-0.7661844262524934,14,5,9
"PCTChangeLT-3,,,,volSellContinueLast2DayDown-VolUp,weekBarLowChangeLT-2,##DOWNTREND:sellYear2HighReversal(InDownTrend),##(Check-chart-buy):YearHigh-InMinus,ReversalHighYear,",-0.3216395547945151,1,0,1
"PCTChangeLT-1,,,,##MAPositive_Uptrend(LT0),##MA-SMA200LT0SMA100GT0,",-1.3145015982951735,2,1,1
"PCTChangeGT3,year2High,_HTGT1.5__LTGT1.5_,,,%%HLTF-Last2HighTail:(UPTREND)buy(DOWNTREND)sell:HighUpperTailPre-last2DayUp,volBuyContinueLast2DayUp-VolUp,",2.085796048050139,1,1,0
"PCTChangeGT3,,,,chisUpTrend-Risky-nearLow,chisCheckConsolidationBreakoutLT(4.5),BuyYearLow,##UPTREND:buyYear2LowReversal(Confirm),",-1.375568102095363,1,0,1
"PCTChangeLT-3,_HTGT1.5__LTGT1.5_,,,vol-buy-DownVol-3dayDown-Week2Low,",0.5188708035451114,1,1,0
"PCTChangeLT-2,_LTGT3.0_,,,volumeUpsergedLast2n3n4DayUp,volSellContinueLast2DayDown-VolUp,chisDownTrend-Risky-nearHigh,##DOWNTREND:sellYear2HighReversal(InDownTrend),##(Check-chart-buy):YearHigh-InMinus,ReversalHighYear,",-0.9872611464968204,1,0,1
"PCTChangeLT-3,,,,##DOWNTREND:sellYearLowBreak,##last3DayLow(LT-3)-M3LLT0,chisSellDayLowVolLow-03-checkMorningTrend(.5SL),",-2.1197773085763316,1,0,1
"PCTChangeLT-3,,,,checkSellConsolidationBreakDown-month3HighGTMonth3Low,",-0.41817561134036857,16,7,9
"PCTChangeLT-2,_LTGT1.5_,,,checkCupDown-month3HighLTmonth3Low,bar_low,VOL:buy-DownVol-3dayDown-Week2High,",2.728385519138423,1,1,0
"PCTChangeLT-0.5,PCDayChange-0.5to0.5,_HTGT1.5_,,,%%HLTF-LastDayUp:(DOWNTREND-OR-GLOBALDOWN)MaySellHighTail-LastDayMarketUp,shortDownTrendSellContinue-Doji-Last2DayLTToday,",-0.7597173144876423,1,0,1
"PCDCLT0PCTChangeGT1,_HTGT3.0__LTGT3.0_,,,##MANegative_Downtrend_(LT0),##MA-SMA200LT0SMA100LT0,",3.3294813368055585,1,1,0
"PCTChangeLT-3,_LTGT3.0_,,,volumeUpsergedLast2n3n4DayUp,buyMorningStar-HighLowerTail,",-3.6676255636259834,1,0,1
"PCTChangeLT-0.5,PCDayChange-0.5to0.5,_HTGT1.5__LTGT1.5_,,,%%HLTF-LastDayUp:(DOWNTREND-OR-GLOBALDOWN)MaySellHighTail-LastDayMarketUp,##MANegative_Downtrend_(LT0),##MA-SMA200LT0SMA100LT0,",-1.9000500571008327,1,0,1
"PCTChangeGT3,,,,checkBuyConsolidationBreakout-allPreLT0,##(Check-chart):year2High-InPlus,",0.09147116843722873,2,1,1
"PCTChangeLT-2,_LTGT3.0_,,,%%HLTF:(SGXNIFTYUP)buyHighLowerTail-Continue,chisSellFinalCandidate-1-(lastDayUp),##sellTenDaysMoreThanTen,",-5.480351653890013,1,0,1
"PCTChangeGT3,,,,(GLOBALFUTUP-UPTRENDMARKET)checkBuyConsolidationBreakUp-week2,weekBarHighChangeGT2,##MAPositive_Uptrend(GT2),##MA-SMA200GT0SMA100GT0,",-2.850815743010329,1,0,1
"PCTChangeGT3,,,,week2BarHighChangeGT0,brokenToday,##(Check-chart):year2High-InPlus,##(check-chart)sellEMA6>EMA14,",0.0820408576910083,1,1,0
"PCTChangeLT-1,PCDayChange-0.5to0.5,_HTGT3.0_,,,%%:checkSell:CupDownDoji-lastDayLT(-2)TodayDoji,%%HLTF-Last2HighTail:(DOWNTREND)sellHighUpperTailPre,",3.8709677419354898,1,1,0
"PCTChangeGT2,year2Low,,,,volBuyVolumeUpsergedLast2n3DayDown,##buyTenDaysLessThanMinusTen,",-0.17953321364452424,1,0,1
"PCTChangeLT-2,,,,##MANegative_Downtrend_(LT-2),##MA-SMA200GT0SMA100GT0,",-0.10291662434465265,2,1,1
"PCTChangeLT-1,_LTGT1.5_,,,volBuyReversalLast2DayDown-VolDown,weekBarLowChangeLT0,chisDownTrend-Risky-nearHigh,",-0.7637364252600212,1,0,1
"PCTChangeGT5,_HTGT1.5_,,,chisBuyUpTrend-nearLow,",-0.01730584259796908,8,5,3
"PCTChangeLT-0.5,_HTGT1.5__HTGTPCTDayChange_,,,%%HLTF-Last2HighTail:(DOWNTREND)sellHighUpperTailPre,chisSellDownTrend-nearHigh,",-1.3727996775870608,1,0,1
"PCTChangeGT1,,,,chisCheckConsolidationBreakout2WeekLT(4.5),weekBarHighChangeGT0,",0.1422963500494077,1,1,0
"PCTChangeGT2,,,,(GLOBALFUTUP-UPTRENDMARKET)checkBuyConsolidationBreakUp-week2-highNotReachedWeek3,week2BarHighChangeGT2,",0.5145059553327813,18,11,7
"PCTChangeLT-2,,,,weekBarLowChangeLT-2,brokenToday,##(Check-chart-buy):YearHigh-InMinus,ReversalHighYear,",-0.3018814544530674,5,1,4
"PCTChangeLT-2,,,,weekBarLowChangeLT0,brokenToday,##DOWNTREND:sellMonth6HighReversal(InDownTrend),##(Check-chart-buy):month6High-InMinus,ReversalHighMonth6,",-2.7016257859254784,1,0,1
"PCTChangeLT-5,year2Low,_HTGT3.0__LTGT3.0_,,,chisRSISellCandidate(yearLow)-lessThanMinus5,",3.661200518165133,1,1,0
"PCTChangeLT-1,,,,volBuyReversalLast2DayDown-VolUp,",-0.013033851466252586,13,6,7
"PCTChangeGT2,_LTGT1.5_,,,volSellReversalLast2DayUp-VolUp,buyYearHigh-0,",-3.6940075230895077,1,0,1
"PCTChangeGT3,,,,shortUpTrendSellReversal-MonthHigh,chisCheckConsolidationBreakoutLT(4.5),checkBuyConsolidationBreakUp-2week,week2BarHighChangeGT0,brokenToday,",-0.7701211685955343,1,0,1
"PCTChangeLT-3,,,,##MANegative_Downtrend_(LT-2),##MA-SMA200GT0SMA100LT0,##last3DayLow(LT-3)-M3LGT0,chisBuyDayLowVolLow-03-checkMorningTrend(.5SL)-after10:30,",-2.798825330154344,1,0,1
"PCTChangeGT3,year2Low,_HTGT1.5__LTGT3.0_,,,chisSellYear2LowLT-40-last4DayDown(triggerAfter-9:15),chisSellYear2LowContinue,",4.056159962579069,1,1,0
"PCTChangeGT5,,,,VOL:sell-UpVol-3dayUp-Week2High,",2.7939566048713416,5,3,2
"PCTChangeGT1,,,,weekBarHighChangeGT0,brokenToday,",-0.04097978100293152,110,48,62
"PCTChangeGT2,,,,buyHeavyUpTrend-Continue-(Risky),vol-sell-DownVol-3dayUp-Week2High,##MAPositive_Uptrend(GT2),##MA-SMA200LT0SMA100GT0,",-0.765764391100088,1,0,1
"PCDCLT0PCTChangeGT3,_HTGT1.5__LTGT3.0__HTGTPCTDayChange__LTGTPCTDayChange_,,,##RisingMA(check-chart-buy)-MayBuyCheckChart,",0.5718929244410081,1,1,0
"PCTChangeGT2,,,,volumeUpsergedLast2n3n4DayDown,chisCheckConsolidationBreakoutLT(4.5),(GLOBALFUTUP-UPTRENDMARKET)checkBuyConsolidationBreakUp-week2,weekBarHighChangeGT2,",0.02699784017278223,1,1,0
"PCTChangeGT1,_HTGT1.5__HTGTPCTDayChange_,,,%%HLTF:(DOWNTREND-OR-GLOBALDOWN)maySellTail-tailGT2-2,3,4thDayGT0,(Test)(check-chart-2-3MidCapCross)MaySellCheckChart-Risky,",-0.7914540465531671,14,6,8
"PCTChangeGT5,,,,VOL:sell-UpVol-3dayUp-Week2High,##MAPositive_Uptrend(GT2),##MA-SMA200GT0SMA100GT0,##last3DayHighGT3-M3HGT0,",-1.2278496464596629,1,0,1
"PCTChangeLT-0.5,_LTGT1.5_,,,##MANegative_Downtrend_(LT0),##MA-SMA200LT0SMA100LT0,",0.0,1,0,0
"PCTChangeLT-1,_HTGT3.0__HTGTPCTDayChange_,,,%%:checkSell:Super01-monthLow,",1.520681321663638,1,1,0
"PCTChangeGT2,,,,$$MaySell-CheckChart(monthHigh-minimumLast4DayUp),vol-sell-DownVol-3dayUp-Week2High,##MAPositive_Uptrend(GT2),##MA-SMA200LT0SMA100LT0,",3.039644888319118,1,1,0
"PCTChangeGT2,_HTGT1.5__LTGT1.5__HTGTPCTDayChange__LTGTPCTDayChange_,,,week2BarHighChangeGT0,buyYearHigh-0,",1.955058922928363,1,1,0
"PCDCGT0PCTDayChangeLT0,PCDayChange-0.5to0.5,,,,chisSellFlag2Week-doji-Risky,",-0.08378914139564494,26,13,13
"PCTChangeLT-2,,,,vol-buy-DownVol-3dayDown-Week2Low,##MANegative_Downtrend_(LT-2),##MA-SMA200LT0SMA100LT0,",0.3717086175388048,15,8,7
"PCTChangeGT1,_HTGT1.5_,,,##(Check-chart)ML:buyMonth3High-Continue,",0.8549809971929162,1,1,0
"PCTChangeLT-1,,,,chisDownTrend-Risky-nearHigh,zigZagVolCrossedFromUp,##(Check-chart-buy):month3High-InMinus,ReversalHighMonth3,",-1.1298851327382673,1,0,1
"PCTDayChangeLT0,year2High,_HTGT1.5__HTGTPCTDayChange_,,,%%HLTF:(UPTREND-MorningTrend-UP)mayBuyTail-highTailGT2-7,10thDayGT10-Last2DayStockDown,",0.0,1,0,0
"PCTChangeGT0,_HTGT1.5_,,,chisUpTrend-Risky-nearLow,chisSellEveningStar-2(Check2-3MidCapCross),",-0.01751499440708283,1,0,1
"PCDCLT0PCTChangeGT3,_HTGT3.0__LTGT3.0_,,,chisSellLastDayHighUpReversal,",5.777780038339127,1,1,0
"PCTChangeLT-3,year2High,_LTGT3.0_,,,%%HLTF:(GLOBAL-DOWN)sellHighLowerTail-Reversal-LastDayMarketUp,volSellContinueLast2DayDown-VolUp,",-4.105489314995758,2,0,2
"PCTChangeGT3,_LTGT3.0_,,,chisUpTrend-Risky-nearLow,##lastDayHighGT5TodayGT1,",-3.5358315406488856,1,0,1
"PCTChangeGT3,_HTGT1.5__HTGTPCTDayChange_,,,%%HLTF-Last2HighTail:(UPTREND)buy(DOWNTREND)sell:HighUpperTailPre-last2DayUp,%%HLTF:(DOWNTREND-OR-GLOBALDOWN)maySellTail-tailGT2-2,3,4thDayGT0,%%:checkSellRevarsalLast3DayUpAtMonth3Low,##(Check-chart-sell):month3Low-InPlus,ReversalLowMonth3,",4.421328294427561,1,1,0
"PCTChangeLT-2,_LTGT3.0_,,,##DOWNTREND:sellYear2HighReversal(InDownTrend),$$MayBuy-CheckChart-baseLine(inuptrend-monthlow)-PCTDayChangeLT0,##(Check-chart-buy):month3High-InMinus,ReversalHighMonth3,",3.2608695652173996,1,1,0
"PCTChangeLT-0.5,year2High,_HTGT1.5__HTGTPCTDayChange_,,,%%HLTF-Last2HighTail:(DOWNTREND)sell(UPTREND)buy:HighUpperTailPre,",-2.017166072206952,1,0,1
"PCTChangeLT-2,year2Low,_LTGT3.0_,,,buyMorningStar-HighLowerTail,%%:buyDownTrend-month3Low,",2.91831099375684,1,1,0
"PCTChangeGT1,,,,%%:checkSell:Super2,chisBuyFinalCandidate-2,",0.30857672487215076,1,1,0
"PCTChangeGT1,,,,chisUpTrend-Risky-nearLow,##(Test)buyBottomReversal-1,##UPTREND:buyYear2LowReversal(Confirm),",0.4581165208282652,1,1,0
"PCTChangeGT2,_HTGT1.5__LTGT1.5__HTGTPCTDayChange__LTGTPCTDayChange_,,,%%HLTF-Last2LowTail:(DOWNTREND)sellHighLowerTailPre-1,##MANegative_Downtrend_(GT1),##MA-SMA200LT0SMA100LT0,",2.3805867886957475,1,1,0
"PCTChangeGT1,_LTGT1.5_,,,volBuyContinueLast2DayUp-VolUp,(GLOBALFUTUP-UPTRENDMARKET)checkBuyConsolidationBreakUp-week2-highNotReachedWeek3,week2BarHighChangeGT0,",-1.0426597949085048,1,0,1
"PCTChangeGT2,_LTGT1.5_,,,chisBuyFinalCandidate-3,",-0.38734078009552925,1,0,1
"PCTChangeGT5,,,,volumeUpsergedLast2n3n4DayDown,chisCheckConsolidationBreakout2WeekGT(4.5),week2BarHighChangeGT0,brokenToday,",-2.9262086513994876,1,0,1
"PCTDayChangeLT0,_LTGT3.0_,,,%%HLTF:(GLOBAL-DOWN)sellHighLowerTail-Reversal-LastDayMarketUp,",0.6693912263446602,16,8,8
"PCTChangeLT-2,_LTGT1.5_,,,%%HLTF:(GLOBAL-DOWN)sellHighLowerTail-Reversal-LastDayMarketUp,##MAPositive_Uptrend(LT-1),##MA-SMA200GT0SMA100GT0,",2.581965783719994,1,1,0
"PCTChangeLT-2,_HTGT1.5_,,,##MANegative_Downtrend_(LT-2),##MA-SMA200LT0SMA100LT0,",-1.481655516788937,14,4,10
"PCTChangeGT3,,,,volSellRevarsalVolCrossed,",-0.8933437537553562,5,1,4
"PCTChangeGT2,,,,volumeUpsergedLast2n3n4DayDown,volBuyContinueLast2DayUp-VolUp,##(Check-chart)sellMonth3High-Continue,",1.3751198668772562,1,1,0
"PCTChangeGT3,,,,volumeUpsergedLast2n3n4DayDown,volBuyContinueLast2DayUp-VolUp,chisBuy-2week-breakoutup(check-chart)(|-|-| or --|),",5.226084833559783,1,1,0
"PCDCGT0PCTDayChangeLT0,PCDayChange-0.5to0.5,_HTGT1.5__LTGT3.0_,,,%%HLTF-Last2LowTail:(DOWNTREND)sellHighLowerTailPre-1,(SMA9LT0),",-3.383458646616546,1,0,1
"PCTChangeGT8,year2High,,,,volumeUpsergedLast2n3n4DayDown,volBuyContinueLast2DayUp-VolUp,",0.22756505975648988,2,1,1
"PCTChangeLT-0.5,PCDayChange-0.5to0.5,_HTGT3.0_,,,%%HLTF:(UPTREND-GLOBAL/SGX-UP)BuyHighUpperTail-Reversal-7,10thDayGT15-LastDayMarketDown,",5.015941867417998,1,1,0
"PCTChangeLT-3,,,,volBuyVolumeUpsergedLast2n3DayUp,(SMA9LT0),",-5.90608938198089,1,0,1
"PCTChangeLT-2,,,,volSellContinueLast2DayDown-VolUp,chisDownTrend-Risky-nearHigh,##DOWNTREND:sellMonth3High(InDownTrend),##(Check-chart-buy):month3High-InMinus,NearHighMonth3,",4.056091589537948,1,1,0
"PCTChangeGT5,_LTGT3.0_,,,%%HLTF-Risky:(GLOBAL-DOWN)sellHighLowerTail-Reversal-LastDayMarketUp,##MAPositive_Uptrend(GT4.5),##MA-SMA200GT0SMA100GT0,",-2.298159071777394,1,0,1
"PCTChangeGT8,_HTGT3.0__LTGT1.5_,,,chisUpTrend-Risky-nearLow,",1.3028024012970798,2,1,1
"PCTChangeGT1,,,,volSellReversalLast2DayUp-VolDown,chisCheckConsolidationBreakoutLT(4.5),(GLOBALFUTUP-UPTRENDMARKET)checkBuyConsolidationBreakUp-week2-highNotReachedWeek3,week2BarHighChangeGT0,brokenToday,",0.07792756847596978,1,1,0
"PCTChangeLT-3,_LTGT3.0_,,,volBuyVolumeUpsergedLast2n3DayUp,##(check-chart)buyEMA6<EMA14,",-5.310674389497486,1,0,1
"PCTChangeGT2,_HTGT1.5_,,,$$MaySell-CheckChart-baseLine(inDownTrend-monthHigh)-PCTDayChangeGT0,checkBuyConsolidationBreakUp-2week,week2BarHighChangeGT0,brokenToday,",-1.3373133770088879,1,0,1
"PCDCLT0PCTChangeGT0,,,,buyPatternsML,",2.293807755949573,2,2,0
"PCTChangeLT-2,,,,checkCupDown-3dayDown-mayReversalBuy,volBuyRevarsalVolCrossed,",2.1037987175724195,1,1,0
"PCTChangeGT3,year2High,_HTGT1.5__LTGT1.5__HTGTPCTDayChange_,,,%%HLTF-Last2HighTail:(UPTREND)buy(DOWNTREND)sell:HighUpperTailPre-last2DayUp,##lastDayHighGT5TodayGT1,",-2.3725834797891046,1,0,1
"PCTChangeLT-2,_HTGT1.5_,,,volumeUpsergedLast2n3n4DayUp,volBuyReversalLast2DayDown-VolUp,chisDownTrend-Risky-nearHigh,##DOWNTREND:sellYear2HighReversal(InDownTrend),##(Check-chart-buy):YearHigh-InMinus,ReversalHighYear,##(check-chart)maySell-EMA6-MT-May-LT-EMA14,",3.5084955523010235,1,1,0
"PCTChangeGT2,,,,brokenToday,",0.19411796128484948,6,2,4
"PCTChangeGT3,,,,volBuyContinueLast2DayUp-VolUp,chisBuyConsolidationBreakUp-2week-(Risky)-year2High,week2BarHighChangeGT2,brokenToday,",-0.6320439974476674,1,0,1
"PCTChangeLT-3,,,,volBuyVolumeUpsergedLast2n3DayUp,volSellContinueLast2DayDown-VolUp,chisDownTrend-Risky-nearHigh,##(Check-chart-buy):YearHigh-InMinus,NearHighYear,",0.4529044858870839,1,1,0
"PCTChangeLT-8,,,,##MANegative_Downtrend_(LT-4.5),##MA-SMA200GT0SMA100GT0,",0.5942605412186804,1,1,0
"PCDCGT0PCTDayChangeLT0,_HTGT3.0__LTGT3.0_,,,%%HLTF-Last2LowTail:(DOWNTREND)sellHighLowerTailPre-1,##MANegative_Downtrend_(GT0),##MA-SMA200LT0SMA100LT0,",-1.6437192832992529,1,0,1
"PCTDayChangeLT0,PCDayChange-0.5to0.5,,,,##(Test)(check-chart)-buySMAUpTrend,",-0.18233213890976033,11,4,7
"PCTChangeLT-5,_HTGT3.0__HTGTPCTDayChange_,,,chisDownTrend-Risky-nearHigh,##last2DayLow(LT-3)-M3LGT0,",-1.8932154851607836,1,0,1
"PCTChangeLT-1,,,,chisSell:Super03-monthLow,chisSell-smallUptrendReversal,",-1.150261717896219,4,0,4
"PCTChangeLT-1,_HTGT1.5_,,,chisSellUpTrend-highTail,",1.2926414109614697,2,2,0
"PCTChangeLT-3,_LTGT3.0_,,,##MANegative_Downtrend_(LT-2),##MA-SMA200LT0SMA100LT0,##last3DayLow(LT-3)-M3LGT0,",-4.627116575079439,1,0,1
"PCTChangeLT-0.5,PCDayChange-0.5to0.5,,,,%%:checkSell:CupDownDoji-last2lastDayLT0orTodayGT0,shortDownTrendSellContinue-Doji-Last2DayLTToday,",-0.5514041508469539,1,0,1
"PCTChangeLT-2,_HTGT1.5__HTGTPCTDayChange_,,,%%:checkSell:Super01-monthLow,##ML:buyRisingMA-down-Risky,",0.7051321176382156,1,1,0
"PCTChangeGT5,,,,(GLOBALFUTUP-UPTRENDMARKET)checkBuyConsolidationBreakUp-week2-highNotReachedWeek3,week2BarHighChangeGT2,weekHighGTweek2High,brokenToday,",2.193746763246895,8,7,1
"PCTChangeLT-2,,,,checkSellConsolidationBreakDown-2week,week2BarLowChangeLT0,##DOWNTREND:sellYear2HighReversal(InDownTrend),",-2.003270645952591,1,0,1
"PCTChangeLT-5,_LTGT1.5_,,,volBuyReversalLast2DayDown-VolDown,chisSellDayLowVolLow-01,",4.585311108304466,2,2,0
"PCTChangeLT-3,,,,%%:checkSell:Flag2Week,VOL:buy-DownVol-3dayDown-Week2High,",-2.562503814697254,1,0,1
"PCDCGT0PCTChangeLT-1,_LTGT1.5_,,,%%HLTF:(GLOBAL-DOWN)sellHighLowerTail-Reversal-LastDayMarketUp,##RisingMA(Test)(check-chart-buy)-1DayUp,",-0.047156462979756515,1,0,1
"PCDCLT0PCTChangeGT8,_LTGT3.0_,,,chisBuyYear2Low,",-8.914727485055153,1,0,1
"PCTChangeLT-0.5,_LTGT3.0_,,,shortDownTrendSellContinue-Doji-Last2DayLTToday,",0.033608062720254885,3,2,1
"PCTDayChangeLT0,,,,##MA-SMA200LT0SMA100GT0,",0.9636131513061342,1,1,0
"PCTChangeGT2,_HTGT1.5__LTGT1.5__HTGTPCTDayChange__LTGTPCTDayChange_,,,##buyTenDaysLessThanMinusTen,",-0.038025134416576144,1,0,1
"PCTChangeGT3,_HTGT1.5_,,,VOL:buy-DownVol-3dayUp-Week2Low,",-1.5060780927666881,2,0,2
"PCTDayChangeLT0,_LTGT3.0_,,,%%HLTF:(SGXNIFTYUP)buyHighLowerTail-Continue,##RisingMA(check-chart-buy)-MayBuyCheckChart,",2.8768152705384513,1,1,0
"PCTChangeLT-2,,,,%%:checkSell:Super01-monthLow,##ML:sellRisingMA-down-(Risky),",-2.1536522261596813,1,0,1
"PCTChangeGT5,year2Low,,,,chisSellDayHighVolLow-01-checkMorningTrend(.5SL),volSellReversalLast2DayUp-VolDown,",0.7373300016200888,1,1,0
"PCTChangeLT-0.5,PCDayChange-0.5to0.5,_HTGT1.5_,,,##buyYear2LowMovingSMA,",0.07323867618688618,2,1,1
"PCTChangeLT-0.5,PCDayChange-0.5to0.5,_HTGT1.5_,,,%%HLTF-Last2HighTail:(DOWNTREND)sell(UPTREND)buy:HighUpperTailPre,",-0.0329854236231526,4,2,2
"PCTChangeGT3,,,,chisBuyUpTrend-nearLow,volumeUpsergedLast2n3n4DayDown,volBuyContinueLast2DayUp-VolUp,chis-breakoutup-2week,",-1.2557060425589506,1,0,1
"PCTChangeGT5,_HTGT3.0_,,,volumeUpsergedLast2n3n4DayDown,",2.201509996903788,4,3,1
"PCTChangeGT3,_HTGT1.5_,,,volSellVolumeUpsergedLast2n3DayDown,volBuyContinueLast2DayUp-VolUp,weekBarHighChangeGT2,",-0.1117956523913305,2,1,1
"PCTChangeGT2,,,,chisCheckConsolidationBreakoutLT(4.5),checkBuyConsolidationBreakUp-2week,week2BarHighChangeGT0,brokenToday,",-0.3709582669162874,3,1,2
"PCTChangeGT3,_HTGT1.5_,,,$$MaySell-CheckChart(monthHigh-minimumLast4DayUp),##lastDayHighGT5TodayGT1,",-0.7650650007894364,1,0,1
"PCTChangeGT0,PCDayChange-0.5to0.5,_HTGT1.5__LTGT3.0_,,,%%HLTF:(GLOBAL-DOWN)sellHighLowerTail-Reversal-LastDayMarketUp,",-1.3214917727162436,1,0,1
"PCTChangeLT-0.5,PCDayChange-0.5to0.5,_HTGT3.0_,,,shortDownTrendSellContinue-Doji-Last2DayLTToday,",3.5272242358364405,1,1,0
"PCTChangeLT-0.5,PCDayChange-0.5to0.5,_HTGT3.0_,,,%%HLTF:maySellTail-tailGT2-allDayGT0,",1.1447057868182982,1,1,0
"PCTChangeGT3,_HTGT1.5__HTGTPCTDayChange_,,,chisUpTrend-Risky-nearLow,",-3.660571090574188,2,0,2
"PCTChangeLT-3,,,,(GLOBALFUTDOWN-DOWNTRENDMARKET)checkSellConsolidationBreakDown-week2-lowNotReachedWeek3,week2BarLowChangeLT0,weekLowLTweek2Low,chisDownTrend-Risky-nearHigh,##DOWNTREND:sellMonth3HighReversal(InDownTrend),##last2DayLow(LT-3)-M3LGT0,##(Check-chart-buy):month3High-InMinus,ReversalHighMonth3,",-0.9935344948596057,1,0,1
"PCTChangeLT-2,,,,checkCupDown-near2WeekDown-mayReveresalBuy,(GLOBALFUTDOWN-DOWNTRENDMARKET)checkSellConsolidationBreakDown-week2-lowNotReachedWeek3,week2BarLowChangeLT0,chisDownTrend-Risky-nearHigh,##(Check-chart-buy):month3High-InMinus,ReversalHighMonth3,",2.4215404143301473,2,1,1
"PCTChangeGT5,year2High,,,,vol-sell-DownVol-3dayUp-Week2High,",-2.4784851758262536,3,0,3
"PCTChangeLT-3,year2High,_HTGT1.5_,,,volBuyReversalLast2DayDown-VolDown,##last2DayLow(LT-3)-M3LGT0,",-3.797391947348812,1,0,1
"PCTChangeLT-2,PCDayChange-0.5to0.5,,,,chisBuyYearHigh-3,",-1.304639811961099,1,0,1
"PCDCGT0PCTChangeLT-1,year2Low,_HTGT1.5__LTGT1.5__HTGTPCTDayChange__LTGTPCTDayChange_,,,%%HLTF-Last2LowTail:(DOWNTREND)sellHighLowerTailPre-1,",7.993694914489244,1,1,0
"PCTChangeGT3,_HTGT1.5_,,,chisSellFinalContinue-(lastDayUp)-(volLow),chisBuyFinalContinueReversal-1,",-0.16234892554600142,1,0,1
"PCTChangeLT-0.5,,,,(GLOBALFUTDOWN-DOWNTRENDMARKET)checkSellConsolidationBreakDown-week2-lowNotReachedWeek3,week2BarLowChangeLT0,weekLowLTweek2Low,chisDownTrend-Risky-nearHigh,",0.06928207485414134,11,4,6
"PCTChangeLT-2,,,,chisSellConsolidationBreakDown-forecastDayPCT7LT0,",-0.914397718666692,6,1,5
"PCTChangeLT-12,,,,maySellHighVolatileDownContinueLT-8,sellPatternsML,##(check-chart)buyEMA6<EMA14-Risky,##MANegative_Downtrend_(LT-4.5),##MA-SMA200LT0SMA100LT0,",-5.91900455380128,1,0,1
"PCTChangeGT3,,,,shortUpTrendSellReversal-MonthHigh,",1.6293368519564666,4,4,0
"PCTChangeGT0.5,_HTGT1.5_,,,chisSellEveningStar-2(Check2-3MidCapCross),chisBuyYearHigh-3,",-0.24540126933153572,1,0,1
"PCTChangeGT3,_HTGT1.5_,,,volumeUpsergedLast2n3n4DayDown,VOL:buy(GLOBALFUTDOWN-GLOBALMARKETDOWN)Sell-UpVol-3dayUp-Week2Low,",0.20049918332435548,2,2,0
"PCTChangeLT-2,,,,vol-buy-DownVol-3dayDown-Week2Low,weekBarLowChangeLT-2,##MANegative_Downtrend_(LT-2),##MA-SMA200LT0SMA100LT0,",-2.848879231130857,2,0,2
"PCTChangeLT-2,,,,volBuyVolumeUpsergedLast2n3DayUp,week2BarLowChangeLT0,weekLowLTweek2Low,",-4.89924740731266,1,0,1
"PCTChangeLT-2,_LTGT1.5_,,,volBuyVolumeUpsergedLast2n3DayUp,weekBarLowChangeLT-2,",-1.6442298889160207,1,0,1
"PCTChangeGT2,year2Low,,,,chisBuyDownTrend-Risky-1,",0.7843167174096317,1,1,0
"PCTChangeLT-2,,,,##(Check-chart-buy):YearHigh-InMinus,ReversalHighYear,",-0.032953056171336634,74,39,35
"PCTChangeLT-1,_HTGT1.5__HTGTPCTDayChange_,,,##MAPositive_Uptrend(LT-1),##MA-SMA200LT0SMA100GT0,",-9.384831986543277,1,0,1
"PCTChangeGT1,PCDayChange-0.5to0.5,,,,##MAPositive_Uptrend(GT0),##MA-SMA200LT0SMA100LT0,",-2.4735037666632373,1,0,1
"PCTChangeLT-3,,,,volBuyReversalLast2DayDown-VolDown,weekBarLowChangeLT-2,##DOWNTREND:sellYearLowBreak,",-1.2824532068370191,1,0,1
"PCTChangeLT-3,_HTGT3.0__LTGT1.5__HTGTPCTDayChange_,,,##(Check-chart-buy):month3High-InMinus,ReversalHighMonth3,",-2.048457102732187,1,0,1
"PCDCGT0PCTChangeLT-1,_HTGT3.0__HTGTPCTDayChange__LTGTPCTDayChange_,,,%%HLTF-Last2HighTail:(UPTREND)buy(DOWNTREND)sell:HighUpperTailPre-last2DayUp,",1.1428598257211442,1,1,0
"PCTChangeGT5,_HTGT1.5_,,,chisSellYear2LowLT-40-last3DayDown(triggerAfter-9:15),##UPTREND:buyYear2LowReversal(Confirm),",-3.5353520846426982,1,0,1
"PCTChangeGT0,PCDayChange-0.5to0.5,,,,##MAPositive_Uptrend(GT0),##MA-SMA200LT0SMA100GT0,",5.631472595585612,1,1,0
"PCTDayChangeLT0,_LTGT3.0_,,,%%HLTF-Last2DayMarketUp:(GLOBAL-DOWN)sellHighLowerTail-Reversal-LastDayMarketUp,",-1.1080993685398,3,1,2
"PCTChangeGT5,,,,checkCupDown-lastDayUp,",0.5609199981399049,1,1,0
"PCTChangeGT0.5,PCDayChange-0.5to0.5,_LTGT1.5_,,,%%HLTF:(SGXNIFTYUP)buyHighLowerTail-Continue,",-0.049991346987506055,7,2,4
"PCTChangeGT3,,,,vol-sell-DownVol-3dayUp-Week2High,(GLOBALFUTUP-UPTRENDMARKET)checkBuyConsolidationBreakUp-week2-highNotReachedWeek3,week2BarHighChangeGT2,weekHighGTweek2High,##(check-chart)mayBuy-EMA6-LT-May-MT-EMA14,",-1.3825325855269062,1,0,1
"PCDCLT0PCTChangeGT8,,,,chisSellLastDayHighUpReversal,##MA-SMA200GT0SMA100GT0,",0.2639161084384055,1,1,0
"PCTChangeLT-0.5,_HTGT1.5__LTGT1.5__LTGTPCTDayChange_,,,##MANegative_Downtrend_(LT-1),##MA-SMA200LT0SMA100LT0,",1.956323615168267,1,1,0
"PCTChangeLT-2,_LTGT1.5_,,,chisSellFlagWeek-Risky,",-1.0126582278480933,1,0,1
"PCTChangeLT-5,_LTGT1.5_,,,volSellContinueLast2DayDown-VolUp,##DOWNTREND:sellMonth6HighReversal(InDownTrend),",0.896473745791919,1,1,0
"PCTChangeGT2,_LTGT1.5_,,,weekBarHighChangeGT2,",0.46519189217924534,14,7,7
"PCTChangeLT-1,PCDayChange-0.5to0.5,,,,(SMA9LT0),",-2.343089803197898,4,1,3
"PCTChangeGT3,_HTGT1.5_,,,zigZagVolCrossedFromDown,##(Check-chart-sell):month3Low-InPlus,ReversalLowMonth3,##UPTREND:buyYear2LowReversal(Confirm),",1.5079002365115672,1,1,0
"PCDCLT0PCTChangeGT1,_HTGT3.0__HTGTPCTDayChange__LTGTPCTDayChange_,,,%%HLTF-Risky9:30:maySellTail-tailGT2-7,10thDayGT15,",4.0755764266824,1,1,0
"PCTChangeGT5,,,,checkBuyConsolidationBreakUp-2week,week2BarHighChangeGT0,brokenToday,",0.9661505764770858,2,2,0
"PCTChangeLT-5,,,,##(Test)(Check-chart):year2Low-InMinus,",-4.112167474933473,2,0,2
"PCTChangeLT-2,year2High,_HTGT3.0_,,,%%HLTF:(UPTREND-MorningTrend-UP)mayBuyTail-highTailGT2-7,10thDayGT10-Last2DayStockDown,volBuyReversalLast2DayDown-VolDown,chisSellUpTrend-highTail,",0.2931576210046839,1,1,0
"PCTChangeGT1,,,,##MANegative_Downtrend_(GT1),##MA-SMA200GT0SMA100LT0,",1.2631780125754142,1,1,0
"PCTChangeLT-2,year2Low,,,,##ML:buyRisingMA-down-Risky,",3.0652209295742643,1,1,0
"PCTChangeLT-5,,,,##last2DayLow(LT-3)-M3LLT0,",-1.1251228360935785,10,5,5
"PCTChangeLT-8,_HTGT3.0__LTGT1.5_,,,vol-buy-DownVol-3dayDown-Week2Low,##MANegative_Downtrend_(LT-4.5),##MA-SMA200LT0SMA100LT0,chisBuyDayLowVolLow-01,",7.3369565217391175,1,1,0
"PCTChangeLT-3,,,,##ML:BuyRisingMA-Risky-0,",1.786178862453651,7,5,2
"PCTChangeGT1,,,,buyFinal1,",-0.16936091403587228,2,1,1
"PCTChangeLT-2,,,,volSellContinueLast2DayDown-VolUp,weekBarLowChangeLT-2,chisDownTrend-Risky-nearHigh,##DOWNTREND:sellYear2HighReversal(InDownTrend),##(Check-chart-buy):YearHigh-InMinus,ReversalHighYear,",1.1879576542930623,1,1,0
"PCTChangeLT-2,,,,checkCupDown-mayReversalBuy,",-1.695628726316238,4,2,2
"PCTChangeGT0,_LTGT3.0_,,,chisSellDowningMA-(check5MinuteDownTrendAndSellDowntrend),%%HLTF:(GLOBAL-DOWN)sellHighLowerTail-Reversal-LastDayMarketUp,",-2.143241961000899,2,0,2
"PCTChangeGT1,PCDayChange-0.5to0.5,year2High,_HTGT1.5__LTGT3.0_,,,%%HLTF:(SGXNIFTYUP)buyHighLowerTail-Continue,",-1.0831212385629692,2,1,1
"PCTChangeLT-2,_HTGT1.5__HTGTPCTDayChange_,,,%%:checkSell:Super01-monthLow,",-0.8424801994036569,7,4,3
"PCTChangeGT0.5,PCDayChange-0.5to0.5,_HTGT1.5_,,,%%:checkBuyContinue:CupDownDoji-last2dayUp,",-2.9957320476542972,1,0,1
"PCTChangeLT-1,year2High,,,,chisSellUpTrend-Risky-2,",-0.4342901278212127,10,3,7
"PCTChangeGT5,year2High,_HTGT1.5_,,,volumeUpsergedLast2n3n4DayDown,volBuyContinueLast2DayUp-VolUp,##last2DayHighGT3-M3HGT0,",0.42285529934631205,1,1,0
"PCTChangeGT2,,,,chisUpTrend-Risky-nearLow,volSellReversalLast2DayUp-VolDown,",-0.6009615384615377,1,0,1
"PCTChangeGT5,,,,chisSellDayHighVolLow-01-checkMorningTrend(.5SL),volSellReversalLast2DayUp-VolDown,##UPTREND:buyMonth6LowReversal(Confirm),",9.52718020718663,1,1,0
"PCTChangeLT-2,_LTGT1.5_,,,volumeUpsergedLast2n3n4DayUp,",-1.259283911135781,4,1,3
"PCTChangeLT-3,_HTGT3.0_,,,##MANegative_Downtrend_(LT-2),##MA-SMA200GT0SMA100LT0,",-2.164560748757949,2,0,2
"PCTChangeGT1,_HTGT1.5__LTGT1.5_,,,shortUpTrendSellReversal-MonthHigh,",-0.2840333799695801,1,0,1
"PCTChangeGT2,year2High,_LTGT1.5_,,,volumeUpsergedLast2n3n4DayDown,volSellReversalLast2DayUp-VolUp,weekBarHighChangeGT2,",0.26206555982904056,1,1,0
"PCTChangeLT-12,_LTGT3.0_,,,##MANegative_Downtrend_(LT-4.5),##MA-SMA200LT0SMA100LT0,chisBuyDayLowVolLow-01,",4.796229954459362,1,1,0
"PCTChangeLT-3,_HTGT3.0__HTGTPCTDayChange_,,,(GLOBALFUTDOWN-DOWNTRENDMARKET)checkSellConsolidationBreakDown-week2-lowNotReachedWeek3,week2BarLowChangeLT0,weekLowLTweek2Low,",0.03992833353714446,1,1,0
"PCTChangeLT-2,,,,##(Check-chart-buy):month3High-InMinus,NearHighMonth3,",-0.4076465077081308,101,38,63
"PCTChangeLT-2,,,,checkCupDown-inDownTrend-month3HighLTmonth3Low,bar_low,##sellTenDaysMoreThanTen,##DOWNTREND:sellYearHigh(InDownTrend),",-1.2537220351174452,1,0,1
"PCTChangeLT-1,year2High,_HTGT1.5__HTGTPCTDayChange__LTGTPCTDayChange_,,,%%HLTF-Last2HighTail:(DOWNTREND)sellHighUpperTailPre,",-0.24914822575944773,1,0,1
"PCTChangeGT5,_HTGT1.5__LTGT3.0__LTGTPCTDayChange_,,,VOL:buy(GLOBALFUTDOWN-GLOBALMARKETDOWN)Sell-UpVol-3dayUp-Week2Low,",-4.190260475651192,1,0,1
"PCTChangeGT1,,,,week2BarHighChangeGT0,brokenToday,chisFinalBreakOutBuyContinue-1-test-atYearLow,chisFinalBreakOutBuyContinue-0-test-atYearLow,",0.851822503961974,1,1,0
"PCTChangeLT-2,,,,volSellVolumeUpsergedLast2n3DayUp,chisSellFinalCandidate-4,##sellTenDaysMoreThanTen,",0.3418816460503443,1,1,0
"PCDCGT0PCTChangeLT-1,_HTGT3.0_,,,chisBuyYearHigh-3,",-1.4008354635799567,2,0,2
"PCTChangeLT-3,,,,weekBarLowChangeLT0,brokenToday,chisDownTrend-Risky-nearHigh,##(Check-chart-buy):YearHigh-InMinus,ReversalHighYear,",-0.5640605387872846,8,4,4
"PCTChangeLT-5,year2High,_HTGT1.5_,,,volSellContinueLast2DayDown-VolUp,",-3.7376504533066104,2,0,2
"PCTChangeLT-2,,,,volBuyVolumeUpsergedLast2n3DayUp,",-0.41660070075280636,24,7,16
"PCTChangeLT-8,_HTGT1.5_,,,maySellHighVolatileDownContinueLT-8,",0.13317150191523158,4,1,3
"PCTChangeLT-0.5,_HTGT1.5_,,,%%HLTF-LastDayUp:(DOWNTREND-OR-GLOBALDOWN)MaySellHighTail-LastDayMarketUp,##(Test)buyBottomReversal-0,",-1.2138763604136666,1,0,1
"PCTChangeLT-3,,,,weekBarLowChangeLT0,brokenToday,chisDownTrend-Risky-nearHigh,##DOWNTREND:sellMonth6HighReversal(InDownTrend),##(Check-chart-buy):month3High-InMinus,ReversalHighMonth3,",3.02768170086399,1,1,0
"PCTChangeLT-2,,,,checkCupDown-3dayDown,##DOWNTREND:sellMonth6HighReversal(InDownTrend),##(Check-chart-buy):month6High-InMinus,ReversalHighMonth6,",-0.9523837204152494,1,0,1
"PCTChangeGT3,,,,##(Check-chart-sell):month3Low-InPlus,ReversalLowMonth3,chisUpTrend-Risky-nearLow,weekBarHighChangeGT2,brokenToday,##UPTREND:buyYearLowReversal(Confirm),##last2DayHighGT3-M3HLT0,",-6.335509414921151,1,0,1
"PCTChangeLT-2,_LTGT1.5_,,,(Test)MayBuy-CheckChart(upTrend-lastDayDown),##MAPositive_Uptrend(LT-2),##MA-SMA200GT0SMA100GT0,",-2.6704528115012454,1,0,1
"PCTChangeLT-3,,,,volBuyReversalLast2DayDown-VolDown,weekBarLowChangeLT-2,brokenToday,##(Check-chart-buy):month6High-InMinus,ReversalHighMonth6,",-1.5080432853776118,1,0,1
"PCTChangeGT0,PCDayChange-0.5to0.5,_LTGT1.5_,,,%%HLTF:(GLOBAL-DOWN)sellHighLowerTail-Reversal-LastDayMarketUp,(SMA9GT0),",1.8238915337456647,1,1,0
"PCTChangeLT-5,_HTGT3.0__LTGT1.5__HTGTPCTDayChange_,,,chisDownTrend-Risky-nearHigh,",5.421088990434173,1,1,0
"PCTChangeGT5,_HTGT3.0__HTGTPCTDayChange_,,,sellEveningStar-0,##last3DayHighGT3-M3HLT0,",2.620850237512973,1,1,0
"PCTChangeGT2,_HTGT1.5__HTGTPCTDayChange_,,,week2BarHighChangeGT0,brokenToday,chisBuyYearHigh-1,",-0.43169383426003033,1,0,1
"PCTChangeGT3,year2High,_HTGT1.5__LTGT1.5_,,,weekBarHighChangeGT2,##last2DayHighGT3-M3HGT0,",0.17476371779687117,2,1,1
"PCTChangeGT2,_HTGT1.5__HTGTPCTDayChange_,,,%%HLTF:(DOWNTREND-OR-GLOBALDOWN)maySellTail-tailGT2-2,3,4thDayGT0,week2BarHighChangeGT0,brokenToday,",5.8015715976744975,1,1,0
"PCTChangeGT1,_HTGT1.5__HTGTPCTDayChange_,,,%%:checkSell:Super2,",-0.9798724603891689,4,2,2
"PCTChangeGT1,_HTGT3.0__LTGT3.0__HTGTPCTDayChange__LTGTPCTDayChange_,,,volSellReversalLast2DayUp-VolUp,",10.101010273994607,1,1,0
"PCTChangeGT1,,,,##(Test)buyBottomReversal-1,",0.712885434689762,1,1,0
"PCTChangeGT2,,,,vol-sell-DownVol-3dayUp-Week2High,week2BarHighChangeGT2,",0.5526435879022005,2,1,1
"PCTChangeGT0.5,PCDayChange-0.5to0.5,_HTGT1.5_,,,%%:checkSell:CupDownDoji,%%:sellDowntrend-lastDayUp-ReversalHighTail,",-0.43359704697181867,1,0,1
"PCTChangeGT1,_LTGT1.5_,,,volSellReversalLast2DayUp-VolUp,buyYearHigh-0,",1.9270496407114788,1,1,0
"PCTChangeLT-1,_LTGT1.5_,,,##MANegative_Downtrend_(LT0),##MA-SMA200LT0SMA100LT0,",-0.4523794991629428,1,0,1
"PCTChangeLT-0.5,,,,%%:checkSell:Flag2Week,",-1.2911703093970897,3,1,2
"PCDCLT0PCTChangeGT1,_LTGT3.0_,,,%%HLTF:(SGXNIFTYUP)buyHighLowerTail-Continue,##RisingMA(check-chart-buy)-MayBuyCheckChart,",2.113072175487586,1,1,0
"PCTChangeGT2,_HTGT1.5__HTGTPCTDayChange_,,,%%HLTF:(DOWNTREND-OR-GLOBALDOWN)maySellTail-tailGT2-2,3,4thDayGT0,chisCheckConsolidationBreakoutLT(4.5),(GLOBALFUTUP-UPTRENDMARKET)checkBuyConsolidationBreakUp-week2-highNotReachedWeek3,week2BarHighChangeGT0,brokenToday,",0.7177046978325027,1,1,0
"PCTChangeGT3,_LTGT1.5_,,,chisBuyUpTrend-nearLow,##(Test)buyBottomReversal-1,",1.3141025641025599,1,1,0
"PCTChangeGT3,_LTGT1.5_,,,%%HLTF:(GLOBAL-DOWN)sellHighLowerTail-Reversal-LastDayMarketUp,",2.2798087500847575,2,1,1
"PCTChangeGT3,_HTGT1.5__LTGT3.0__LTGTPCTDayChange_,,,##buyTenDaysLessThanMinusTen,",2.036785723650894,5,4,1
"PCTChangeGT2,,,,shortUpTrendSellReversal-MonthHigh,volumeUpsergedLast2n3n4DayDown,weekBarHighChangeGT0,brokenToday,",2.9288735318502863,1,1,0
"PCTChangeLT-3,_HTGT1.5_,,,(GLOBALFUTDOWN-DOWNTRENDMARKET)checkSellConsolidationBreakDown-week2-lowNotReachedWeek3,week2BarLowChangeLT-2,##last2DayLow(LT-3)-M3LGT0,chisBuyDayLowVolLow-03-checkMorningTrend(.5SL)-after10:30,",-2.8262407295937235,1,0,1
"PCTChangeGT5,year2High,_HTGT1.5_,,,chisBuyConsolidationBreakUp-2week-(Risky)-year2High,week2BarHighChangeGT2,brokenToday,",-0.8189672711251728,1,0,1
"PCTChangeGT5,_HTGT1.5__LTGT1.5_,,,chisSellYear2LowLT-40-last4DayDown(triggerAfter-9:15),##MANegative_Downtrend_(GT2),##MA-SMA200LT0SMA100LT0,",-5.4912259285910086,1,0,1
"PCTChangeLT-2,,,,(GLOBALFUTDOWN-DOWNTRENDMARKET)checkSellConsolidationBreakDown-week2-lowNotReachedWeek3,week2BarLowChangeLT0,$$MayBuy-CheckChart(monthLow-minimumLast4DayDown),",0.04520248855593186,1,1,0
"PCTChangeLT-2,year2Low,_LTGT3.0_,,,volBuyReversalLast2DayDown-VolUp,",-0.7146997945347408,1,0,1
"PCDCLT0PCTChangeGT1,_HTGT1.5_,,,##MA-SMA200LT0SMA100GT0,",0.418151889355642,1,1,0
"PCTChangeLT-1,PCDayChange-0.5to0.5,_LTGT3.0_,,,buyMorningStar-HighLowerTail-(checkChart),",-1.8828601591438578,4,1,3
"PCTChangeGT0,PCDayChange-0.5to0.5,_LTGT1.5_,,,chisSellSMA4Reversal,chisFinalBreakOutBuyContinue-1-test-atYearLow,",-1.711309523809532,1,0,1
"PCTChangeLT-1,PCDayChange-0.5to0.5,_LTGT1.5_,,,shortDownTrendSellContinue-Doji-Last2DayLTToday,##MA-SMA200GT0SMA100GT0,",1.1874689395285727,1,1,0
"PCTChangeGT2,_LTGT3.0_,,,##buyTenDaysLessThanMinusTen,",0.21930686899862467,8,5,3
"PCTChangeLT-3,_LTGT1.5_,,,(GLOBALFUTDOWN-DOWNTRENDMARKET)checkSellConsolidationBreakDown-week2-lowNotReachedWeek3,week2BarLowChangeLT-2,weekLowLTweek2Low,##DOWNTREND:sellMonth3LowBreak,",0.16707919216781236,1,1,0
"PCTChangeLT-3,year2High,_HTGT1.5__LTGT1.5__HTGTPCTDayChange__LTGTPCTDayChange_,,,volBuyReversalLast2DayDown-VolDown,",1.957824386278994,1,1,0
"PCTChangeGT3,year2High,_LTGT3.0_,,,%%HLTF-Risky:(GLOBAL-DOWN)sellHighLowerTail-Reversal-LastDayMarketUp,",0.08368200836820557,1,1,0
"PCTChangeGT3,_HTGT3.0__LTGT3.0__HTGTPCTDayChange__LTGTPCTDayChange_,,,%%HLTF:(UPTREND-GLOBAL/SGX-UP)BuyHighUpperTail-Reversal-7,10thDayGT15-LastDayMarketDown,##MAPositive_Uptrend(GT2),##MA-SMA200GT0SMA100GT0,##last3DayHighGT3-M3HGT0,",-6.876150130043735,1,0,1
"PCTChangeGT3,_HTGT1.5__HTGTPCTDayChange_,,,%%HLTF:(DOWNTREND-OR-GLOBALDOWN)maySellTail-tailGT2-2,3,4thDayGT0,chisBuyUpTrend-1-YearHigh,chisCheckConsolidationBreakoutLT(4.5),",-0.1959254497492908,1,0,1
"PCTChangeLT-0.5,_HTGT3.0__HTGTPCTDayChange_,,,%%HLTF-Last2HighTail:(DOWNTREND)sellHighUpperTailPre-1,##MANegative_Downtrend_(LT-1),##MA-SMA200LT0SMA100LT0,",1.8731028206686897,2,1,1
"PCTChangeLT-2,_HTGT1.5_,,,VOL:buy-DownVol-3dayDown-Week2High,",-1.9846608060432578,1,0,1
"PCTChangeLT-1,,,,volBuyVolumeUpsergedLast2n3DayUp,chisDownTrend-Risky-nearHigh,##(Check-chart-buy):YearHigh-InMinus,ReversalHighYear,",-0.820269068720923,2,1,1
"PCTChangeLT-3,_LTGT1.5_,,,volSellContinueLast2DayDown-VolUp,##(Check-chart-buy):month3High-InMinus,ReversalHighMonth3,",-0.8139250183591582,2,1,1
"PCTChangeLT-0.5,,,,chisSellFinalCandidate-(lastDayDown)-(buyPattern),",-2.132348227855313,3,0,3
"PCTChangeGT3,_HTGT1.5_,,,chisSellYear2LowLT-40-last4DayDown(triggerAfter-9:15),chisSellFinalContinue-(lastDayDown)-1,",0.44247787610621203,1,1,0
"PCTDayChangeLT0,_HTGT1.5__LTGT1.5_,,,chisDownTrend-Risky-nearHigh,",-1.526191800008792,5,1,4
"PCTChangeLT-1,_HTGT3.0__LTGT1.5__HTGTPCTDayChange__LTGTPCTDayChange_,,,weekBarLowChangeLT0,",-0.12376237623763209,1,0,1
"PCTChangeLT-2,_HTGT3.0__HTGTPCTDayChange_,,,checkCupDown-upTrendLastDayDown-mayReversalBuy,chisSellDownTrend-nearHigh,##(Check-chart-buy):month3High-InMinus,NearHighMonth3,",-2.6575861331600894,1,0,1
"PCTChangeLT-5,year2Low,,,,VOL:buy-UpVol-3dayDown-Week2Low,",-0.80553225209077,3,1,2
"PCTChangeGT3,_HTGT1.5__HTGTPCTDayChange_,,,%%HLTF:maySellTail-tailGT2-7,10thDayGT20,##RisingMA(check-chart-sell)-MaySellCheckChart,",2.8169014084507045,1,1,0
"PCTChangeLT-0.5,_HTGT1.5_,,,(GLOBALFUTDOWN-DOWNTRENDMARKET)checkSellConsolidationBreakDown-week2-lowNotReachedWeek3,week2BarLowChangeLT0,weekLowLTweek2Low,",1.142452863602772,2,1,1
"PCDCGT0PCTDayChangeLT0,PCDayChange-0.5to0.5,_HTGT3.0_,,,##(Test)(check-chart)-sellSMADownTrend,",0.9477950865963715,1,1,0
"PCTChangeLT-1,_HTGT1.5__HTGTPCTDayChange_,,,(GLOBALFUTDOWN-DOWNTRENDMARKET)checkSellConsolidationBreakDown-week2-lowNotReachedWeek3,week2BarLowChangeLT0,chisDownTrend-Risky-nearHigh,",0.24109819857490347,3,2,1
"PCTChangeLT-3,year2High,_HTGT3.0__LTGT3.0_,,,%%HLTF:(SGXNIFTYUP)buyHighLowerTail-Continue,",8.309105481197667,1,1,0
"PCTChangeLT-5,_LTGT1.5_,,,##MANegative_Downtrend_(LT-2),##MA-SMA200GT0SMA100LT0,##DOWNTREND:sellMonth3LowBreak,",-1.202805580068862,1,0,1
"PCTChangeLT-3,,,,(GLOBALFUTDOWN-DOWNTRENDMARKET)checkSellConsolidationBreakDown-month,weekBarLowChangeLT-2,##MANegative_Downtrend_(LT-4.5),##MA-SMA200LT0SMA100LT0,##DOWNTREND:sellYearLowBreak,##last2DayLow(LT-3)-M3LLT0,",2.8413254103244134,1,1,0
"PCTChangeGT1,_LTGT1.5_,,,chisSellFinalContinue-(lastDayUp)-1,buyFinal,",-0.6429489843029379,1,0,1
"PCTDayChangeLT0,_HTGT3.0__HTGTPCTDayChange_,,,##MA-SMA200LT0SMA100LT0,",0.04177364497297032,1,1,0
"PCTChangeGT2,year2High,_HTGT1.5__LTGT3.0__LTGTPCTDayChange_,,,%%HLTF:(SGXNIFTYUP)buyHighLowerTail-Continue,volSellReversalLast2DayUp-VolDown,",1.7202926856884015,1,1,0
"PCTChangeGT3,,,,volBuyContinueLast2DayUp-VolUp,chisBuyConsolidationBreakUp-2week-(Risky)-year2High,week2BarHighChangeGT2,weekHighGTweek2High,brokenToday,",2.620110544217687,1,1,0
"PCTChangeGT1,_LTGT1.5_,,,chisBuyDownTrend-Risky-2,",-4.1206014815287375,1,0,1
"PCTChangeGT3,_HTGT1.5_,,,shortUpTrendSellReversal-MonthHigh,volSellVolumeUpsergedLast2n3DayDown,weekBarHighChangeGT2,brokenToday,",-1.2626842937274498,1,0,1
"PCTChangeLT-2,,,,(GLOBALFUTDOWN-DOWNTRENDMARKET)checkSellConsolidationBreakDown-week2-lowNotReachedWeek3,week2BarLowChangeLT-2,chisDownTrend-Risky-nearHigh,##(Check-chart-buy):YearHigh-InMinus,ReversalHighYear,",-4.70140109320204,1,0,1
"PCTChangeGT12,_LTGT1.5_,,,volBuyContinueLast2DayUp-VolUp,",-0.9044413663902965,1,0,1
"PCTChangeGT1,_HTGT3.0_,,,(SMA9GT0),",-1.129368003236425,1,0,1
"PCTChangeGT0,PCDayChange-0.5to0.5,_HTGT1.5_,,,chisSellFlagWeek-doji-Risky,",0.10091002660665183,3,1,2
"PCTDayChangeLT0,PCDayChange-0.5to0.5,_HTGT1.5_,,,##(Test)buyBottomReversal-0,",-1.6684054515894342,2,0,2
"PCTChangeGT2,_HTGT1.5__LTGT1.5__HTGTPCTDayChange_,,,chisBuyYearHigh-3,",-0.44455300325644787,1,0,1
"PCTChangeGT2,year2High,_HTGT3.0__LTGT1.5__HTGTPCTDayChange_,,,volumeUpsergedLast2n3n4DayDown,volBuyContinueLast2DayUp-VolUp,",-2.1818181818181857,1,0,1
"PCTChangeLT-1,_HTGT1.5_,,,%%HLTF-Last2HighTail:(DOWNTREND)sellHighUpperTailPre-1,chisDownTrend-Risky-nearHigh,",-0.5152742433912457,1,0,1
"PCTChangeLT-3,_LTGT1.5_,,,(GLOBAL-DOWN)maySellContinueHighVolatileLastDayDOWN-(LT-5),chisSell-smallUptrendReversal,",-1.131917099884134,1,0,1
"PCTChangeGT1,year2Low,_HTGT1.5_,,,chisSellYear2LowLT-40-last4DayDown(triggerAfter-9:15),",-2.815825584109041,1,0,1
"PCTChangeLT-3,_HTGT1.5__HTGTPCTDayChange_,,,checkCupDown-2dayDown-mayReversalBuy,chisDownTrend-Risky-nearHigh,",-3.96282386272093,1,0,1
"PCTChangeGT8,,,,chisSelldowntrendReversalMayFail,",3.0211114002720936,1,1,0
"PCTChangeLT-0.5,PCDayChange-0.5to0.5,_HTGT1.5_,,,%%:checkSell:Super0,",1.2070083892674464,2,2,0
"PCTChangeLT-1,year2Low,_LTGT1.5_,,,$$MayBuy-CheckChart(downTrend-mayReverseLast4DaysDown),%%:buyDownTrend-month3Low,",3.6144578313253137,1,1,0
"PCTChangeEQ0,PCDayChange-0.5to0.5,,,,chisBuyYearHigh-1,",-0.18025173367442715,1,0,1
"PCTChangeLT-3,_HTGT1.5_,,,(GLOBALFUTDOWN-DOWNTRENDMARKET)checkSellConsolidationBreakDown-week2-lowNotReachedWeek3,week2BarLowChangeLT0,weekLowLTweek2Low,##(Check-chart-buy):month3High-InMinus,NearHighMonth3,",1.4483646143307523,1,1,0
"PCTDayChangeLT0,_HTGT3.0__HTGTPCTDayChange_,,,%%HLTF:maySellTail-tailGT2-allDayGT0,##MA-SMA200LT0SMA100LT0,",1.1505046106176917,1,1,0
"PCTChangeGT3,,,,##(Check-chart-sell):month3Low-InPlus,ReversalLowMonth3,chisUpTrend-Risky-nearLow,chisCheckConsolidationBreakoutLT(4.5),##UPTREND:buyMonth3LowReversal(Confirm),",0.38002006505943514,1,1,0
"PCTChangeGT0.5,_HTGT1.5_,,,%%HLTF-Last2HighTail:(UPTREND)buy(DOWNTREND)sell:HighUpperTailPre-last2DayUp,volBuyContinueLast2DayUp-VolUp,",2.0480902601044457,2,2,0
"PCTChangeGT16,year2Low,_HTGT1.5_,,,chisSellDayHighVolLow-01-checkMorningTrend(.5SL),volSellReversalLast2DayUp-VolDown,",10.594231649246606,1,1,0
"PCTChangeLT-1,_LTGT1.5_,,,##MANegative_Downtrend_(LT-1),##MA-SMA200LT0SMA100LT0,MayBuyCheckChart-(IndexNotUpInSecondHalf),",2.6387378675263022,2,2,0
"PCTChangeLT-2,_HTGT3.0__LTGT1.5__HTGTPCTDayChange__LTGTPCTDayChange_,,,chisSell-smallUptrendReversal,",-9.435481409872743,1,0,1
"PCTChangeGT0.5,PCDayChange-0.5to0.5,year2High,_LTGT1.5_,,,%%HLTF:(GLOBAL-DOWN)sellHighLowerTail-Reversal-LastDayMarketUp,",-1.361521961505599,2,0,2
"PCTChangeLT-3,_HTGT1.5_,,,%%checkCupDown-2dayDown-continue,chisDownTrend-Risky-nearHigh,##DOWNTREND:sellMonth6HighReversal(InDownTrend),##last2DayLow(LT-3)-M3LGT0,##(Check-chart-buy):month3High-InMinus,ReversalHighMonth3,",1.113666737637784,1,1,0
"PCTChangeLT-1,_HTGT1.5__HTGTPCTDayChange_,,,(GLOBALFUTDOWN-DOWNTRENDMARKET)checkSellConsolidationBreakDown-week2-lowNotReachedWeek3,week2BarLowChangeLT0,weekLowLTweek2Low,chisDownTrend-Risky-nearHigh,",-2.1834060782679554,1,0,1
"PCTChangeGT0.5,,,,##MAPositive_Uptrend(GT1),##MA-SMA200GT0SMA100GT0,",-0.3061865315429042,7,3,4
"PCTChangeLT-2,,,,chisSellFinalCandidate-1-(lastDayUp),##sellTenDaysMoreThanTen,",-1.7877172500597605,3,0,3
"PCTChangeLT-3,_HTGT3.0_,,,##ML:BuyRisingMA-Risky-0,",1.2558101683623968,1,1,0
"PCTChangeGT1,_LTGT1.5_,,,##MAPositive_Uptrend(GT0),##MA-SMA200GT0SMA100GT0,",-0.6279433609907262,3,1,2
"PCTChangeLT-8,_LTGT3.0_,,,(GLOBAL-DOWN)maySellContinueHighVolatileLastDayDOWN-month3LowGT0-(LT-8),chisDownTrend-Risky-nearHigh,$$MayBuy-CheckChart-baseLine(inuptrend-monthlow)-PCTDayChangeLT0,",0.6115151823853417,1,1,0
"PCTChangeGT0.5,_HTGT1.5__LTGT1.5_,,,%%:sellDowntrend-lastDayUp-ReversalHighTail,chisSellDowningMA-(check5MinuteDownTrendAndSellDowntrend)-Already10DayDown,",2.0909768158780992,1,1,0
"PCTChangeLT-3,_HTGT1.5__LTGT1.5__HTGTPCTDayChange_,,,VOL:buy-UpVol-3dayDown-Week2Low,",2.8112394562178986,1,1,0
"PCTChangeLT-12,,,,volSellContinueLast2DayDown-VolUp,##MANegative_Downtrend_(LT-4.5),##MA-SMA200LT0SMA100LT0,",-1.476999918619811,1,0,1
"PCTChangeLT-3,,,,checkCupDown-2dayDown-mayReversalBuy,chisDownTrend-Risky-nearHigh,##DOWNTREND:sellYearHigh(InDownTrend),##(Check-chart-buy):month3High-InMinus,NearHighMonth3,",1.1800316398099788,1,1,0
"PCTChangeGT3,,,,volSellVolumeUpsergedLast2n3DayDown,chis-breakoutup-2week,chisSell-2week-breakoutup,",1.2790617128580501,1,1,0
"PCDCLT0PCTChangeGT0,PCDayChange-0.5to0.5,_HTGT1.5_,,,%%HLTF-LastDayUp:(DOWNTREND-OR-GLOBALDOWN)MaySellHighTail-LastDayMarketUp,##MANegative_Downtrend_(LT0),##MA-SMA200GT0SMA100LT0,",-1.0820559062218034,1,0,1
"PCTChangeLT-0.5,_LTGT3.0_,,,buyMorningStar-(checkChart),",0.24470389991719313,1,1,0
"PCDCGT0PCTChangeLT-3,_HTGT1.5__HTGTPCTDayChange_,,,(Test)MaySell-CheckChart(downTrend-lastDayUp),",-1.526347707707596,2,0,2
"PCTChangeLT-3,_HTGT1.5_,,,##MANegative_Downtrend_(LT-2),##MA-SMA200GT0SMA100LT0,",1.9154828199081129,6,4,2
"PCTChangeGT0.5,_HTGT1.5__LTGT1.5_,,,%%HLTF-Last2LowTail:(DOWNTREND)sellHighLowerTailPre-1,",-1.5243136130808843,2,0,2
"PCTChangeLT-2,,,,volBuyReversalLast2DayDown-VolDown,##sellTenDaysMoreThanTen,##MAPositive_Uptrend(LT-2),##MA-SMA200GT0SMA100GT0,",1.4698253811900308,1,1,0
"PCTChangeLT-12,_LTGT3.0_,,,VOL:sellAboveTail-BuyAtClose:upVol3dayDownWeek2Low-highLowerTail,##MANegative_Downtrend_(LT-4.5),##MA-SMA200LT0SMA100LT0,",6.976952021331461,3,2,1
"PCTChangeGT3,_HTGT1.5_,,,$$MaySell-CheckChart(monthHigh-minimumLast4DayUp),VOL:sell-UpVol-3dayUp-Week2High,weekBarHighChangeGT2,",0.32136128813514475,1,1,0
"PCTChangeGT2,,,,volumeUpsergedLast2n3n4DayDown,checkBuyConsolidationBreakUp-2week,week2BarHighChangeGT2,brokenToday,",-0.5893270715524656,1,0,1
"PCTChangeLT-3,_LTGT1.5_,,,##ML:BuyRisingMA-Risky-1,",0.7472197467458319,1,1,0
"PCTChangeGT0.5,_HTGT3.0__HTGTPCTDayChange_,,,%%HLTF-Last2HighTail:(UPTREND)buy(DOWNTREND)sell:HighUpperTailPre-last2DayUp,chisCheckConsolidationBreakoutLT(4.5),##RisingMA(check-chart-sell)-MaySellCheckChart,",-1.6042959763228437,1,0,1
"PCTChangeGT3,,,,volumeUpsergedLast2n3n4DayDown,volSellReversalLast2DayUp-VolUp,##MAPositive_Uptrend(GT2),##MA-SMA200GT0SMA100GT0,##last2DayHighGT3-M3HGT0,",-1.999996236753375,1,0,1
"PCTChangeGT3,,,,volSellVolumeUpsergedLast2n3DayDown,volBuyContinueLast2DayUp-VolUp,chisCheckConsolidationBreakoutLT(4.5),checkBuyConsolidationBreakUp-2week,week2BarHighChangeGT2,brokenToday,",-1.1121935417679962,1,0,1
"PCTChangeLT-5,_LTGT1.5_,,,volumeUpsergedLast2n3n4DayUp,volSellContinueLast2DayDown-VolUp,##last2DayLow(LT-3)-M3LGT0,",3.367255556085548,1,1,0
"PCTChangeLT-3,,,,mayBuyFromSellPattern-GT1.8,##MANegative_Downtrend_(LT-1),##MA-SMA200LT0SMA100LT0,",2.8040732369061034,1,1,0
"PCTChangeLT-1,,,,weekBarLowChangeLT0,chisDownTrend-Risky-nearHigh,",-0.17814739936292076,38,17,20
"PCTChangeGT2,year2Low,_HTGT1.5_,,,volBuyContinueLast2DayUp-VolUp,",-0.691286459008693,1,0,1
"PCTChangeGT5,_LTGT1.5_,,,VOL:sell-UpVol-3dayUp-Week2High,##MAPositive_Uptrend(GT4.5),##MA-SMA200GT0SMA100GT0,",-3.278521225522753,1,0,1
"PCTChangeLT-3,_LTGT3.0_,,,checkCupDown-2dayDown-mayReversalBuy,",-0.03241688930814851,1,0,1
"PCTChangeGT2,,,,vol-sell-DownVol-3dayUp-Week2High,",0.605668016429769,60,32,28
"PCTChangeLT-1,_HTGT1.5_,,,##MAPositive_Uptrend(LT-2),##MA-SMA200LT0SMA100GT0,",-10.746744982655862,1,0,1
"PCTChangeGT1,PCDayChange-0.5to0.5,,,,sellPattern-LT-1.5-SMALT0,(SMA9LT0),maySellFromBuyPattern-LT-1.8,",-2.3363578543387833,3,1,2
"PCTChangeLT-2,,,,chisDownTrend-Risky-nearHigh,",-0.09147790706749098,478,240,237
"PCTChangeLT-1,_LTGT1.5_,,,%%HLTF:(GLOBAL-DOWN)sellHighLowerTail-Reversal-LastDayMarketUp,##(Check-chart-buy):month3High-InMinus,BreakHighMonth3,",-0.5711435077185777,1,0,1
"PCTChangeLT-2,_LTGT3.0_,,,buyMorningStar-(checkChart),",0.3308118276771692,2,1,1
"PCTChangeLT-2,,,,VOL:buy-UpVol-3dayDown-Week2Low,(GLOBALFUTDOWN-DOWNTRENDMARKET)checkSellConsolidationBreakDown-week2-lowNotReachedWeek3,week2BarLowChangeLT0,",0.4230350434362736,2,1,1
"PCDCGT0PCTChangeLT-1,PCDayChange-0.5to0.5,_HTGT3.0__LTGT1.5_,,,##MA-SMA200GT0SMA100GT0,",-2.5891251505200574,1,0,1
"PCTDayChangeLT0,_LTGT1.5_,,,%%:checkSell:CupDownDoji-lastDayLT(-2)TodayDoji,",-2.8772490478043067,4,0,4
"PCDCLT0PCTChangeGT1,_HTGT1.5_,,,mayBuyFromSellPattern-GT1.8,",2.728463990764078,1,1,0
"PCTChangeLT-1,year2High,,,,chisSellUpTrend-Risky-2,zigZagVolCrossedFromUp,",0.641162238209102,1,1,0
"PCTChangeGT5,,,,chisUpTrend-Risky-nearLow,BuyYearLow,",0.3375834589215693,1,1,0
"PCTChangeLT-3,,,,(GLOBALFUTDOWN-DOWNTRENDMARKET)checkSellConsolidationBreakDown-week2-lowNotReachedWeek3,week2BarLowChangeLT-2,chisDownTrend-Risky-nearHigh,##DOWNTREND:sellMonth3HighReversal(InDownTrend),##last2DayLow(LT-3)-M3LGT0,##(Check-chart-buy):month3High-InMinus,ReversalHighMonth3,",0.24073848017939814,1,1,0
"PCTChangeLT-3,_HTGT1.5__LTGT1.5__HTGTPCTDayChange_,,,##MANegative_Downtrend_(LT-1),##MA-SMA200LT0SMA100LT0,",3.3028822678786187,1,1,0
"PCTChangeGT5,,,,weekBarHighChangeGT2,brokenToday,##MAPositive_Uptrend(GT4.5),##MA-SMA200LT0SMA100LT0,##last2DayHighGT3-M3HLT0,",4.523577362096126,1,1,0
"PCDCGT0PCTChangeLT-16,year2Low,_HTGT3.0__LTGT1.5_,,,%%HLTF-Last2LowTail:(DOWNTREND)sellHighLowerTailPre-1,",-5.111937261932531,1,0,1
"PCTChangeLT-5,year2Low,,,,VOL:buy-UpVol-3dayDown-Week2Low,##last2DayLow(LT-3)-M3LLT0,",-3.1472235785590246,1,0,1
"PCTChangeGT1,_HTGT3.0_,,,##RisingMA(check-chart-sell)-MaySellCheckChart,",-0.7981655677843594,3,1,2
"PCTChangeGT2,_HTGT3.0__LTGT3.0_,,,%%HLTF-Last2HighTail:(UPTREND)buy(DOWNTREND)sell:HighUpperTailPre-last2DayUp,",6.0572617189680615,1,1,0
"PCTChangeLT-1,year2Low,,,,week2BarLowChangeLT0,$$MayBuy-CheckChart(downTrend-mayReverseLast4DaysDown)-Risky,",0.3649635036496399,1,1,0
"PCTChangeLT-3,year2High,_LTGT3.0_,,,volSellVolumeUpsergedLast2n3DayUp,volSellContinueLast2DayDown-VolUp,",-2.2585456474043553,1,0,1
"PCTChangeLT-8,_LTGT3.0_,,,##last2DayLow(LT-3)-M3LGT0,",-4.473041141221178,1,0,1
"PCTChangeGT0,_LTGT1.5_,,,chisBuyMorningStar-dayUp,",-1.1557002000893546,3,0,3
"PCTChangeGT3,,,,volSellVolumeUpsergedLast2n3DayDown,(GLOBALFUTUP-UPTRENDMARKET)checkBuyConsolidationBreakUp-week2-highNotReachedWeek3,week2BarHighChangeGT2,brokenToday,",-0.34979675041795627,1,0,1
"PCTChangeGT1,,,,chisSellFlag2Week-doji-Risky,%%HLTF:(GLOBAL-SGX-DOWN)maySellTail-2,3,4thDayGT0,",-1.6606590636674885,1,0,1
"PCTChangeLT-2,,,,volBuyVolumeUpsergedLast2n3DayUp,weekBarLowChangeLT-2,",0.8673607499774647,3,2,1
"PCTChangeGT2,year2High,,,,%%:sellUpTrend-month3High,week2BarHighChangeGT2,",0.9182903010670737,1,1,0
"PCTChangeLT-2,,,,weekBarLowChangeLT0,brokenToday,##(Check-chart-buy):month6High-InMinus,ReversalHighMonth6,",-0.17143031529016287,1,0,1
"PCTChangeGT1,_HTGT3.0__LTGT1.5__HTGTPCTDayChange__LTGTPCTDayChange_,,,%%HLTF-Last2HighTail:(UPTREND)buy(DOWNTREND)sell:HighUpperTailPre-last2DayUp,",-1.6253851855974606,1,0,1
"PCTChangeLT-5,,,,chisDownTrend-Risky-nearHigh,##DOWNTREND:sellYear2HighReversal(InDownTrend),",-3.8002737505953474,2,0,2
"PCTChangeLT-2,,,,volSellContinueLast2DayDown-VolUp,##(Check-chart-sell)Month3Low-Continue(InUpTrend),ReversalLowMonth3,",-1.0415465735156846,1,0,1
"PCTChangeLT-3,_HTGT1.5__LTGT1.5_,,,VOL:buy-UpVol-3dayDown-Week2Low,##MANegative_Downtrend_(LT-2),##MA-SMA200GT0SMA100LT0,##last2DayLow(LT-3)-M3LGT0,",-5.745184302351534,1,0,1
"PCTChangeLT-3,_LTGT3.0_,,,%%checkCupDown-2dayDown-continue,chisDownTrend-Risky-nearHigh,##DOWNTREND:sellYear2HighReversal(InDownTrend),##last2DayLow(LT-3)-M3LGT0,##(Check-chart-buy):month3High-InMinus,ReversalHighMonth3,",0.40000152587890164,1,1,0
"PCTDayChangeLT0,PCDayChange-0.5to0.5,_HTGT1.5__LTGT1.5_,,,%%:checkSell:Super01-monthLow,%%HLTF-LastDayUp:(DOWNTREND-OR-GLOBALDOWN)MaySellHighTail-LastDayMarketUp,",1.5663103323541796,1,1,0
"PCDCLT0PCTChangeGT0,_LTGT3.0_,,,%%:checkSell:CupDownDoji-last2lastDayLT0orTodayGT0,%%HLTF:(GLOBAL-DOWN)sellHighLowerTail-Reversal-LastDayMarketUp,",1.1688331504921001,1,1,0
"PCTChangeLT-2,,,,checkCupDown-2dayDown-mayReversalBuy,volBuyRevarsalVolCrossed,",4.766054520658961,1,1,0
"PCTChangeGT0,PCDayChange-0.5to0.5,_HTGT1.5_,,,%%HLTF-Last2HighTail:(UPTREND)buy(DOWNTREND)sell:HighUpperTailPre-last2DayUp,chisBuyYearHigh-3,",0.31211532507731166,2,1,1
"PCTChangeLT-1,_HTGT1.5_,,,weekBarLowChangeLT0,##(Check-chart-buy):month3High-InMinus,ReversalHighMonth3,",0.41297160943895894,2,1,1
"PCTChangeLT-3,_HTGT1.5_,,,%%checkCupDown-2dayDown-continue,##longDownTrend-2-IndexNotDownLastDay(checkBase),##MANegative_Downtrend_(LT-2),##MA-SMA200LT0SMA100LT0,",-1.5748031496062926,1,0,1
"PCTChangeGT0,PCDayChange-0.5to0.5,,,,%%:checkSell:Super2,-+,%%:sellDowntrend-lastDayUp-ReversalHighTail,",1.2537051155261336,2,2,0
"PCTChangeLT-2,_LTGT1.5_,,,(GLOBALFUTDOWN-DOWNTRENDMARKET)checkSellConsolidationBreakDown-week2-lowNotReachedWeek3,week2BarLowChangeLT-2,chisDownTrend-Risky-nearHigh,##DOWNTREND:sellYear2HighReversal(InDownTrend),",1.1178033280917634,1,1,0
"PCTChangeLT-2,,,,chisSellFinalCandidate-(lastDayUp),chisSellUpTrend-Risky-1,##(Check-chart-buy):month3High-InMinus,NearHighMonth3,",-2.3842980433011456,1,0,1
"PCTChangeLT-1,_LTGT1.5_,,,(Test)MayBuyCheckChart-last3DayDown,MayBuyCheckChart-(IndexNotUpInSecondHalf),$$MayBuy-CheckChart(downTrend-mayReverseLast4DaysDown),",0.6413650692050694,5,4,1
"PCDCGT0PCTChangeLT-3,_HTGT3.0__HTGTPCTDayChange_,,,(Test)MaySell-CheckChart(downTrend-lastDayUp),",3.430522835646924,2,2,0
"PCTChangeLT-3,_HTGT1.5_,,,volBuyVolumeUpsergedLast2n3DayUp,",-2.0316186778076046,5,0,5
"PCTChangeLT-3,_LTGT1.5_,,,VOL:buy-DownVol-3dayDown-Week2High,##last2DayLow(LT-3)-M3LGT0,chisSellDayLowVolLow-03-checkMorningTrend(.5SL),##(Check-chart-buy):month3High-InMinus,ReversalHighMonth3,",2.2470201764787947,1,1,0
"PCTChangeLT-8,_LTGT1.5_,,,##ML:BuyRisingMA-Risky-0,",2.4034100170862724,1,1,0
"PCTChangeGT2,year2Low,_LTGT1.5_,,,##buyTenDaysLessThanMinusTen,",0.0,1,0,0
"PCTChangeGT0,_HTGT1.5__LTGT1.5__HTGTPCTDayChange__LTGTPCTDayChange_,,,%%:checkSell:Super2,chisSellDowningMA-(check5MinuteDownTrendAndSellDowntrend)-Already10DayDown,",0.10622924076720455,1,1,0
"PCTChangeGT3,_HTGT3.0__HTGTPCTDayChange_,,,##(Check-chart-sell):month3Low-InPlus,ReversalLowMonth3,volumeUpsergedLast2n3n4DayDown,volBuyContinueLast2DayUp-VolUp,(GLOBALFUTUP-UPTRENDMARKET)checkBuyConsolidationBreakUp-week2-highNotReachedWeek3,week2BarHighChangeGT0,brokenToday,##UPTREND:buyMonth3LowReversal(Confirm),",-1.20000256990131,1,0,1
"PCTChangeLT-3,,,,%%HLTF-Last2DayMarketDown:(GLOBAL-UP)buyHighUpperTailPre1-Reversal-LastDayMarketDown,weekBarLowChangeLT-2,brokenToday,##MANegative_Downtrend_(LT-2),##MA-SMA200LT0SMA100LT0,",1.4493462933683128,1,1,0
"PCTChangeGT5,,,,chisUpTrend-Risky-nearLow,chisCheckConsolidationBreakoutLT(4.5),##UPTREND:buyMonth3LowReversal(Confirm),",-0.7500031706574827,1,0,1
"PCTChangeLT-0.5,_HTGT1.5__LTGT1.5_,,,##MAPositive_Uptrend(LT-1),##MA-SMA200LT0SMA100GT0,",2.189094601889442,1,1,0
"PCTDayChangeLT0,_HTGT1.5_,,,(GLOBALFUTDOWN-DOWNTRENDMARKET)checkSellConsolidationBreakDown-week2-lowNotReachedWeek3,week2BarLowChangeLT-2,weekLowLTweek2Low,",-2.2756826596564914,1,0,1
"PCTChangeGT3,_HTGT3.0_,,,chisUpTrend-Risky-nearLow,volumeUpsergedLast2n3n4DayDown,",11.10032819929128,1,1,0
"PCDCGT0PCTDayChangeLT0,PCDayChange-0.5to0.5,year2High,_HTGT1.5__LTGT3.0_,,,%%HLTF:(GLOBAL-DOWN)sellHighLowerTail-Reversal-LastDayMarketUp,",0.02666558159721998,1,1,0
"PCTChangeLT-3,,,,mayBuyFromSellPattern-GT1.8,##(Test)(Check-chart):yearLow-InMinus,",2.350176305359395,1,1,0
"PCTChangeGT1,_HTGT1.5__HTGTPCTDayChange_,,,##MANegative_Downtrend_(GT2),##MA-SMA200LT0SMA100LT0,",-0.8759210785018215,1,0,1
"PCTChangeGT2,,,,chisUpTrend-Risky-nearLow,(GLOBALFUTUP-UPTRENDMARKET)checkBuyConsolidationBreakUp-week2-highNotReachedWeek3,week2BarHighChangeGT0,weekHighGTweek2High,brokenToday,",-0.004723048975354915,2,1,1
"PCTChangeGT0.5,year2High,_HTGT3.0_,,,%%HLTF-Risky9:30:maySellTail-tailGT2-7,10thDayGT15,",2.656253178914396,1,1,0
"PCTChangeLT-3,,,,checkCupDown-2dayDown,chisDownTrend-Risky-nearHigh,##DOWNTREND:sellYearHighReversal(InDownTrend),##(Check-chart-buy):month3High-InMinus,ReversalHighMonth3,",-1.538249316105985,1,0,1
"PCTChangeGT3,,,,chisSellFinalContinue-(lastDayDown)-1,",2.1227565823997483,6,4,1
"PCTChangeLT-2,_LTGT1.5_,,,%%:checkSell:CupDownDoji-lastDayLT(-2)TodayDoji,chisSellDownTrend-nearHigh,",-7.6953113079071125,1,0,1
"PCTChangeLT-1,_LTGT1.5_,,,$$MayBuy-CheckChart-baseLine(inuptrend-monthlow)-PCTDayChangeLT0,",-0.10152684814429087,3,1,2
"PCTChangeLT-2,,,,(GLOBALFUTDOWN-DOWNTRENDMARKET)checkSellConsolidationBreakDown-week2-lowNotReachedWeek3,week2BarLowChangeLT-2,weekLowLTweek2Low,chisDownTrend-Risky-nearHigh,##(Check-chart-buy):month3High-InMinus,ReversalHighMonth3,",-0.06278975220219503,10,5,5
"PCTChangeLT-0.5,_LTGT1.5_,,,(Test)MayBuy-CheckChart(upTrend-lastDayDown),##MA-SMA200LT0SMA100GT0,",7.54573886093834,1,1,0
"PCTChangeGT1,PCDayChange-0.5to0.5,_HTGT1.5__LTGT3.0_,,,$$MaySellContinue-CheckChart(inuptrend-monthlow)-highTail,",3.108978271484381,1,1,0
"PCTChangeEQ0,PCDayChange-0.5to0.5,_HTGT3.0_,,,%%HLTF-Last2HighTail:(DOWNTREND)sellHighUpperTailPre,",-3.055637443072048,1,0,1
"PCTChangeLT-5,_LTGT3.0_,,,##MANegative_Downtrend_(LT-2),##MA-SMA200LT0SMA100LT0,##DOWNTREND:sellMonth3LowBreak,buyMorningStar-HighLowerTail,",-3.6598508827061504,1,0,1
"PCTChangeLT-2,,,,checkSellConsolidationBreakDown-month3HighGTMonth3Low,chisSellDownTrend-nearHigh,##(Check-chart-buy):month6High-InMinus,ReversalHighMonth6,",0.2969708932635637,1,1,0
"PCTChangeGT3,year2High,_HTGT3.0_,,,%%HLTF-Last2HighTail:(UPTREND)buy(DOWNTREND)sell:HighUpperTailPre-last2DayUp,%%HLTF:(DOWNTREND-OR-GLOBALDOWN)maySellTail-tailGT2-2,3,4thDayGT0,##last2DayHighGT3-M3HGT0,",-0.7896400283124294,1,0,1
"PCTChangeGT3,,,,chisCheckConsolidationBreakoutGT(4.5),checkBuyConsolidationBreakUp-2week,week2BarHighChangeGT2,weekHighGTweek2High,chisBuy-2week-breakoutup(check-chart)(|-|-| or --|),",-1.5028937014541233,1,0,1
"PCDCGT0PCTDayChangeLT0,PCDayChange-0.5to0.5,_LTGT1.5_,,,##MAPositive_Uptrend(GT0),##MA-SMA200GT0SMA100GT0,",0.18577918424927847,5,3,2
"PCTChangeLT-2,,,,chisSell:Super03-monthLow,checkSellConsolidationBreakDown-month3HighGTMonth3Low,##longDownTrend-1-IndexNotDownLastDay(checkBase),",-1.3130212969718975,1,0,1
"PCTChangeLT-2,,,,##DOWNTREND:sellYear2HighReversal(InDownTrend),##(Check-chart-buy):month3High-InMinus,ReversalHighMonth3,##(check-chart)maySell-EMA6-MT-May-LT-EMA14,",0.10712032540345078,1,1,0
"PCDCGT0PCTChangeLT-1,_HTGT3.0__LTGT3.0__HTGTPCTDayChange__LTGTPCTDayChange_,,,%%HLTF-Last2LowTail:(DOWNTREND)sellHighLowerTailPre-1,",-1.904761904761903,1,0,1
"PCTChangeLT-3,PCDayChange-0.5to0.5,_LTGT3.0_,,,##MA-SMA200LT0SMA100LT0,buyMorningStar-HighLowerTail-(checkChart),",-3.005315902385306,1,0,1
"PCTChangeLT-5,_LTGT3.0_,,,volBuyReversalLast2DayDown-VolDown,##DOWNTREND:sellYearHigh(InDownTrend),",-0.4231354658692186,1,0,1
"PCTChangeLT-2,_HTGT1.5__LTGT3.0__LTGTPCTDayChange_,,,##DOWNTREND:sellMonth6LowBreak,",-0.6916724898543026,1,0,1
"PCTChangeLT-3,,,,chisSellDownTrend-nearHigh,",0.06404861389959074,57,27,29
"PCTChangeLT-1,_HTGT1.5__LTGT1.5__HTGTPCTDayChange__LTGTPCTDayChange_,,,##buyYear2LowMovingSMA,",-3.065518826804439,3,0,3
"PCTChangeGT0.5,_HTGT1.5__HTGTPCTDayChange_,,,%%:checkSell:CupDownDoji,",0.23550503495809705,1,1,0
"PCTChangeLT-1,PCDayChange-0.5to0.5,_HTGT1.5_,,,%%:checkBuyContinue:CupDownDoji,",-7.836586556783535,1,0,1
"PCTChangeLT-3,,,,VOL:buy-UpVol-3dayDown-Week2Low,(GLOBALFUTDOWN-DOWNTRENDMARKET)checkSellConsolidationBreakDown-week2,weekBarLowChangeLT-2,",-3.744586102374188,1,0,1
"PCTChangeGT5,_HTGT3.0_,,,(GLOBALFUTUP-UPTRENDMARKET)checkBuyConsolidationBreakUp-week2-highNotReachedWeek3,week2BarHighChangeGT0,brokenToday,",-0.6535947712418375,1,0,1
"PCTChangeLT-0.5,_HTGT1.5__LTGT1.5__HTGTPCTDayChange__LTGTPCTDayChange_,,,##MANegative_Downtrend_(LT-1),##MA-SMA200LT0SMA100LT0,",-2.4960021972656152,1,0,1
"PCTChangeGT3,year2High,,,,%%:sellUpTrend-month3High,vol-sell-DownVol-3dayUp-Week2High,",-0.6680919167361569,1,0,1
"PCTChangeGT3,,,,##(Check-chart-sell):month3Low-InPlus,ReversalLowMonth3,chisUpTrend-Risky-nearLow,(GLOBALFUTUP-UPTRENDMARKET)checkBuyConsolidationBreakUp-week2-highNotReachedWeek3,week2BarHighChangeGT2,weekHighGTweek2High,##(check-chart)mayBuy-EMA6-LT-May-MT-EMA14,##(Test)buyBottomReversal-1,##UPTREND:buyMonth3LowReversal(Confirm),",-1.528874595021323,1,0,1
"PCTChangeLT-1,,,,volBuyReversalLast2DayDown-VolDown,chisBuyFinalContinue-0,(SMA9GT0),",-1.37770780507752,1,0,1
"PCTChangeLT-12,_LTGT3.0_,,,##MANegative_Downtrend_(LT-4.5),##MA-SMA200GT0SMA100GT0,",-9.21347971712606,1,0,1
"PCTChangeGT8,_HTGT1.5__LTGT1.5_,,,chisBuyDayHighVolLow-0,volSellReversalLast2DayUp-VolDown,",-7.39227684149862,1,0,1
"PCTChangeGT2,_HTGT1.5__LTGT1.5_,,,chisSellFinalContinue-(lastDayDown)-1,##buyTenDaysLessThanMinusTen,",1.3051044545575672,1,1,0
"PCTChangeLT-1,,,,volBuyVolumeUpsergedLast2n3DayUp,volSellContinueLast2DayDown-VolUp,weekBarLowChangeLT-2,chisDownTrend-Risky-nearHigh,",0.4965253651545095,1,1,0
"PCTChangeGT0.5,year2High,_HTGT1.5_,,,shortUpTrendSellReversal-MonthHigh,",1.2459115480990364,7,5,2
"PCTChangeLT-2,_LTGT3.0_,,,checkSellConsolidationBreakDown-month3HighGTMonth3Low,",-0.15576087052109475,1,0,1
"PCTChangeGT3,,,,buyHeavyUpTrend-Continue-(Risky),##MAPositive_Uptrend(GT2),##MA-SMA200GT0SMA100GT0,",-1.1953054649979993,1,0,1
"PCTChangeLT-3,year2Low,_LTGT1.5_,,,VOL:buy-UpVol-3dayDown-Week2Low,",3.272040698467992,1,1,0
"PCTChangeLT-0.5,_LTGT1.5_,,,volBuyReversalLast2DayDown-VolDown,",-1.2768817204301084,1,0,1
"PCTChangeLT-3,,,,sellFinal1,",0.9653048433975601,1,1,0
"PCTChangeLT-5,_LTGT1.5_,,,##MANegative_Downtrend_(LT-4.5),##MA-SMA200LT0SMA100LT0,##DOWNTREND:sellMonth3LowBreak,",-2.0047169811320895,1,0,1
"PCTChangeLT-2,_HTGT1.5__LTGT1.5__HTGTPCTDayChange_,,,zigZagVolCrossedFromUp,##(Check-chart-buy):month3High-InMinus,ReversalHighMonth3,",2.5312519073486284,1,1,0
"PCTChangeGT2,,,,chisUpTrend-Risky-nearLow,checkBuyConsolidationBreakUp-2week,week2BarHighChangeGT0,brokenToday,chisSell-2week-breakoutup,##ML:sellRisingMAuptrend-1,##UPTREND:buyYear2LowReversal(Confirm),",0.7078546632687548,1,1,0
"PCTChangeGT2,,,,$$(UPTREND-OR-GLOBALUP)MayBuy-CheckChart-baseLine(inuptrend-monthlow)-MHCLT(-10),",-0.6056093923098101,1,0,1
"PCTChangeLT-5,_HTGT1.5__HTGTPCTDayChange_,,,%%HLTF-Last2HighTail:(DOWNTREND)sellHighUpperTailPre,chisSellDayLowVolLow-0,",-1.8357810039895925,1,0,1
"PCTChangeGT2,_HTGT1.5_,,,volumeUpsergedLast2n3n4DayDown,##(Check-chart)ML:buyMonth3High-Continue,",-0.8138224964290692,1,0,1
"PCTChangeLT-0.5,_HTGT1.5__LTGT3.0__HTGTPCTDayChange__LTGTPCTDayChange_,,,%%HLTF:(GLOBAL-DOWN)sellHighLowerTail-Reversal-LastDayMarketUp,##MAPositive_Uptrend(LT-1),##MA-SMA200GT0SMA100GT0,",-1.941911476350929,1,0,1
"PCTChangeGT3,_LTGT1.5_,,,week2BarHighChangeGT0,weekHighGTweek2High,",1.8891275287508484,1,1,0
"PCTChangeGT8,_HTGT1.5__LTGT1.5_,,,chisBuyUpTrend-nearLow,volSellReversalLast2DayUp-VolDown,",1.1753708568971666,1,1,0
"PCTChangeGT3,year2High,,,,(GLOBALFUTUP-UPTRENDMARKET)checkBuyConsolidationBreakUp-week2,weekBarHighChangeGT2,",-0.5964057150417623,5,1,4
"PCTChangeLT-1,_HTGT3.0__HTGTPCTDayChange_,,,chisDownTrend-Risky-nearHigh,",-1.2070888300700147,9,2,7
"PCTChangeLT-2,,,,volBuyRevarsalVolCrossed,%%:checkBuyRevarsalLast3DayDownAtMonth3High,",-2.779240189263554,1,0,1
"PCTChangeGT3,,,,chisBuyYearHigh-1,",-1.4096162734873523,3,0,3
"PCTChangeLT-2,_LTGT1.5_,,,##DOWNTREND:sellMonth3LowBreak,",0.6259911399955708,8,4,4
"PCTChangeGT2,_LTGT1.5_,,,(GLOBALFUTUP-UPTRENDMARKET)checkBuyConsolidationBreakUp-week2-highNotReachedWeek3,week2BarHighChangeGT0,",1.5734514542817541,6,4,2
"PCTChangeGT3,,,,chisUpTrend-Risky-nearLow,volBuyContinueLast2DayUp-VolUp,chisCheckConsolidationBreakoutLT(4.5),checkBuyConsolidationBreakUp-2week,week2BarHighChangeGT2,weekHighGTweek2High,brokenToday,chisSell-2week-breakoutup,##UPTREND:buyMonth6LowReversal(Confirm),",-2.158049395188681,1,0,1
"PCTChangeLT-1,_LTGT1.5_,,,(Test)MayBuy-CheckChart(upTrend-lastDayDown),zigZagVolCrossedFromUp,##(Test):buyRisingMA-uptrend-SMA25gt0,",2.49599838792838,1,1,0
"PCTChangeGT5,_LTGT1.5_,,,##MAPositive_Uptrend(GT2),##MA-SMA200LT0SMA100LT0,##last2DayHighGT3-M3HLT0,",-1.6267929822208025,2,0,2
"PCTChangeLT-2,_LTGT1.5_,,,chisSellDownTrend-nearHigh,##(Check-chart-buy):month3High-InMinus,ReversalHighMonth3,",-0.5949492160308197,3,1,2
"PCTChangeGT1,_LTGT1.5_,,,week2BarHighChangeGT0,weekHighGTweek2High,",0.03902013528107018,2,1,1
"PCDCLT0PCTChangeGT1,PCDayChange-0.5to0.5,_LTGT1.5_,,,$$MayBuy-CheckChart-baseLine(inuptrend-monthlow)-PCTDayChangeLT0,",-1.774949326208024,1,0,1
"PCTChangeGT8,,,,volBuyContinueLast2DayUp-VolUp,##MAPositive_Uptrend(GT4.5),##MA-SMA200GT0SMA100LT0,",0.6950136873899383,1,1,0
"PCTChangeGT5,_HTGT3.0__LTGT3.0__HTGTPCTDayChange_,,,%%HLTF:(UPTREND-GLOBAL/SGX-UP)BuyHighUpperTail-Reversal-7,10thDayGT15-LastDayMarketDown,VOL:buyBelowTail-SellAtClose:upVol3dayUpWeek2High-highUpperTail,##MAPositive_Uptrend(GT4.5),##MA-SMA200LT0SMA100LT0,",-3.3076946551983113,1,0,1
"PCTChangeGT0,_LTGT3.0_,,,buyMorningStar-(checkChart),",-1.6489920562926734,3,0,3
"PCTChangeLT-1,_HTGT1.5_,,,checkCupDown-near2WeekDown-mayReveresalBuy,(GLOBALFUTDOWN-DOWNTRENDMARKET)checkSellConsolidationBreakDown-week2-lowNotReachedWeek3,week2BarLowChangeLT-2,weekLowLTweek2Low,##(Test):buyRisingMA-uptrend-SMA25gt0,",-4.450966138719158,1,0,1
"PCTChangeLT-1,_LTGT3.0_,,,volBuyReversalLast2DayDown-VolUp,buyMorningStar-HighLowerTail-(checkChart),",-0.8294625250917071,1,0,1
"PCTDayChangeLT0,_LTGT1.5_,,,%%:checkSell:Flag2Week,",0.4056213754085878,2,1,1
"PCTChangeLT-2,,,,weekBarLowChangeLT0,brokenToday,##DOWNTREND:sellMonth6LowBreak,",0.21451943778362212,1,1,0
"PCTChangeGT5,_HTGT3.0__HTGTPCTDayChange_,,,%%HLTF-Last2HighTail:(UPTREND)buy(DOWNTREND)sell:HighUpperTailPre-last2DayUp,##MAPositive_Uptrend(GT1),##MA-SMA200LT0SMA100LT0,",-1.9510197282942283,1,0,1
"PCTChangeGT3,_LTGT1.5_,,,##MANegative_Downtrend_(GT2),##MA-SMA200LT0SMA100LT0,##buyTenDaysLessThanMinusTen,",-1.0066037486429253,1,0,1
"PCTChangeGT0,_HTGT3.0__HTGTPCTDayChange_,,,chisSellEveningStar-2(Check2-3MidCapCross),",0.5531014365675176,3,2,1
"PCDCGT0PCTDayChangeLT0,_LTGT3.0_,,,##MA-SMA200LT0SMA100LT0,",-0.3038140008026705,2,1,1
"PCTChangeGT2,,,,##(check-chart)sellEMA6>EMA14,",0.18204562536666694,13,6,7
"PCTChangeGT3,,,,weekBarHighChangeGT2,",-0.09488191947681782,240,109,128
"PCTChangeLT-0.5,_HTGT1.5__HTGTPCTDayChange_,,,%%HLTF-Risky9:30:maySellTail-tailGT2-7,10thDayGT15,",1.2660466775146375,2,2,0
"PCTChangeLT-2,,,,volumeUpsergedLast2n3n4DayUp,weekBarLowChangeLT-2,chisDownTrend-Risky-nearHigh,##DOWNTREND:sellYear2HighReversal(InDownTrend),##(Check-chart-buy):month3High-InMinus,ReversalHighMonth3,",-1.0270237278293952,1,0,1
"PCTChangeGT5,_HTGT1.5__LTGT1.5_,,,volSellRevarsalVolCrossed,##UPTREND:buyYearLowReversal(Confirm),",-2.3906262715657447,1,0,1
"PCTChangeGT0.5,_HTGT1.5__HTGTPCTDayChange_,,,##(Test)(check-chart)-sellSMADownTrend,",-2.1978545607182003,1,0,1
"PCTChangeGT3,,,,VOL:sell-UpVol-3dayUp-Week2High,##MAPositive_Uptrend(GT4.5),##MA-SMA200GT0SMA100GT0,",0.06068383415121692,4,2,2
"PCDCGT0PCTDayChangeLT0,PCDayChange-0.5to0.5,,,,%%:checkSell:CupDownDoji,MaySellCheckChart-(|_|`|),",-2.7278962745083923,3,0,3
"PCTChangeGT3,,,,volBuyVolumeUpsergedLast2n3DayDown,VOL:buy(GLOBALFUTDOWN-GLOBALMARKETDOWN)Sell-UpVol-3dayUp-Week2Low,",-0.14232952715732808,2,1,1
"PCTChangeGT1,year2High,_HTGT1.5__HTGTPCTDayChange_,,,(Test)(check-chart-2-3MidCapCross)MaySellCheckChart-Risky,%%:sellUpTrend-month3High,shortUpTrendSellReversal-MonthHigh,",1.6959991455078067,1,1,0
"PCTChangeGT3,,,,volumeUpsergedLast2n3n4DayDown,volBuyContinueLast2DayUp-VolUp,weekBarHighChangeGT2,",2.025194460138606,1,1,0
"PCTChangeLT-3,_LTGT1.5_,,,##MANegative_Downtrend_(LT-2),##MA-SMA200GT0SMA100LT0,",-0.5802323440949989,7,3,4
"PCTChangeLT-3,_HTGT1.5_,,,##(Check-chart-buy):YearHigh-InMinus,ReversalHighYear,",-4.715875942457058,1,0,1
"PCDCGT0PCTChangeLT-1,,,,buyYearHigh-0,",1.0635908189999548,5,4,1
"PCTChangeGT2,_HTGT1.5__HTGTPCTDayChange_,,,chisCheckConsolidationBreakoutLT(4.5),",0.6723943537322266,2,1,1
"PCTChangeLT-1,,,,volSellContinueLast2DayDown-VolUp,(GLOBALFUTDOWN-DOWNTRENDMARKET)checkSellConsolidationBreakDown-week2-lowNotReachedWeek3,week2BarLowChangeLT0,",-1.0508278851523896,4,2,2
"PCTChangeGT2,,,,volSellVolumeUpsergedLast2n3DayDown,weekBarHighChangeGT0,brokenToday,##MAPositive_Uptrend(GT2),##MA-SMA200GT0SMA100GT0,",-0.9205007580421372,1,0,1
"PCTChangeLT-2,,,,volSellContinueLast2DayDown-VolUp,chisSellDownTrend-nearHigh,##(Check-chart-buy):YearHigh-InMinus,NearHighYear,",1.5744925941363186,1,1,0
"PCDCGT0PCTChangeLT-1,PCDayChange-0.5to0.5,_HTGT1.5__LTGT3.0_,,,##MA-SMA200LT0SMA100GT0,",5.193135666744906,1,1,0
"PCTChangeLT-2,,,,checkCupDown-2dayDown,chisSellFinalCandidate-4,sellFinal,chisSellDownTrend-nearHigh,##DOWNTREND:sellMonth3High(InDownTrend),##(Check-chart-buy):month3High-InMinus,NearHighMonth3,",0.19633366010456624,1,1,0
"PCTChangeGT3,year2High,,,,volBuyContinueLast2DayUp-VolUp,weekBarHighChangeGT2,",-1.1161434971040964,3,1,2
"PCTChangeLT-5,,,,##MAPositive_Uptrend(LT-2),##MA-SMA200LT0SMA100LT0,",-0.13776680129451907,2,1,1
"PCTChangeGT2,,,,(GLOBALFUTUP-UPTRENDMARKET)checkBuyConsolidationBreakUp-week2-highNotReachedWeek3,week2BarHighChangeGT2,chis-breakoutup-2week,",0.7529068862241753,2,2,0
"PCTChangeGT3,_HTGT3.0__HTGTPCTDayChange_,,,sellEveningStar-0,volumeUpsergedLast2n3n4DayDown,##RisingMA(check-chart-sell)-MaySellCheckChart,",-0.6751833553677147,1,0,1
"PCDCLT0PCTChangeGT0,_LTGT1.5_,,,(Test)MayBuy-CheckChart(upTrend-lastDayDown),",-0.39579547698293677,19,7,12
"PCTChangeGT1,_HTGT1.5__HTGTPCTDayChange_,,,%%:sellUpTrend-month3High,weekBarHighChangeGT0,##MAPositive_Uptrend(GT2),##MA-SMA200GT0SMA100GT0,",3.338688752587264,1,1,0
"PCTChangeGT8,,,,##MAPositive_Uptrend(GT4.5),##MA-SMA200LT0SMA100GT0,##last2DayHighGT3-M3HLT0,",-2.672103090707747,1,0,1
"PCTChangeLT-2,,,,checkCupDown-2dayDown,##(Check-chart-buy):month3High-InMinus,BreakHighMonth3,",3.4146341463414602,1,1,0
"PCTChangeGT8,,,,chisUpTrend-Risky-nearLow,volBuyContinueLast2DayUp-VolUp,",-2.280724742974249,3,0,3
"PCTChangeLT-3,,,,weekBarLowChangeLT-2,(SMA9LT0),##last2DayLow(LT-3)-M3LLT0,",-1.3280279261928467,1,0,1
"PCTChangeGT0.5,_HTGT1.5__LTGT1.5_,,,shortUpTrendSellReversal-Month3High-Doji-Last2DayGTToday,",-1.9489206560048749,1,0,1
"PCTChangeLT-1,_LTGT1.5_,,,weekBarLowChangeLT0,brokenToday,chisDownTrend-Risky-nearHigh,MayBuyCheckChart-(IndexNotUpInSecondHalf),$$MayBuy-CheckChart-baseLine(inuptrend-monthlow)-PCTDayChangeLT0,",1.0751151412558824,1,1,0
"PCTChangeLT-2,,,,chisSellConsolidationBreakDown-forecastDayPCT7LT0,##(Check-chart-buy):YearHigh-InMinus,NearHighYear,",1.3130949174768953,1,1,0
"PCTChangeGT3,,,,##(Check-chart-sell):month3Low-InPlus,ReversalLowMonth3,chisBuyUpTrend-1-YearHigh,",-0.7468892330945349,1,0,1
"PCTChangeGT3,year2High,_HTGT1.5__HTGTPCTDayChange_,,,##lastDayHighGT5TodayGT1,",-0.30828841186940426,2,1,1
"PCTChangeLT-1,_HTGT1.5_,,,chisBuyMay5DayFloorReversal,(GLOBALFUTDOWN-DOWNTRENDMARKET)checkSellConsolidationBreakDown-week2-lowNotReachedWeek3,week2BarLowChangeLT-2,##(Check-chart-buy):month3High-InMinus,ReversalHighMonth3,",-0.7622924137636613,1,0,1
"PCTChangeLT-3,,,,volSellContinueLast2DayDown-VolUp,weekBarLowChangeLT-2,brokenToday,##(Check-chart-buy):YearHigh-InMinus,ReversalHighYear,",4.541664935172876,1,1,0
"PCDCGT0PCTDayChangeLT0,PCDayChange-0.5to0.5,_HTGT1.5__LTGT1.5_,,,(SMA9LT0),",-1.0303185597318847,1,0,1
"PCDCLT0PCTChangeGT0,PCDayChange-0.5to0.5,year2High,_LTGT1.5_,,,%%HLTF:(GLOBAL-DOWN)sellHighLowerTail-Reversal-LastDayMarketUp,",-0.9868875333297389,1,0,1
"PCTChangeGT2,year2High,_HTGT1.5__HTGTPCTDayChange_,,,shortUpTrendSellReversal-MonthHigh,",-0.6842121325041034,1,0,1
"PCTChangeGT5,year2High,_HTGT3.0__LTGT1.5_,,,%%HLTF-Last2HighTail:(UPTREND)buy(DOWNTREND)sell:HighUpperTailPre-last2DayUp,VOL:buyBelowTail-SellAtClose:upVol3dayUpWeek2High-highUpperTail,chisCheckConsolidationBreakout2WeekGT(4.5),",-1.000211634061762,1,0,1
"PCTChangeLT-0.5,PCDayChange-0.5to0.5,_HTGT1.5_,,,%%HLTF-LastDayUp:(DOWNTREND-OR-GLOBALDOWN)MaySellHighTail-LastDayMarketUp,##ML:BuyRisingMA-Risky-2,",1.5143866267386181,1,1,0
"PCTChangeLT-1,_HTGT1.5__LTGT3.0_,,,%%:checkSell:CupDownDoji-last2lastDayLT0orTodayGT0,shortDownTrendSellContinue-Doji-Last2DayLTToday,",-1.0706637940716934,1,0,1
"PCTChangeGT3,_HTGT1.5_,,,(GLOBALFUTUP-UPTRENDMARKET)checkBuyConsolidationBreakUp-week2-highNotReachedWeek3,week2BarHighChangeGT0,brokenToday,chisSell-2week-breakoutup,",3.329840694879028,1,1,0
"PCTChangeGT2,_HTGT3.0__LTGT1.5__HTGTPCTDayChange_,,,##buyTenDaysLessThanMinusTen,",-1.7575782236426802,1,0,1
"PCTChangeLT-2,,,,volumeUpsergedLast2n3n4DayUp,checkSellConsolidationBreakDown-month3HighGTMonth3Low,",-0.06095941279110551,1,0,1
"PCTChangeLT-3,_LTGT3.0_,,,volBuyReversalLast2DayDown-VolDown,##MANegative_Downtrend_(LT-4.5),##MA-SMA200LT0SMA100LT0,chisBuyDayLowVolLow-01,",0.32061009847450267,1,1,0
"PCTChangeLT-3,,,,volSellVolumeUpsergedLast2n3DayUp,(GLOBALFUTDOWN-DOWNTRENDMARKET)checkSellConsolidationBreakDown-week2-lowNotReachedWeek3,week2BarLowChangeLT0,chisDownTrend-Risky-nearHigh,##(Check-chart-buy):month3High-InMinus,ReversalHighMonth3,",-0.14184180726396667,1,0,1
"PCTChangeGT5,year2High,_HTGT3.0_,,,volSellReversalLast2DayUp-VolDown,",2.143413191459967,1,1,0
"PCTChangeLT-2,,,,volSellContinueLast2DayDown-VolUp,weekBarLowChangeLT-2,brokenToday,chisDownTrend-Risky-nearHigh,##(Check-chart-buy):YearHigh-InMinus,ReversalHighYear,",0.34722222222222765,1,1,0
"PCTChangeLT-2,,,,chisSellUpTrend-Risky-0,",2.1901810318506683,3,3,0
"PCTChangeGT0,PCDayChange-0.5to0.5,_HTGT1.5_,,,%%HLTF-Last2HighTail:(UPTREND)buy(DOWNTREND)sell:HighUpperTailPre-last2DayUp,",0.15389012640140692,23,12,10
"PCTChangeLT-3,_HTGT1.5_,,,weekBarLowChangeLT-2,brokenToday,##DOWNTREND:sellMonth3HighReversal(InDownTrend),##last2DayLow(LT-3)-M3LGT0,##(Check-chart-buy):month3High-InMinus,ReversalHighMonth3,##(check-chart)maySell-EMA6-MT-May-LT-EMA14,",-0.84985835694051,1,0,1
"PCTChangeGT2,,,,volSellReversalLast2DayUp-VolDown,chisSell-2week-breakoutup,##RisingMA(Test)(check-chart-buy)-2DayUp,##UPTREND:buyYearLowReversal(Confirm),",0.6394004382953834,1,1,0
"PCTChangeLT-2,,,,checkSellConsolidationBreakDown-2week,week2BarLowChangeLT0,weekLowLTweek2Low,brokenToday,##ML:buyRisingMA-down-Risky,",0.2024291497975703,1,1,0
"PCTChangeLT-2,,,,volumeUpsergedLast2n3n4DayUp,%%:buyDownTrend-month3Low,",-4.435245339754809,1,0,1
"PCTChangeGT5,,,,chisSellYear2LowLT-40-last3DayDown(triggerAfter-9:15),chisBuyUpTrend-nearLow,",0.6648672721916448,1,1,0
"PCTChangeGT2,,,,volBuyContinueLast2DayUp-VolUp,chisCheckConsolidationBreakoutLT(4.5),checkBuyConsolidationBreakUp-2week,week2BarHighChangeGT2,weekHighGTweek2High,chisBuy-2week-breakoutup(check-chart)(|-|-| or --|),",-2.752805559822673,1,0,1
"PCTChangeGT2,_HTGT1.5__HTGTPCTDayChange_,,,chisBuyYearHigh-1,",-0.2590205381953279,3,1,2
"PCTChangeLT-3,,,,volBuyVolumeUpsergedLast2n3DayUp,(GLOBALFUTDOWN-DOWNTRENDMARKET)checkSellConsolidationBreakDown-week2-lowNotReachedWeek3,week2BarLowChangeLT-2,weekLowLTweek2Low,",0.5106348348847466,1,1,0
"PCTChangeLT-3,_HTGT1.5_,,,checkCupDown-2dayDown-mayReversalBuy,##DOWNTREND:sellMonth3HighReversal(InDownTrend),##last2DayLow(LT-3)-M3LGT0,##(Check-chart-buy):month3High-InMinus,ReversalHighMonth3,",1.133331298828125,1,1,0
"PCTChangeLT-1,_HTGT3.0__LTGT1.5_,,,##MANegative_Downtrend_(LT0),##MA-SMA200GT0SMA100LT0,",-1.8978146740989916,1,0,1
"PCTChangeLT-1,,,,##buyRisingMA-1,",2.274870371263867,3,2,1
"PCTChangeLT-2,_LTGT3.0_,,,%%HLTF:(GLOBAL-DOWN)sellHighLowerTail-Reversal-LastDayMarketUp,chisSellDownTrend-nearHigh,##(Check-chart-buy):month3High-InMinus,ReversalHighMonth3,",0.9726364856224881,1,1,0
"PCTChangeLT-1,_LTGT3.0_,,,weekBarLowChangeLT0,",-1.1830549778401522,2,0,2
"PCTChangeLT-5,year2Low,,,,VOL:buy-UpVol-3dayDown-Week2Low,##last2DayLow(LT-3)-M3LLT0,chisBuyYear2Low,BreakLowYear2,",2.037141450163571,1,1,0
"PCTChangeLT-2,year2Low,,,,VOL:buy-UpVol-3dayDown-Week2Low,",-0.6751172285004673,3,1,2
"PCTChangeLT-2,_LTGT3.0_,,,volSellContinueLast2DayDown-VolUp,chisDownTrend-Risky-nearHigh,##DOWNTREND:sellYear2HighReversal(InDownTrend),##(Check-chart-buy):month3High-InMinus,ReversalHighMonth3,",-6.916669209798185,1,0,1
"PCTChangeLT-1,_LTGT1.5_,,,chisDownTrend-Risky-nearHigh,zigZagVolCrossedFromUp,##(Check-chart-buy):month3High-InMinus,ReversalHighMonth3,",1.3669821240799245,1,1,0
"PCTChangeLT-5,_HTGT1.5_,,,%%:checkSell:Flag2Week,",2.688594998855816,1,1,0
"PCDCGT0PCTDayChangeLT0,PCDayChange-0.5to0.5,_LTGT3.0_,,,%%HLTF-Last2DayMarketUp:(GLOBAL-DOWN)sellHighLowerTail-Reversal-LastDayMarketUp,##MAPositive_Uptrend(GT0),##MA-SMA200GT0SMA100GT0,",-3.1330828168464318,1,0,1
"PCTChangeLT-2,,,,chisSellFlagWeek-Risky,",0.0039737798390820644,8,3,5
"PCTChangeLT-2,PCDayChange-0.5to0.5,_HTGT1.5_,,,%%HLTF-Last2HighTail:(DOWNTREND)sell(UPTREND)buy:HighUpperTailPre,",2.2624448114979843,1,1,0
"PCTChangeGT0.5,_LTGT1.5_,,,chisBuyUpTrend-nearLow,",-0.2315105025285186,3,1,2
"PCTChangeLT-3,,,,weekBarLowChangeLT0,brokenToday,chisDownTrend-Risky-nearHigh,",-0.004306560128521757,8,3,5
"PCDCLT0PCTChangeGT1,PCDayChange-0.5to0.5,,,,chisBuyYearHigh-3,",-0.6312317023654743,15,4,11
"PCTChangeGT3,_HTGT1.5_,,,##last2DayHighGT3-M3HLT0,",-0.7979100699509676,8,3,5
"PCTChangeGT0,PCDayChange-0.5to0.5,_HTGT3.0__LTGT3.0_,,,%%:sellDowntrend-lastDayUp-ReversalHighTail,",-4.98626641884153,2,0,2
"PCDCLT0PCTChangeGT0,_HTGT1.5__HTGTPCTDayChange_,,,buyMayYear2LowBreakingUp,",1.560665871267123,1,1,0
"PCTChangeGT1,_LTGT1.5_,,,chisSellDowningMA-(check5MinuteDownTrendAndSellDowntrend)-Already10DayDown,",-0.1694080035878086,79,35,44
"PCTChangeGT2,,,,(SMA9LT0),##(Check-chart)sellMonth3High-Continue,",-1.170960211264553,1,0,1
"PCTChangeEQ0,,,,##MA-SMA200LT0SMA100GT0,",-0.8796735287357731,1,0,1
"PCTChangeGT3,_HTGT1.5__LTGT3.0__LTGTPCTDayChange_,,,##MANegative_Downtrend_(GT2),##MA-SMA200LT0SMA100LT0,",7.068721655754445,1,1,0
"PCTChangeGT3,year2Low,,,,chisCheckConsolidationBreakoutLT(4.5),",-1.2778879904601996,1,0,1
"PCTChangeLT-3,_HTGT1.5_,,,volBuyReversalLast2DayDown-VolDown,(GLOBALFUTDOWN-DOWNTRENDMARKET)checkSellConsolidationBreakDown-week2-lowNotReachedWeek3,week2BarLowChangeLT0,weekLowLTweek2Low,chisSellDownTrend-nearHigh,",-6.065467523588849,1,0,1
"PCTChangeGT3,_HTGT1.5_,,,volBuyVolumeUpsergedLast2n3DayDown,volBuyContinueLast2DayUp-VolUp,chisCheckConsolidationBreakoutLT(4.5),",-0.06719705664732606,1,0,1
"PCDCLT0PCTChangeGT0,_HTGT1.5__LTGT1.5_,,,(SMA9LT0),",0.20741102430555552,1,1,0
"PCTChangeLT-5,,,,vol-buy-DownVol-3dayDown-Week2Low,weekBarLowChangeLT-5,##last2DayLow(LT-3)-M3LGT0,",1.8840623938519034,1,1,0
"PCTChangeGT8,_HTGT1.5_,,,##MAPositive_Uptrend(GT4.5),##MA-SMA200LT0SMA100GT0,##last2DayHighGT3-M3HGT0,",1.034405974550246,1,1,0
"PCTChangeGT3,,,,week2BarHighChangeGT2,",0.4309018370973585,10,5,5
"PCDCGT0PCTChangeLT-1,_HTGT3.0__HTGTPCTDayChange_,,,%%HLTF:maySellTail-tailGT2-7,10thDayGT20,%%HLTF:(UPTREND-GLOBAL/SGX-UP)BuyHighUpperTail-Reversal-7,10thDayGT15-LastDayMarketDown,##MA-SMA200GT0SMA100GT0,",-0.40477556579580226,1,0,1
"PCDCGT0PCTDayChangeLT0,_HTGT1.5__LTGT1.5_,,,chisBuyYearHigh-3,",-4.242779656877762,1,0,1
"PCTChangeGT5,year2High,_HTGT3.0_,,,chisCheckConsolidationBreakoutGT(4.5),",-0.8437278782624819,1,0,1
"PCTChangeLT-2,year2High,_HTGT1.5_,,,volBuyReversalLast2DayDown-VolUp,volBuyRevarsalVolCrossed,",-0.9778484589249853,1,0,1
"PCTChangeGT1,_LTGT3.0_,,,%%HLTF:(SGXNIFTYUP)buyHighLowerTail-Continue,##MAPositive_Uptrend(GT2),##MA-SMA200LT0SMA100LT0,",-0.34527285116469275,1,0,1
"PCTChangeGT2,_HTGT1.5_,,,%%HLTF:(DOWNTREND-OR-GLOBALDOWN)maySellTail-tailGT2-2,3,4thDayGT0,brokenToday,",-0.3536693191865605,1,0,1
"PCTChangeLT-3,PCDayChange-0.5to0.5,_HTGT1.5__LTGT1.5_,,,##ML:buyRisingMA-down-Risky,",0.6976764463507148,1,1,0
"PCTChangeGT8,_HTGT1.5_,,,%%HLTF-Last2HighTail:(UPTREND)buy(DOWNTREND)sell:HighUpperTailPre-last2DayUp,chisSell-2week-breakoutup,",1.4302812068854058,1,1,0
"PCTChangeLT-2,,,,(GLOBALFUTDOWN-DOWNTRENDMARKET)checkSellConsolidationBreakDown-week2-lowNotReachedWeek3,week2BarLowChangeLT-2,weekLowLTweek2Low,##DOWNTREND:sellYear2HighReversal(InDownTrend),##(Check-chart-buy):month3High-InMinus,ReversalHighMonth3,",-0.07178745916070485,7,4,3
"PCTChangeLT-3,year2High,,,,volSellContinueLast2DayDown-VolUp,(GLOBALFUTDOWN-DOWNTRENDMARKET)checkSellConsolidationBreakDown-week2-lowNotReachedWeek3,week2BarLowChangeLT0,",-1.2525040021230414,1,0,1
"PCTChangeLT-3,,,,##(Check-chart-buy):month3High-InMinus,ReversalHighMonth3,##(check-chart)maySell-EMA6-MT-May-LT-EMA14,",-0.0056453824909321266,1,0,1
"PCTChangeGT3,_HTGT1.5_,,,##MAPositive_Uptrend(GT2),##MA-SMA200GT0SMA100LT0,",-1.7026429177162978,1,0,1
"PCTChangeGT8,PCDayChange-0.5to0.5,_HTGT3.0__LTGT3.0_,,,%%HLTF-Last2LowTail:(DOWNTREND)sellHighLowerTailPre-1,##MA-SMA200LT0SMA100LT0,",5.5346978635204085,1,1,0
"PCTChangeLT-2,_HTGT1.5_,,,chisDownTrend-Risky-nearHigh,zigZagVolCrossedFromUp,##(Check-chart-buy):month6High-InMinus,ReversalHighMonth6,",0.3321633934307494,1,1,0
"PCTChangeLT-1,_LTGT3.0_,,,(GLOBALFUTDOWN-DOWNTRENDMARKET)checkSellConsolidationBreakDown-week2-lowNotReachedWeek3,week2BarLowChangeLT-2,weekLowLTweek2Low,##MANegative_Downtrend_(LT-2),##MA-SMA200LT0SMA100LT0,",-0.7478239639945594,1,0,1
"PCTChangeLT-3,_HTGT1.5_,,,weekBarLowChangeLT0,brokenToday,",1.1412189960205699e-14,1,1,0
"PCTDayChangeLT0,_HTGT1.5__HTGTPCTDayChange_,,,sellPatternsML,sellPatterns-LT-1.5-SMALT0,(SMA9LT0),",4.53474076736801,1,1,0
"PCTChangeGT2,,,,BuyYearLow,##UPTREND:buyYear2LowReversal(Confirm),",0.9032218686996139,1,1,0
"PCTChangeGT12,_HTGT1.5__LTGT3.0_,,,chisSellYear2LowLT-40-last4DayDown(triggerAfter-9:15),",2.499989837419912,2,1,1
"PCTChangeLT-3,_HTGT1.5_,,,%%:check(UPTREND-UPMARKET)Buy(DOWNTRENDTREND-DOWNMARKET)Sell:Super01-monthLow,",-0.6475745110383188,1,0,1
"PCTChangeLT-5,_LTGT1.5_,,,(GLOBAL-DOWN)maySellContinueHighVolatileLastDayDOWN-(LT-5),$$(UPTREND-OR-GLOBALUP)MayBuyContinue-CheckChart(inUpTrend-monthHigh)-lowTail,",-1.553599122307516,1,0,1
"PCTChangeLT-2,_LTGT1.5_,,,weekBarLowChangeLT0,brokenToday,chisDownTrend-Risky-nearHigh,##DOWNTREND:sellYear2HighReversal(InDownTrend),##(Check-chart-buy):month3High-InMinus,ReversalHighMonth3,",-1.0036172022292424,1,0,1
"PCTChangeLT-2,,,,volumeUpsergedLast2n3n4DayUp,weekBarLowChangeLT0,brokenToday,",0.7618770529508262,3,3,0
"PCTChangeGT3,,,,chisBuyUpTrend-1-YearHigh,weekBarHighChangeGT2,",1.458002243180856,1,1,0
"PCTChangeGT3,_HTGT1.5__HTGTPCTDayChange_,,,%%HLTF-Risky9:30:maySellTail-tailGT2-7,10thDayGT15,",1.0821511498448413,2,1,1
"PCTChangeLT-16,year2Low,_LTGT1.5_,,,volSellContinueLast2DayDown-VolUp,chisRSISellCandidate(yearLow)-lessThanMinus5,",0.05272593129139708,1,1,0
"PCTChangeLT-0.5,_LTGT1.5_,,,%%:checkSell:Super01-monthLow,(Test)(check-chart-2-3MidCapCross)MayBuyCheckChart-Risky,",0.8766607657092835,2,1,1
"PCTChangeGT3,,,,volumeUpsergedLast2n3n4DayDown,weekBarHighChangeGT0,brokenToday,",-1.4180456719814176,6,2,4
"PCTChangeLT-2,,,,volumeUpsergedLast2n3n4DayUp,weekBarLowChangeLT-2,brokenToday,",-0.4059368895953098,1,0,1
"PCTChangeLT-5,,,,##MANegative_Downtrend_(LT-4.5),##MA-SMA200GT0SMA100LT0,##last2DayLow(LT-3)-M3LGT0,chisSellDayLowVolLow-01,",-2.7796866357120753,1,0,1
"PCTDayChangeLT0,_HTGT3.0__HTGTPCTDayChange__LTGTPCTDayChange_,,,%%HLTF:maySellTail-tailGT2-7,10thDayGT20,",-0.03815868496662222,1,0,1
"PCTChangeLT-2,_HTGT1.5__LTGT3.0_,,,##MA-SMA200LT0SMA100LT0,",5.897806334044494,1,1,0
"PCTChangeGT5,year2High,_HTGT1.5__LTGT3.0_,,,##last2DayHighGT3-M3HGT0,",-0.8654106713109474,1,0,1
"PCTChangeGT3,_HTGT1.5_,,,%%HLTF-Last2HighTail:(UPTREND)buy(DOWNTREND)sell:HighUpperTailPre-last2DayUp,chisSellDayHighVolLow-01-checkMorningTrend(.5SL),##last2DayHighGT3-M3HLT0,",4.56100701860778,2,2,0
"PCTChangeLT-3,_LTGT1.5_,,,(GLOBALFUTDOWN-DOWNTRENDMARKET)checkSellConsolidationBreakDown-week2-lowNotReachedWeek3,week2BarLowChangeLT0,weekLowLTweek2Low,volBuyRevarsalVolCrossed,%%:checkBuyRevarsalLast3DayDownAtMonth3High,##(Check-chart-buy):month3High-InMinus,ReversalHighMonth3,",1.361881803867508,1,1,0
"PCDCGT0PCTDayChangeLT0,PCDayChange-0.5to0.5,_LTGT1.5_,,,chisBuyYearHigh-1,",-0.5922798982870461,2,1,1
"PCTChangeLT-5,_HTGT1.5_,,,%%:checkSell:Flag2Week,volSellContinueLast2DayDown-VolUp,",-1.6578093497983777,1,0,1
"PCTChangeLT-1,year2High,_HTGT3.0__HTGTPCTDayChange_,,,%%HLTF-Last2HighTail:(DOWNTREND)sellHighUpperTailPre,",-0.0801013047418017,3,1,2
"PCTDayChangeLT0,year2High,_HTGT1.5_,,,%%HLTF-Last2HighTail:(DOWNTREND)sellHighUpperTailPre,",1.4629184882445394,3,3,0
"PCTChangeLT-3,,,,chisSellFlag2Week-Risky,##longDownTrend-2-IndexNotDownLastDay(checkBase),",-1.3594345203769975,1,0,1
"PCTChangeLT-1,,,,volSellContinueLast2DayDown-VolUp,##(Check-chart-buy):YearHigh-InMinus,NearHighYear,",-1.7610762861554303,6,1,5
"PCTChangeGT8,_HTGT3.0__LTGT1.5_,,,%%HLTF-Last2HighTail:(UPTREND)buy(DOWNTREND)sell:HighUpperTailPre-last2DayUp,##MAPositive_Uptrend(GT2),##MA-SMA200LT0SMA100GT0,",1.8169048470510607,1,1,0
"PCDCLT0PCTChangeGT5,_HTGT3.0_,,,chisSellLastDayHighUpReversal,",0.9749984741210885,1,1,0
"PCTChangeLT-1,_LTGT1.5_,,,checkCupDown-mayReversalBuy,(Test)MayBuy-CheckChart(upTrend-lastDayDown),",-3.3311996044918244,2,0,2
"PCTChangeLT-3,,,,##sellTenDaysMoreThanTen,##MAPositive_Uptrend(LT-2),##MA-SMA200GT0SMA100GT0,",-1.8893013108523797,4,0,4
"PCTChangeLT-2,_HTGT1.5_,,,%%:checkBuyContinue:CupDownDoji-last2dayUp,",-0.5458147877241137,1,0,1
"PCTChangeLT-1,,,,(GLOBALFUTDOWN-DOWNTRENDMARKET)checkSellConsolidationBreakDown-week2-lowNotReachedWeek3,week2BarLowChangeLT0,weekLowLTweek2Low,##(Check-chart-buy):month3High-InMinus,NearHighMonth3,",-0.26893143293894356,1,0,1
"PCTChangeGT16,year2High,_HTGT3.0_,,,%%HLTF-Last2HighTail:(UPTREND)buy(DOWNTREND)sell:HighUpperTailPre-last2DayUp,volBuyContinueLast2DayUp-VolUp,",-4.498331841816471,1,0,1
"PCTChangeLT-2,_LTGT1.5_,,,volBuyVolumeUpsergedLast2n3DayUp,##MANegative_Downtrend_(LT-2),##MA-SMA200LT0SMA100LT0,MayBuyCheckChart-(IndexNotUpInSecondHalf),",-3.1610750064725766,1,0,1
"PCTChangeLT-3,_HTGT3.0__HTGTPCTDayChange_,,,%%:checkSell:Super01-monthLow,",4.804881026105185,1,1,0
"PCTChangeLT-1,,,,weekBarLowChangeLT0,brokenToday,##(Test)(Check-chart):year2Low-InMinus,",-4.000003212376645,1,0,1
"PCTChangeLT-2,_LTGT1.5_,,,##MANegative_Downtrend_(LT-2),##MA-SMA200LT0SMA100LT0,buyMorningStar-HighLowerTail,%%:buyDownTrend-month3Low,",0.6823219976613993,1,1,0
"PCTChangeGT2,,,,chisBuyUpTrend-1-YearHigh,chisSell-2week-breakoutup,",1.8871480623352304,1,1,0
"PCTChangeGT0.5,PCDayChange-0.5to0.5,,,,##MANegative_Downtrend_(GT0),##MA-SMA200LT0SMA100LT0,(SMA9LT0),",-1.1049695811258717,1,0,1
"PCTChangeLT-3,,,,checkCupDown-near2WeekDown-mayReveresalBuy,",-0.26621723635477046,13,6,7
"PCTChangeGT3,,,,$$(DOWNTREND-OR-GLOBALDOWN)MaySellContinue-CheckChart(inuptrend-monthlow)-PCTDayChangeGT2,",0.08000916848876682,2,1,1
"PCDCGT0PCTDayChangeLT0,_HTGT1.5__HTGTPCTDayChange_,,,##MA-SMA200LT0SMA100LT0,",-4.763750383207326,2,0,2
"PCTChangeGT2,PCDayChange-0.5to0.5,_HTGT1.5_,,,%%HLTF-Last2HighTail:(UPTREND)buy(DOWNTREND)sell:HighUpperTailPre-last2DayUp,##MA-SMA200LT0SMA100LT0,",-3.6031331592689293,1,0,1
"PCTChangeGT5,_LTGT1.5_,,,chisCheckConsolidationBreakoutGT(4.5),",0.801763890345922,1,1,0
"PCTChangeLT-2,_LTGT1.5_,,,vol-buy-DownVol-3dayDown-Week2Low,(GLOBALFUTDOWN-DOWNTRENDMARKET)checkSellConsolidationBreakDown-week2-lowNotReachedWeek3,week2BarLowChangeLT-5,weekLowLTweek2Low,",2.7721025416340006,1,1,0
"PCTChangeLT-3,,,,weekBarLowChangeLT-2,brokenToday,##MANegative_Downtrend_(LT-4.5),##MA-SMA200LT0SMA100LT0,##DOWNTREND:sellMonth3LowBreak,",-5.82947482045971,1,0,1
"PCTChangeLT-1,,,,checkSellConsolidationBreakDown-2week,week2BarLowChangeLT0,weekLowLTweek2Low,brokenToday,",-1.8672638454372812,1,0,1
"PCTDayChangeLT0,_LTGT3.0_,,,sellPatterns-LT-1.5-SMALT0,(SMA9LT0),",-1.1522029004407215,1,0,1
"PCTChangeLT-3,year2High,_HTGT3.0__HTGTPCTDayChange_,,,chisSellUpTrend-Risky-1,",1.9835691796066792,1,1,0
"PCTChangeGT3,,,,chisCheckConsolidationBreakoutLT(4.5),weekBarHighChangeGT2,brokenToday,chis-breakoutup-2week,chisBuy-2week-breakoutup,",2.2566398688122216,1,1,0
"PCTChangeGT0.5,,,,buyYearHigh-0,",0.22928856860983873,95,46,49
"PCTChangeLT-3,_LTGT1.5_,,,##DOWNTREND:sellMonth6LowBreak,",-0.7739177816276196,3,1,2
"PCTChangeLT-3,_HTGT1.5_,,,chisDownTrend-Risky-nearHigh,##(Check-chart-buy):YearHigh-InMinus,ReversalHighYear,",1.3442003133187241,5,3,2
"PCTChangeGT1,year2High,_HTGT3.0__HTGTPCTDayChange_,,,%%:sellUpTrend-month3High,",-0.20307265717879208,4,1,3
"PCTChangeLT-1,_HTGT3.0__LTGT1.5__HTGTPCTDayChange__LTGTPCTDayChange_,,,%%:checkSell:CupDownDoji-last2lastDayLT0orTodayGT0,",-4.590030191795619,1,0,1
"PCTChangeLT-3,_HTGT1.5_,,,VOL:buy-DownVol-3dayDown-Week2High,##DOWNTREND:sellMonth3High(InDownTrend),##(Check-chart-buy):month3High-InMinus,NearHighMonth3,",1.5627219233521938,1,1,0
"PCTChangeLT-1,_HTGT3.0_,,,chisSellDownTrend-nearHigh,",-0.23333740234375006,1,0,1
"PCTDayChangeLT0,_LTGT1.5_,,,shortDownTrendSellContinue-Doji-Last2DayLTToday,",0.4142115549948599,12,5,6
"PCTChangeLT-0.5,_LTGT3.0_,,,%%HLTF-Last2DayMarketUp:(GLOBAL-DOWN)sellHighLowerTail-Reversal-LastDayMarketUp,##MAPositive_Uptrend(LT-1),##MA-SMA200GT0SMA100GT0,",-4.006410256410263,1,0,1
"PCTChangeLT-1,_HTGT1.5__LTGT3.0__LTGTPCTDayChange_,,,chisDownTrend-Risky-nearHigh,",0.6345177419239324,1,1,0
"PCTChangeGT1,_HTGT1.5__LTGT1.5_,,,buyYearHigh-0,",6.27925369998864,1,1,0
"PCTChangeGT5,_LTGT1.5_,,,week2BarHighChangeGT0,",-0.3162867123310743,1,0,1
"PCTChangeLT-5,_LTGT3.0_,,,VOL:sellAboveTail-BuyAtClose:upVol3dayDownWeek2Low-highLowerTail,##MANegative_Downtrend_(LT-4.5),##MA-SMA200GT0SMA100LT0,",-3.6422554875080824,1,0,1
"PCTChangeGT0.5,_HTGT3.0__LTGT1.5__HTGTPCTDayChange__LTGTPCTDayChange_,,,##MAPositive_Uptrend(GT1),##MA-SMA200GT0SMA100GT0,",-3.125649686922522,1,0,1
"PCTChangeLT-2,,,,VOL:buy-UpVol-3dayDown-Week2Low,(GLOBALFUTDOWN-DOWNTRENDMARKET)checkSellConsolidationBreakDown-week2,weekBarLowChangeLT-2,",1.2526621717087767,1,1,0
"PCTChangeGT1,,,,chisUpTrend-Risky-nearLow,##RisingMA(Test)(check-chart-buy)-2DayUp,##UPTREND:buyYear2LowReversal(Confirm),",-0.8685686383928687,1,0,1
"PCTChangeGT3,_HTGT1.5__LTGT1.5_,,,volumeUpsergedLast2n3n4DayDown,chisBuyFinalCandidate-(lastDayUp)-(sellPattern),##lastDayHighGT5TodayGT1,",-0.6069947886328383,1,0,1
"PCTChangeGT3,_LTGT1.5_,,,checkCupDown-lastDayUp,##RisingMA(Test)(check-chart-buy)-1DayUp,",-3.0994169893320542,1,0,1
"PCTChangeLT-1,_HTGT1.5__LTGT1.5__HTGTPCTDayChange__LTGTPCTDayChange_,,,chisSellDownTrend-nearHigh,",1.6075964819026858,1,1,0
"PCTChangeLT-1,_LTGT1.5_,,,(Test)MayBuyCheckChart-last3DayDown,MayBuyCheckChart-(IndexNotUpInSecondHalf),$$MayBuy-CheckChart(monthLow-minimumLast4DayDown),",-1.6862826934217394,2,0,2
"PCTChangeGT3,_HTGT1.5_,,,(GLOBALFUTUP-UPTRENDMARKET)checkBuyConsolidationBreakUp-week2-highNotReachedWeek3,week2BarHighChangeGT2,",1.1541991244812915,3,3,0
"PCTChangeLT-3,,,,volBuyReversalLast2DayDown-VolDown,chisDownTrend-Risky-nearHigh,##(Check-chart-buy):month6High-InMinus,ReversalHighMonth6,",1.3804809154005437,2,1,0
"PCTChangeLT-2,_LTGT3.0_,,,checkSellConsolidationBreakDown-month3HighGTMonth3Low,##(Check-chart-buy):YearHigh-InMinus,NearHighYear,",3.004929115032327,1,1,0
"PCDCGT0PCTDayChangeLT0,,,,sellPattern-LT-1.5-SMALT0,(SMA9LT0),maySellFromBuyPattern-LT-1.8,",-1.8528218754782186,3,1,2
"PCTChangeLT-2,,,,volSellContinueLast2DayDown-VolUp,(GLOBALFUTDOWN-DOWNTRENDMARKET)checkSellConsolidationBreakDown-week2-lowNotReachedWeek3,week2BarLowChangeLT0,weekLowLTweek2Low,chisDownTrend-Risky-nearHigh,##(Check-chart-buy):YearHigh-InMinus,NearHighYear,",-0.18581356014218292,1,0,1
"PCTChangeGT5,_HTGT1.5__LTGT1.5__HTGTPCTDayChange_,,,volumeUpsergedLast2n3n4DayDown,volBuyContinueLast2DayUp-VolUp,weekBarHighChangeGT2,",-0.5882389764800022,1,0,1
"PCTChangeLT-3,,,,volSellVolumeUpsergedLast2n3DayUp,volSellContinueLast2DayDown-VolUp,(GLOBALFUTDOWN-DOWNTRENDMARKET)checkSellConsolidationBreakDown-week2-lowNotReachedWeek3,week2BarLowChangeLT-2,weekLowLTweek2Low,chisDownTrend-Risky-nearHigh,",-0.5712058376217978,1,0,1
"PCTChangeGT8,_HTGT3.0__HTGTPCTDayChange_,,,chisCheckConsolidationBreakoutLT(4.5),",-0.5260370327079803,1,0,1
"PCTChangeLT-3,_HTGT3.0__LTGT3.0_,,,volBuyReversalLast2DayDown-VolUp,chisDownTrend-Risky-nearHigh,##DOWNTREND:sellYear2HighReversal(InDownTrend),##last2DayLow(LT-3)-M3LGT0,",2.5532465987184274,1,1,0
"PCTChangeGT3,year2High,_HTGT3.0__HTGTPCTDayChange_,,,volumeUpsergedLast2n3n4DayDown,volSellReversalLast2DayUp-VolUp,##lastDayHighGT5TodayGT1,",0.3024639602612024,1,1,0
"PCDCGT0PCTChangeLT-1,PCDayChange-0.5to0.5,_HTGT3.0_,,,##MA-SMA200LT0SMA100LT0,",0.0,1,0,0
"PCTChangeGT0,PCDayChange-0.5to0.5,,,,chisSellSMA4Reversal,shortUpTrendBuyContinue-Doji-Last2DayGTToday,",2.0215950525657007,2,1,1
"PCTChangeGT3,_LTGT3.0_,,,chisUpTrend-Risky-nearLow,",0.3125586882549345,2,1,1
"PCTChangeGT3,_HTGT1.5__HTGTPCTDayChange_,,,MaySellCheckChart-(IndexNotDownInSecondHalf),##MAPositive_Uptrend(GT1),##MA-SMA200GT0SMA100GT0,",-2.396798214294981,1,0,1
"PCTChangeGT1,PCDayChange-0.5to0.5,year2High,_LTGT3.0_,,,%%HLTF:(SGXNIFTYUP)buyHighLowerTail-Continue,",0.14110887245334203,3,2,1
"PCTDayChangeLT0,,,,volBuyRevarsalVolCrossed,",0.14385315963794643,3,2,1
"PCTChangeLT-2,_LTGT1.5_,,,(GLOBALFUTDOWN-DOWNTRENDMARKET)checkSellConsolidationBreakDown-week2-lowNotReachedWeek3,week2BarLowChangeLT-2,weekLowLTweek2Low,",0.17795052516861073,8,5,3
"PCTChangeGT3,_HTGT1.5_,,,(Test)MaySell-CheckChart(downTrend-lastDayUp),##MANegative_Downtrend_(GT2),##MA-SMA200LT0SMA100LT0,",-2.027649769585243,1,0,1
"PCTChangeGT2,_HTGT1.5__HTGTPCTDayChange_,,,%%HLTF:(DOWNTREND-OR-GLOBALDOWN)maySellTail-tailGT2-2,3,4thDayGT0,##(Check-chart-sell):month3Low-InPlus,ReversalLowMonth3,chisUpTrend-Risky-nearLow,##UPTREND:buyMonth3LowReversal(Confirm),",-0.26614048380005434,1,0,1
"PCTChangeGT1,_HTGT3.0__HTGTPCTDayChange_,,,$$MaySell-CheckChart-baseLine(inDownTrend-monthHigh)-MLCGT10,##RisingMA(check-chart-sell)-MaySellCheckChart,",-0.077144830085636,1,0,1
"PCTChangeGT1,,,,##(Check-chart-sell):month3Low-InPlus,ReversalLowMonth3,chisUpTrend-Risky-nearLow,##UPTREND:buyMonth3LowReversal(Confirm),",-0.2543621317866401,4,1,3
"PCTChangeLT-2,,,,(GLOBALFUTDOWN-DOWNTRENDMARKET)checkSellConsolidationBreakDown-week2-lowNotReachedWeek3,week2BarLowChangeLT-2,weekLowLTweek2Low,chisDownTrend-Risky-nearHigh,##DOWNTREND:sellYearHighReversal(InDownTrend),##(Check-chart-buy):month3High-InMinus,ReversalHighMonth3,",1.1235955056179878,1,1,0
"PCTChangeGT1,_HTGT1.5__HTGTPCTDayChange_,,,%%:sellUpTrend-month3High,chisBuyYearHigh-3,",-0.6237611676206835,1,0,1
"PCTChangeGT1,,,,volumeUpsergedLast2n3n4DayDown,##UPTREND:buyMonth6Low,",-1.6822104184914726,1,0,1
"PCTChangeLT-0.5,_LTGT1.5_,,,%%:checkSell:Flag2Week,##MA-SMA200LT0SMA100LT0,",3.082809448242191,1,1,0
"PCTChangeGT0.5,PCDayChange-0.5to0.5,,,,(SMA9GT0),",0.7213868968390403,9,6,3
"PCTChangeLT-0.5,_HTGT3.0__HTGTPCTDayChange_,,,%%HLTF:maySellTail-tailGT2-allDayGT0,",-2.663068581562536,4,1,3
"PCTChangeGT3,_HTGT3.0_,,,volumeUpsergedLast2n3n4DayDown,volBuyContinueLast2DayUp-VolUp,##last2DayHighGT3-M3HLT0,",-0.3260202222113627,1,0,1
"PCTChangeLT-3,,,,volSellVolumeUpsergedLast2n3DayUp,##(Check-chart-buy):month3High-InMinus,NearHighMonth3,",-1.5693386105725289,1,0,1
"PCTChangeLT-3,_LTGT1.5_,,,##MANegative_Downtrend_(LT-2),##MA-SMA200LT0SMA100LT0,##last2DayLow(LT-3)-M3LGT0,",-0.35910365254025933,2,1,1
"PCTChangeGT3,year2High,_HTGT1.5_,,,VOL:sell-UpVol-3dayUp-Week2High,weekBarHighChangeGT2,",0.5367988665381037,3,2,1
"PCTChangeGT5,,,,chisBuyUpTrend-nearLow,##UPTREND:buyYearLowReversal(Confirm),",0.7120253164557047,1,1,0
"PCTChangeGT2,_HTGT1.5__LTGT1.5_,,,##MAPositive_Uptrend(GT2),##MA-SMA200LT0SMA100GT0,",2.336239225851268,2,1,1
"PCTChangeGT3,_HTGT3.0__LTGT1.5__HTGTPCTDayChange__LTGTPCTDayChange_,,,(SMA9GT0),",3.729056565500703,1,1,0
"PCTChangeLT-3,_LTGT3.0_,,,(GLOBALFUTDOWN-DOWNTRENDMARKET)checkSellConsolidationBreakDown-week2-lowNotReachedWeek3,week2BarLowChangeLT-2,##DOWNTREND:sellMonth3HighReversal(InDownTrend),##(Check-chart-buy):month3High-InMinus,ReversalHighMonth3,",-1.2422360248447204,1,0,1
"PCTChangeGT2,_LTGT1.5_,,,volBuyVolumeUpsergedLast2n3DayDown,##buyTenDaysLessThanMinusTen,",-1.838157728689601,2,0,2
"PCTChangeGT2,_HTGT1.5__LTGT1.5_,,,chisSellSuper-Risky,-+,##MA-SMA200GT0SMA100GT0,",0.0,1,0,0
"PCTChangeLT-3,,,,volBuyReversalLast2DayDown-VolDown,(GLOBALFUTDOWN-DOWNTRENDMARKET)checkSellConsolidationBreakDown-week2-lowNotReachedWeek3,week2BarLowChangeLT0,chisDownTrend-Risky-nearHigh,##(Check-chart-buy):month3High-InMinus,ReversalHighMonth3,",1.5397976035130447,2,1,1
"PCTChangeLT-3,,,,chisDownTrend-Risky-nearHigh,##DOWNTREND:sellMonth3HighReversal(InDownTrend),##(Check-chart-buy):month3High-InMinus,ReversalHighMonth3,",0.7132096597159769,10,6,4
"PCTChangeGT3,,,,chisCheckConsolidationBreakoutLT(4.5),checkBuyConsolidationBreakUp-2week,week2BarHighChangeGT2,chisSell-2week-breakoutup,",-1.7926936190018232,1,0,1
"PCTChangeGT2,,,,volumeUpsergedLast2n3n4DayDown,(GLOBALFUTUP-UPTRENDMARKET)checkBuyConsolidationBreakUp-week2-highNotReachedWeek3,week2BarHighChangeGT2,",-1.015661731398263,1,0,1
"PCTChangeLT-5,_HTGT1.5__LTGT1.5_,,,##MANegative_Downtrend_(LT-2),##MA-SMA200GT0SMA100LT0,##last2DayLow(LT-3)-M3LGT0,",2.408957232823143,1,1,0
"PCTChangeLT-3,,,,checkCupDown-3dayDown-mayReversalBuy,VOL:buy-DownVol-3dayDown-Week2High,chisSellDayLowVolLow-03-checkMorningTrend(.5SL),##(Check-chart-buy):month3High-InMinus,ReversalHighMonth3,",-1.5047168137555607,1,0,1
"PCTChangeLT-3,_LTGT1.5_,,,$$MayBuy-CheckChart(monthLow-minimumLast4DayDown),",5.718709045066251,1,1,0
"PCTChangeLT-3,,,,volBuyVolumeUpsergedLast2n3DayUp,(GLOBALFUTDOWN-DOWNTRENDMARKET)checkSellConsolidationBreakDown-week2-lowNotReachedWeek3,week2BarLowChangeLT0,",-3.395108023960838,1,0,1
"PCTChangeGT3,_HTGT1.5_,,,%%HLTF-Last2HighTail:(UPTREND)buy(DOWNTREND)sell:HighUpperTailPre-last2DayUp,VOL:sell-UpVol-3dayUp-Week2High,",-2.543100817450164,1,0,1
"PCTChangeLT-5,,,,weekBarLowChangeLT-5,##DOWNTREND:sellMonth6HighReversal(InDownTrend),",1.2704188426942038,1,1,0
"PCTChangeLT-2,_LTGT1.5_,,,volBuyReversalLast2DayDown-VolDown,weekBarLowChangeLT-2,",-1.9490944602272797,1,0,1
"PCTChangeLT-3,,,,VOL:buy-UpVol-3dayDown-Week2Low,##MANegative_Downtrend_(LT-4.5),##MA-SMA200GT0SMA100LT0,##DOWNTREND:sellMonth3LowBreak,",2.8013052150095743,2,2,0
"PCTChangeLT-3,_LTGT1.5_,,,(GLOBALFUTDOWN-DOWNTRENDMARKET)checkSellConsolidationBreakDown-week2-lowNotReachedWeek3,week2BarLowChangeLT-2,##last2DayLow(LT-3)-M3LGT0,",-0.1026435772913749,3,2,1
"PCDCGT0PCTDayChangeLT0,PCDayChange-0.5to0.5,,,,sellPattern-LT-1.5-SMALT0,(SMA9LT0),maySellFromBuyPattern-LT-1.8,",-1.3712480523824557,2,0,2
"PCTChangeLT-2,_LTGT1.5_,,,##DOWNTREND:sellYearHigh(InDownTrend),##(Check-chart-buy):month3High-InMinus,NearHighMonth3,",-3.119943087736444,2,0,2
"PCTChangeGT0,_HTGT1.5_,,,$$MaySell-CheckChart-baseLine(inDownTrend-monthHigh)-PCTDayChangeGT0,",2.396818237647222,1,1,0
"PCTDayChangeLT0,_LTGT1.5_,,,shortDownTrendBuyReversal-MonthLow-Doji-Last2DayLTToday,",-0.5917749129894808,6,2,4
"PCTChangeLT-1,,,,checkCupDown-near2WeekDown-mayReveresalBuy,##(Check-chart-buy):YearHigh-InMinus,ReversalHighYear,",0.5773894317265067,2,1,1
"PCTChangeGT0,_HTGT1.5_,,,%%HLTF:maySellTail-tailGT2-7,10thDayGT20,",3.627365033624059,1,1,0
"PCTChangeGT3,_HTGT3.0_,,,(GLOBALFUTUP-UPTRENDMARKET)checkBuyConsolidationBreakUp-week2-highNotReachedWeek3,week2BarHighChangeGT0,brokenToday,##(check-chart)sellEMA6>EMA14,",1.183796820239485,1,1,0
"PCTChangeGT3,,,,week2BarHighChangeGT0,brokenToday,##last2DayHighGT3-M3HLT0,",1.2414648815810045,1,1,0
"PCTChangeGT8,_LTGT1.5_,,,volumeUpsergedLast2n3n4DayDown,volBuyContinueLast2DayUp-VolUp,",-1.1544857159467,1,0,1
"PCTChangeGT5,year2High,_LTGT1.5_,,,%%HLTF-Risky:(GLOBAL-DOWN)sellHighLowerTail-Reversal-LastDayMarketUp,",-0.21000789406520223,6,3,3
"PCTChangeLT-2,_HTGT3.0__HTGTPCTDayChange_,,,%%HLTF:maySellTail-tailGT2-allDayGT0,##MAPositive_Uptrend(LT-2),##MA-SMA200LT0SMA100GT0,",-1.4999999999999911,1,0,1
"PCTChangeLT-3,,,,volSellContinueLast2DayDown-VolUp,##DOWNTREND:sellYearHigh(InDownTrend),",1.0121457698301122,1,1,0
"PCTChangeLT-3,_HTGT1.5_,,,weekBarLowChangeLT-2,##last2DayLow(LT-3)-M3LLT0,",-3.9012590416676973,2,0,2
"PCTChangeGT3,_HTGT1.5__HTGTPCTDayChange_,,,##MAPositive_Uptrend(GT1),##MA-SMA200GT0SMA100GT0,",-1.8163742658445576,1,0,1
"PCTChangeLT-2,,,,chisSellFlagWeek-Risky,##(Check-chart-sell)Month3Low-Continue(InUpTrend),ReversalLowMonth3,",0.7930992389547441,1,1,0
"PCTChangeLT-2,,,,##MA-SMA200LT0SMA100LT0,##DOWNTREND:sellMonth6LowBreak,",4.339036196225353,1,1,0
"PCTChangeLT-1,year2High,_HTGT1.5_,,,%%HLTF:(UPTREND-MorningTrend-UP)mayBuyTail-highTailGT2-7,10thDayGT10-Last2DayStockDown,chisSellUpTrend-highTail,",-3.91842825804036,1,0,1
"PCTChangeGT3,,,,chisSellYear2LowLT-40-last4DayDown(triggerAfter-9:15),##UPTREND:buyYearLowReversal(Confirm),",-2.229600038045628,1,0,1
"PCTChangeGT2,year2Low,_HTGT3.0__LTGT1.5_,,,chisBuyDayHighVolLow-0,volSellReversalLast2DayUp-VolDown,",-4.4411782657398895,1,0,1
"PCTChangeGT2,year2High,_HTGT1.5__HTGTPCTDayChange_,,,%%HLTF:maySellTail-tailGT2-7,10thDayGT20,%%:sellUpTrend-month3High,",-0.23261163652377492,2,1,1
"PCTChangeLT-1,_LTGT1.5_,,,%%HLTF:sellStockInUptrendReversal,",-0.1157869037828936,1,0,1
"PCTChangeGT3,_HTGT1.5_,,,%%HLTF-Last2HighTail:(UPTREND)buy(DOWNTREND)sell:HighUpperTailPre-last2DayUp,volumeUpsergedLast2n3n4DayDown,",2.6861702127659535,1,1,0
"PCTChangeGT8,_HTGT3.0_,,,%%ACU:buyContinueLast2DayHighGT4,%%HLTF-Last2HighTail:(UPTREND)buy(DOWNTREND)sell:HighUpperTailPre-last2DayUp,##MAPositive_Uptrend(GT4.5),##MA-SMA200LT0SMA100GT0,",-10.60992734652039,1,0,1
"PCTChangeGT3,_LTGT1.5_,,,##(Check-chart-sell):month3Low-InPlus,BreakLowMonth3,",-1.439150364441707,2,1,1
"PCTChangeLT-3,,,,(GLOBALFUTDOWN-DOWNTRENDMARKET)checkSellConsolidationBreakDown-week2-lowNotReachedWeek3,week2BarLowChangeLT0,",-0.3021498764099692,102,46,56
"PCTChangeGT2,_HTGT1.5_,,,%%:sellUpTrend-month3High,",1.601561458996256,1,1,0
"PCTChangeLT-2,_HTGT1.5__HTGTPCTDayChange_,,,volBuyReversalLast2DayDown-VolUp,volBuyRevarsalVolCrossed,",0.8112763364780675,1,1,0
"PCTChangeGT5,,,,(GLOBALFUTUP-UPTRENDMARKET)checkBuyConsolidationBreakUp-week2-highNotReachedWeek3,week2BarHighChangeGT2,weekHighGTweek2High,brokenToday,##last2DayHighGT3-M3HLT0,",-0.8973925036296878,1,0,1
"PCTChangeLT-5,,,,volumeUpsergedLast2n3n4DayUp,(GLOBALFUTDOWN-DOWNTRENDMARKET)checkSellConsolidationBreakDown-week2-lowNotReachedWeek3,week2BarLowChangeLT0,##DOWNTREND:sellMonth3HighReversal(InDownTrend),",-3.9008816630013357,1,0,1
"PCTChangeLT-8,_HTGT1.5__LTGT3.0_,,,chisRSISellCandidate(yearLow)-lessThanMinus5,##MANegative_Downtrend_(LT-4.5),##MA-SMA200LT0SMA100LT0,chisBuyDayLowVolLow-01,",-6.069028061048119,1,0,1
"PCTChangeLT-2,year2High,,,,checkCupDown-3dayDown,VOL:buy-DownVol-3dayDown-Week2High,",-4.016414741889459,1,0,1
"PCDCGT0PCTDayChangeLT0,,,,chisFinalBreakOutBuyContinue-1-test-atYearLow,chisFinalBreakOutBuyContinue-0-test-atYearLow,",-0.46986811278677587,1,0,1
"PCDCLT0PCTChangeGT1,,,,##MANegative_Downtrend_(LT0),##MA-SMA200LT0SMA100LT0,",-0.5854610479054453,1,0,1
"PCTChangeLT-3,,,,%%HLTF-Last2DayMarketDown:(GLOBAL-UP)buyHighUpperTailPre1-Reversal-LastDayMarketDown,chisSellFinalCandidate-1-(lastDayUp),##sellTenDaysMoreThanTen,",1.575024123559852,1,1,0
"PCTChangeLT-1,,,,%%HLTF-Last2DayMarketDown:(GLOBAL-UP)buyHighUpperTailPre1-Reversal-LastDayMarketDown,chisDownTrend-Risky-nearHigh,",3.6550820021712207,1,1,0
"PCTChangeGT1,_HTGT1.5__HTGTPCTDayChange_,,,(Test)MaySellCheckChart-last3DayUp,$$MaySell-CheckChart(downTrend-mayReverseLast4DaysUp),%%:sellUpTrend-month3High,##(Check-chart):year2High-InPlus,",0.40660133382119223,1,1,0
"PCTChangeLT-0.5,,,,%%:checkSell:Super01-monthLow,weekBarLowChangeLT0,",0.5333370632595575,1,1,0
"PCTChangeGT5,_HTGT1.5_,,,VOL:sell-UpVol-3dayUp-Week2High,weekBarHighChangeGT2,##last2DayHighGT3-M3HLT0,",-2.4349396999883717,1,0,1
"PCTChangeLT-1,_HTGT3.0_,,,%%HLTF-Last2HighTail:(DOWNTREND)sellHighUpperTailPre,",2.762495529500198,3,3,0
"PCTChangeGT2,_HTGT3.0_,,,##MA-SMA200GT0SMA100GT0,",1.972745442834752,1,1,0
"PCTChangeGT2,_LTGT3.0_,,,chisBuyUpTrend-nearLow,",-0.8864650143286003,1,0,1
"PCTChangeLT-2,,,,%%checkCupDown-2dayDown-continue,chisSellDownTrend-nearHigh,##(Check-chart-buy):month3High-InMinus,ReversalHighMonth3,",-2.844497120317033,1,0,1
"PCTChangeGT1,,,,volBuyContinueLast2DayUp-VolUp,week2BarHighChangeGT0,weekHighGTweek2High,brokenToday,",-1.0226366459266216,1,0,1
"PCTChangeLT-2,_HTGT3.0__LTGT1.5__HTGTPCTDayChange_,,,##MA-SMA200LT0SMA100LT0,",0.6717894415912721,1,1,0
"PCTChangeLT-5,,,,sellPatternsML,##last2DayLow(LT-3)-M3LLT0,",-6.39174943117751,1,0,1
"PCTChangeLT-2,_HTGT3.0__LTGT1.5_,,,%%:checkSell:FlagWeek,VOL:buy-DownVol-3dayDown-Week2High,",-8.300495617495377,1,0,1
"PCTChangeGT2,PCDayChange-0.5to0.5,_LTGT1.5_,,,chisBuyDownTrend-Risky-2,",0.7588294758962024,1,1,0
"PCTChangeGT0.5,_HTGT1.5__LTGT1.5_,,,%%:checkSell:CupDownDoji,",3.3324558564832634,2,2,0
"PCTChangeLT-3,,,,volSellContinueLast2DayDown-VolUp,chisSellDownTrend-nearHigh,##DOWNTREND:sellYearHigh(InDownTrend),##(Check-chart-buy):month3High-InMinus,NearHighMonth3,",-0.8210864073463777,1,0,1
"PCTChangeLT-0.5,_LTGT3.0_,,,##MA-SMA200LT0SMA100LT0,",-2.6362275173205965,3,1,2
"PCTChangeGT3,_LTGT1.5_,,,##MAPositive_Uptrend(GT2),##MA-SMA200LT0SMA100LT0,##lastDayHighGT5TodayGT1,",-0.9586756682592975,1,0,1
"PCTChangeGT1,_HTGT1.5_,,,%%:sellUpTrend-month3High,##MAPositive_Uptrend(GT1),##MA-SMA200GT0SMA100GT0,",8.145764443228401,1,1,0
"PCTChangeLT-3,,,,(GLOBALFUTDOWN-DOWNTRENDMARKET)checkSellConsolidationBreakDown-week2-lowNotReachedWeek3,week2BarLowChangeLT0,##(Check-chart-buy):month3High-InMinus,ReversalHighMonth3,",-1.2382281727134492,29,7,22
"PCTChangeLT-3,_HTGT1.5_,,,weekBarLowChangeLT0,brokenToday,##MANegative_Downtrend_(LT-2),##MA-SMA200LT0SMA100LT0,",1.0240865802131645,1,1,0
"PCTChangeGT5,,,,volBuyContinueLast2DayUp-VolUp,chisCheckConsolidationBreakoutGT(4.5),checkBuyConsolidationBreakUp-2week,week2BarHighChangeGT2,brokenToday,",-3.324862110792578,2,0,2
"PCTChangeLT-2,,,,checkCupDown-month3HighLTmonth3Low,bar_low,chisSellDownTrend-nearHigh,##DOWNTREND:sellMonth3High(InDownTrend),##(Check-chart-buy):month3High-InMinus,NearHighMonth3,",-1.4516175832909237,1,0,1
"PCTChangeGT5,,,,chisCheckConsolidationBreakoutGT(4.5),##MAPositive_Uptrend(GT4.5),##MA-SMA200LT0SMA100LT0,",-0.03447498580842334,3,2,1
"PCTChangeLT-2,,,,volBuyReversalLast2DayDown-VolDown,##(Test)(Check-chart):yearLow-InMinus,",0.1175760970405168,1,1,0
"PCTChangeGT12,_HTGT3.0__LTGT3.0_,,,volBuyContinueLast2DayUp-VolUp,",-9.794995221635627,1,0,1
"PCTDayChangeLT0,,,,##(Test)(check-chart)-buySMAUpTrend,MayBuyCheckChart-(|`|_|),",0.36436999857667374,1,1,0
"PCTChangeGT1,PCDayChange-0.5to0.5,_HTGT1.5_,,,%%HLTF-Last2HighTail:(UPTREND)buy(DOWNTREND)sell:HighUpperTailPre-last2DayUp,%%HLTF:maySellTail-tailGT2-7,10thDayGT20,",-0.45360023826282625,1,0,1
"PCDCGT0PCTChangeLT-1,PCDayChange-0.5to0.5,_HTGT1.5__LTGT1.5_,,,maySellFromBuyPattern-LT-1.8,",-2.6629765282297226,1,0,1
"PCTChangeGT16,_HTGT1.5__LTGT3.0_,,,##MAPositive_Uptrend(GT4.5),##MA-SMA200GT0SMA100GT0,",6.915577423072046,1,1,0
"PCTChangeGT5,_HTGT1.5__LTGT3.0_,,,volSellRevarsalVolCrossed,",-5.746266379285214,1,0,1
"PCTChangeLT-0.5,year2High,,,,##(Test)(check-chart)-buySMAUpTrend,(Test)MayBuy-CheckChart(upTrend-lastDayDown),",-0.3282480021469513,1,0,1
"PCTChangeLT-2,year2High,_HTGT1.5_,,,volSellContinueLast2DayDown-VolUp,",1.8635952692233233,2,1,1
"PCDCLT0PCTChangeGT0,_HTGT3.0__LTGT1.5_,,,%%HLTF:maySellTail-tailGT2-allDayGT0,",-1.2817056857059483,1,0,1
"PCTChangeLT-5,,,,##DOWNTREND:sellYear2HighReversal(InDownTrend),##last2DayLow(LT-3)-M3LGT0,",0.26570523578722177,2,1,1
"PCTChangeGT2,,,,chisUpTrend-Risky-nearLow,chis-breakoutup-2week,##RisingMA(Test)(check-chart-buy)-2DayUp,##UPTREND:buyMonth3LowReversal(Confirm),",-0.4061462510644447,1,0,1
"PCTChangeGT2,_HTGT3.0__LTGT3.0__HTGTPCTDayChange__LTGTPCTDayChange_,,,##MA-SMA200LT0SMA100LT0,",16.062757420240604,1,1,0
"PCTChangeLT-3,,,,%%checkCupDown-2dayDown-continue,weekBarLowChangeLT0,brokenToday,##DOWNTREND:sellYearHigh(InDownTrend),##last2DayLow(LT-3)-M3LGT0,##(Check-chart-buy):month3High-InMinus,NearHighMonth3,##(check-chart)maySell-EMA6-MT-May-LT-EMA14,",-3.170372110678189,1,0,1
"PCTChangeGT0,,,,%%:checkSell:Super2,-+,",0.5521893913647611,5,4,1
"PCTChangeLT-1,year2Low,_LTGT3.0_,,,$$MayBuy-CheckChart(downTrend-mayReverseLast4DaysDown),buyMorningStar-(checkChart),",-0.43004588661004467,1,0,1
"PCTChangeLT-2,,,,checkCupDown-near2WeekDown-mayReveresalBuy,(GLOBALFUTDOWN-DOWNTRENDMARKET)checkSellConsolidationBreakDown-week2-lowNotReachedWeek3,week2BarLowChangeLT-2,weekLowLTweek2Low,##(Check-chart-buy):month3High-InMinus,ReversalHighMonth3,",-0.43259716173017065,3,1,2
"PCTChangeGT2,_HTGT3.0__HTGTPCTDayChange_,,,volBuyContinueLast2DayUp-VolUp,",-1.7591773664252466,4,1,3
"PCTChangeLT-3,_HTGT1.5__HTGTPCTDayChange_,,,(GLOBALFUTDOWN-DOWNTRENDMARKET)checkSellConsolidationBreakDown-week2-lowNotReachedWeek3,week2BarLowChangeLT0,",-0.13052732798113334,2,1,1
"PCTChangeGT3,_HTGT3.0_,,,chisCheckConsolidationBreakoutLT(4.5),",0.18925011200715455,1,1,0
"PCTChangeLT-3,_HTGT3.0__HTGTPCTDayChange_,,,##DOWNTREND:sellMonth3High(InDownTrend),##last2DayLow(LT-3)-M3LGT0,##(Check-chart-buy):month3High-InMinus,NearHighMonth3,",-3.184889051649308,1,0,1
"PCTChangeLT-0.5,PCDayChange-0.5to0.5,_HTGT1.5_,,,##MAPositive_Uptrend(LT0),##MA-SMA200GT0SMA100GT0,",-1.9285692487444062,1,0,1
"PCTChangeLT-2,_LTGT1.5_,,,##ML:buyRisingMA-down-Risky,",0.9213897144175072,8,6,2
"PCTChangeGT5,year2High,,,,##lastDayHighGT5TodayGT1,",-2.4050313872902698,1,0,1
"PCTChangeLT-2,,,,checkCupDown-2dayDown-mayReversalBuy,(GLOBALFUTDOWN-DOWNTRENDMARKET)checkSellConsolidationBreakDown-week2-lowNotReachedWeek3,week2BarLowChangeLT0,",-0.7572124727922734,1,0,1
"PCTChangeGT1,,,,volSellVolumeUpsergedLast2n3DayDown,chisCheckConsolidationBreakoutLT(4.5),",-0.13482280431433327,1,0,1
"PCTChangeLT-1,_HTGT1.5__HTGTPCTDayChange_,,,##MAPositive_Uptrend(LT-1),##MA-SMA200LT0SMA100LT0,",1.7068511755055058,1,1,0
"PCTChangeGT0.5,,,,chisSellFlagWeek-doji-Risky,chisSellSMA4Reversal,",-0.7621612820803003,1,0,1
"PCTChangeLT-3,_HTGT1.5_,,,checkCupDown-2dayDown-mayReversalBuy,",-1.1883678454906705,2,1,1
"PCTChangeLT-2,_HTGT1.5__LTGT1.5_,,,chisSellFinalCandidate-1-(lastDayUp),",3.6767214927300707,1,1,0
"PCTChangeLT-3,,,,##DOWNTREND:sellYear2HighReversal(InDownTrend),",-0.6432515028840441,13,6,7
"PCTChangeGT3,_HTGT1.5_,,,checkBuyConsolidationBreakout-allPreLT0,",-0.03187264851937869,7,2,5
"PCTChangeGT0.5,PCDayChange-0.5to0.5,,,,chisSellFlagWeek-doji-Risky,",0.9352120503006786,8,6,2
"PCDCLT0PCTChangeGT3,,,,##MA-SMA200GT0SMA100GT0,",-1.8619153013602348,2,0,2
"PCTChangeGT2,year2High,,,,volumeUpsergedLast2n3n4DayDown,chisCheckConsolidationBreakoutLT(4.5),weekBarHighChangeGT0,brokenToday,",-0.9060215199642829,2,0,2
"PCTChangeLT-3,,,,checkCupDown-2dayDown,volumeUpsergedLast2n3n4DayUp,",3.942961908613593,1,1,0
"PCTChangeLT-2,,,,volBuyReversalLast2DayDown-VolDown,chisSellDownTrend-nearHigh,chisSellUpTrend-Risky-2,##(Check-chart-buy):YearHigh-InMinus,NearHighYear,",-0.3892179020864618,1,0,1
"PCTChangeGT2,_HTGT3.0__LTGT3.0__HTGTPCTDayChange__LTGTPCTDayChange_,,,##MAPositive_Uptrend(GT2),##MA-SMA200LT0SMA100GT0,",-4.116746633743056,1,0,1
"PCTChangeLT-3,,,,volumeUpsergedLast2n3n4DayUp,(GLOBALFUTDOWN-DOWNTRENDMARKET)checkSellConsolidationBreakDown-week2-lowNotReachedWeek3,week2BarLowChangeLT0,",-0.8337256033374804,3,1,2
"PCTDayChangeLT0,PCDayChange-0.5to0.5,_HTGT3.0_,,,%%HLTF:maySellTail-tailGT2-allDayGT0,",-2.379978324103042,1,0,1
"PCTChangeLT-3,_HTGT1.5_,,,%%HLTF:maySellTail-tailGT2-7,10thDayGT0,sellFinal,",-1.325185675370066,1,0,1
"PCTChangeLT-16,_HTGT3.0__LTGT3.0_,,,##MANegative_Downtrend_(LT-4.5),##MA-SMA200LT0SMA100LT0,",-0.9105867367761746,2,1,1
"PCTChangeGT2,_HTGT3.0__LTGT1.5_,,,##MA-SMA200LT0SMA100LT0,(Test)MayBuyCheckChart-monthLowReversal,monthLowChangeLT-5,weekLowLTweek2,volumeUpsergedLast2n3n4DayDown,volBuyContinueLast2DayUp-VolUp,",-8.725693211974425,1,0,1
"PCTChangeGT1,,,,chisUpTrend-Risky-nearLow,##(Test)buyBottomReversal-1,",2.40509323650287,3,3,0
"PCTChangeGT2,,,,##(Check-chart-sell):month3Low-InPlus,ReversalLowMonth3,chisUpTrend-Risky-nearLow,weekBarHighChangeGT2,brokenToday,chis-breakoutup-2week,##UPTREND:buyMonth3LowReversal(Confirm),",-1.4447609358401206,1,0,1
"PCTChangeLT-2,year2High,,,,volSellVolumeUpsergedLast2n3DayUp,volSellContinueLast2DayDown-VolUp,",-0.3784116209663263,5,1,4
"PCTChangeLT-8,,,,maySellHighVolatileDownContinueLT-8,VOL:sell(GLOBALFUTUP-GLOBALMARKETUP)Buy-UpVol-3dayDown-Week2High,",-3.9393939393939323,1,0,1
"PCTDayChangeLT0,,,,##(Test)(check-chart)-buySMAUpTrend,",-0.3166499318331472,18,6,12
"PCTChangeLT-2,,,,##sellTenDaysMoreThanTen,##ML:BuyRisingMA-Risky-1,##MAPositive_Uptrend(LT-2),##MA-SMA200LT0SMA100LT0,",0.052599074969042196,1,1,0
"PCTChangeGT3,_HTGT1.5_,,,%%HLTF:maySellTail-tailGT2-7,10thDayGT20,",2.831485330329066,1,1,0
"PCTChangeGT3,,,,chisUpTrend-Risky-nearLow,volBuyContinueLast2DayUp-VolUp,(GLOBALFUTUP-UPTRENDMARKET)checkBuyConsolidationBreakUp-week2-highNotReachedWeek3,week2BarHighChangeGT0,brokenToday,",-0.4184553306187154,1,0,1
"PCTChangeLT-1,,,,weekBarLowChangeLT0,brokenToday,##(Check-chart-buy):month3High-InMinus,ReversalHighMonth3,",-0.6506395288800084,7,3,4
"PCTChangeLT-1,year2Low,_LTGT3.0_,,,%%:buyDownTrend-month3Low,",-3.5481962054614375,1,0,1
"PCDCGT0PCTChangeLT-1,PCDayChange-0.5to0.5,_LTGT3.0_,,,%%HLTF:(GLOBAL-DOWN)sellHighLowerTail-Reversal-LastDayMarketUp,",-3.3651391989036608,1,0,1
"PCTChangeGT5,_HTGT1.5_,,,%%HLTF-Last2HighTail:(UPTREND)buy(DOWNTREND)sell:HighUpperTailPre-last2DayUp,##MAPositive_Uptrend(GT2),##MA-SMA200GT0SMA100GT0,##lastDayHighGT5TodayGT1,",-5.930956526066133,1,0,1
"PCDCLT0PCTChangeGT0,_LTGT1.5_,,,buyPatternsML,",2.025955989385742,1,1,0
"PCTChangeLT-3,_HTGT1.5_,,,weekBarLowChangeLT-2,chisDownTrend-Risky-nearHigh,##(Check-chart-buy):month3High-InMinus,ReversalHighMonth3,",-2.0141385890569667,1,0,1
"PCTChangeLT-3,_HTGT1.5__LTGT1.5_,,,##MANegative_Downtrend_(LT-1),##MA-SMA200LT0SMA100LT0,",-3.597939490030158,1,0,1
"PCTChangeGT1,_HTGT1.5__HTGTPCTDayChange_,,,(Test)MaySellCheckChart-last3DayUp,MaySellCheckChart-(IndexNotDownInSecondHalf),$$MaySell-CheckChart(monthHigh-minimumLast4DayUp),",0.010323592054808178,2,1,1
"PCTDayChangeLT0,year2High,_HTGT3.0_,,,%%HLTF:maySellTail-tailGT2-allDayGT0,",-3.1200312384957902,1,0,1
"PCTChangeLT-5,year2High,_LTGT3.0_,,,%%HLTF:(GLOBAL-DOWN)sellHighLowerTail-Reversal-LastDayMarketUp,",1.301773342155152,1,1,0
"PCTChangeGT3,_HTGT1.5_,,,brokenToday,",4.888661702473959,1,1,0
"PCTChangeLT-3,,,,##longDownTrend-1-IndexNotDownLastDay(checkBase),##MANegative_Downtrend_(LT-2),##MA-SMA200LT0SMA100LT0,##DOWNTREND:sellMonth3LowBreak,",-0.7829687097570491,1,0,1
"PCTChangeGT2,_HTGT1.5__HTGTPCTDayChange_,,,%%HLTF:(DOWNTREND-OR-GLOBALDOWN)maySellTail-tailGT2-2,3,4thDayGT0,volSellRevarsalVolCrossed,",0.31297479931710287,1,1,0
"PCTChangeLT-2,,,,checkCupDown-inDownTrend,bar_low,chisSellDownTrend-nearHigh,",-4.221464436582233,1,0,1
"PCTChangeGT0,PCDayChange-0.5to0.5,_HTGT1.5__LTGT1.5_,,,chisSellFlag2Week-doji-Risky,",1.8708339080905556,3,2,1
"PCTChangeLT-2,PCDayChange-0.5to0.5,_LTGT3.0_,,,##ML:BuyRisingMA-Risky-1,",0.4255319148936095,1,1,0
"PCTChangeLT-1,_HTGT1.5__HTGTPCTDayChange__LTGTPCTDayChange_,,,chisSell-smallUptrendReversal,",1.7348222785891951,1,1,0
"PCTChangeGT8,_HTGT1.5__HTGTPCTDayChange_,,,##MAPositive_Uptrend(GT2),##MA-SMA200GT0SMA100GT0,",-8.343846013242633,1,0,1
"PCTDayChangeLT0,,,,%%:check(UPTREND-UPMARKET)Buy(DOWNTRENDTREND-DOWNMARKET)Sell:Super01-monthLow,",0.25473772661610755,45,22,22
"PCTChangeGT5,year2High,,,,chisBuyConsolidationBreakUp-2week-(Risky)-year2High,week2BarHighChangeGT0,",-0.2008267720464959,1,0,1
"PCTChangeGT3,,,,weekBarHighChangeGT2,##last2DayHighGT3-M3HLT0,",-0.4384419223350496,14,7,7
"PCTChangeLT-2,_HTGT1.5__LTGT3.0_,,,%%HLTF:(GLOBAL-DOWN)sellHighLowerTail-Reversal-LastDayMarketUp,volBuyRevarsalVolCrossed,chisBuyDayLowVolLow-03-checkMorningTrend(.5SL)-after10:30,",-11.236845317639798,1,0,1
"PCTChangeGT1,_HTGT3.0__HTGTPCTDayChange_,,,%%:sellUpTrend-month3High,##MAPositive_Uptrend(GT1),##MA-SMA200GT0SMA100GT0,",0.3600016276041625,1,1,0
"PCTChangeLT-12,_LTGT1.5_,,,chisDownTrend-Risky-nearHigh,##MANegative_Downtrend_(LT-4.5),##MA-SMA200LT0SMA100LT0,",-0.45759314103000615,1,0,1
"PCTChangeGT2,year2Low,_HTGT1.5__HTGTPCTDayChange_,,,%%HLTF:(DOWNTREND-OR-GLOBALDOWN)maySellTail-tailGT2-2,3,4thDayGT0,##RisingMA(check-chart-sell)-MaySellCheckChart,",-1.0606538712505231,1,0,1
"PCTChangeLT-2,_HTGT1.5__HTGTPCTDayChange_,,,%%HLTF:maySellTail-tailGT2-7,10thDayGT20,##(Check-chart-buy):month3High-InMinus,BreakHighMonth3,",1.4898593183876836,1,1,0
"PCTChangeGT0.5,_HTGT1.5_,,,%%HLTF-Last2HighTail:(UPTREND)buy(DOWNTREND)sell:HighUpperTailPre-last2DayUp,$$MaySell-CheckChart-baseLine(inDownTrend-monthHigh)-MLCGT10,chisSellEveningStar-2(Check2-3MidCapCross),",5.492959895604093,1,1,0
"PCTChangeLT-2,year2High,_LTGT1.5_,,,%%HLTF:(GLOBAL-UP)buyHighLowerTail-LastDayMarketUp,",0.8168316831683268,1,1,0
"PCTChangeGT2,,,,(SMA9GT0),",-0.16551024694173458,15,6,9
"PCTChangeLT-2,,,,checkSellConsolidationBreakDown-month3HighGTMonth3Low,chisDownTrend-Risky-nearHigh,##(Check-chart-buy):month3High-InMinus,NearHighMonth3,",1.3620987715099326,1,1,0
"PCTChangeGT0.5,PCDayChange-0.5to0.5,year2High,_HTGT1.5_,,,%%HLTF-Risky9:30:maySellTail-tailGT2-7,10thDayGT15,",-1.7388299828113614,3,0,3
"PCTChangeGT5,_LTGT1.5_,,,##MANegative_Downtrend_(GT2),##MA-SMA200LT0SMA100GT0,",6.157955568649432,1,1,0
"PCTChangeGT0.5,PCDayChange-0.5to0.5,,,,%%:checkBuyContinue:CupDownDoji-last2dayUp,",0.47239110993671596,4,2,2
"PCTChangeLT-2,_LTGT1.5_,,,##MANegative_Downtrend_(LT-2),##MA-SMA200LT0SMA100LT0,##DOWNTREND:sellMonth6LowBreak,",0.07815205100359335,4,2,2
"PCTChangeLT-3,_HTGT1.5__LTGT1.5_,,,volSellContinueLast2DayDown-VolUp,(GLOBALFUTDOWN-DOWNTRENDMARKET)checkSellConsolidationBreakDown-week2-lowNotReachedWeek3,week2BarLowChangeLT-2,chisDownTrend-Risky-nearHigh,##DOWNTREND:sellYearHighReversal(InDownTrend),##last2DayLow(LT-3)-M3LGT0,##(Check-chart-buy):month3High-InMinus,ReversalHighMonth3,",1.9797497846948775,1,1,0
"PCTChangeLT-3,_LTGT1.5_,,,##MANegative_Downtrend_(LT-4.5),##MA-SMA200GT0SMA100LT0,##DOWNTREND:sellMonth3LowBreak,##last3DayLow(LT-3)-M3LLT0,chisSellDayLowVolLow-01,",2.484798493433319,1,1,0
"PCTChangeLT-3,_LTGT1.5_,,,(SMA9LT0),chisDownTrend-Risky-nearHigh,##DOWNTREND:sellYearHighReversal(InDownTrend),##(Check-chart-buy):YearHigh-InMinus,ReversalHighYear,",0.8053670793571723,1,1,0
"PCTChangeLT-12,_LTGT3.0_,,,chisDownTrend-Risky-nearHigh,",4.208335876464844,1,1,0
"PCTChangeLT-2,,,,volSellVolumeUpsergedLast2n3DayUp,##sellTenDaysMoreThanTen,",-0.4388114434691546,3,1,2
"PCTChangeLT-3,,,,checkCupDown-3dayDown-mayReversalBuy,chisSellDayLowVolLow-03-checkMorningTrend(.5SL),",-2.5653593443443037,1,0,1
"PCTChangeLT-3,_HTGT1.5_,,,##last2DayLow(LT-3)-M3LGT0,",-1.525392181104496,9,3,6
"PCTChangeLT-0.5,,,,%%:check(UPTREND-UPMARKET)Buy(DOWNTRENDTREND-DOWNMARKET)Sell:Super01-monthLow,##ML:sellRisingMA-down-(Risky),",0.39575053918315733,1,1,0
"PCTChangeLT-3,_LTGT1.5_,,,##MANegative_Downtrend_(LT-2),##MA-SMA200LT0SMA100LT0,##DOWNTREND:sellYearLowBreak,##last2DayLow(LT-3)-M3LLT0,",0.44930858651161565,2,1,1
"PCTChangeLT-5,_HTGT3.0__LTGT1.5__HTGTPCTDayChange_,,,chisSell-smallUptrendReversal,",4.39149297755797,2,2,0
"PCTChangeGT1,,,,chisBuyUpTrend-nearLow,volSellReversalLast2DayUp-VolDown,",-2.696298104745353,1,0,1
"PCTChangeLT-3,,,,checkCupDown-inDownTrend-month3HighLTmonth3Low,bar_low,volSellContinueLast2DayDown-VolUp,##sellTenDaysMoreThanTen,",-1.8282677041643696,1,0,1
"PCTChangeGT1,,,,shortUpTrendSellReversal-MonthHigh,week2BarHighChangeGT2,weekHighGTweek2High,",-5.913554625236822,2,0,2
"PCTChangeLT-16,year2Low,_HTGT3.0__LTGT1.5_,,,chisSellDayLowVolLow-0,",8.236605780465252,1,1,0
"PCTChangeGT3,year2High,_HTGT1.5_,,,week2BarHighChangeGT2,brokenToday,",0.9262551310684446,1,1,0
"PCTChangeLT-3,,,,volBuyReversalLast2DayDown-VolDown,weekBarLowChangeLT0,brokenToday,",0.11901317427291558,2,1,1
"PCTChangeGT0,PCDayChange-0.5to0.5,_HTGT1.5_,,,##MAPositive_Uptrend(GT0),##MA-SMA200GT0SMA100GT0,",-0.4480391681897764,6,1,5
"PCTChangeGT2,_HTGT1.5_,,,MaySellCheckChart-(IndexNotDownInSecondHalf),chisCheckConsolidationBreakoutLT(4.5),(GLOBALFUTUP-UPTRENDMARKET)checkBuyConsolidationBreakUp-week2-highNotReachedWeek3,week2BarHighChangeGT2,weekHighGTweek2High,chis-breakoutup-2week,",-1.2457317052847676,1,0,1
"PCTChangeLT-1,_LTGT1.5_,,,chisDownTrend-Risky-nearHigh,##(Test):buyRisingMA-uptrend-SMA25gt0,",1.5074730113213097,1,1,0
"PCDCLT0PCTChangeGT0,_LTGT1.5_,,,##MAPositive_Uptrend(LT0),##MA-SMA200GT0SMA100GT0,",-1.4432924215923464,5,0,5
"PCTChangeGT0,_LTGT1.5_,,,$$MayBuy-CheckChart-baseLine(inuptrend-monthlow)-MHCLT(-10),",-2.3730008107311362,1,0,1
"PCTChangeLT-8,year2Low,_HTGT3.0__LTGT1.5_,,,chisSellDayLowVolLow-0,",-14.104477611940291,1,0,1
"PCTChangeLT-1,,,,volBuyReversalLast2DayDown-VolDown,sellFinal,##(Check-chart-buy):month3High-InMinus,NearHighMonth3,",2.977904437617965,1,1,0
"PCTChangeGT8,_HTGT3.0__LTGT1.5__HTGTPCTDayChange_,,,%%HLTF:(UPTREND-GLOBAL/SGX-UP)BuyHighUpperTail-Reversal-7,10thDayGT15-LastDayMarketDown,chisCheckConsolidationBreakout2WeekGT(4.5),##MAPositive_Uptrend(GT4.5),##MA-SMA200GT0SMA100GT0,",-2.423132150195282,1,0,1
"PCDCGT0PCTDayChangeLT0,,,,buyPatternsML,buyPattern-GT1.5-SMAGT0,(SMA9GT0),chisBuyYearHigh-3,",-0.5023432231327902,1,0,1
"PCTChangeLT-3,,,,checkCupDown-3dayDown-mayReversalBuy,##DOWNTREND:sellMonth3HighReversal(InDownTrend),chisSellDayLowVolLow-03-checkMorningTrend(.5SL),##(Check-chart-buy):month3High-InMinus,ReversalHighMonth3,",2.1224477339763963,1,1,0
"PCTChangeGT1,_HTGT1.5__HTGTPCTDayChange_,,,(Test)(check-chart-2-3MidCapCross)MaySellCheckChart-Risky,buyYearHigh-0,",-0.5966350277693672,3,2,1
"PCTChangeLT-3,,,,volumeUpsergedLast2n3n4DayUp,volSellContinueLast2DayDown-VolUp,chisDownTrend-Risky-nearHigh,##DOWNTREND:sellYear2HighReversal(InDownTrend),##(Check-chart-buy):YearHigh-InMinus,ReversalHighYear,",-1.6455460960632813,2,0,2
"PCTChangeLT-2,_LTGT1.5_,,,chisDownTrend-Risky-nearHigh,",-0.2470999184271702,48,20,28
"PCTChangeLT-0.5,_LTGT1.5_,,,(Test)(check-chart-2-3MidCapCross)MayBuyCheckChart-Risky,##buyYear2LowMovingSMA,",-1.857026605970174,1,0,1
"PCTChangeGT3,,,,chisCheckConsolidationBreakout2WeekGT(4.5),##MAPositive_Uptrend(GT4.5),##MA-SMA200GT0SMA100GT0,",1.165857855497488,1,1,0
"PCTChangeLT-3,,,,chisSellFlagWeek-Risky,checkCupDown-2dayDown,",2.072179955123626,1,1,0
"PCTChangeLT-5,_HTGT1.5__LTGT1.5_,,,##last2DayLow(LT-3)-M3LGT0,",-1.5838583652076084,2,1,1
"PCTChangeGT5,_LTGT3.0_,,,##lastDayHighGT5TodayGT1,",-0.1091126033455379,2,1,1
"PCTChangeGT8,,,,volumeUpsergedLast2n3n4DayDown,##MAPositive_Uptrend(GT4.5),##MA-SMA200GT0SMA100GT0,",1.6747173191823288,2,2,0
"PCTChangeGT0.5,_HTGT1.5_,,,shortUpTrendSellReversal-MonthHigh-Doji-Last2DayGTToday,chisSellEveningStar-2(Check2-3MidCapCross),",3.5096168518066366,1,1,0
"PCTDayChangeLT0,_HTGT1.5__HTGTPCTDayChange_,,,chisDownTrend-Risky-nearHigh,",0.03709197204362565,6,4,2
"PCTChangeLT-3,_HTGT1.5__LTGT3.0__LTGTPCTDayChange_,,,##MANegative_Downtrend_(LT-2),##MA-SMA200LT0SMA100LT0,##last2DayLow(LT-3)-M3LLT0,",8.150275248030235,1,1,0
"PCTChangeLT-5,year2Low,_LTGT1.5_,,,VOL:sellAboveTail-BuyAtClose:upVol3dayDownWeek2Low-highLowerTail,",1.1531365313653137,1,1,0
"PCTChangeLT-3,_HTGT3.0__LTGT1.5__HTGTPCTDayChange_,,,zigZagVolCrossedFromUp,",1.8749507830086551,3,1,2
"PCTChangeGT2,_LTGT3.0_,,,buyYearHigh-0,",-3.1975601106274905,1,0,1
"PCTChangeLT-2,,,,checkCupDown-near2WeekDown-mayReveresalBuy,vol-buy-DownVol-3dayDown-Week2Low,(GLOBALFUTDOWN-DOWNTRENDMARKET)checkSellConsolidationBreakDown-week2-lowNotReachedWeek3,week2BarLowChangeLT0,",-2.590059078998448,1,0,1
"PCTChangeGT1,_LTGT1.5_,,,##MANegative_Downtrend_(GT2),##MA-SMA200LT0SMA100LT0,",-4.491528009964249,1,0,1
"PCTChangeGT3,_LTGT3.0_,,,volumeUpsergedLast2n3n4DayDown,",1.6770102734323875,2,1,1
"PCTChangeLT-2,,,,##MANegative_Downtrend_(LT-1),##MA-SMA200GT0SMA100LT0,",-0.9484687551725004,2,1,1
"PCTChangeGT12,_HTGT3.0_,,,##MAPositive_Uptrend(GT4.5),##MA-SMA200LT0SMA100GT0,",4.5619533372962,1,1,0
"PCTChangeGT2,,,,(GLOBALFUTUP-UPTRENDMARKET)checkBuyConsolidationBreakUp-week2-highNotReachedWeek3,week2BarHighChangeGT0,chisFinalBreakOutBuyContinue-11-test-atYearLow,chisFinalBreakOutBuyContinue-00-test-atYearLow,",0.7855063325360807,1,1,0
"PCTChangeGT5,,,,buyPatternsML,##MAPositive_Uptrend(GT4.5),##MA-SMA200LT0SMA100GT0,",9.54091572713947,1,1,0
"PCTChangeLT-3,year2High,_HTGT3.0__HTGTPCTDayChange_,,,volBuyReversalLast2DayDown-VolDown,##sellTenDaysMoreThanTen,",-5.243676545312391,1,0,1
"PCTChangeGT3,_LTGT1.5_,,,##(Check-chart-sell):month3Low-InPlus,ReversalLowMonth3,##UPTREND:buyMonth3LowReversal(Confirm),##last2DayHighGT3-M3HLT0,",-2.563358113804,1,0,1
"PCDCGT0PCTDayChangeLT0,PCDayChange-0.5to0.5,_HTGT1.5__LTGT1.5_,,,%%HLTF:maySellTail-tailGT2-7,10thDayGT20,",1.3863111614269872,1,1,0
"PCTChangeGT3,,,,volBuyVolumeUpsergedLast2n3DayDown,",-0.1842416749438036,57,24,33
"PCTChangeLT-3,_HTGT1.5__LTGT1.5_,,,VOL:buy-UpVol-3dayDown-Week2Low,",-2.773459677376223,1,0,1
"PCTDayChangeLT0,_LTGT3.0_,,,##MANegative_Downtrend_(LT0),##MA-SMA200LT0SMA100LT0,",3.291139240506328,1,1,0
"PCTChangeLT-3,_HTGT1.5_,,,volumeUpsergedLast2n3n4DayUp,volSellContinueLast2DayDown-VolUp,##DOWNTREND:sellYear2HighReversal(InDownTrend),##(Check-chart-buy):month3High-InMinus,ReversalHighMonth3,",0.951703057200717,1,1,0
"PCTChangeGT5,_HTGT1.5_,,,(GLOBALFUTUP-UPTRENDMARKET)checkBuyConsolidationBreakUp-week2-highNotReachedWeek3,week2BarHighChangeGT2,weekHighGTweek2High,brokenToday,",-1.9276837145342345,1,0,1
"PCTChangeGT0.5,_HTGT1.5_,,,chisCheckConsolidationBreakoutLT(4.5),",3.5652138530344253,1,1,0
"PCDCGT0PCTChangeLT-1,PCDayChange-0.5to0.5,_HTGT1.5__LTGT3.0_,,,chisSellFlag2Week-doji-Risky,",0.7439744614390349,1,1,0
"PCTChangeLT-2,_LTGT3.0_,,,(GLOBALFUTDOWN-DOWNTRENDMARKET)checkSellConsolidationBreakDown-week2-lowNotReachedWeek3,week2BarLowChangeLT0,",-0.3472667405341471,2,1,1
"PCTChangeLT-2,,,,chisSellFinalCandidate-(lastDayUp),sellFinal1,",1.6004399561241636,1,1,0
"PCTChangeLT-3,_HTGT1.5_,,,volSellContinueLast2DayDown-VolUp,(GLOBALFUTDOWN-DOWNTRENDMARKET)checkSellConsolidationBreakDown-week2-lowNotReachedWeek3,week2BarLowChangeLT-2,chisDownTrend-Risky-nearHigh,##DOWNTREND:sellMonth3HighReversal(InDownTrend),##(Check-chart-buy):month3High-InMinus,ReversalHighMonth3,",4.08536585365854,1,1,0
"PCTChangeGT5,year2High,_HTGT1.5_,,,VOL:buyBelowTail-SellAtClose:upVol3dayUpWeek2High-highUpperTail,weekBarHighChangeGT5,",-1.283016564711095,1,0,1
"PCDCGT0PCTDayChangeLT0,_HTGT3.0_,,,(SMA9LT0),",-4.125986174335631,1,0,1
"PCTChangeLT-3,_HTGT1.5_,,,(GLOBALFUTDOWN-DOWNTRENDMARKET)checkSellConsolidationBreakDown-week2-lowNotReachedWeek3,week2BarLowChangeLT-2,",1.4493140247379188,3,3,0
"PCTChangeLT-0.5,PCDayChange-0.5to0.5,_HTGT1.5_,,,chisBuyYearHigh-1,",-0.3894350641535399,7,2,5
"PCTChangeGT1,year2High,_HTGT1.5__HTGTPCTDayChange_,,,%%HLTF:(DOWNTREND-OR-GLOBALDOWN)maySellTail-tailGT2-2,3,4thDayGT0,",-1.9021739130434923,1,0,1
"PCTChangeLT-3,,,,volSellVolumeUpsergedLast2n3DayUp,volSellContinueLast2DayDown-VolUp,chisDownTrend-Risky-nearHigh,##(Check-chart-buy):month3High-InMinus,ReversalHighMonth3,",4.013613841118479,2,2,0
"PCTChangeGT3,_LTGT1.5_,,,chisCheckConsolidationBreakoutLT(4.5),(GLOBALFUTUP-UPTRENDMARKET)checkBuyConsolidationBreakUp-week2-highNotReachedWeek3,week2BarHighChangeGT0,brokenToday,",5.470278194606248,1,1,0
"PCTChangeLT-1,_HTGT1.5__LTGT3.0__LTGTPCTDayChange_,,,##MANegative_Downtrend_(LT-2),##MA-SMA200GT0SMA100LT0,",-7.605817431077694,1,0,1
"PCDCLT0PCTChangeGT1,year2High,_HTGT3.0__LTGT1.5_,,,%%HLTF:(UPTREND-MorningTrend-UP)mayBuyTail-highTailGT2-7,10thDayGT10-Last2DayStockDown,",0.4340008944221388,1,1,0
"PCTChangeGT3,,,,volBuyContinueLast2DayUp-VolUp,chisCheckConsolidationBreakoutLT(4.5),",-0.32981819685388686,9,4,5
"PCTChangeLT-1,_HTGT1.5__LTGT1.5__LTGTPCTDayChange_,,,volBuyReversalLast2DayDown-VolUp,##(Check-chart-buy):month3High-InMinus,ReversalHighMonth3,",0.5813953488372126,1,1,0
"PCTChangeGT5,_HTGT3.0__LTGT1.5__HTGTPCTDayChange_,,,volBuyContinueLast2DayUp-VolUp,(GLOBALFUTUP-UPTRENDMARKET)checkBuyConsolidationBreakUp-week2-highNotReachedWeek3,week2BarHighChangeGT0,",4.0377980125689685,1,1,0
"PCDCGT0PCTDayChangeLT0,_HTGT3.0__HTGTPCTDayChange_,,,(SMA9GT0),",-1.4021650948524877,1,0,1
"PCTChangeLT-0.5,,,,chisDownTrend-Risky-nearHigh,chisSellUpTrend-Risky-2,",-2.105264496385006,1,0,1
"PCTChangeGT2,_HTGT1.5__HTGTPCTDayChange_,,,$$MaySell-CheckChart(monthHigh-minimumLast4DayUp),weekBarHighChangeGT2,",-0.6880347623114799,1,0,1
"PCTChangeGT3,,,,VOL:buy(GLOBALFUTDOWN-GLOBALMARKETDOWN)Sell-UpVol-3dayUp-Week2Low,BuyYearLow,##UPTREND:buyYear2LowReversal(Confirm),",-0.5309742758666098,1,0,1
"PCTChangeLT-2,,,,volBuyReversalLast2DayDown-VolDown,",-0.4328859783990936,131,53,78
"PCTChangeGT0.5,_HTGT1.5__HTGTPCTDayChange_,,,chisSellDowningMA-(check5MinuteDownTrendAndSellDowntrend)-Already10DayDown,(Test)MaySell-CheckChart(downTrend-lastDayUp),",1.0490896647579542,2,2,0
"PCTChangeGT3,,,,chisBuyUpTrend-1-YearHigh,chisCheckConsolidationBreakoutLT(4.5),(GLOBALFUTUP-UPTRENDMARKET)checkBuyConsolidationBreakUp-week2-highNotReachedWeek3,week2BarHighChangeGT0,brokenToday,",0.4964010996023757,1,1,0
"PCTChangeGT1,_HTGT3.0_,,,chisUpTrend-Risky-nearLow,",0.037649079570622024,2,1,1
"PCTChangeGT8,,,,volBuyContinueLast2DayUp-VolUp,buyPatternsML,",7.923421246839005,1,1,0
"PCDCLT0PCTChangeGT0,_HTGT1.5__HTGTPCTDayChange_,,,##MA-SMA200GT0SMA100GT0,",-0.38778389484702674,3,1,2
"PCTChangeGT3,,,,(GLOBALFUTUP-UPTRENDMARKET)checkBuyConsolidationBreakUp-week2,weekBarHighChangeGT0,brokenToday,",-0.7716049019328476,1,0,1
"PCTChangeGT5,_HTGT1.5_,,,volBuyContinueLast2DayUp-VolUp,##last2DayHighGT3-M3HLT0,",3.305521786300476,3,2,1
"PCTChangeGT0.5,_HTGT1.5_,,,%%:checkSell:Super2,%%:sellDowntrend-lastDayUp-ReversalHighTail,",-3.5436351645416506,2,0,2
"PCTChangeGT1,year2High,_HTGT1.5__HTGTPCTDayChange_,,,%%HLTF-Last2HighTail:(UPTREND)buy(DOWNTREND)sell:HighUpperTailPre-last2DayUp,",2.598994650035824,3,3,0
"PCTChangeLT-3,,,,VOL:buy-UpVol-3dayDown-Week2Low,##DOWNTREND:sellYear2HighReversal(InDownTrend),$$MayBuy-CheckChart(monthLow-minimumLast4DayDown),",-0.48736856871947914,1,0,1
"PCTChangeGT5,_LTGT1.5_,,,##(Test)buyBottomReversal-1,",-0.5090477932021852,1,0,1
"PCTChangeGT1,,,,chisCheckConsolidationBreakoutLT(4.5),checkBuyConsolidationBreakUp-2week,week2BarHighChangeGT0,weekHighGTweek2High,brokenToday,",-0.3605094661309644,2,1,1
"PCTChangeLT-1,,,,(SMA9GT0),mayBuyFromSellPattern-GT1.8,",1.3675328039448402,4,3,1
"PCTChangeGT3,_HTGT3.0_,,,##MANegative_Downtrend_(GT4.5),##MA-SMA200LT0SMA100LT0,",3.616156062685961,2,2,0
"PCTChangeLT-3,year2Low,_HTGT1.5__LTGT1.5_,,,##last2DayLow(LT-3)-M3LLT0,",0.8592599112292786,3,2,1
"PCTChangeGT3,_HTGT3.0__HTGTPCTDayChange_,,,##MAPositive_Uptrend(GT1),##MA-SMA200GT0SMA100GT0,",2.6388910081651447,1,1,0
"PCTChangeGT3,,,,(GLOBALFUTUP-UPTRENDMARKET)checkBuyConsolidationBreakUp-week2-highNotReachedWeek3,week2BarHighChangeGT0,##UPTREND:buyYear2LowReversal(Confirm),",-0.19390235773919728,2,1,1
"PCTChangeLT-2,,,,%%:checkSell:Flag2Week,volSellContinueLast2DayDown-VolUp,",-5.4094697576776,1,0,1
"PCTChangeGT0,,,,chisFinalBreakOutBuyContinue-1-test-atYearLow,",-1.12334801762114,1,0,1
"PCTChangeGT0,,,,%%:checkSell:CupDownDoji,MaySellCheckChart-(|_|`|),",-2.9338868196345538,1,0,1
"PCTChangeLT-1,_HTGT1.5_,,,##sellSMA25GT10,##(Test):buyRisingMA-uptrend-SMA25gt0,",-0.05190100224372487,1,0,1
"PCTChangeLT-1,_LTGT1.5_,,,(GLOBALFUTDOWN-DOWNTRENDMARKET)checkSellConsolidationBreakDown-week2-lowNotReachedWeek3,week2BarLowChangeLT-2,weekLowLTweek2Low,MayBuyCheckChart-(IndexNotUpInSecondHalf),",-5.0421405974332565,1,0,1
"PCTChangeGT2,year2Low,,,,##buyTenDaysLessThanMinusTen,",-1.192531331963105,7,2,5
"PCTChangeLT-2,,,,(GLOBALFUTDOWN-DOWNTRENDMARKET)checkSellConsolidationBreakDown-week2-lowNotReachedWeek3,week2BarLowChangeLT0,weekLowLTweek2Low,chisDownTrend-Risky-nearHigh,",-1.069546427062316,19,6,13
"PCTChangeGT0,_HTGT1.5_,,,%%:checkSell:Super2,",1.5690709019566458,1,1,0
"PCTChangeGT5,,,,volumeUpsergedLast2n3n4DayDown,volBuyContinueLast2DayUp-VolUp,weekBarHighChangeGT5,##last2DayHighGT3-M3HGT0,",-1.053240407989156,1,0,1
"PCTChangeGT3,_LTGT1.5_,,,chisSellFinalContinue-(lastDayUp)-(volLow),buyFinal1,##last2DayHighGT3-M3HLT0,",4.410815184918585,1,1,0
"PCTChangeGT0,PCDayChange-0.5to0.5,_LTGT1.5_,,,%%:checkSell:lastDayLT(-4.5),",-0.9582540019070955,1,0,1
"PCTChangeGT1,,,,week2BarHighChangeGT0,weekHighGTweek2High,chisBuyYearHigh-1,",2.7076594088395196,1,1,0
"PCTChangeGT8,_HTGT1.5_,,,BuyYearLow,",-0.513091561681934,1,0,1
"PCTChangeGT5,year2High,_HTGT1.5_,,,%%HLTF-Last2HighTail:(UPTREND)buy(DOWNTREND)sell:HighUpperTailPre-last2DayUp,volumeUpsergedLast2n3n4DayDown,checkBuyConsolidationBreakUp-month3HighLTMonth3Low,",-2.3006192687423233,1,0,1
"PCDCGT0PCTDayChangeLT0,PCDayChange-0.5to0.5,,,,%%:checkSell:Super0,",5.3704981915912935,1,1,0
"PCTChangeGT3,,,,VOL:sell-UpVol-3dayUp-Week2High,chisCheckConsolidationBreakout2WeekLT(4.5),(GLOBALFUTUP-UPTRENDMARKET)checkBuyConsolidationBreakUp-week2,weekBarHighChangeGT2,",4.128468831380208,1,1,0
"PCTChangeGT3,,,,volSellVolumeUpsergedLast2n3DayDown,chisCheckConsolidationBreakoutLT(4.5),",0.5028586995675994,5,4,1
"PCTChangeLT-1,PCDayChange-0.5to0.5,_HTGT1.5_,,,%%HLTF:maySellTail-tailGT2-7,10thDayGT0,shortDownTrendSellContinue-Doji-Last2DayLTToday,",-0.8352953410723473,1,0,1
"PCTChangeGT3,_HTGT1.5__LTGT1.5_,,,volumeUpsergedLast2n3n4DayDown,weekBarHighChangeGT2,##last2DayHighGT3-M3HLT0,",2.2826107754058444,1,1,0
"PCTChangeGT5,,,,##MAPositive_Uptrend(GT1),##MA-SMA200GT0SMA100GT0,",2.232556010401528,1,1,0
"PCTChangeGT2,,,,chisBuyUpTrend-nearLow,##UPTREND:buyYearLow,",0.6933697036397546,1,1,0
"PCTChangeLT-3,_HTGT1.5_,,,volBuyReversalLast2DayDown-VolUp,##last2DayLow(LT-3)-M3LGT0,",-6.403511448910362,1,0,1
"PCTChangeGT5,,,,checkBuyConsolidationBreakout-allPreLT0,week2BarHighChangeGT0,brokenToday,",-1.747239499919212,1,0,1
"PCTChangeGT8,_HTGT3.0_,,,##(check-chart)sellEMA6>EMA14,##MAPositive_Uptrend(GT4.5),##MA-SMA200GT0SMA100LT0,",-4.222768602928712,1,0,1
"PCTChangeLT-3,,,,##MANegative_Downtrend_(LT-2),##MA-SMA200GT0SMA100LT0,##last2DayLow(LT-3)-M3LGT0,",0.07273353217946237,6,4,2
"PCTChangeGT5,_HTGT3.0_,,,%%HLTF-Last2HighTail:(UPTREND)buy(DOWNTREND)sell:HighUpperTailPre-last2DayUp,chisUpTrend-Risky-nearLow,##last2DayHighGT3-M3HLT0,",-0.5052696190401874,1,0,1
"PCDCLT0PCTChangeGT0,_LTGT3.0_,,,%%HLTF:(GLOBAL-DOWN)sellHighLowerTail-Reversal-LastDayMarketUp,",0.9517324275291718,12,8,4
"PCTChangeLT-3,_LTGT1.5_,,,%%HLTF:(GLOBAL-DOWN)sellHighLowerTail-Reversal-LastDayMarketUp,volBuyReversalLast2DayDown-VolDown,",-3.1976744186046515,1,0,1
"PCTChangeGT0.5,_HTGT1.5_,,,%%HLTF-Last2HighTail:(UPTREND)buy(DOWNTREND)sell:HighUpperTailPre-last2DayUp,shortUpTrendSellReversal-MonthHigh,",0.8014723833869485,1,1,0
"PCTChangeLT-1,_LTGT1.5_,,,zigZagVolCrossedFromUp,##ML:BuyRisingMA-Risky-1,",-0.7009328093650423,1,0,1
"PCTChangeGT1,,,,chisCheckConsolidationBreakoutLT(4.5),",0.19120211752256383,42,20,22
"PCTChangeGT1,year2High,_HTGT1.5__LTGT1.5__HTGTPCTDayChange__LTGTPCTDayChange_,,,%%:sellUpTrend-month3High,",1.168225415766353,2,2,0
"PCTChangeLT-1,_HTGT1.5__HTGTPCTDayChange__LTGTPCTDayChange_,,,chisDownTrend-Risky-nearHigh,",0.3514082717760391,7,3,4
"PCTChangeLT-2,_HTGT1.5_,,,chisDownTrend-Risky-nearHigh,##DOWNTREND:sellYear2HighReversal(InDownTrend),##(Check-chart-buy):month3High-InMinus,ReversalHighMonth3,##(check-chart)maySell-EMA6-MT-May-LT-EMA14,",-2.9657806280448047,1,0,1
"PCTChangeLT-1,_HTGT1.5__HTGTPCTDayChange_,,,chisSellFinalCandidate-(lastDayDown)-(buyPattern),",1.1494296972653872,1,1,0
"PCTChangeGT3,_HTGT1.5_,,,checkCupDown-lastDayUp,",-0.7602755455610044,11,5,6
"PCTChangeLT-3,year2High,_HTGT3.0__HTGTPCTDayChange_,,,%%HLTF-Risky9:30:maySellTail-tailGT2-7,10thDayGT15,",-0.7729498084616515,1,0,1
"PCTChangeGT5,_LTGT1.5_,,,weekBarHighChangeGT2,brokenToday,##MAPositive_Uptrend(GT2),##MA-SMA200LT0SMA100LT0,",2.7307529946652314,1,1,0
"PCTChangeLT-3,,,,(GLOBALFUTDOWN-DOWNTRENDMARKET)checkSellConsolidationBreakDown-week2-lowNotReachedWeek3,week2BarLowChangeLT-2,weekLowLTweek2Low,chisDownTrend-Risky-nearHigh,##(Check-chart-buy):month3High-InMinus,ReversalHighMonth3,",1.2679066868065498,7,4,3
"PCTChangeGT16,_HTGT1.5__LTGT3.0_,,,%%HLTF-Risky:(GLOBAL-DOWN)sellHighLowerTail-Reversal-LastDayMarketUp,##MAPositive_Uptrend(GT4.5),##MA-SMA200GT0SMA100GT0,",3.3022243923611097,1,1,0
"PCTChangeGT2,,,,%%HLTF:(GLOBAL-SGX-DOWN)maySellTail-2,3,4thDayGT0,",0.17351912194443897,5,2,3
"PCTChangeLT-2,year2High,_HTGT3.0__HTGTPCTDayChange_,,,%%HLTF-Last2HighTail:(DOWNTREND)sellHighUpperTailPre,",0.7254017782283514,1,1,0
"PCTChangeGT3,_HTGT1.5__LTGT3.0__LTGTPCTDayChange_,,,%%HLTF-Risky:(GLOBAL-DOWN)sellHighLowerTail-Reversal-LastDayMarketUp,##MAPositive_Uptrend(GT2),##MA-SMA200GT0SMA100GT0,##lastDayHighGT5TodayGT1,",5.729166666666663,1,1,0
"PCTChangeLT-5,year2High,,,,maySellHighVolatileDownContinueLT-8,",-1.8021299367081165,2,0,2
"PCTChangeLT-3,,,,(GLOBALFUTDOWN-DOWNTRENDMARKET)checkSellConsolidationBreakDown-week2-lowNotReachedWeek3,week2BarLowChangeLT-2,weekLowLTweek2Low,(SMA9LT0),chisDownTrend-Risky-nearHigh,##(Check-chart-buy):month3High-InMinus,ReversalHighMonth3,",-3.4596009274015036,1,0,1
"PCTChangeLT-1,,,,checkSellConsolidationBreakDown-2week,week2BarLowChangeLT0,weekLowLTweek2Low,chisDownTrend-Risky-nearHigh,",-0.6523478748680055,1,0,1
"PCTChangeGT5,_HTGT3.0__HTGTPCTDayChange_,,,##MAPositive_Uptrend(GT2),##MA-SMA200GT0SMA100GT0,",0.6074780615690636,1,1,0
"PCTChangeLT-1,,,,checkCupDown-inDownTrend-month3HighLTmonth3Low,bar_low,chisDownTrend-Risky-nearHigh,##(Check-chart-buy):month3High-InMinus,ReversalHighMonth3,",-2.8817338527693312,1,0,1
"PCTChangeLT-1,_HTGT1.5__HTGTPCTDayChange_,,,(GLOBALFUTDOWN-DOWNTRENDMARKET)checkSellConsolidationBreakDown-week2-lowNotReachedWeek3,week2BarLowChangeLT-2,weekLowLTweek2Low,##(Check-chart-buy):month3High-InMinus,ReversalHighMonth3,",1.5898675797747535,1,1,0
"PCTChangeGT3,,,,##(Check-chart-sell):month3Low-InPlus,ReversalLowMonth3,chisUpTrend-Risky-nearLow,volumeUpsergedLast2n3n4DayDown,chisCheckConsolidationBreakoutLT(4.5),##UPTREND:buyMonth3LowReversal(Confirm),",-1.689305149615971,1,0,1
"PCTDayChangeLT0,PCDayChange-0.5to0.5,_LTGT3.0_,,,buyYearHigh-0,",0.5684183222705246,2,1,1
"PCTChangeLT-3,,,,volumeUpsergedLast2n3n4DayUp,##(Check-chart-buy):month3High-InMinus,NearHighMonth3,",2.587716621265072,1,1,0
"PCTChangeEQ0,,,,(SMA9GT0),",0.4545500784209145,1,1,0
"PCTChangeGT3,,,,volSellReversalLast2DayUp-VolDown,##(check-chart)mayBuy-EMA6-LT-May-MT-EMA14,",0.4928785462638622,1,1,0
"PCTChangeLT-0.5,,,,##(Test)(check-chart)-buySMAUpTrend,(Test)MayBuy-CheckChart(upTrend-lastDayDown),",-1.4142079960802781e-14,1,0,1
"PCTChangeGT1,,,,chisBuyDownTrend-Risky-2,",0.00018189785932387625,2,1,1
"PCTChangeLT-0.5,,,,volBuyReversalLast2DayDown-VolDown,##MA-SMA200GT0SMA100GT0,",1.4974603798183752,1,1,0
"PCTChangeGT1,PCDayChange-0.5to0.5,_HTGT1.5_,,,shortUpTrendBuyContinue-Doji-Last2DayGTToday,",0.02101450132346161,4,1,3
"PCTChangeGT5,,,,chisCheckConsolidationBreakout2WeekLT(4.5),##MAPositive_Uptrend(GT2),##MA-SMA200GT0SMA100LT0,",0.5428189866820426,1,1,0
"PCTChangeLT-3,_HTGT1.5_,,,VOL:sell(GLOBALFUTUP-GLOBALMARKETUP)Buy-UpVol-3dayDown-Week2High,##(Check-chart-buy):month3High-InMinus,NearHighMonth3,",2.1480667786036736,1,1,0
"PCTChangeGT2,_HTGT1.5__HTGTPCTDayChange_,,,MaySellCheckChart-(IndexNotDownInSecondHalf),",-0.5309352602542979,41,16,25
"PCTChangeLT-1,,,,weekBarLowChangeLT0,brokenToday,$$MayBuy-CheckChart(monthLow-minimumLast4DayDown),",1.2188204743555928,3,3,0
"PCTChangeLT-3,,,,volBuyReversalLast2DayDown-VolDown,##ML:buyRisingMA-down-0,",-3.483867029989919,1,0,1
"PCTChangeGT2,_HTGT1.5__HTGTPCTDayChange_,,,%%HLTF:(DOWNTREND-OR-GLOBALDOWN)maySellTail-tailGT2-2,3,4thDayGT0,buyYearHigh-0,",-0.22471353872550118,1,0,1
"PCTChangeLT-2,_LTGT1.5_,,,checkCupDown-2dayDown-mayReversalBuy,##DOWNTREND:sellMonth3HighReversal(InDownTrend),%%:checkBuyRevarsalLast3DayDownAtMonth3High,##(Check-chart-buy):month3High-InMinus,ReversalHighMonth3,",0.43988719234913765,1,1,0
"PCTChangeGT2,,,,shortUpTrendSellReversal-MonthHigh,chisCheckConsolidationBreakout2WeekLT(4.5),",-2.0952380952380953,1,0,1
"PCTChangeLT-3,,,,volSellContinueLast2DayDown-VolUp,##ML:BuyRisingMA-Risky-1,",2.1255044628095536,1,1,0
"PCTChangeGT1,,,,chisBuyUpTrend-nearLow,volBuyContinueLast2DayUp-VolUp,##UPTREND:buyYearLow,",-1.0431154381084866,1,0,1
"PCTChangeLT-2,,,,checkCupDown-2dayDown,VOL:sell(GLOBALFUTUP-GLOBALMARKETUP)Buy-UpVol-3dayDown-Week2High,chisDownTrend-Risky-nearHigh,##DOWNTREND:sellMonth6HighReversal(InDownTrend),##(Check-chart-buy):month3High-InMinus,ReversalHighMonth3,",-1.7671019258776715,1,0,1
"PCTChangeGT5,year2High,_HTGT3.0_,,,volBuyContinueLast2DayUp-VolUp,",-0.40369639602342133,4,2,2
"PCTChangeLT-3,,,,volSellContinueLast2DayDown-VolUp,chisSellDownTrend-nearHigh,",-0.26081253075475547,3,1,2
"PCDCLT0PCTChangeGT0,year2High,_LTGT3.0_,,,%%HLTF:(SGXNIFTYUP)buyHighLowerTail-Continue,",3.1567923976237604,1,1,0
"PCDCGT0PCTDayChangeLT0,PCDayChange-0.5to0.5,_LTGT3.0_,,,buyMorningStar-(checkChart),",0.9755297277342515,2,2,0
"PCTChangeGT2,,,,##MANegative_Downtrend_(GT2),##MA-SMA200GT0SMA100GT0,",0.712164360974593,1,1,0
"PCTChangeLT-2,,,,chisSell:Super03-monthLow,checkSellConsolidationBreakDown-month3HighGTMonth3Low,",1.4255190888255196,1,1,0
"PCTChangeGT3,_HTGT1.5_,,,%%HLTF:(DOWNTREND-OR-GLOBALDOWN)maySellTail-tailGT2-2,3,4thDayGT0,chisCheckConsolidationBreakoutLT(4.5),",1.1259611372296519,1,1,0
"PCTChangeGT2,,,,volSellVolumeUpsergedLast2n3DayDown,chisCheckConsolidationBreakoutLT(4.5),",-0.1178491319640612,9,4,5
"PCTChangeGT2,year2High,,,,chisBuyConsolidationBreakUp-2week-(Risky)-year2High,week2BarHighChangeGT0,brokenToday,",-0.4326447504427743,4,2,2
"PCTChangeGT3,,,,weekBarHighChangeGT0,brokenToday,buyYearHigh-0,",0.5848382886552157,1,1,0
"PCTDayChangeLT0,,,,(GLOBALFUTDOWN-DOWNTRENDMARKET)checkSellConsolidationBreakDown-week2-lowNotReachedWeek3,week2BarLowChangeLT0,chisDownTrend-Risky-nearHigh,",1.0062399495264223,1,1,0
"PCTChangeLT-2,year2Low,_HTGT3.0__LTGT3.0__HTGTPCTDayChange__LTGTPCTDayChange_,,,%%:buyDownTrend-month3Low,",-14.866668701171875,1,0,1
"PCTChangeLT-1,_HTGT1.5_,,,##MANegative_Downtrend_(LT-2),##MA-SMA200GT0SMA100LT0,",-6.518520779079862,1,0,1
"PCTChangeLT-0.5,_HTGT1.5__HTGTPCTDayChange_,,,%%HLTF-Risky9:30:maySellTail-tailGT2-7,10thDayGT15,##MAPositive_Uptrend(LT-1),##MA-SMA200GT0SMA100GT0,",2.2328267570670284,1,1,0
"PCTChangeLT-5,_LTGT1.5_,,,(GLOBALFUTDOWN-DOWNTRENDMARKET)checkSellConsolidationBreakDown-week2-lowNotReachedWeek3,week2BarLowChangeLT-2,weekLowLTweek2Low,chisDownTrend-Risky-nearHigh,",0.43123760566249536,1,1,0
"PCTChangeLT-2,,,,%%:checkSell:Super0,vol-buy-DownVol-3dayDown-Week2Low,weekBarLowChangeLT-2,",-0.49662785625969624,1,0,1
"PCTChangeLT-3,,,,volSellContinueLast2DayDown-VolUp,(GLOBALFUTDOWN-DOWNTRENDMARKET)checkSellConsolidationBreakDown-week2-lowNotReachedWeek3,week2BarLowChangeLT0,chisDownTrend-Risky-nearHigh,##DOWNTREND:sellYearHighReversal(InDownTrend),",-1.0050289466509261,1,0,1
"PCTChangeLT-3,,,,(GLOBALFUTDOWN-DOWNTRENDMARKET)checkSellConsolidationBreakDown-week2-lowNotReachedWeek3,week2BarLowChangeLT-5,weekLowLTweek2Low,##DOWNTREND:sellMonth6HighReversal(InDownTrend),##last2DayLow(LT-3)-M3LGT0,volBuyRevarsalVolCrossed,%%:checkBuyRevarsalLast3DayDownAtMonth3High,##(Check-chart-buy):month3High-InMinus,ReversalHighMonth3,",-1.445700287474281,1,0,1
"PCTChangeLT-0.5,,,,shortDownTrendBuyReversal-MonthLow-Doji-Last2DayLTToday,",-0.5530109661954093,4,1,3
"PCTChangeGT5,_LTGT1.5_,,,zigZagVolCrossedFromDown,##MAPositive_Uptrend(GT4.5),##MA-SMA200GT0SMA100LT0,",0.08803934639589614,1,1,0
"PCTChangeLT-8,_HTGT3.0_,,,##MANegative_Downtrend_(LT-4.5),##MA-SMA200LT0SMA100LT0,",-5.497306551795964,2,0,2
"PCTChangeLT-1,PCDayChange-0.5to0.5,_HTGT1.5_,,,%%:check(UPTREND-UPMARKET)Buy(DOWNTRENDTREND-DOWNMARKET)Sell:Super01-monthLow,",-1.1654343290416687,2,1,1
"PCTChangeLT-2,,,,weekBarLowChangeLT0,brokenToday,(SMA9LT0),",1.1918651965237357,1,1,0
"PCTChangeLT-2,,,,%%:checkSell:Flag2Week,checkCupDown-3dayDown,volBuyReversalLast2DayDown-VolDown,",-1.8454440599769373,1,0,1
"PCTChangeGT2,,,,##(Check-chart-sell):month3Low-InPlus,NearLowMonth3,chisBuyFinalCandidate-(lastDayDown),",-1.890866042393718,1,0,1
"PCTChangeGT3,_HTGT1.5__LTGT1.5__LTGTPCTDayChange_,,,volumeUpsergedLast2n3n4DayDown,volSellReversalLast2DayUp-VolUp,",-7.2626262956572205,1,0,1
"PCTChangeLT-3,,,,checkCupDown-2dayDown-mayReversalBuy,chisSellDownTrend-nearHigh,##DOWNTREND:sellYear2HighReversal(InDownTrend),##(Check-chart-buy):month3High-InMinus,ReversalHighMonth3,",1.1052839161751185,1,1,0
"PCTChangeGT2,year2High,_HTGT1.5_,,,MaySellCheckChart-(IndexNotDownInSecondHalf),",-0.48374202782166503,9,2,7
"PCTChangeGT2,,,,##(Check-chart-sell):month3Low-InPlus,ReversalLowMonth3,chisUpTrend-Risky-nearLow,volSellVolumeUpsergedLast2n3DayDown,volBuyContinueLast2DayUp-VolUp,(GLOBALFUTUP-UPTRENDMARKET)checkBuyConsolidationBreakUp-week2-highNotReachedWeek3,week2BarHighChangeGT2,weekHighGTweek2High,##UPTREND:buyMonth3LowReversal(Confirm),",1.6903914590747275,1,1,0
"PCTChangeLT-3,_LTGT1.5_,,,(GLOBALFUTDOWN-DOWNTRENDMARKET)checkSellConsolidationBreakDown-week2-lowNotReachedWeek3,week2BarLowChangeLT-2,chisDownTrend-Risky-nearHigh,##(Check-chart-buy):month3High-InMinus,ReversalHighMonth3,",2.1747256973868145,2,2,0
"PCTChangeLT-5,year2Low,_HTGT1.5__LTGT3.0_,,,chisRSISellCandidate(yearLow)-lessThanMinus5,",-3.642682881574484,2,0,2
"PCTChangeLT-12,year2Low,_HTGT1.5_,,,chisRSISellCandidate(yearLow)-lessThanMinus5,chisSellDayLowVolLow-0,",-1.5360982862887809,1,0,1
"PCTChangeLT-1,_HTGT3.0__LTGT1.5_,,,chisSell:Super03-monthLow,",1.3007189038260754,1,1,0
"PCDCGT0PCTDayChangeLT0,,,,(SMA9GT0),chisBuyYearHigh-3,",0.9819142475506024,1,1,0
"PCDCLT0PCTChangeGT3,year2High,_LTGT1.5_,,,%%HLTF:(SGXNIFTYUP)buyHighLowerTail-Continue,",0.4580152671755779,1,1,0
"PCTChangeLT-1,_HTGT1.5_,,,%%:sellDowntrend-lastDayDown-ReversalHighTail,%%HLTF:maySellTail-tailGT2-7,10thDayGT0,",-0.7396180821790493,1,0,1
"PCTChangeGT2,_HTGT3.0__LTGT3.0__HTGTPCTDayChange__LTGTPCTDayChange_,,,##UPTREND:buyYear2LowReversal(Confirm),",1.3632821446542815,1,1,0
"PCTChangeGT5,,,,shortUpTrendSellReversal-MonthHigh,VOL:sell-UpVol-3dayUp-Week2High,weekBarHighChangeGT2,",-2.607919551734983,1,0,1
"PCTChangeLT-3,_LTGT1.5_,,,##MAPositive_Uptrend(LT-2),##MA-SMA200GT0SMA100GT0,",-2.3367543861896993,1,0,1
"PCTChangeLT-1,_HTGT3.0__HTGTPCTDayChange_,,,(GLOBALFUTDOWN-DOWNTRENDMARKET)checkSellConsolidationBreakDown-week2-lowNotReachedWeek3,week2BarLowChangeLT0,",0.6878306878306796,1,1,0
"PCTChangeGT3,_HTGT1.5_,,,%%HLTF-Last2HighTail:(UPTREND)buy(DOWNTREND)sell:HighUpperTailPre-last2DayUp,weekBarHighChangeGT2,brokenToday,",-1.31761414599548,2,1,1
"PCDCLT0PCTChangeGT1,,,,##MA-SMA200LT0SMA100LT0,chisBuyYear2Low,",4.739227640926155,1,1,0
"PCTChangeLT-1,,,,volSellVolumeUpsergedLast2n3DayUp,",-0.21890493081079382,27,11,16
"PCTChangeGT5,,,,week2BarHighChangeGT2,brokenToday,",-0.43033925147708463,4,1,2
"PCTChangeLT-5,_LTGT1.5_,,,%%:checkSell:FlagWeek,",3.062540176065355,1,1,0
"PCTChangeLT-2,,,,VOL:buy-DownVol-3dayDown-Week2High,##DOWNTREND:sellYear2HighReversal(InDownTrend),##(Check-chart-buy):month3High-InMinus,ReversalHighMonth3,",0.0,1,0,0
"PCTChangeLT-2,,,,sellPatternsML,##MANegative_Downtrend_(LT-2),##MA-SMA200LT0SMA100LT0,",-0.6102196722537623,1,0,1
"PCTChangeLT-3,_LTGT3.0_,,,##MANegative_Downtrend_(LT-2),##MA-SMA200LT0SMA100LT0,##DOWNTREND:sellYearLowBreak,",0.5093837176819844,4,2,2
"PCTChangeLT-12,_HTGT1.5__LTGT1.5_,,,chisDownTrend-Risky-nearHigh,##MANegative_Downtrend_(LT-4.5),##MA-SMA200GT0SMA100LT0,",4.399068814198153,1,1,0
"PCTChangeGT3,_HTGT1.5__LTGT1.5_,,,##MANegative_Downtrend_(GT2),##MA-SMA200LT0SMA100LT0,",1.2370854348567386,3,2,1
"PCTChangeLT-3,year2Low,_LTGT1.5_,,,zigZagVolCrossedFromUp,",6.1105208217206695,1,1,0
"PCTChangeGT3,,,,volSellVolumeUpsergedLast2n3DayDown,volSellReversalLast2DayUp-VolUp,##MAPositive_Uptrend(GT2),##MA-SMA200LT0SMA100GT0,##last2DayHighGT3-M3HGT0,",-2.475681220282202,1,0,1
"PCTDayChangeLT0,_HTGT1.5__LTGT3.0__HTGTPCTDayChange__LTGTPCTDayChange_,,,%%HLTF-Last2DayMarketUp:(GLOBAL-DOWN)sellHighLowerTail-Reversal-LastDayMarketUp,##sellSMA25GT10,",2.2659697484027808,1,1,0
"PCTChangeGT5,_HTGT3.0__LTGT3.0_,,,%%HLTF-Last2HighTail:(UPTREND)buy(DOWNTREND)sell:HighUpperTailPre-last2DayUp,##MAPositive_Uptrend(GT2),##MA-SMA200LT0SMA100GT0,",-3.904760451543899,1,0,1
"PCTChangeLT-8,,,,volumeUpsergedLast2n3n4DayUp,",-0.11902896467611097,2,1,1
"PCTChangeGT5,year2High,_LTGT1.5_,,,##last2DayHighGT3-M3HGT0,",-2.0600188779596245,5,1,4
"PCTChangeGT3,,,,##(Check-chart-sell):month3Low-InPlus,ReversalLowMonth3,(GLOBALFUTUP-UPTRENDMARKET)checkBuyConsolidationBreakUp-week2-highNotReachedWeek3,week2BarHighChangeGT2,chis-breakoutup-2week,##(check-chart)mayBuy-EMA6-LT-May-MT-EMA14,##last2DayHighGT3-M3HLT0,",-1.660516605166054,1,0,1
"PCTChangeGT3,_HTGT1.5__LTGT1.5__HTGTPCTDayChange__LTGTPCTDayChange_,,,week2BarHighChangeGT0,brokenToday,",0.9515034374155823,1,1,0
"PCTChangeGT5,_LTGT1.5_,,,##UPTREND:buyYearLowReversal(Confirm),",0.39999825613839957,1,1,0
"PCTChangeLT-3,_HTGT1.5_,,,##DOWNTREND:sellYearHighReversal(InDownTrend),##(Check-chart-buy):month3High-InMinus,ReversalHighMonth3,",-0.32358320538113405,2,1,1
"PCTChangeGT3,,,,weekBarHighChangeGT2,chis-breakoutup-2week,chisSell-2week-breakoutup,",-0.31912762185800575,1,0,1
"PCTChangeGT0,PCDayChange-0.5to0.5,_LTGT1.5_,,,buyPatternsML,buyPattern-GT1.5-SMAGT0,(SMA9GT0),",3.2872883215354483,1,1,0
"PCTChangeGT5,,,,chisCheckConsolidationBreakoutGT(4.5),weekBarHighChangeGT2,brokenToday,##UPTREND:buyMonth3LowReversal(Confirm),",2.620622023553902,1,1,0
"PCDCLT0PCTChangeGT5,year2Low,_LTGT1.5_,,,##lastDayHigh(LT-5)Today(LT-1),chisBuyYear2Low,BreakLowYear2,",0.009898572865101008,1,1,0
"PCDCLT0PCTChangeGT1,_LTGT1.5_,,,##MA-SMA200GT0SMA100GT0,",0.42444566720453375,6,3,3
"PCTChangeLT-3,year2High,_LTGT3.0_,,,volBuyReversalLast2DayDown-VolDown,chisSellDayLowVolLow-02-checkMorningTrend(.5SL),",-3.175287431041197,1,0,1
"PCTChangeLT-2,,,,%%:checkSell:Flag2Week,checkCupDown-2dayDown,volBuyReversalLast2DayDown-VolDown,",1.692611450647371,2,2,0
"PCDCGT0PCTDayChangeLT0,_HTGT1.5_,,,(SMA9LT0),",-0.0267225969181088,4,1,3
"PCDCGT0PCTDayChangeLT0,PCDayChange-0.5to0.5,,,,buyYearHigh-0,",0.06906235729476433,12,7,5
"PCTChangeLT-2,_HTGT1.5__LTGT1.5_,,,volSellVolumeUpsergedLast2n3DayUp,",0.6088806073065647,2,1,1
"PCTChangeGT1,_LTGT1.5_,,,%%HLTF:(GLOBAL-DOWN)sellHighLowerTail-Reversal-LastDayMarketUp,##MAPositive_Uptrend(GT1),##MA-SMA200GT0SMA100GT0,",-2.214614659139561,1,0,1
"PCTChangeLT-8,_HTGT1.5__LTGT3.0_,,,(GLOBAL-DOWN)maySellContinueHighVolatileLastDayDOWN-month3LowGT0-(LT-8),##MANegative_Downtrend_(LT-4.5),##MA-SMA200GT0SMA100LT0,",-0.9073179951238646,1,0,1
"PCTChangeGT1,,,,week2BarHighChangeGT0,buyYearHigh-0,",4.299156221674454,1,1,0
"PCTChangeGT3,_HTGT1.5__LTGT1.5_,,,$$(DOWNTREND-OR-GLOBALDOWN)MaySellContinue-CheckChart(inuptrend-monthlow)-highTail,volBuyVolumeUpsergedLast2n3DayDown,##buyTenDaysLessThanMinusTen,",-4.107713258459641,1,0,1
"PCTChangeGT2,_HTGT1.5_,,,volSellVolumeUpsergedLast2n3DayDown,(GLOBALFUTUP-UPTRENDMARKET)checkBuyConsolidationBreakUp-week2-highNotReachedWeek3,week2BarHighChangeGT2,weekHighGTweek2High,",0.8666687011718563,1,1,0
"PCTChangeGT8,year2High,_HTGT3.0_,,,volumeUpsergedLast2n3n4DayDown,VOL:buyBelowTail-SellAtClose:upVol3dayUpWeek2High-highUpperTail,",3.0166577055920865,1,1,0
"PCTChangeLT-5,,,,##MANegative_Downtrend_(LT-4.5),##MA-SMA200LT0SMA100LT0,##(Test)(Check-chart-sell):yearLow-InMinus,",7.810640790773553,1,1,0
"PCDCLT0PCTChangeGT0,_HTGT1.5__HTGTPCTDayChange_,,,%%HLTF-Risky9:30:maySellTail-tailGT2-7,10thDayGT15,",0.19941002369190408,4,3,1
"PCTChangeGT3,PCDayChange-0.5to0.5,_HTGT1.5_,,,%%HLTF-Last2HighTail:(UPTREND)buy(DOWNTREND)sell:HighUpperTailPre-last2DayUp,",-1.0185859904805608,2,1,1
"PCTChangeLT-3,,,,volBuyReversalLast2DayDown-VolDown,(GLOBALFUTDOWN-DOWNTRENDMARKET)checkSellConsolidationBreakDown-week2-lowNotReachedWeek3,week2BarLowChangeLT0,weekLowLTweek2Low,chisDownTrend-Risky-nearHigh,",-4.866237501500022,1,0,1
"PCTChangeGT0,_HTGT1.5_,,,%%HLTF-Last2HighTail:(DOWNTREND)sellHighUpperTailPre-1,",-0.1348506126086457,5,3,2
"PCTChangeLT-2,_LTGT1.5_,,,##MANegative_Downtrend_(LT-2),##MA-SMA200GT0SMA100GT0,$$MayBuy-CheckChart(monthLow-minimumLast4DayDown),",0.9838490759223597,1,1,0
"PCTChangeLT-2,,,,%%:checkSell:Super01-monthLow,##longDownTrend-2-IndexNotDownLastDay(checkBase),",0.6653201195501615,1,1,0
"PCTChangeLT-2,_LTGT3.0_,,,chisSellDownTrend-nearHigh,##(Check-chart-buy):YearHigh-InMinus,ReversalHighYear,",2.4349710982658963,1,1,0
"PCTChangeLT-2,,,,checkCupDown-3dayDown,##(Check-chart-buy):YearHigh-InMinus,ReversalHighYear,",1.3785795335564661,2,2,0
"PCTDayChangeLT0,PCDayChange-0.5to0.5,_HTGT1.5_,,,%%:checkSell:Super0,%%HLTF-LastDayUp:(DOWNTREND-OR-GLOBALDOWN)MaySellHighTail-LastDayMarketUp,##MANegative_Downtrend_(LT0),##MA-SMA200LT0SMA100LT0,",-3.4356702071592498,1,0,1
"PCTChangeGT5,PCDayChange-0.5to0.5,_HTGT1.5_,,,%%HLTF-Last2HighTail:(UPTREND)buy(DOWNTREND)sell:HighUpperTailPre-last2DayUp,",5.4982743162896615,1,1,0
"PCTChangeLT-0.5,PCDayChange-0.5to0.5,_LTGT1.5_,,,%%HLTF:(GLOBAL-UP)buyHighLowerTail-LastDayMarketUp,",3.441197936240388,1,1,0
"PCTChangeGT0.5,PCDayChange-0.5to0.5,_HTGT1.5_,,,%%HLTF:(UPTREND-MorningTrend-UP)mayBuyTail-highTailGT2-7,10thDayGT10-Last2DayStockDown,",0.47260985587058424,2,1,1
"PCTDayChangeLT0,year2High,_HTGT1.5_,,,%%HLTF:(UPTREND-MorningTrend-UP)mayBuyTail-highTailGT2-7,10thDayGT10-Last2DayStockDown,",-1.9201062738328154,3,0,3
"PCTChangeLT-1,year2Low,_HTGT1.5__LTGT1.5__HTGTPCTDayChange__LTGTPCTDayChange_,,,weekBarLowChangeLT0,",1.9335556735824753,1,1,0
"PCTChangeGT1,year2High,,,,chisCheckConsolidationBreakoutLT(4.5),",-0.05523600418488073,4,1,3
"PCTChangeGT1,,,,volBuyContinueLast2DayUp-VolUp,chisCheckConsolidationBreakoutLT(4.5),",-1.0249634512759733,3,0,3
"PCTChangeGT3,,,,vol-sell-DownVol-3dayUp-Week2High,##last3DayHighGT3-M3HGT0,",2.9143930686422386,1,1,0
"PCTChangeGT3,,,,chisSelldowntrendReversalMayFail,##buyTenDaysLessThanMinusTen,",-1.6143319409501211,1,0,1
"PCTChangeGT3,,,,chisBuyConsolidationBreakUp-2week-(Risky)-year2High,week2BarHighChangeGT0,brokenToday,",-0.08073039854890016,5,1,4
"PCTChangeLT-3,,,,##MANegative_Downtrend_(LT-1),##MA-SMA200LT0SMA100LT0,%%:buyDownTrend-month3Low,",0.7630982657588948,1,1,0
"PCTChangeGT3,year2High,_HTGT1.5__LTGT3.0__HTGTPCTDayChange__LTGTPCTDayChange_,,,%%HLTF:(SGXNIFTYUP)buyHighLowerTail-Continue,",1.7772129603794615,1,1,0
"PCTChangeGT0,PCDayChange-0.5to0.5,,,,chisSellSuper-Risky,-+,%%:sellDowntrend-lastDayUp-ReversalHighTail,",-3.7677753124298388,1,0,1
"PCTChangeLT-2,,,,checkSellConsolidationBreakDown-month3HighGTMonth3Low,##DOWNTREND:sellYearLowBreak,",0.04351449529911872,1,1,0
"PCTChangeLT-1,_LTGT3.0_,,,chisDownTrend-Risky-nearHigh,$$MayBuy-CheckChart-baseLine(inuptrend-monthlow)-PCTDayChangeLT0,",-7.135133485536323,1,0,1
"PCTDayChangeLT0,year2High,_LTGT3.0_,,,%%HLTF:(SGXNIFTYUP)buyHighLowerTail-Continue,",1.1401034899871532,4,3,1
"PCTChangeLT-3,_LTGT3.0_,,,%%HLTF:(GLOBAL-DOWN)sellHighLowerTail-Reversal-LastDayMarketUp,",0.9624470424444402,7,4,3
"PCTChangeGT8,,,,chisBuyUpTrend-nearLow,chisBuyFinalContinueReversal-2,##last2DayHighGT3-M3HLT0,",3.6188177862258586,1,1,0
"PCTChangeLT-2,_HTGT1.5_,,,checkCupDown-3dayDown-mayReversalBuy,##DOWNTREND:sellMonth3HighReversal(InDownTrend),##(Check-chart-buy):month3High-InMinus,ReversalHighMonth3,",0.2460401018578516,1,1,0
"PCTChangeGT0.5,_LTGT3.0_,,,buyMorningStar-(checkChart),",-1.584005866352335,4,1,3
"PCTChangeGT1,,,,chisCheckConsolidationBreakoutLT(4.5),weekBarHighChangeGT0,brokenToday,",0.20468484609947002,4,2,2
"PCTChangeGT0,PCDayChange-0.5to0.5,,,,shortUpTrendSellReversal-MonthHigh-Doji-Last2DayGTToday,",0.8795564572394312,2,2,0
"PCTChangeGT2,_HTGT1.5_,,,week2BarHighChangeGT0,brokenToday,chisBuyYearHigh-3,",2.2876729050727684,1,1,0
"PCTChangeLT-1,_HTGT1.5__HTGTPCTDayChange_,,,%%HLTF-Risky9:30:maySellTail-tailGT2-7,10thDayGT15,chisDownTrend-Risky-nearHigh,",-4.5006890709000125,1,0,1
"PCTChangeLT-0.5,_HTGT1.5__LTGT1.5__HTGTPCTDayChange__LTGTPCTDayChange_,,,%%:check(UPTREND-UPMARKET)Buy(DOWNTRENDTREND-DOWNMARKET)Sell:Super01-monthLow,",6.924742081382656,2,2,0
"PCTChangeGT0,_HTGT1.5__LTGT3.0_,,,%%HLTF-Last2LowTail:(DOWNTREND)sellHighLowerTailPre-1,",1.9519488673251408,1,1,0
"PCDCGT0PCTDayChangeLT0,_LTGT3.0_,,,%%HLTF:sellStockInUptrendReversal,",-2.655176623114224,1,0,1
"PCTChangeGT1,,,,chisUpTrend-Risky-nearLow,##UPTREND:buyMonth3LowReversal(Confirm),",1.131966277006846,10,7,3
"PCTChangeLT-2,_LTGT1.5_,,,volBuyVolumeUpsergedLast2n3DayUp,chisSellDownTrend-nearHigh,##(Check-chart-buy):month3High-InMinus,NearHighMonth3,",-0.2163544053350091,1,0,1
"PCTChangeLT-2,_LTGT1.5_,,,weekBarLowChangeLT-2,chisDownTrend-Risky-nearHigh,##(Check-chart-buy):YearHigh-InMinus,ReversalHighYear,",0.4268274074647502,1,1,0
"PCTChangeGT2,year2High,_HTGT1.5__HTGTPCTDayChange_,,,MaySellCheckChart-(IndexNotDownInSecondHalf),%%:sellUpTrend-month3High,",-2.6444078400310222,3,0,3
"PCTChangeLT-2,_HTGT1.5__LTGT1.5__HTGTPCTDayChange__LTGTPCTDayChange_,,,##MANegative_Downtrend_(LT-1),##MA-SMA200LT0SMA100LT0,",3.117920494326684,3,3,0
"PCTChangeLT-1,,,,%%:checkSell:ConsolidationBreakDown(NotShapeA)-2week,checkSellConsolidationBreakDown-2week,week2BarLowChangeLT-2,",0.6154812805940634,2,2,0
"PCTChangeGT1,,,,##(Check-chart-sell):month3Low-InPlus,ReversalLowMonth3,volBuyVolumeUpsergedLast2n3DayDown,",-0.4055690511455729,1,0,1
"PCTChangeLT-1,_HTGT3.0__LTGT3.0__HTGTPCTDayChange__LTGTPCTDayChange_,,,$$MayBuy-CheckChart(downTrend-mayReverseLast4DaysDown),",1.6027413982234686,1,1,0
"PCTChangeLT-3,_HTGT1.5_,,,weekBarLowChangeLT0,brokenToday,chisDownTrend-Risky-nearHigh,##(Check-chart-buy):month3High-InMinus,ReversalHighMonth3,",-2.0017214125862735,1,0,1
"PCTChangeGT5,_HTGT3.0__HTGTPCTDayChange_,,,sellEveningStar-0,chisCheckConsolidationBreakoutLT(4.5),(GLOBALFUTUP-UPTRENDMARKET)checkBuyConsolidationBreakUp-week2-highNotReachedWeek3,week2BarHighChangeGT2,brokenToday,",1.5333353678385482,1,1,0
"PCTChangeLT-1,_HTGT1.5__LTGT1.5__HTGTPCTDayChange__LTGTPCTDayChange_,,,chisBuyMay5DayFloorReversal,",8.561281031444274,1,1,0
"PCDCGT0PCTChangeLT-1,PCDayChange-0.5to0.5,,,,maySellFromBuyPattern-LT-1.8,",-4.867308086684362,2,0,2
"PCTChangeGT2,_HTGT3.0__LTGT3.0__HTGTPCTDayChange__LTGTPCTDayChange_,,,##MANegative_Downtrend_(GT2),##MA-SMA200LT0SMA100LT0,##buyTenDaysLessThanMinusTen,",-8.734780589268766,1,0,1
"PCDCGT0PCTDayChangeLT0,_HTGT1.5__LTGT1.5__LTGTPCTDayChange_,,,%%HLTF-Last2LowTail:(DOWNTREND)sellHighLowerTailPre-1,##MA-SMA200GT0SMA100GT0,",1.7478632139501447,1,1,0
"PCTChangeLT-2,_LTGT1.5_,,,checkCupDown-3dayDown,##DOWNTREND:sellMonth3HighReversal(InDownTrend),volBuyRevarsalVolCrossed,%%:checkBuyRevarsalLast3DayDownAtMonth3High,##(Check-chart-buy):month3High-InMinus,ReversalHighMonth3,",-0.6901794007742218,1,0,1
"PCTChangeLT-3,,,,chisSellDownTrend-nearHigh,##DOWNTREND:sellMonth6High(InDownTrend),##(Check-chart-buy):month3High-InMinus,NearHighMonth3,",1.5281442466528574,3,2,1
"PCTChangeGT5,,,,weekBarHighChangeGT5,##UPTREND:buyYearLowReversal(Confirm),",-3.110203539255137,1,0,1
"PCTChangeLT-2,_HTGT1.5_,,,##MANegative_Downtrend_(LT-2),##MA-SMA200LT0SMA100LT0,##DOWNTREND:sellYearLowBreak,%%:buyDownTrend-month3Low,",-6.900001525878905,1,0,1
"PCDCLT0PCTChangeGT0,_HTGT3.0__LTGT3.0_,,,##MANegative_Downtrend_(LT0),##MA-SMA200LT0SMA100LT0,",-0.07041253273749337,2,1,1
"PCTDayChangeLT0,PCDayChange-0.5to0.5,,,,chisSellSuper-Risky,--,shortDownTrendSellContinue-Doji-Last2DayLTToday,",0.30452522108688684,1,1,0
"PCTChangeGT2,year2Low,_HTGT3.0__HTGTPCTDayChange_,,,chisSellYear2LowLT-40-last4DayDown(triggerAfter-9:15),",-7.083334746184161,1,0,1
"PCTChangeGT5,_LTGT1.5_,,,volumeUpsergedLast2n3n4DayDown,##lastDayHighGT5TodayGT1,",-0.3461787668192184,1,0,1
"PCTChangeGT3,_HTGT1.5_,,,%%HLTF:(DOWNTREND-OR-GLOBALDOWN)maySellTail-tailGT2-2,3,4thDayGT0,zigZagVolCrossedFromDown,",0.8274285936906495,1,1,0
"PCDCGT0PCTDayChangeLT0,PCDayChange-0.5to0.5,,,,buyPatternsML,buyPattern-GT1.5-SMAGT0,(SMA9GT0),chisBuyYearHigh-3,",4.4147604458271665,2,2,0
"PCTChangeGT2,_HTGT3.0__HTGTPCTDayChange_,,,%%HLTF:maySellTail-tailGT2-7,10thDayGT20,%%:sellUpTrend-month3High,",-4.575069092488492,1,0,1
"PCTChangeGT5,_HTGT3.0__LTGT3.0__HTGTPCTDayChange__LTGTPCTDayChange_,,,%%HLTF-Risky:(GLOBAL-DOWN)sellHighLowerTail-Reversal-LastDayMarketUp,##MAPositive_Uptrend(GT1),##MA-SMA200GT0SMA100GT0,",-2.6572187417662176,1,0,1
"PCTChangeLT-2,_HTGT1.5__HTGTPCTDayChange_,,,chisDownTrend-Risky-nearHigh,##(Check-chart-buy):month3High-InMinus,NearHighMonth3,",-6.352913858753189,1,0,1
"PCTDayChangeLT0,_HTGT3.0__LTGT1.5_,,,shortDownTrendSellContinue-Doji-Last2DayLTToday,",2.0921348302095346,1,1,0
"PCTChangeLT-1,,,,volBuyReversalLast2DayDown-VolDown,chisSellDownTrend-nearHigh,",0.8610143827665472,4,2,2
"PCTChangeGT1,,,,##MANegative_Downtrend_(GT2),##MA-SMA200GT0SMA100LT0,",-2.870074024503077,1,0,1
"PCDCLT0PCTChangeGT0,PCDayChange-0.5to0.5,_LTGT1.5_,,,%%HLTF:(SGXNIFTYUP)buyHighLowerTail-Continue,(SMA9GT0),",0.24389871736853289,1,1,0
"PCTChangeLT-5,_HTGT1.5_,,,volumeUpsergedLast2n3n4DayUp,volSellContinueLast2DayDown-VolUp,chisDownTrend-Risky-nearHigh,",2.193578115485924,1,1,0
"PCTChangeGT3,,,,chisBuyUpTrend-nearLow,BuyYearLow,##UPTREND:buyYearLow,",2.424158388719283,1,1,0
"PCTChangeLT-1,,,,(GLOBALFUTDOWN-DOWNTRENDMARKET)checkSellConsolidationBreakDown-week2-lowNotReachedWeek3,week2BarLowChangeLT0,##MANegative_Downtrend_(LT-1),##MA-SMA200LT0SMA100LT0,",-1.4843761920928955,1,0,1
"PCTChangeGT1,,,,chisCheckConsolidationBreakoutLT(4.5),(GLOBALFUTUP-UPTRENDMARKET)checkBuyConsolidationBreakUp-week2-highNotReachedWeek3,week2BarHighChangeGT0,",-1.1901595106915637,3,0,3
"PCTChangeLT-3,_LTGT1.5_,,,volBuyVolumeUpsergedLast2n3DayUp,volSellContinueLast2DayDown-VolUp,",0.565888920700317,1,1,0
"PCTChangeLT-0.5,PCDayChange-0.5to0.5,_HTGT3.0_,,,##buyYear2LowMovingSMA,",7.6677872830589315,1,1,0
"PCTChangeLT-0.5,_LTGT1.5_,,,(Test)MayBuyCheckChart-last3DayDown,buyMorningStar-(checkChart),",-0.29831214332025335,2,1,1
"PCTChangeLT-2,_HTGT3.0__LTGT1.5__HTGTPCTDayChange_,,,%%HLTF:maySellTail-tailGT2-allDayGT0,",6.993212388996928,1,1,0
"PCTChangeGT0.5,_HTGT1.5_,,,%%HLTF-Last2HighTail:(UPTREND)buy(DOWNTREND)sell:HighUpperTailPre-last2DayUp,chisSellEveningStar-2(Check2-3MidCapCross),",-2.448843954353851,4,0,4
"PCTChangeLT-3,,,,chisSellFinalCandidate-1-(lastDayUp),##(Check-chart-sell)Month3Low-Continue(InUpTrend),ReversalLowMonth3,",1.6110633519845592,1,1,0
"PCTChangeGT3,_HTGT1.5_,,,chisBuyUpTrend-nearLow,chisSellFinalContinue-(lastDayDown)-1,",-1.0859448130814884,1,0,1
"PCDCGT0PCTDayChangeLT0,year2High,_HTGT1.5_,,,%%HLTF:maySellTail-tailGT2-7,10thDayGT20,",-1.3740659218131421,2,1,1
"PCTChangeLT-1,,,,%%:checkSell:Super0,",-0.3717471911988794,31,12,19
"PCTChangeLT-2,_HTGT1.5_,,,%%HLTF-Last2HighTail:(DOWNTREND)sellHighUpperTailPre,",-1.9753774139342706,5,0,5
"PCTChangeLT-1,,,,%%:checkSell:Flag2Week,",0.7188467337530894,8,5,3
"PCTChangeGT2,year2High,_HTGT3.0__HTGTPCTDayChange_,,,%%:sellUpTrend-month3High,",0.0951382961533858,2,1,1
"PCTChangeGT3,_LTGT1.5_,,,zigZagVolCrossedFromDown,##MAPositive_Uptrend(GT2),##MA-SMA200LT0SMA100GT0,",0.7230422076056922,1,1,0
"PCTChangeLT-1,_HTGT1.5_,,,%%HLTF-Last2HighTail:(DOWNTREND)sellHighUpperTailPre,chisDownTrend-Risky-nearHigh,",2.6847647853514323,2,2,0
"PCTChangeGT1,,,,##(Check-chart-sell):month3Low-InPlus,ReversalLowMonth3,chisCheckConsolidationBreakoutLT(4.5),##UPTREND:buyYearLowReversal(Confirm),",-2.3545943326395484,1,0,1
"PCTChangeLT-5,_LTGT3.0_,,,##MANegative_Downtrend_(LT-2),##MA-SMA200LT0SMA100LT0,chisBuyYear2Low,NearLowYear2,",-9.452074425194851,1,0,1
"PCDCGT0PCTDayChangeLT0,,,,%%:checkSell:Super2,-+,%%:checkSell:Super0,%%:sellDowntrend-lastDayUp-ReversalHighTail,",-1.5656565656565626,1,0,1
"PCTChangeLT-3,_HTGT1.5_,,,weekBarLowChangeLT-2,brokenToday,##DOWNTREND:sellMonth3LowBreak,",0.3213367483207951,1,1,0
"PCTChangeLT-3,year2High,_HTGT3.0__HTGTPCTDayChange_,,,%%HLTF:maySellTail-tailGT2-allDayGT0,",-4.87231067662681,1,0,1
"PCTChangeGT3,_HTGT1.5_,,,(GLOBALFUTUP-UPTRENDMARKET)checkBuyConsolidationBreakUp-week2-highNotReachedWeek3,week2BarHighChangeGT2,chisSell-2week-breakoutup,",-0.2717022233845205,1,0,1
"PCTChangeGT1,_HTGT1.5_,,,%%:sellDowntrend-lastDayUp-ReversalHighTail,",-0.054695497024523185,10,3,7
"PCTChangeLT-3,_LTGT1.5_,,,(GLOBALFUTDOWN-DOWNTRENDMARKET)checkSellConsolidationBreakDown-week2-lowNotReachedWeek3,week2BarLowChangeLT-2,weekLowLTweek2Low,##DOWNTREND:sellYear2HighReversal(InDownTrend),##(Check-chart-buy):YearHigh-InMinus,ReversalHighYear,",-1.4962593516209597,1,0,1
"PCTChangeGT2,,,,chisCheckConsolidationBreakoutLT(4.5),(GLOBALFUTUP-UPTRENDMARKET)checkBuyConsolidationBreakUp-week2-highNotReachedWeek3,week2BarHighChangeGT0,chisBuy-2week-breakoutup(check-chart)(|-|-| or --|),",1.4296624355878462,2,2,0
"PCDCLT0PCTChangeGT0,_HTGT1.5_,,,%%HLTF-Last2HighTail:(DOWNTREND)sellHighUpperTailPre,%%HLTF-LastDayUp:(DOWNTREND-OR-GLOBALDOWN)MaySellHighTail-LastDayMarketUp,",-0.29255538509809903,2,0,2
"PCTChangeLT-1,_HTGT1.5__HTGTPCTDayChange_,,,%%HLTF:maySellTail-tailGT2-7,10thDayGT0,volBuyReversalLast2DayDown-VolUp,",4.588738769017046,1,1,0
"PCTChangeLT-3,_HTGT3.0__LTGT1.5_,,,##DOWNTREND:sellYear2HighReversal(InDownTrend),##(Check-chart-buy):month3High-InMinus,ReversalHighMonth3,",3.9209289183342904,1,1,0
"PCTChangeLT-3,,,,##MANegative_Downtrend_(LT-2),##MA-SMA200LT0SMA100LT0,##last3DayLow(LT-3)-M3LGT0,",0.6872190647880817,3,2,1
"PCTChangeGT3,year2High,_LTGT1.5_,,,VOL:sell-UpVol-3dayUp-Week2High,",-1.8126374391213689,3,1,2
"PCTChangeLT-1,_LTGT1.5_,,,MayBuyCheckChart-(IndexNotUpInSecondHalf),",0.27310585034627866,64,36,28
"PCTChangeLT-5,,,,volSellContinueLast2DayDown-VolUp,##last2DayLow(LT-3)-M3LGT0,",0.7995430173831046,2,2,0
"PCTChangeGT1,PCDayChange-0.5to0.5,_LTGT3.0_,,,%%HLTF-Last2DayMarketUp:(GLOBAL-DOWN)sellHighLowerTail-Reversal-LastDayMarketUp,##MAPositive_Uptrend(GT0),##MA-SMA200GT0SMA100GT0,",0.1363802699603024,2,1,1
"PCTChangeGT3,,,,volSellVolumeUpsergedLast2n3DayDown,(GLOBALFUTUP-UPTRENDMARKET)checkBuyConsolidationBreakUp-week2-highNotReachedWeek3,week2BarHighChangeGT0,brokenToday,chisBuy-2week-breakoutup(check-chart)(|-|-| or --|),",-1.0719966621676504,1,0,1
"PCDCGT0PCTChangeLT-1,year2Low,_HTGT1.5__LTGT3.0_,,,%%HLTF-Last2LowTail:(DOWNTREND)sellHighLowerTailPre-1,",-1.08679626496076,1,0,1
"PCTChangeLT-3,_LTGT1.5_,,,vol-buy-DownVol-3dayDown-Week2Low,##MANegative_Downtrend_(LT-4.5),##MA-SMA200LT0SMA100LT0,",-4.89130434782609,1,0,1
"PCTChangeLT-1,,,,(SMA9GT0),chisSellDownTrend-nearHigh,",4.013062230257985,2,2,0
"PCTChangeGT0.5,_HTGT1.5__HTGTPCTDayChange_,,,%%:checkSell:Super2,",-1.8217885985668072,1,0,1
"PCTChangeGT5,_HTGT1.5_,,,##MANegative_Downtrend_(GT4.5),##MA-SMA200LT0SMA100LT0,",-18.066492824689718,1,0,1
"PCTChangeLT-0.5,_HTGT3.0_,,,##ML:BuyRisingMA-Risky-2,",-0.7323507770147427,1,0,1
"PCTDayChangeLT0,_LTGT1.5_,,,chisSell-smallUptrendReversal,##RisingMA(check-chart-buy)-MayBuyCheckChart,",0.7509367492649721,1,1,0
"PCTChangeGT2,,,,chisCheckConsolidationBreakoutLT(4.5),",-0.28322864090867406,217,85,132
"PCTDayChangeLT0,_HTGT1.5_,,,%%HLTF-Last2HighTail:(DOWNTREND)sell(UPTREND)buy:HighUpperTailPre,",-0.6518069845499765,7,1,6
"PCTChangeGT0.5,PCDayChange-0.5to0.5,,,,shortUpTrendSellReversal-MonthHigh-Doji-Last2DayGTToday,",-0.46058403649591345,6,3,3
"PCTChangeLT-2,_HTGT1.5_,,,checkCupDown-2dayDown-mayReversalBuy,%%HLTF:maySellTail-tailGT2-7,10thDayGT0,##DOWNTREND:sellYear2HighReversal(InDownTrend),volBuyRevarsalVolCrossed,##(Check-chart-buy):YearHigh-InMinus,ReversalHighYear,",1.0257190861636365,1,1,0
"PCTChangeLT-3,_HTGT1.5_,,,##DOWNTREND:sellYearHigh(InDownTrend),##last2DayLow(LT-3)-M3LGT0,",1.1491225181917064,1,1,0
"PCTChangeLT-3,,,,volBuyVolumeUpsergedLast2n3DayUp,weekBarLowChangeLT-2,brokenToday,chisDownTrend-Risky-nearHigh,##(Check-chart-buy):month3High-InMinus,ReversalHighMonth3,",-1.1828586425335785,1,0,1
"PCTChangeGT8,_LTGT1.5_,,,buyPatternsML,",1.8855616638111659,1,1,0
"PCTChangeGT1,_HTGT3.0__HTGTPCTDayChange_,,,shortUpTrendBuyContinue-Doji-Last2DayGTToday,",-0.8069722719520155,1,0,1
"PCTChangeGT3,_LTGT1.5_,,,##(Check-chart-sell):month3Low-InPlus,NearLowMonth3,chisUpTrend-Risky-nearLow,chisSellFinalContinue-00,##UPTREND:buyMonth3Low,",-1.8273503505711097,1,0,1
"PCTChangeGT2,,,,chisBuyUpTrend-nearLow,##RisingMA(Test)(check-chart-buy)-2DayUp,##UPTREND:buyYearLowReversal(Confirm),",-0.9361561520534875,1,0,1
"PCTDayChangeLT0,_LTGT3.0_,,,%%HLTF:(GLOBAL-DOWN)sellHighLowerTail-Reversal-LastDayMarketUp,chisDownTrend-Risky-nearHigh,",-1.7225566661363803,1,0,1
"PCTChangeGT3,year2Low,_LTGT1.5_,,,chisBuyDownTrend-lowTail,",-1.8170801964478969,1,0,1
"PCTChangeLT-3,_LTGT1.5_,,,##(Test)(Check-chart-sell):year2Low-InMinus,",-1.8987373352457118,1,0,1
"PCTChangeGT1,_LTGT1.5_,,,##MANegative_Downtrend_(GT1),##MA-SMA200LT0SMA100LT0,chisBuyFinalCandidate-2,",3.949845173515873,1,1,0
"PCTChangeLT-3,,,,##DOWNTREND:sellYear2HighReversal(InDownTrend),##(check-chart)maySell-EMA6-MT-May-LT-EMA14,",0.18360040573065678,1,1,0
"PCTChangeGT8,_HTGT3.0__LTGT1.5__HTGTPCTDayChange__LTGTPCTDayChange_,,,volSellRevarsalVolCrossed,",0.38659793814432913,1,1,0
"PCTChangeLT-3,_LTGT1.5_,,,checkCupDown-2dayDown-mayReversalBuy,",-0.06265309702262084,2,1,1
"PCTChangeGT3,,,,checkBuyConsolidationBreakout-allPreLT0,(GLOBALFUTUP-UPTRENDMARKET)checkBuyConsolidationBreakUp-week2-highNotReachedWeek3,week2BarHighChangeGT0,brokenToday,",-0.6574769143534319,9,4,5
"PCDCLT0PCTChangeGT0,PCDayChange-0.5to0.5,year2High,_HTGT1.5_,,,%%HLTF:(UPTREND-MorningTrend-UP)mayBuyTail-highTailGT2-7,10thDayGT10-Last2DayStockDown,",1.6165243713160704,2,2,0
"PCTChangeLT-2,_HTGT1.5_,,,(GLOBALFUTDOWN-DOWNTRENDMARKET)checkSellConsolidationBreakDown-week2-lowNotReachedWeek3,week2BarLowChangeLT0,chisDownTrend-Risky-nearHigh,",-0.7299729247077723,2,1,1
"PCTChangeGT8,_HTGT1.5__LTGT1.5_,,,##MAPositive_Uptrend(GT4.5),##MA-SMA200LT0SMA100LT0,",-2.2189454033500127,2,1,1
"PCTChangeGT3,,,,volBuyVolumeUpsergedLast2n3DayDown,chisBuyDownTrend-Risky-2,",-2.2263365300748226,1,0,1
"PCTChangeLT-3,_LTGT3.0_,,,volBuyReversalLast2DayDown-VolDown,",-0.8469062619558753,1,0,1
"PCTChangeGT3,,,,(GLOBALFUTUP-UPTRENDMARKET)checkBuyConsolidationBreakUp-week2-highNotReachedWeek3,week2BarHighChangeGT0,brokenToday,##(check-chart)mayBuy-EMA6-LT-May-MT-EMA14,",-0.22607883772588303,5,2,3
"PCTChangeGT0,PCDayChange-0.5to0.5,_HTGT1.5__LTGT3.0_,,,chisSellDowningMA-(check5MinuteDownTrendAndSellDowntrend)-Already10DayDown,%%HLTF-Last2LowTail:(DOWNTREND)sellHighLowerTailPre-1,",0.0216651001285257,1,1,0
"PCTChangeLT-1,_HTGT3.0__LTGT1.5__HTGTPCTDayChange_,,,%%HLTF:maySellTail-tailGT2-allDayGT0,",-0.31486146095717366,1,0,1
"PCTChangeLT-1,_LTGT1.5_,,,checkCupDown-3dayDown,##(Check-chart-buy):YearHigh-InMinus,NearHighYear,",0.5789505807976963,1,1,0
"PCTChangeLT-3,_HTGT1.5_,,,chisSell-smallUptrendReversal,sellFinal,",-3.9193854867825006,1,0,1
"PCTChangeGT3,_HTGT1.5_,,,volBuyContinueLast2DayUp-VolUp,##MAPositive_Uptrend(GT4.5),##MA-SMA200GT0SMA100GT0,",0.23924683648640152,2,1,1
"PCDCLT0PCTChangeGT0,_LTGT1.5_,,,%%:checkSell:FlagWeek,",-0.3992905734498189,3,1,2
"PCTChangeGT2,,,,##(Check-chart-sell):month3Low-InPlus,ReversalLowMonth3,chisCheckConsolidationBreakoutLT(4.5),##UPTREND:buyMonth3LowReversal(Confirm),",-1.29079579390012,1,0,1
"PCTChangeGT0.5,PCDayChange-0.5to0.5,_LTGT1.5_,,,chisSellFlagWeek-doji-Risky,%%HLTF:sellStockInUptrendReversal,",-2.2684345203540484,1,0,1
"PCTChangeLT-2,,,,sellFinal,##longDownTrend-2-IndexNotDownLastDay(checkBase),chisSellDownTrend-nearHigh,##ML:buyRisingMA-down-Risky,",-1.2500036330450148,1,0,1
"PCTChangeLT-8,_HTGT1.5_,,,##MANegative_Downtrend_(LT-4.5),##MA-SMA200GT0SMA100GT0,",2.857142857142859,1,1,0
"PCTChangeLT-5,,,,##(Test)(Check-chart-sell):year2Low-InMinus,",1.9591859838027292,5,4,1
"PCDCGT0PCTDayChangeLT0,PCDayChange-0.5to0.5,,,,buyPatternsML,chisBuyYearHigh-3,",1.882517220559448,1,1,0
"PCTChangeLT-1,,,,volSellContinueLast2DayDown-VolUp,(GLOBALFUTDOWN-DOWNTRENDMARKET)checkSellConsolidationBreakDown-week2-lowNotReachedWeek3,week2BarLowChangeLT0,$$MayBuy-CheckChart(monthLow-minimumLast4DayDown),##(Check-chart-buy):YearHigh-InMinus,ReversalHighYear,",-1.7532454361764187,1,0,1
"PCTChangeLT-1,,,,chisDownTrend-Risky-nearHigh,##(Check-chart-buy):month3High-InMinus,BreakHighMonth3,",1.0585455055568593,3,1,2
"PCTChangeGT0.5,_HTGT1.5__HTGTPCTDayChange_,,,chisBuyYearHigh-3,",0.08096755559220899,2,1,1
"PCTChangeLT-3,,,,weekBarLowChangeLT0,brokenToday,chisDownTrend-Risky-nearHigh,##DOWNTREND:sellMonth6HighReversal(InDownTrend),##last2DayLow(LT-3)-M3LGT0,##(Check-chart-buy):month3High-InMinus,ReversalHighMonth3,",0.4892867913735587,1,1,0
"PCTDayChangeLT0,PCDayChange-0.5to0.5,_HTGT1.5_,,,%%:checkSell:CupDownDoji-lastDayLT(-2)TodayDoji,%%HLTF-Last2HighTail:(DOWNTREND)sell(UPTREND)buy:HighUpperTailPre,",0.14082887915985304,1,1,0
"PCTChangeGT3,,,,volSellVolumeUpsergedLast2n3DayDown,##lastDayHighGT5TodayGT1,",-0.861013122618881,2,1,1
"PCTChangeGT2,_HTGT1.5__LTGT1.5__LTGTPCTDayChange_,,,zigZagVolCrossedFromDown,",-3.279567704833118,1,0,1
"PCTChangeGT3,_HTGT1.5_,,,chisUpTrend-Risky-nearLow,(GLOBALFUTUP-UPTRENDMARKET)checkBuyConsolidationBreakUp-week2-highNotReachedWeek3,week2BarHighChangeGT0,weekHighGTweek2High,brokenToday,##UPTREND:buyYearLowReversal(Confirm),",-2.454711897841916,1,0,1
"PCTChangeGT2,year2High,,,,chisCheckConsolidationBreakoutLT(4.5),(GLOBALFUTUP-UPTRENDMARKET)checkBuyConsolidationBreakUp-week2,weekBarHighChangeGT0,",-0.48306832966187613,1,0,1
"PCTChangeLT-1,_HTGT3.0__LTGT1.5__HTGTPCTDayChange__LTGTPCTDayChange_,,,chisSellDownTrend-nearHigh,##(Test):buyRisingMA-uptrend-SMA25gt0,",0.38580245096641774,1,1,0
"PCTChangeLT-2,,,,volSellContinueLast2DayDown-VolUp,(GLOBALFUTDOWN-DOWNTRENDMARKET)checkSellConsolidationBreakDown-week2-lowNotReachedWeek3,week2BarLowChangeLT-2,weekLowLTweek2Low,##(check-chart)maySell-EMA6-MT-May-LT-EMA14,",0.23030008131150262,1,1,0
"PCTChangeLT-0.5,_HTGT1.5__HTGTPCTDayChange_,,,(GLOBALFUTDOWN-DOWNTRENDMARKET)checkSellConsolidationBreakDown-week2-lowNotReachedWeek3,week2BarLowChangeLT-2,weekLowLTweek2Low,",1.8245656866776379,1,1,0
"PCTChangeGT2,,,,chisUpTrend-Risky-nearLow,volSellVolumeUpsergedLast2n3DayDown,(GLOBALFUTUP-UPTRENDMARKET)checkBuyConsolidationBreakUp-week2-highNotReachedWeek3,week2BarHighChangeGT0,brokenToday,chis-breakoutup-2week,chisSell-2week-breakoutup,##(Test)buyBottomReversal-1,",-1.2076353524591692,1,0,1
"PCTChangeGT1,_HTGT1.5__LTGT1.5_,,,chisSellFinalContinue-(lastDayUp)-2,",0.031225031097670275,2,1,1
"PCTChangeGT1,year2Low,_LTGT1.5_,,,##RisingMA(Test)(check-chart-buy)-2DayUp,",-3.2118603482484644,1,0,1
"PCTChangeGT3,,,,(Test)sellHeavyUpTrend-Reversal-1,##MAPositive_Uptrend(GT2),##MA-SMA200GT0SMA100GT0,##last2DayHighGT3-M3HGT0,",-0.2346005257972874,1,0,1
"PCDCLT0PCTChangeGT0,_HTGT1.5__LTGT1.5__HTGTPCTDayChange__LTGTPCTDayChange_,,,$$MayBuyContinue-CheckChart(inUpTrend-monthHigh)-lowTail,",7.099146995476884,2,2,0
"PCTChangeLT-2,_HTGT3.0__LTGT1.5_,,,%%HLTF:maySellTail-tailGT2-allDayGT0,##MA-SMA200GT0SMA100GT0,",-0.8213552361396246,1,0,1
"PCTChangeGT0.5,year2High,_LTGT1.5_,,,%%HLTF:(GLOBAL-DOWN)sellHighLowerTail-Reversal-LastDayMarketUp,",0.1626170276842601,1,1,0
"PCTChangeGT1,_HTGT1.5__HTGTPCTDayChange_,,,%%HLTF-Last2HighTail:(UPTREND)buy(DOWNTREND)sell:HighUpperTailPre-last2DayUp,MaySellCheckChart-(IndexNotDownInSecondHalf),(GLOBALFUTUP-UPTRENDMARKET)checkBuyConsolidationBreakUp-week2-highNotReachedWeek3,week2BarHighChangeGT0,weekHighGTweek2High,",2.25806697722404,1,1,0
"PCTChangeLT-1,_HTGT1.5__LTGT1.5_,,,weekBarLowChangeLT0,",-0.8686440677966139,1,0,1
"PCTChangeLT-3,,,,volumeUpsergedLast2n3n4DayUp,volSellContinueLast2DayDown-VolUp,chisDownTrend-Risky-nearHigh,",-2.1305567334708764,2,1,1
"PCTChangeGT3,year2High,_HTGT1.5_,,,%%HLTF-Last2HighTail:(UPTREND)buy(DOWNTREND)sell:HighUpperTailPre-last2DayUp,week2BarHighChangeGT2,weekHighGTweek2High,",0.29643508639971294,1,1,0
"PCTChangeLT-0.5,PCDayChange-0.5to0.5,_LTGT1.5_,,,shortDownTrendBuyReversal-MonthLow-Doji-Last2DayLTToday,",-0.5662988811635901,5,1,4
"PCDCGT0PCTChangeLT-1,PCDayChange-0.5to0.5,_HTGT1.5_,,,##MAPositive_Uptrend(GT0),##MA-SMA200GT0SMA100LT0,",0.5282621524856999,1,1,0
"PCTChangeLT-1,_LTGT1.5_,,,volSellContinueLast2DayDown-VolUp,weekBarLowChangeLT0,brokenToday,$$MayBuy-CheckChart(monthLow-minimumLast4DayDown),",-0.13443333590697087,1,0,1
"PCTChangeLT-3,,,,volBuyVolumeUpsergedLast2n3DayUp,volSellContinueLast2DayDown-VolUp,(GLOBALFUTDOWN-DOWNTRENDMARKET)checkSellConsolidationBreakDown-week2-lowNotReachedWeek3,week2BarLowChangeLT0,weekLowLTweek2Low,chisDownTrend-Risky-nearHigh,##(Check-chart-buy):month3High-InMinus,ReversalHighMonth3,",-2.76781352210818,1,0,1
"PCDCLT0PCTChangeGT0,PCDayChange-0.5to0.5,_HTGT1.5_,,,%%HLTF-LastDayUp:(DOWNTREND-OR-GLOBALDOWN)MaySellHighTail-LastDayMarketUp,mayBuyFromSellPattern-GT1.8,",2.256849441426671,1,1,0
"PCDCLT0PCTChangeGT0,PCDayChange-0.5to0.5,year2High,_LTGT1.5_,,,%%HLTF:(SGXNIFTYUP)buyHighLowerTail-Continue,",2.6719631120301304,3,2,1
"PCTChangeLT-1,,,,volSellContinueLast2DayDown-VolUp,weekBarLowChangeLT0,brokenToday,##(Check-chart-buy):month3High-InMinus,ReversalHighMonth3,",-1.0879220041882818,1,0,1
"PCTChangeGT3,_HTGT1.5__LTGT3.0_,,,%%HLTF-Risky:(GLOBAL-DOWN)sellHighLowerTail-Reversal-LastDayMarketUp,##MAPositive_Uptrend(GT4.5),##MA-SMA200LT0SMA100GT0,",-2.8985376125685494,1,0,1
"PCTChangeGT3,_HTGT1.5_,,,##(check-chart)sellEMA6>EMA14,",-0.07757242006300022,1,0,1
"PCTChangeLT-3,,,,chisSellDayLowVolLow-02-checkMorningTrend(.5SL),",0.6363654859138178,1,1,0
"PCTChangeLT-1,,,,checkCupDown-2dayDown,%%HLTF-Last2DayMarketDown:(GLOBAL-UP)buyHighUpperTailPre1-Reversal-LastDayMarketDown,chisDownTrend-Risky-nearHigh,",-3.4425526996539126,1,0,1
"PCTChangeGT3,_HTGT3.0__HTGTPCTDayChange_,,,%%HLTF:(DOWNTREND-OR-GLOBALDOWN)maySellTail-tailGT2-2,3,4thDayGT0,##last2DayHighGT3-M3HLT0,",4.694147312894781,1,1,0
"PCTChangeLT-3,,,,zigZagVolCrossedFromUp,##(Check-chart-buy):month3High-InMinus,BreakHighMonth3,",0.33700716698180067,3,2,1
"PCTChangeLT-1,_HTGT1.5_,,,weekBarLowChangeLT0,chisDownTrend-Risky-nearHigh,##(Check-chart-buy):month3High-InMinus,ReversalHighMonth3,",-2.871033589191557,1,0,1
"PCTChangeLT-1,_LTGT3.0_,,,%%:check(UPTREND-UPMARKET)Buy(DOWNTRENDTREND-DOWNMARKET)Sell:Super01-monthLow,",-0.5528266760477013,1,0,1
"PCTChangeLT-3,,,,##MANegative_Downtrend_(LT-4.5),##MA-SMA200LT0SMA100LT0,##last3DayLow(LT-3)-M3LLT0,chisBuyDayLowVolLow-01,",0.3839329310825893,1,1,0
"PCTChangeGT3,,,,##(Check-chart-sell):month3Low-InPlus,ReversalLowMonth3,chisUpTrend-Risky-nearLow,##lastDayHighGT5TodayGT1,",-3.7587640663350337,1,0,1
"PCTChangeGT1,,,,volBuyContinueLast2DayUp-VolUp,chisBuyDownTrend-Risky-2,",2.8231705948410823,1,1,0
"PCTChangeLT-5,_HTGT1.5_,,,chisDownTrend-Risky-nearHigh,##DOWNTREND:sellMonth6HighReversal(InDownTrend),##last2DayLow(LT-3)-M3LGT0,",2.038159940955238,1,1,0
"PCTChangeGT3,_LTGT1.5_,,,zigZagVolCrossedFromDown,##UPTREND:buyYear2Low,",-0.49616186732892203,1,0,1
"PCTChangeLT-1,,,,(GLOBALFUTDOWN-DOWNTRENDMARKET)checkSellConsolidationBreakDown-week2-lowNotReachedWeek3,week2BarLowChangeLT0,##longDownTrend-1-IndexNotDownLastDay(checkBase),",-2.080867325602922,1,0,1
"PCTChangeGT5,,,,##lastDayHighGT5TodayGT1,",0.5849110854096261,3,2,1
"PCTChangeLT-0.5,_HTGT1.5__LTGT1.5_,,,##ML:BuyRisingMA-Risky-2,",-1.0271005560187956,1,0,1
"PCTChangeGT0,PCDayChange-0.5to0.5,_HTGT1.5__LTGT1.5_,,,%%:sellDowntrend-lastDayUp-ReversalHighTail,",-1.5409488908137403,2,0,2
"PCTChangeLT-2,_HTGT1.5__LTGT1.5_,,,volumeUpsergedLast2n3n4DayUp,(GLOBALFUTDOWN-DOWNTRENDMARKET)checkSellConsolidationBreakDown-week2-lowNotReachedWeek3,week2BarLowChangeLT0,chisDownTrend-Risky-nearHigh,##(Check-chart-buy):month3High-InMinus,ReversalHighMonth3,",-3.523010509283459,1,0,1
"PCTChangeGT1,_LTGT1.5_,,,buyYearHigh-0,##(Check-chart)ML:buyMonth3High-Continue,",0.03247807729781736,1,1,0
"PCTChangeLT-3,,,,weekBarLowChangeLT-2,chisDownTrend-Risky-nearHigh,",-1.0566264105664351,4,2,2
"PCTChangeGT2,_HTGT1.5_,,,MaySellCheckChart-(IndexNotDownInSecondHalf),##MAPositive_Uptrend(GT2),##MA-SMA200GT0SMA100GT0,",0.9931269002089025,1,1,0
"PCDCLT0PCTChangeGT5,_HTGT3.0__LTGT3.0__HTGTPCTDayChange__LTGTPCTDayChange_,,,##MA-SMA200LT0SMA100GT0,",-1.2037018199025817,1,0,1
"PCTChangeLT-1,,,,checkCupDown-3dayDown,volBuyRevarsalVolCrossed,##(Check-chart-buy):month3High-InMinus,ReversalHighMonth3,",-0.4169733270801996,1,0,1
"PCTChangeGT3,,,,checkCupDown-lastDayUp-near2WeekHigh-mayReveresalSell,chisSelldowntrendReversalMayFail,",3.0035335689045923,1,1,0
"PCTChangeLT-3,_HTGT1.5_,,,volBuyRevarsalVolCrossed,%%:checkBuyRevarsalLast3DayDownAtMonth3High,chisSellDayLowVolLow-03-checkMorningTrend(.5SL),",7.409107509718617,1,1,0
"PCTChangeLT-1,,,,weekBarLowChangeLT-2,##(Check-chart-buy):month6High-InMinus,ReversalHighMonth6,",-1.4734737636746157e-14,1,0,1
"PCTDayChangeLT0,,,,shortDownTrendSellContinue-Doji-Last2DayLTToday,",0.3693143524756747,40,23,17
"PCTChangeGT1,_HTGT3.0_,,,%%HLTF:(DOWNTREND-OR-GLOBALDOWN)maySellTail-tailGT2-2,3,4thDayGT0,##(Check-chart-sell):month3Low-InPlus,ReversalLowMonth3,chisUpTrend-Risky-nearLow,",-0.29065004890952123,1,0,1
"PCTChangeLT-5,_LTGT1.5_,,,##MANegative_Downtrend_(LT-2),##MA-SMA200GT0SMA100LT0,##DOWNTREND:sellMonth3LowBreak,##last2DayLow(LT-3)-M3LLT0,",-8.101735458184715,1,0,1
"PCTChangeLT-1,_HTGT3.0__HTGTPCTDayChange_,,,%%:checkSell:CupDownDoji-last2lastDayLT0orTodayGT0,%%HLTF-Last2HighTail:(DOWNTREND)sellHighUpperTailPre,",-1.3869454030166362,1,0,1
"PCTChangeLT-3,_LTGT1.5_,,,week2BarLowChangeLT-2,weekLowLTweek2Low,##ML:buyRisingMA-down-Risky,",5.525207519531254,1,1,0
"PCTChangeGT5,_HTGT1.5_,,,chisUpTrend-Risky-nearLow,chisSell-2week-breakoutup,",-4.075435680770453,2,0,2
"PCTChangeGT3,_HTGT3.0__HTGTPCTDayChange_,,,sellEveningStar-0,(GLOBALFUTUP-UPTRENDMARKET)checkBuyConsolidationBreakUp-week2-highNotReachedWeek3,week2BarHighChangeGT0,brokenToday,",0.012502670288079972,1,1,0
"PCTChangeLT-8,_HTGT1.5__LTGT3.0_,,,##MANegative_Downtrend_(LT-2),##MA-SMA200LT0SMA100LT0,",-5.805688906743037,1,0,1
"PCDCGT0PCTDayChangeLT0,_LTGT3.0_,,,%%HLTF:(GLOBAL-DOWN)sellHighLowerTail-Reversal-LastDayMarketUp,",0.40733767416289485,6,3,3
"PCTChangeGT3,_HTGT1.5__LTGT3.0_,,,##MANegative_Downtrend_(GT4.5),##MA-SMA200LT0SMA100LT0,chisSellYear2LowContinue,",-1.054543235085215,1,0,1
"PCTChangeGT1,_HTGT1.5_,,,volSellReversalLast2DayUp-VolDown,",-0.7143560470890058,7,3,4
"PCTChangeLT-3,_LTGT1.5_,,,##MANegative_Downtrend_(LT-4.5),##MA-SMA200LT0SMA100LT0,##DOWNTREND:sellMonth6LowBreak,",-6.1621045064978315,2,0,2
"PCDCGT0PCTDayChangeLT0,PCDayChange-0.5to0.5,_HTGT3.0_,,,%%HLTF-Risky9:30:maySellTail-tailGT2-7,10thDayGT15,%%HLTF:(UPTREND-GLOBAL/SGX-UP)BuyHighUpperTail-Reversal-7,10thDayGT15-LastDayMarketDown,",-2.5204788382796206,2,0,2
"PCTChangeLT-0.5,PCDayChange-0.5to0.5,_LTGT3.0_,,,buyMorningStar-HighLowerTail-(checkChart),",-0.6859722415546156,3,2,1
"PCDCGT0PCTChangeLT-1,_HTGT3.0__HTGTPCTDayChange_,,,##MA-SMA200LT0SMA100LT0,",-2.283226439438222,2,0,2
"PCTChangeLT-3,_HTGT3.0__HTGTPCTDayChange_,,,volSellVolumeUpsergedLast2n3DayUp,##(Check-chart-buy):YearHigh-InMinus,NearHighYear,",0.272047318392347,1,1,0
"PCTChangeGT2,year2High,_HTGT1.5__HTGTPCTDayChange_,,,%%HLTF-Last2HighTail:(UPTREND)buy(DOWNTREND)sell:HighUpperTailPre-last2DayUp,%%:sellUpTrend-month3High,",-1.1446927537262666,3,1,2
"PCTChangeLT-3,,,,VOL:sell(GLOBALFUTUP-GLOBALMARKETUP)Buy-UpVol-3dayDown-Week2High,##DOWNTREND:sellYear2HighReversal(InDownTrend),##last2DayLow(LT-3)-M3LGT0,",2.507188863578029,1,1,0
"PCTChangeGT5,,,,(GLOBALFUTUP-UPTRENDMARKET)checkBuyConsolidationBreakUp-week2-highNotReachedWeek3,week2BarHighChangeGT2,##last2DayHighGT3-M3HLT0,",-2.916428342177209,2,0,2
"PCDCLT0PCTChangeGT3,PCDayChange-0.5to0.5,_LTGT3.0_,,,%%HLTF:(SGXNIFTYUP)buyHighLowerTail-Continue,",-1.6648231786249992,1,0,1
"PCTChangeGT1,year2High,_HTGT3.0_,,,chisSellEveningStar-2(Check2-3MidCapCross),",0.13076561556377486,4,2,2
"PCTChangeGT3,year2High,_LTGT3.0_,,,%%HLTF:(GLOBAL-DOWN)sellHighLowerTail-Reversal-LastDayMarketUp,",-2.167550977838804,5,0,5
"PCTChangeGT3,_HTGT1.5_,,,(GLOBALFUTUP-UPTRENDMARKET)checkBuyConsolidationBreakUp-week2-highNotReachedWeek3,week2BarHighChangeGT0,brokenToday,",0.9656401674678226,10,5,5
"PCTChangeGT0.5,PCDayChange-0.5to0.5,_HTGT1.5_,,,chisBuyYearHigh-1,",-0.258424245530924,4,2,2
"PCTChangeGT8,_LTGT1.5_,,,##(check-chart)sellEMA6>EMA14,",-1.5973047038505666,1,0,1
"PCTChangeLT-0.5,year2High,_HTGT3.0_,,,%%HLTF:(UPTREND-MorningTrend-UP)mayBuyTail-highTailGT2-7,10thDayGT10-Last2DayStockDown,",2.0184565256232014,1,1,0
"PCTChangeLT-3,year2High,,,,%%HLTF-Last2DayMarketDown:(GLOBAL-UP)buyHighUpperTailPre1-Reversal-LastDayMarketDown,##sellTenDaysMoreThanTen,",-0.6823821339950265,1,0,1
"PCTChangeGT5,,,,checkBuyConsolidationBreakout-allPreLT0,##MAPositive_Uptrend(GT4.5),##MA-SMA200LT0SMA100GT0,",-10.227271742071963,1,0,1
"PCTChangeGT1,,,,week2BarHighChangeGT2,chisBuyYearHigh-1,",-0.23139847944866535,1,0,1
"PCTChangeLT-1,,,,chisSellDownTrend-nearHigh,##(Check-chart-buy):month3High-InMinus,BreakHighMonth3,",-0.2234231220527841,6,3,3
"PCTChangeGT3,,,,volBuyVolumeUpsergedLast2n3DayDown,##UPTREND:buyMonth6LowReversal(Confirm),",-0.6225250579498548,1,0,1
"PCTChangeGT1,year2High,_HTGT1.5__HTGTPCTDayChange_,,,%%HLTF:maySellTail-tailGT2-7,10thDayGT20,",1.311791713700095,1,1,0
"PCTChangeGT3,_HTGT3.0__LTGT3.0__HTGTPCTDayChange__LTGTPCTDayChange_,,,BuyYearLow,",-3.12956781847,1,0,1
"PCTChangeGT3,_HTGT1.5__LTGT1.5_,,,volumeUpsergedLast2n3n4DayDown,BuyYearLow,",3.469328215242156,1,1,0
"PCTChangeLT-0.5,_LTGT1.5_,,,sellPatterns-LT-1.5-SMALT0,(SMA9LT0),",-7.031687672667015,2,0,2
"PCTChangeGT1,,,,weekBarHighChangeGT0,##UPTREND:buyYear2LowReversal(Confirm),",-1.7365661861074557,1,0,1
"PCTChangeLT-3,,,,(GLOBALFUTDOWN-DOWNTRENDMARKET)checkSellConsolidationBreakDown-week2-lowNotReachedWeek3,week2BarLowChangeLT0,weekLowLTweek2Low,chisDownTrend-Risky-nearHigh,##(Check-chart-buy):YearHigh-InMinus,ReversalHighYear,",0.9019255863047735,1,1,0
"PCTDayChangeLT0,year2High,_LTGT3.0_,,,%%HLTF:(GLOBAL-UP)buyHighLowerTail-StockInUptrend,",2.0703077316284135,1,1,0
"PCTChangeLT-0.5,_LTGT1.5_,,,chisSell-smallUptrendReversal,##MAPositive_Uptrend(LT-1),##MA-SMA200GT0SMA100GT0,",2.637130801687765,1,1,0
"PCTChangeGT5,,,,weekBarHighChangeGT2,chis-breakoutup-2week,",8.800521862543164,1,1,0
"PCTChangeLT-1,_HTGT1.5__HTGTPCTDayChange__LTGTPCTDayChange_,,,%%HLTF-Last2HighTail:(DOWNTREND)sell(UPTREND)buy:HighUpperTailPre,",-0.7367804668446241,4,1,3
"PCTChangeLT-1,_HTGT3.0__LTGT1.5_,,,%%HLTF:(UPTREND-MorningTrend-UP)mayBuyTail-highTailGT2-7,10thDayGT10-Last2DayStockDown,",-2.0611642091290263,1,0,1
"PCTChangeLT-0.5,year2High,,,,(Test)MayBuy-CheckChart(upTrend-lastDayDown),",-0.43348456322278567,6,2,4
"PCTChangeLT-3,_HTGT1.5_,,,checkCupDown-2dayDown,sellFinal1,chisDownTrend-Risky-nearHigh,##(Check-chart-buy):month3High-InMinus,ReversalHighMonth3,",0.14556929833778134,1,1,0
"PCTChangeLT-1,,,,%%:checkSell:ConsolidationBreakDown(NotShapeA)-2week,volSellContinueLast2DayDown-VolUp,checkSellConsolidationBreakDown-2week,week2BarLowChangeLT0,brokenToday,##(Check-chart-buy):month3High-InMinus,ReversalHighMonth3,",0.9405632202582617,1,1,0
"PCTDayChangeLT0,_HTGT1.5_,,,##sellSMA25GT10,",-4.126130525056306,1,0,1
"PCTChangeGT3,_HTGT1.5_,,,checkBuyConsolidationBreakUp-2week,week2BarHighChangeGT2,",-1.7585132281114961,1,0,1
"PCTChangeGT2,,,,checkBuyConsolidationBreakUp-2week,week2BarHighChangeGT0,weekHighGTweek2High,brokenToday,",-0.45722545991143915,1,0,1
"PCTChangeLT-2,_LTGT1.5_,,,volBuyReversalLast2DayDown-VolDown,(GLOBALFUTDOWN-DOWNTRENDMARKET)checkSellConsolidationBreakDown-week2-lowNotReachedWeek3,week2BarLowChangeLT0,weekLowLTweek2Low,",0.43820499034411137,1,1,0
"PCTChangeGT5,year2High,_HTGT3.0_,,,##last2DayHighGT3-M3HGT0,",1.1349624708739139,4,2,2
"PCTChangeGT0,_HTGT1.5_,,,chisSellDowningMA-(check5MinuteDownTrendAndSellDowntrend)-Already10DayDown,",-2.1046832592657734,10,3,7
"PCTChangeGT2,_HTGT1.5_,,,checkBuyConsolidationBreakUp-2week,week2BarHighChangeGT2,",2.7102181984325555,1,1,0
"PCTChangeGT0,PCDayChange-0.5to0.5,year2High,_HTGT1.5__LTGT1.5_,,,shortUpTrendSellReversal-MonthHigh,shortUpTrendSellReversal-Month3High-Doji-Last2DayGTToday,",0.1008471182554271,1,1,0
"PCTChangeLT-1,_HTGT1.5__HTGTPCTDayChange_,,,shortDownTrendSellContinue-Doji-Last2DayLTToday,",1.1065158728738624,5,3,2
"PCTChangeLT-8,_LTGT1.5_,,,##MANegative_Downtrend_(LT-4.5),##MA-SMA200GT0SMA100GT0,",6.383929933820454,1,1,0
"PCTChangeGT3,year2High,_LTGT1.5_,,,%%HLTF:(SGXNIFTYUP)buyHighLowerTail-Continue,",3.0400688540953973,4,3,1
"PCTChangeGT1,PCDayChange-0.5to0.5,,,,(SMA4GT(1.5)),",0.37645917509095517,1,1,0
"PCTChangeGT1,PCDayChange-0.5to0.5,_HTGT1.5_,,,chisSellSuper-Risky,-+,",2.0901505075286044,1,1,0
"PCTChangeGT5,year2High,_LTGT1.5_,,,volBuyContinueLast2DayUp-VolUp,chisCheckConsolidationBreakout2WeekGT(4.5),",-0.9230754784578524,1,0,1
"PCTChangeGT3,,,,chisCheckConsolidationBreakoutLT(4.5),(GLOBALFUTUP-UPTRENDMARKET)checkBuyConsolidationBreakUp-week2-highNotReachedWeek3,week2BarHighChangeGT2,chis-breakoutup-2week,chisBuy-2week-breakoutup,",2.0488089108882623,2,2,0
"PCTChangeLT-1,,,,chisSellDownTrend-nearHigh,zigZagVolCrossedFromUp,##(Check-chart-buy):month3High-InMinus,BreakHighMonth3,",2.3714915242893286,1,1,0
"PCTChangeLT-3,_HTGT1.5__LTGT3.0__HTGTPCTDayChange__LTGTPCTDayChange_,,,chisDownTrend-Risky-nearHigh,",0.8105917185964308,1,1,0
"PCTChangeLT-1,,,,chisBuyMay5DayFloorReversal,##(Check-chart-buy):month3High-InMinus,ReversalHighMonth3,",-2.1417741550306957,3,0,3
"PCTChangeLT-2,,,,VOL:buy-UpVol-3dayDown-Week2Low,weekBarLowChangeLT-2,##MANegative_Downtrend_(LT-2),##MA-SMA200LT0SMA100LT0,",0.9252388435001769,2,1,1
"PCTChangeLT-3,,,,##longDownTrend-2-IndexNotDownLastDay(checkBase),",0.0991942084027691,9,5,4
"PCTChangeLT-3,_HTGT1.5__LTGT3.0__LTGTPCTDayChange_,,,chisDownTrend-Risky-nearHigh,",9.491708660652625,1,1,0
"PCTChangeLT-2,,,,checkCupDown-3dayDown-mayReversalBuy,volBuyRevarsalVolCrossed,%%:checkBuyRevarsalLast3DayDownAtMonth3High,",-0.06489921941117746,1,0,1
"PCTChangeGT5,,,,##MANegative_Downtrend_(GT2),##MA-SMA200GT0SMA100LT0,",3.0876061444666343,2,2,0
"PCTChangeLT-12,_LTGT1.5_,,,##MANegative_Downtrend_(LT-4.5),##MA-SMA200LT0SMA100LT0,",5.678750550765122,12,9,3
"PCTChangeLT-1,,,,(GLOBALFUTDOWN-DOWNTRENDMARKET)checkSellConsolidationBreakDown-week2-lowNotReachedWeek3,week2BarLowChangeLT-2,chisDownTrend-Risky-nearHigh,",0.007211387288447042,7,4,3
"PCTChangeGT0.5,year2High,_HTGT1.5_,,,%%HLTF-Last2HighTail:(UPTREND)buy(DOWNTREND)sell:HighUpperTailPre-last2DayUp,",-1.0628799123159935,1,0,1
"PCDCGT0PCTDayChangeLT0,_HTGT1.5__LTGT3.0__HTGTPCTDayChange__LTGTPCTDayChange_,,,%%HLTF-Last2DayMarketUp:(GLOBAL-DOWN)sellHighLowerTail-Reversal-LastDayMarketUp,",-1.2951770460749334,1,0,1
"PCTChangeLT-1,PCDayChange-0.5to0.5,_HTGT1.5_,,,%%:checkSell:CupDownDoji-lastDayLT(-2)TodayDoji,%%HLTF-Last2HighTail:(DOWNTREND)sellHighUpperTailPre,",-0.5055311543493273,1,0,1
"PCTChangeGT2,_HTGT1.5_,,,%%HLTF-Last2HighTail:(UPTREND)buy(DOWNTREND)sell:HighUpperTailPre-last2DayUp,week2BarHighChangeGT2,weekHighGTweek2High,",0.21428846775141283,1,1,0
"PCTChangeLT-0.5,,,,chisSell:Super03-monthLow,volSellContinueLast2DayDown-VolUp,",-1.001956495896004,1,0,1
"PCTChangeLT-3,,,,chisSellDownTrend-nearHigh,##DOWNTREND:sellMonth6High(InDownTrend),",1.6830923378138667,1,1,0
"PCTChangeLT-3,,,,(GLOBALFUTDOWN-DOWNTRENDMARKET)checkSellConsolidationBreakDown-week2-lowNotReachedWeek3,week2BarLowChangeLT0,weekLowLTweek2Low,",-1.6281437893209074,14,5,9
"PCTChangeGT3,,,,(GLOBALFUTUP-UPTRENDMARKET)checkBuyConsolidationBreakUp-week2-highNotReachedWeek3,week2BarHighChangeGT2,weekHighGTweek2High,chis-breakoutup-2week,",3.8557227070585127,1,1,0
"PCTChangeLT-2,_LTGT1.5_,,,weekBarLowChangeLT0,",-6.212875807956333,1,0,1
"PCTChangeGT2,,,,chisUpTrend-Risky-nearLow,##RisingMA(Test)(check-chart-buy)-2DayUp,##ML:sellRisingMAuptrend-1,##UPTREND:buyYear2LowReversal(Confirm),",-1.0096360761199972,1,0,1
"PCTChangeLT-3,,,,##(Check-chart-buy):YearHigh-InMinus,ReversalHighYear,",-0.2235620879513796,40,21,19
"PCTChangeLT-3,,,,checkCupDown-3dayDown,##(Check-chart-buy):month6High-InMinus,ReversalHighMonth6,",1.6325566049402114,1,1,0
"PCTChangeLT-12,_HTGT3.0_,,,##MANegative_Downtrend_(LT-4.5),##MA-SMA200LT0SMA100LT0,",-2.0365598437424732,1,0,1
"PCTDayChangeLT0,year2High,_HTGT1.5__HTGTPCTDayChange_,,,%%HLTF-Last2HighTail:(DOWNTREND)sellHighUpperTailPre,",-0.7419315461189404,1,0,1
"PCTChangeGT0,_HTGT1.5_,,,##MA-SMA200LT0SMA100LT0,",-3.8236420651738405,6,1,5
"PCTChangeGT5,_HTGT1.5_,,,chisUpTrend-Risky-nearLow,##last2DayHighGT3-M3HLT0,",3.4192254999586122,2,2,0
"PCTChangeGT5,_HTGT1.5_,,,chisUpTrend-Risky-nearLow,volBuyContinueLast2DayUp-VolUp,",-0.35310732941245687,1,0,1
"PCTChangeLT-2,_HTGT1.5__HTGTPCTDayChange_,,,checkCupDown-month3HighLTmonth3Low,bar_low,chisDownTrend-Risky-nearHigh,##DOWNTREND:sellMonth3HighReversal(InDownTrend),##(Check-chart-buy):month3High-InMinus,ReversalHighMonth3,##ML:BuyRisingMA-Risky-0,",2.971415874263384,1,1,0
"PCTChangeLT-2,_LTGT3.0_,,,(GLOBALFUTDOWN-DOWNTRENDMARKET)checkSellConsolidationBreakDown-week2-lowNotReachedWeek3,week2BarLowChangeLT0,chisDownTrend-Risky-nearHigh,##(Check-chart-buy):month3High-InMinus,ReversalHighMonth3,",2.0259499432832766,1,1,0
"PCTChangeLT-2,,,,volBuyReversalLast2DayDown-VolDown,##DOWNTREND:sellMonth3HighReversal(InDownTrend),##(Check-chart-buy):month3High-InMinus,ReversalHighMonth3,",-1.5628525246850238,1,0,1
"PCTChangeGT2,,,,(GLOBALFUTUP-UPTRENDMARKET)checkBuyConsolidationBreakUp-week2-highNotReachedWeek3,week2BarHighChangeGT2,brokenToday,",-0.6316989704869514,2,1,1
"PCTChangeGT0,year2High,,,,(SMA9GT0),",0.0,1,0,0
"PCTChangeGT2,_HTGT1.5_,,,chisUpTrend-Risky-nearLow,volumeUpsergedLast2n3n4DayDown,",-3.6086608742001522,1,0,1
"PCTChangeLT-8,_HTGT3.0__LTGT3.0_,,,chisRSISellCandidate(yearLow)-lessThanMinus5,##MANegative_Downtrend_(LT-4.5),##MA-SMA200LT0SMA100LT0,",13.41214783460833,2,2,0
"PCTChangeGT3,_HTGT1.5__LTGT3.0__LTGTPCTDayChange_,,,(GLOBALFUTUP-UPTRENDMARKET)checkBuyConsolidationBreakUp-week2-highNotReachedWeek3,week2BarHighChangeGT0,brokenToday,",-1.365433304398156,1,0,1
"PCDCGT0PCTChangeLT-3,PCDayChange-0.5to0.5,_HTGT1.5__LTGT3.0_,,,%%HLTF-Last2LowTail:(DOWNTREND)sellHighLowerTailPre-1,##MA-SMA200LT0SMA100LT0,",1.8208211499175202,1,1,0
"PCTChangeLT-3,_HTGT1.5_,,,volBuyVolumeUpsergedLast2n3DayUp,volSellContinueLast2DayDown-VolUp,##(Check-chart-buy):YearHigh-InMinus,ReversalHighYear,",-1.5889830508474714,1,0,1
"PCTChangeLT-1,,,,checkCupDown-2dayDown,chisSellDownTrend-nearHigh,##(Check-chart-buy):month3High-InMinus,ReversalHighMonth3,",0.0,1,0,0
"PCTChangeLT-5,_LTGT1.5_,,,(GLOBALFUTDOWN-DOWNTRENDMARKET)checkSellConsolidationBreakDown-week2-lowNotReachedWeek3,week2BarLowChangeLT0,chisDownTrend-Risky-nearHigh,",-0.36516407528970873,1,0,1
"PCTChangeLT-2,,,,(GLOBALFUTDOWN-DOWNTRENDMARKET)checkSellConsolidationBreakDown-week2,weekBarLowChangeLT-2,",-0.35710327925428353,11,5,6
"PCTChangeGT2,,,,chisCheckConsolidationBreakoutLT(4.5),BuyYearLow,",0.2637130716794533,1,1,0
"PCTChangeGT2,_LTGT1.5_,,,%%HLTF:(GLOBAL-DOWN)sellHighLowerTail-Reversal-LastDayMarketUp,##ML:sellRisingMAuptrend-1,##UPTREND:buyYearLowReversal(Confirm),",1.3428626652632798,1,1,0
"PCTChangeLT-2,_HTGT1.5_,,,%%:checkSell:Super0,weekBarLowChangeLT-2,##MANegative_Downtrend_(LT-2),##MA-SMA200LT0SMA100LT0,",-1.3636363636363662,1,0,1
"PCTChangeLT-2,,,,%%:checkSell:ConsolidationBreakDown(NotShapeA)-2week,checkSellConsolidationBreakDown-2week,week2BarLowChangeLT0,weekLowLTweek2Low,brokenToday,chisDownTrend-Risky-nearHigh,##(Check-chart-buy):month6High-InMinus,ReversalHighMonth6,",0.5124056094929835,1,1,0
"PCTChangeLT-3,,,,volBuyReversalLast2DayDown-VolDown,weekBarLowChangeLT-2,brokenToday,",0.045072530925919264,6,3,3
"PCTChangeLT-3,year2High,_LTGT1.5_,,,%%HLTF:(GLOBAL-DOWN)sellHighLowerTail-Reversal-LastDayMarketUp,##last2DayLow(LT-3)-M3LGT0,chisSellDayLowVolLow-02-checkMorningTrend(.5SL),",10.662274844234949,1,1,0
"PCTChangeGT3,,,,volBuyContinueLast2DayUp-VolUp,buyFinal,",1.4575433458784088,3,3,0
"PCTChangeGT5,_HTGT3.0__HTGTPCTDayChange_,,,%%HLTF:(UPTREND-GLOBAL/SGX-UP)BuyHighUpperTail-Reversal-7,10thDayGT15-LastDayMarketDown,##MAPositive_Uptrend(GT4.5),##MA-SMA200LT0SMA100GT0,",-2.126559148660887,1,0,1
"PCTChangeGT2,,,,(GLOBALFUTUP-UPTRENDMARKET)checkBuyConsolidationBreakUp-month,weekBarHighChangeGT2,",-0.9660202067396355,6,2,4
"PCTChangeLT-8,,,,maySellHighVolatileDownContinueLT-8,chisSellDayLowVolLow-02-checkMorningTrend(.5SL),",1.3224123453209955,1,1,0
"PCTChangeGT0,PCDayChange-0.5to0.5,,,,##MAPositive_Uptrend(GT0),##MA-SMA200GT0SMA100GT0,",0.8347566086035089,7,4,3
"PCTChangeLT-2,PCDayChange-0.5to0.5,_HTGT1.5__LTGT3.0_,,,%%HLTF:(GLOBAL-DOWN)sellHighLowerTail-Reversal-LastDayMarketUp,##MA-SMA200GT0SMA100GT0,",0.10637864998890363,1,1,0
"PCDCGT0PCTDayChangeLT0,PCDayChange-0.5to0.5,_HTGT3.0__LTGT1.5_,,,%%:sellDowntrend-lastDayUp-ReversalHighTail,%%HLTF-Last2LowTail:(DOWNTREND)sellHighLowerTailPre-1,",0.40584192386661067,1,1,0
"PCTChangeGT2,_LTGT1.5_,,,volumeUpsergedLast2n3n4DayDown,chisCheckConsolidationBreakoutLT(4.5),",0.4111124674479041,1,1,0
"PCTChangeGT1,year2High,_LTGT3.0_,,,%%HLTF:(GLOBAL-DOWN)sellHighLowerTail-Reversal-LastDayMarketUp,",0.8400291458293314,8,6,2
"PCTChangeGT1,_LTGT1.5_,,,volSellReversalLast2DayUp-VolUp,",-9.324996948242188,1,0,1
"PCTChangeLT-3,_LTGT1.5_,,,(GLOBALFUTDOWN-DOWNTRENDMARKET)checkSellConsolidationBreakDown-week2-lowNotReachedWeek3,week2BarLowChangeLT0,MayBuyCheckChart-(IndexNotUpInSecondHalf),##(Check-chart-buy):month3High-InMinus,ReversalHighMonth3,",-1.2994350184799948,1,0,1
"PCTChangeLT-3,,,,(GLOBALFUTDOWN-DOWNTRENDMARKET)checkSellConsolidationBreakDown-week2-lowNotReachedWeek3,week2BarLowChangeLT-5,weekLowLTweek2Low,##last3DayLow(LT-3)-M3LGT0,",4.659424072109197,1,1,0
"PCTChangeGT1,,,,week2BarHighChangeGT0,brokenToday,chisBuyYearHigh-1,",0.5784085896033563,4,2,2
"PCTChangeLT-2,,,,checkCupDown-2dayDown-mayReversalBuy,vol-buy-DownVol-3dayDown-Week2Low,",-0.020766061530556025,1,0,1
"PCTChangeLT-2,,,,chisSell:Super03-monthLow,vol-buy-DownVol-3dayDown-Week2Low,",-1.221999434932033,1,0,1
"PCTChangeLT-2,_HTGT1.5_,,,volSellContinueLast2DayDown-VolUp,sellFinal1,##longDownTrend-1-IndexNotDownLastDay(checkBase),",2.84651435051247,1,1,0
"PCTChangeLT-3,,,,weekBarLowChangeLT-2,brokenToday,##DOWNTREND:sellMonth3HighReversal(InDownTrend),##(Check-chart-buy):month3High-InMinus,ReversalHighMonth3,",-1.7223032664753433,1,0,1
"PCTChangeLT-3,_HTGT3.0_,,,volSellContinueLast2DayDown-VolUp,##ML:buyRisingMA-down-Risky,",-2.1971194257648525,1,0,1
"PCTChangeLT-8,_HTGT1.5_,,,maySellHighVolatileDownContinueLT-8,volumeUpsergedLast2n3n4DayUp,",-6.7132243919231325,1,0,1
"PCTChangeLT-2,_HTGT3.0__HTGTPCTDayChange_,,,%%HLTF:maySellTail-tailGT2-allDayGT0,",2.6151811891100265,2,2,0
"PCTChangeLT-1,,,,##(Check-chart-buy):month3High-InMinus,ReversalHighMonth3,##(check-chart)maySell-EMA6-MT-May-LT-EMA14,",2.126886220042629,2,2,0
"PCTChangeLT-3,_HTGT1.5_,,,volSellContinueLast2DayDown-VolUp,chisSellDownTrend-nearHigh,##(Check-chart-buy):YearHigh-InMinus,NearHighYear,",1.1665547731530332,2,2,0
"PCTChangeGT2,,,,chisUpTrend-Risky-nearLow,chisSell-2week-breakoutup,",0.0886807076081454,1,1,0
"PCTChangeLT-3,_LTGT1.5_,,,chisDownTrend-Risky-nearHigh,##last2DayLow(LT-3)-M3LGT0,",0.651211263283879,1,1,0
"PCTChangeGT8,_HTGT1.5_,,,chisSellDayHighVolLow-01-checkMorningTrend(.5SL),",-3.579363277650395,1,0,1
"PCTChangeGT0,_HTGT1.5_,,,%%HLTF-Last2HighTail:(UPTREND)buy(DOWNTREND)sell:HighUpperTailPre-last2DayUp,",-1.0816547500181708,9,4,5
"PCDCLT0PCTChangeGT0,_HTGT3.0_,,,%%HLTF:maySellTail-tailGT2-allDayGT0,##MAPositive_Uptrend(LT0),##MA-SMA200GT0SMA100GT0,",-0.581762925633841,1,0,1
"PCTChangeGT0.5,_LTGT1.5_,,,chisUpTrend-Risky-nearLow,",0.7100216112703212,7,4,3
"PCTChangeGT2,,,,chisBuyUpTrend-1-YearHigh,(GLOBALFUTUP-UPTRENDMARKET)checkBuyConsolidationBreakUp-week2-highNotReachedWeek3,week2BarHighChangeGT0,brokenToday,chisSell-2week-breakoutup,",2.044639096861328,1,1,0
"PCTChangeLT-3,_HTGT1.5__LTGT1.5_,,,##MANegative_Downtrend_(LT-2),##MA-SMA200GT0SMA100GT0,",-4.16666666666667,1,0,1
"PCTChangeLT-2,,,,checkCupDown-month3HighLTmonth3Low,bar_low,chisDownTrend-Risky-nearHigh,##(Check-chart-buy):month3High-InMinus,BreakHighMonth3,",-0.34246575342465246,1,0,1
"PCTChangeGT3,_HTGT1.5__HTGTPCTDayChange_,,,sellEveningStar-0,##(Check-chart-sell):month3Low-InPlus,BreakLowMonth3,",4.264444060584496,1,1,0
"PCTChangeGT1,_LTGT1.5_,,,%%:sellUpTrend-month3High,##MAPositive_Uptrend(GT1),##MA-SMA200GT0SMA100GT0,",-1.9851447499796295,2,0,2
"PCTChangeLT-3,_LTGT1.5_,,,##(Check-chart-buy):YearHigh-InMinus,NearHighYear,",0.38795264188975126,2,1,1
"PCTChangeLT-1,,,,(GLOBALFUTDOWN-DOWNTRENDMARKET)checkSellConsolidationBreakDown-week2-lowNotReachedWeek3,week2BarLowChangeLT0,weekLowLTweek2Low,chisDownTrend-Risky-nearHigh,##(Check-chart-buy):month3High-InMinus,NearHighMonth3,##(check-chart)maySell-EMA6-MT-May-LT-EMA14,",1.3968912760416679,1,1,0
"PCTChangeLT-0.5,PCDayChange-0.5to0.5,_HTGT1.5_,,,%%:sellDowntrend-lastDayDown-ReversalHighTail,shortDownTrendSellContinue-Doji-Last2DayLTToday,",3.461400303748473,1,1,0
"PCTChangeLT-2,,,,volSellContinueLast2DayDown-VolUp,##(Check-chart-buy):YearHigh-InMinus,NearHighYear,",1.3861584458974663,3,2,1
"PCDCLT0PCTChangeGT0,_LTGT1.5_,,,%%HLTF:(SGXNIFTYUP)buyHighLowerTail-Continue,(Test)MayBuy-CheckChart(upTrend-lastDayDown),",-2.0711525787207212,3,0,3
"PCTChangeLT-3,,,,(GLOBALFUTDOWN-DOWNTRENDMARKET)checkSellConsolidationBreakDown-week2-lowNotReachedWeek3,week2BarLowChangeLT-2,weekLowLTweek2Low,chisDownTrend-Risky-nearHigh,",0.24893030763870697,8,4,4
"PCTChangeLT-3,_HTGT1.5__HTGTPCTDayChange_,,,##MANegative_Downtrend_(LT-1),##MA-SMA200GT0SMA100LT0,",0.9981129657454988,1,1,0
"PCTChangeGT5,_HTGT1.5__LTGT1.5_,,,##lastDayHighGT5TodayGT1,",-1.1059388606857825,4,1,3
"PCTChangeGT2,,,,volBuyContinueLast2DayUp-VolUp,chisBuyConsolidationBreakUp-2week-(Risky)-year2High,week2BarHighChangeGT0,",0.283826945722807,1,1,0
"PCTChangeGT0,_LTGT1.5_,,,%%HLTF:(SGXNIFTYUP)buyHighLowerTail-Continue,##MAPositive_Uptrend(GT0),##MA-SMA200GT0SMA100GT0,",0.4294918495106199,1,1,0
"PCTChangeGT1,PCDayChange-0.5to0.5,,,,chisSellFlag2Week-doji-Risky,",-0.39120706949951545,15,3,12
"PCTChangeGT3,year2High,_HTGT1.5__HTGTPCTDayChange_,,,%%HLTF-Last2HighTail:(UPTREND)buy(DOWNTREND)sell:HighUpperTailPre-last2DayUp,MaySellCheckChart-(IndexNotDownInSecondHalf),week2BarHighChangeGT2,weekHighGTweek2High,",-0.08424471498908542,1,0,1
"PCTChangeLT-1,_LTGT1.5_,,,$$MayBuy-CheckChart-baseLine(inuptrend-monthlow)-PCTDayChangeLT0,$$MayBuy-CheckChart(downTrend-mayReverseLast4DaysDown)-Risky,",-1.139894791835313,1,0,1
"PCTChangeLT-3,_HTGT1.5_,,,(GLOBAL-DOWN)maySellContinueHighVolatileLastDayDOWN-(LT-5),chisDownTrend-Risky-nearHigh,",-1.5338738060020494,1,0,1
"PCTChangeGT3,,,,##(Check-chart-sell):month3Low-InPlus,NearLowMonth3,chisBuyUpTrend-nearLow,volumeUpsergedLast2n3n4DayDown,",5.2390888177352535,1,1,0
"PCTChangeLT-3,,,,(GLOBALFUTDOWN-DOWNTRENDMARKET)checkSellConsolidationBreakDown-week2-lowNotReachedWeek3,week2BarLowChangeLT-2,weekLowLTweek2Low,sellPatternsML,##DOWNTREND:sellMonth3LowBreak,",-4.162127209376648,1,0,1
"PCTChangeLT-2,,,,%%:checkSell:ConsolidationBreakDown(NotShapeA)-2week,checkSellConsolidationBreakDown-2week,week2BarLowChangeLT-2,chisDownTrend-Risky-nearHigh,##(Check-chart-buy):month6High-InMinus,ReversalHighMonth6,",-2.129781358345883,1,0,1
"PCTChangeLT-2,year2Low,,,,%%HLTF-Last2DayMarketDown:(GLOBAL-UP)buyHighUpperTailPre1-Reversal-LastDayMarketDown,",-5.283842794759825,1,0,1
"PCTChangeLT-8,_LTGT1.5_,,,(GLOBAL-DOWN)maySellContinueHighVolatileLastDayDOWN-PCT10GT0-(LT-8),chisBuyMay5DayFloorReversal,",10.10050892274732,1,1,0
"PCTChangeLT-1,_LTGT1.5_,,,week2BarLowChangeLT-2,sellPatterns-LT-1.5-SMALT0,(SMA9LT0),$$MayBuy-CheckChart(downTrend-mayReverseLast4DaysDown)-Risky,",-0.6403286385601089,1,0,1
"PCTChangeLT-3,_LTGT1.5_,,,chisDownTrend-Risky-nearHigh,##(Check-chart-buy):YearHigh-InMinus,ReversalHighYear,",-0.6299923140715128,9,3,6
"PCTChangeLT-2,year2High,,,,volBuyReversalLast2DayDown-VolDown,chisSellUpTrend-Risky-2,",-0.19992027485540564,4,1,3
"PCTChangeGT0.5,PCDayChange-0.5to0.5,_HTGT1.5__LTGT1.5_,,,chisSellFlagWeek-doji-Risky,chisSellSMA4Reversal,",2.2394700549339412,1,1,0
"PCTChangeGT3,year2High,_HTGT1.5_,,,%%HLTF-Last2HighTail:(UPTREND)buy(DOWNTREND)sell:HighUpperTailPre-last2DayUp,vol-sell-DownVol-3dayUp-Week2High,",1.672572242383828,2,1,1
"PCTChangeLT-3,,,,volSellContinueLast2DayDown-VolUp,##DOWNTREND:sellMonth6HighReversal(InDownTrend),##(Check-chart-buy):month6High-InMinus,ReversalHighMonth6,",-0.6996545368494075,1,0,1
"PCTChangeGT3,,,,volBuyContinueLast2DayUp-VolUp,week2BarHighChangeGT0,brokenToday,",-0.7087391230597127,3,1,2
"PCTChangeLT-5,_LTGT3.0_,,,volumeUpsergedLast2n3n4DayUp,",-0.37015503898137253,3,1,2
"PCTChangeGT2,year2High,_HTGT1.5__LTGT1.5_,,,%%:sellUpTrend-month3High,",-1.5105523379652825,1,0,1
"PCTChangeLT-3,_HTGT1.5__LTGT1.5_,,,chisFinalBreakOutSell-0,##(Check-chart-buy):month3High-InMinus,NearHighMonth3,",1.1399983723958402,1,1,0
"PCTChangeLT-3,_HTGT1.5__LTGT3.0__HTGTPCTDayChange__LTGTPCTDayChange_,,,##MANegative_Downtrend_(LT-2),##MA-SMA200GT0SMA100GT0,",-4.453209790466028,1,0,1
"PCTChangeLT-5,,,,(GLOBALFUTDOWN-DOWNTRENDMARKET)checkSellConsolidationBreakDown-week2-lowNotReachedWeek3,week2BarLowChangeLT-2,weekLowLTweek2Low,chisDownTrend-Risky-nearHigh,",-0.8246087475800803,1,0,1
"PCTDayChangeLT0,_HTGT3.0_,,,chisDownTrend-Risky-nearHigh,",-0.3361278616550969,2,0,2
"PCTChangeLT-5,_LTGT3.0_,,,##last2DayLow(LT-3)-M3LLT0,",0.05905271515132873,1,1,0
"PCTChangeLT-3,,,,VOL:buy-UpVol-3dayDown-Week2Low,##MANegative_Downtrend_(LT-2),##MA-SMA200GT0SMA100LT0,##DOWNTREND:sellMonth3LowBreak,##last2DayLow(LT-3)-M3LLT0,",0.9956329719019777,1,1,0
"PCTDayChangeLT0,,,,(GLOBALFUTDOWN-DOWNTRENDMARKET)checkSellConsolidationBreakDown-week2-lowNotReachedWeek3,week2BarLowChangeLT0,weekLowLTweek2Low,",0.4432630128228681,25,13,12
"PCTChangeLT-2,,,,##MANegative_Downtrend_(LT-2),##MA-SMA200LT0SMA100GT0,",1.0058896079786617,1,1,0
"PCDCGT0PCTChangeLT-1,PCDayChange-0.5to0.5,_HTGT3.0_,,,chisSellFlag2Week-doji-Risky,",-3.3135887433518834,2,0,2
"PCTChangeGT0,_HTGT1.5__HTGTPCTDayChange_,,,chisBuyYearHigh-1,",-1.2570250904081237,2,0,2
"PCTChangeGT8,year2High,_LTGT1.5_,,,%%HLTF-Risky:(GLOBAL-DOWN)sellHighLowerTail-Reversal-LastDayMarketUp,vol-sell-DownVol-3dayUp-Week2High,",-0.11699965925448712,1,0,1
"PCTChangeGT2,_HTGT3.0_,,,volSellReversalLast2DayUp-VolDown,chisSellYear2LowContinue,",-7.618709805096296,1,0,1
"PCTChangeLT-3,,,,volSellContinueLast2DayDown-VolUp,(GLOBALFUTDOWN-DOWNTRENDMARKET)checkSellConsolidationBreakDown-week2-lowNotReachedWeek3,week2BarLowChangeLT0,##DOWNTREND:sellYear2HighReversal(InDownTrend),",-0.8578134150844529,1,0,1
"PCDCLT0PCTChangeGT0,PCDayChange-0.5to0.5,,,,%%:checkSell:CupDownDoji-lastDayLT(-2)TodayDoji,",0.4504909070010747,25,10,15
"PCTChangeLT-3,_LTGT1.5_,,,(GLOBALFUTDOWN-DOWNTRENDMARKET)checkSellConsolidationBreakDown-week2-lowNotReachedWeek3,week2BarLowChangeLT0,chisDownTrend-Risky-nearHigh,##(Check-chart-buy):month3High-InMinus,ReversalHighMonth3,",0.31914646400882574,4,2,2
"PCTChangeLT-1,,,,checkCupDown-2dayDown,chisDownTrend-Risky-nearHigh,##(Check-chart-buy):month3High-InMinus,NearHighMonth3,",2.2786161420166327,1,1,0
"PCTChangeGT5,,,,volumeUpsergedLast2n3n4DayDown,weekBarHighChangeGT5,##MAPositive_Uptrend(GT4.5),##MA-SMA200GT0SMA100GT0,",-3.0845182021098556,1,0,1
"PCTChangeLT-1,,,,weekBarLowChangeLT0,##(Check-chart-buy):month6High-InMinus,ReversalHighMonth6,",0.4675129485154294,2,1,1
"PCTChangeLT-2,,,,volSellContinueLast2DayDown-VolUp,##MANegative_Downtrend_(LT-2),##MA-SMA200LT0SMA100LT0,##DOWNTREND:sellYearLowBreak,",-1.404494382022466,1,0,1
"PCTChangeLT-5,,,,##sellRisingMA,",5.382349350873162,1,1,0
"PCTChangeGT3,_HTGT3.0__HTGTPCTDayChange_,,,zigZagVolCrossedFromDown,",-1.0663195504230467,4,1,3
"PCTChangeLT-3,_HTGT1.5_,,,volSellContinueLast2DayDown-VolUp,",-0.5415559834179907,15,6,9
"PCTChangeGT3,_LTGT1.5_,,,volSellReversalLast2DayUp-VolDown,",0.05928466529372461,11,4,6
"PCTChangeLT-2,,,,##DOWNTREND:sellYear2HighReversal(InDownTrend),##(Check-chart-buy):month3High-InMinus,ReversalHighMonth3,",-0.0033253760679707103,64,33,31
"PCTChangeLT-0.5,,,,##longDownTrend-2-IndexNotDownLastDay(checkBase),",2.62008733624453,1,1,0
"PCTChangeGT1,year2High,_HTGT1.5__HTGTPCTDayChange_,,,(Test)MaySellCheckChart-last3DayUp,MaySellCheckChart-(IndexNotDownInSecondHalf),$$MaySell-CheckChart(downTrend-mayReverseLast4DaysUp),",0.015726935551377202,3,2,1
"PCTChangeGT2,_LTGT3.0_,,,%%HLTF-Risky:(GLOBAL-DOWN)sellHighLowerTail-Reversal-LastDayMarketUp,VOL:buy(GLOBALFUTDOWN-GLOBALMARKETDOWN)Sell-UpVol-3dayUp-Week2Low,",1.614596834887489,1,1,0
"PCTChangeLT-2,_HTGT1.5__HTGTPCTDayChange_,,,%%HLTF-Last2HighTail:(DOWNTREND)sellHighUpperTailPre,chisDownTrend-Risky-nearHigh,",-2.1917457106739917,2,1,1
"PCTChangeLT-2,,,,##(check-chart)maySell-EMA6-MT-May-LT-EMA14,",0.17367348910863845,7,4,3
"PCTChangeGT1,year2Low,_HTGT1.5__LTGT3.0__LTGTPCTDayChange_,,,chisBuyDownTrend-lowTail,",-2.386365618024548,1,0,1
"PCTChangeLT-1,year2High,,,,(Test)MayBuy-CheckChart(upTrend-lastDayDown),",0.07608885581525815,8,5,3
"PCTChangeGT0,_HTGT1.5__HTGTPCTDayChange_,,,%%HLTF-Last2HighTail:(UPTREND)buy(DOWNTREND)sell:HighUpperTailPre-last2DayUp,chisBuyYearHigh-3,",-0.9084608112798364,1,0,1
"PCDCLT0PCTChangeGT3,_LTGT1.5_,,,##(Test)(check-chart)-buySMAUpTrend,",-1.6455984014698513,1,0,1
"PCTChangeGT1,_HTGT1.5__LTGT1.5_,,,(GLOBALFUTUP-UPTRENDMARKET)checkBuyConsolidationBreakUp-week2-highNotReachedWeek3,week2BarHighChangeGT2,",-3.094534977576905,1,0,1
"PCTChangeLT-5,_LTGT1.5_,,,##MANegative_Downtrend_(LT-4.5),##MA-SMA200GT0SMA100GT0,chisBuyDayLowVolLow,",11.050818693891303,1,1,0
"PCTChangeLT-2,,,,(GLOBALFUTDOWN-DOWNTRENDMARKET)checkSellConsolidationBreakDown-week2-lowNotReachedWeek3,week2BarLowChangeLT-2,##DOWNTREND:sellYear2HighReversal(InDownTrend),##(Check-chart-buy):month3High-InMinus,ReversalHighMonth3,",-0.09089191821503302,3,2,1
"PCTChangeLT-1,,,,(GLOBALFUTDOWN-DOWNTRENDMARKET)checkSellConsolidationBreakDown-week2-lowNotReachedWeek3,week2BarLowChangeLT-2,weekLowLTweek2Low,chisDownTrend-Risky-nearHigh,##(Check-chart-buy):month3High-InMinus,ReversalHighMonth3,",0.48705267910227823,3,2,1
"PCTChangeGT3,_LTGT1.5_,,,chisSellYear2LowLT-40-last4DayDown(triggerAfter-9:15),##UPTREND:buyYear2Low,",-1.289989659769164,1,0,1
"PCTChangeGT2,_LTGT1.5_,,,%%HLTF:(SGXNIFTYUP)buyHighLowerTail-Continue,",-0.671973418051351,17,6,11
"PCTChangeGT0.5,PCDayChange-0.5to0.5,_HTGT3.0__LTGT1.5_,,,chisSellFlag2Week-doji-Risky,",4.421306351140633,1,1,0
"PCTChangeGT0.5,PCDayChange-0.5to0.5,_HTGT1.5__LTGT1.5_,,,%%:checkSell:Super2,-+,%%HLTF-Last2LowTail:(DOWNTREND)sellHighLowerTailPre-1,",4.308839282557239,1,1,0
"PCTChangeLT-1,,,,##MA-SMA200GT0SMA100LT0,",-1.6053470879494183,1,0,1
"PCTChangeGT0,_HTGT1.5_,,,shortUpTrendBuyContinue-Doji-Last2DayGTToday,",0.7254508504906501,4,2,2
"PCTChangeLT-0.5,,,,##ML:BuyRisingMA-Risky-2,",1.2759345412263363,6,5,1
"PCTChangeGT8,_LTGT3.0_,,,%%HLTF-Risky:(GLOBAL-DOWN)sellHighLowerTail-Reversal-LastDayMarketUp,",0.48686217350246547,3,2,1
"PCTChangeGT0,PCDayChange-0.5to0.5,_LTGT1.5_,,,(SMA9GT0),",0.7647106694240187,1,1,0
"PCTChangeGT1,_HTGT1.5__HTGTPCTDayChange__LTGTPCTDayChange_,,,volSellReversalLast2DayUp-VolUp,",2.766471584843457,1,1,0
"PCTChangeGT0.5,,,,chisSellDowningMA-(check5MinuteDownTrendAndSellDowntrend),",-0.4017074183378778,44,14,30
"PCTChangeLT-3,_LTGT1.5_,,,%%:checkBuyRevarsalLast3DayDownAtMonth3High,##(Check-chart-buy):month3High-InMinus,ReversalHighMonth3,",-0.019006765387349776,1,0,1
"PCTChangeLT-3,_LTGT1.5_,,,(GLOBAL-DOWN)maySellContinueHighVolatileLastDayDOWN-(LT-5),chisSellDownTrend-nearHigh,",1.4792204431702207,2,2,0
"PCTChangeGT5,_HTGT1.5_,,,##MAPositive_Uptrend(GT4.5),##MA-SMA200LT0SMA100GT0,##last2DayHighGT3-M3HGT0,",1.2557532017264494,3,1,2
"PCTChangeLT-3,_HTGT1.5_,,,##MANegative_Downtrend_(LT-1),##MA-SMA200LT0SMA100LT0,",-2.745252113200332,2,0,2
"PCTChangeLT-2,_HTGT3.0__HTGTPCTDayChange_,,,checkCupDown-3dayDown-mayReversalBuy,%%HLTF:maySellTail-tailGT2-7,10thDayGT0,##DOWNTREND:sellYear2HighReversal(InDownTrend),##(Check-chart-buy):YearHigh-InMinus,ReversalHighYear,",-6.632951504922331,1,0,1
"PCTChangeGT1,_HTGT1.5__LTGT1.5__LTGTPCTDayChange_,,,##MANegative_Downtrend_(GT2),##MA-SMA200GT0SMA100GT0,",-5.004104231919129,1,0,1
"PCTChangeGT3,_LTGT1.5_,,,%%HLTF-Risky:(GLOBAL-DOWN)sellHighLowerTail-Reversal-LastDayMarketUp,%%:sellUpTrend-month3High,##MAPositive_Uptrend(GT2),##MA-SMA200GT0SMA100GT0,##lastDayHighGT5TodayGT1,",-9.28571239021254,1,0,1
"PCTChangeGT1,_HTGT1.5__HTGTPCTDayChange_,,,volBuyVolumeUpsergedLast2n3DayDown,volSellReversalLast2DayUp-VolUp,",4.339067182654783,1,1,0
"PCTChangeLT-2,_HTGT1.5_,,,vol-buy-DownVol-3dayDown-Week2Low,##MANegative_Downtrend_(LT-2),##MA-SMA200GT0SMA100GT0,",4.149867557200201,1,1,0
"PCTChangeGT5,,,,volumeUpsergedLast2n3n4DayDown,volBuyContinueLast2DayUp-VolUp,chisCheckConsolidationBreakoutGT(4.5),weekBarHighChangeGT2,brokenToday,",1.119885067560128,1,1,0
"PCTChangeLT-3,,,,checkCupDown-3dayDown-mayReversalBuy,VOL:sell(GLOBALFUTUP-GLOBALMARKETUP)Buy-UpVol-3dayDown-Week2High,##DOWNTREND:sellYear2HighReversal(InDownTrend),##last2DayLow(LT-3)-M3LGT0,##(Check-chart-buy):month3High-InMinus,ReversalHighMonth3,",4.430459054733126,1,1,0
"PCTChangeLT-3,_LTGT1.5_,,,##DOWNTREND:sellMonth6HighReversal(InDownTrend),##last2DayLow(LT-3)-M3LGT0,volBuyRevarsalVolCrossed,##(Check-chart-buy):month3High-InMinus,ReversalHighMonth3,",18.574517052164403,1,1,0
"PCTChangeLT-1,_LTGT1.5_,,,%%checkCupDown-2dayDown-continue,chisDownTrend-Risky-nearHigh,##(Test):buyRisingMA-uptrend-SMA25gt0,",0.3899885348610637,1,1,0
"PCTChangeLT-1,_LTGT1.5_,,,volBuyVolumeUpsergedLast2n3DayUp,weekBarLowChangeLT0,",3.131808278867105,1,1,0
"PCTChangeLT-2,,,,%%:check(UPTREND-UPMARKET)Buy(DOWNTRENDTREND-DOWNMARKET)Sell:Super01-monthLow,##MANegative_Downtrend_(LT-2),##MA-SMA200LT0SMA100LT0,",0.5443576388888774,1,1,0
"PCTChangeLT-3,,,,vol-buy-DownVol-3dayDown-Week2Low,weekBarLowChangeLT-2,brokenToday,##DOWNTREND:sellMonth3LowBreak,",3.7628314328281807,1,1,0
"PCTChangeLT-1,,,,##(Test)(check-chart)-buySMAUpTrend,##ML:BuyRisingMA-Risky-1,",-3.4533640065967735,1,0,1
"PCTChangeGT1,,,,checkBuyConsolidationBreakUp-2week,week2BarHighChangeGT2,weekHighGTweek2High,",-2.776277033145232,1,0,1
"PCTChangeLT-2,,,,vol-buy-DownVol-3dayDown-Week2Low,##DOWNTREND:sellMonth3LowBreak,",1.7918223768748502,3,3,0
"PCTChangeGT3,_LTGT1.5_,,,chisUpTrend-Risky-nearLow,week2BarHighChangeGT0,weekHighGTweek2High,##UPTREND:buyYear2LowReversal(Confirm),",1.35474004360201,1,1,0
"PCTChangeGT3,_LTGT1.5_,,,chisSellYear2LowLT-40-last3DayDown(triggerAfter-9:15),##UPTREND:buyYear2LowReversal(Confirm),",-1.4666646321614585,1,0,1
"PCTChangeGT2,year2High,_HTGT1.5_,,,%%HLTF-Last2HighTail:(UPTREND)buy(DOWNTREND)sell:HighUpperTailPre-last2DayUp,MaySellCheckChart-(IndexNotDownInSecondHalf),volSellVolumeUpsergedLast2n3DayDown,",-2.1749207109858646,1,0,1
"PCTChangeLT-5,_LTGT1.5_,,,##DOWNTREND:sellYearLowBreak,",-1.205355780465271,1,0,1
"PCTDayChangeLT0,,,,%%:checkSell:Super01-monthLow,##(Test)buyBottomReversal-0,",0.06652750678396814,1,1,0
"PCTChangeLT-2,_LTGT1.5_,,,##MANegative_Downtrend_(LT-2),##MA-SMA200GT0SMA100LT0,buyMorningStar-HighLowerTail,",1.5864847920998864,2,2,0
"PCTChangeLT-3,,,,%%checkCupDown-2dayDown-continue,chisSellDownTrend-nearHigh,##DOWNTREND:sellYear2HighReversal(InDownTrend),##(Check-chart-buy):month3High-InMinus,ReversalHighMonth3,",1.7380057605787849,1,1,0
"PCTChangeGT0.5,PCDayChange-0.5to0.5,_HTGT1.5_,,,sellPattern-LT-1.5-SMALT0,(SMA9LT0),maySellFromBuyPattern-LT-1.8,",-0.16743789919528893,1,0,1
"PCTChangeGT5,_HTGT1.5__LTGT1.5_,,,volBuyContinueLast2DayUp-VolUp,",0.9006427793984186,4,2,2
"PCTChangeGT0.5,_HTGT1.5__HTGTPCTDayChange_,,,%%HLTF:(GLOBAL-SGX-DOWN)maySellTail-2,3,4thDayGT0,(Test)(check-chart-2-3MidCapCross)MaySellCheckChart-Risky,chisBuyYearHigh-3,",3.1391000389156467,1,1,0
"PCTChangeLT-8,_HTGT3.0_,,,chisDownTrend-Risky-nearHigh,",-0.7194301603771693,1,0,1
"PCTChangeGT3,year2High,_HTGT1.5_,,,volBuyContinueLast2DayUp-VolUp,##last2DayHighGT3-M3HGT0,",0.023924905147276663,1,1,0
"PCTChangeLT-1,_LTGT1.5_,,,##MAPositive_Uptrend(LT-2),##MA-SMA200LT0SMA100LT0,",-0.1485395632771194,3,1,2
"PCTChangeLT-1,,,,%%:checkSell:ConsolidationBreakDown(NotShapeA)-2week,checkSellConsolidationBreakDown-2week,week2BarLowChangeLT0,brokenToday,##(Check-chart-buy):month3High-InMinus,ReversalHighMonth3,",-0.6598872419006803,2,1,1
"PCTChangeGT0.5,_HTGT1.5__HTGTPCTDayChange_,,,week2BarHighChangeGT0,brokenToday,chisBuyYearHigh-3,",-4.219629143060166,1,0,1
"PCTChangeLT-3,,,,chisSellDayLowVolLow-01,",-7.410492687848274,2,0,2
"PCTChangeLT-2,_HTGT1.5_,,,%%HLTF:(UPTREND-MorningTrend-UP)mayBuyTail-highTailGT2-7,10thDayGT10-Last2DayStockDown,",5.421302631647893,1,1,0
"PCTChangeLT-2,_HTGT1.5__LTGT1.5_,,,(GLOBALFUTDOWN-DOWNTRENDMARKET)checkSellConsolidationBreakDown-week2-lowNotReachedWeek3,week2BarLowChangeLT0,",3.2976205008370565,1,1,0
"PCTChangeLT-5,,,,maySellHighVolatileDownContinueLT-8,chisSellDownTrend-nearHigh,",-1.0602754081847168,2,1,1
"PCDCLT0PCTChangeGT0,_LTGT3.0_,,,%%:checkSell:CupDownDoji-last2lastDayLT0orTodayGT0,",1.6229550508809754,1,1,0
"PCTChangeLT-2,,,,%%:checkSell:Super01-monthLow,volumeUpsergedLast2n3n4DayUp,",-0.9397901839394978,2,0,2
"PCTChangeLT-1,PCDayChange-0.5to0.5,_HTGT3.0_,,,%%HLTF:maySellTail-tailGT2-allDayGT0,%%HLTF:(UPTREND-GLOBAL/SGX-UP)BuyHighUpperTail-Reversal-7,10thDayGT15-LastDayMarketDown,##sellSMA25GT10,##MA-SMA200LT0SMA100LT0,",-2.367200298480238,1,0,1
"PCTChangeLT-2,_LTGT1.5_,,,chisSellFlagWeek-Risky,volSellContinueLast2DayDown-VolUp,chisDownTrend-Risky-nearHigh,##(Check-chart-buy):month3High-InMinus,NearHighMonth3,",-0.8140453211258993,1,0,1
"PCTChangeLT-3,_LTGT3.0_,,,checkCupDown-2dayDown-mayReversalBuy,##DOWNTREND:sellYear2HighReversal(InDownTrend),volBuyRevarsalVolCrossed,%%:checkBuyRevarsalLast3DayDownAtMonth3High,##(Check-chart-buy):month3High-InMinus,ReversalHighMonth3,",1.9032238375756045,1,1,0
"PCTChangeGT3,_HTGT1.5__LTGT3.0__LTGTPCTDayChange_,,,weekBarHighChangeGT2,##lastDayHighGT5TodayGT1,",5.4730081158017345,1,1,0
"PCTChangeLT-5,_LTGT1.5_,,,##DOWNTREND:sellMonth3LowBreak,",-1.7533577528575877,1,0,1
"PCTChangeLT-3,_LTGT3.0_,,,##MANegative_Downtrend_(LT-2),##MA-SMA200LT0SMA100LT0,##last2DayLow(LT-3)-M3LLT0,",1.3284171609082172,3,2,1
"PCDCLT0PCTChangeGT0,_LTGT1.5_,,,volBuyRevarsalVolCrossed,",1.186657848512657,2,2,0
"PCTChangeLT-5,_LTGT1.5_,,,(Test)MayBuy-CheckChart(upTrend-lastDayDown),",0.7306568494666962,1,1,0
"PCTChangeGT5,_HTGT1.5_,,,chisSellYear2LowLT-40-last3DayDown(triggerAfter-9:15),chisUpTrend-Risky-nearLow,##UPTREND:buyYear2LowReversal(Confirm),",1.4827925499950612,1,1,0
"PCTChangeGT0,_HTGT1.5__HTGTPCTDayChange_,,,##MA-SMA200GT0SMA100GT0,",0.29352020256925826,1,1,0
"PCTChangeLT-1,_LTGT3.0_,,,##MANegative_Downtrend_(LT-2),##MA-SMA200LT0SMA100LT0,",6.487603728912197,4,3,1
"PCTDayChangeLT0,_HTGT1.5__HTGTPCTDayChange_,,,##buyYear2LowMovingSMA,",2.5191624813631344,1,1,0
"PCTChangeLT-1,_LTGT3.0_,,,%%HLTF:(GLOBAL-UP)buyHighLowerTail-LastDayMarketUp,chisSellDownTrend-nearHigh,##(Check-chart-buy):month3High-InMinus,ReversalHighMonth3,",-2.343749999999997,1,0,1
"PCTChangeLT-8,_HTGT3.0__LTGT1.5_,,,##MANegative_Downtrend_(LT-2),##MA-SMA200GT0SMA100LT0,",-2.9533363202344995,1,0,1
"PCTChangeLT-2,year2Low,_HTGT1.5__LTGT1.5_,,,zigZagVolCrossedFromUp,",0.5706134094151242,1,1,0
"PCTChangeGT5,_HTGT3.0_,,,chisUpTrend-Risky-nearLow,##lastDayHighGT5TodayGT1,",3.1469439535319768,1,1,0
"PCTDayChangeLT0,PCDayChange-0.5to0.5,_HTGT1.5_,,,chisSellSuper-Risky,--,shortDownTrendSellContinue-Doji-Last2DayLTToday,",-0.012103581832630566,1,0,1
"PCTChangeLT-1,,,,sellPatternsML,sellPatterns-LT-1.5-SMALT0,(SMA9LT0),",-0.9550453690652289,13,2,11
"PCTChangeLT-3,_HTGT1.5_,,,checkCupDown-3dayDown,",1.769107045525333,1,1,0
"PCTChangeGT0,_HTGT3.0_,,,%%HLTF-Risky9:30:maySellTail-tailGT2-7,10thDayGT15,%%HLTF:(UPTREND-GLOBAL/SGX-UP)BuyHighUpperTail-Reversal-7,10thDayGT15-LastDayMarketDown,",0.020357476542620864,1,1,0
"PCTChangeGT2,_HTGT1.5_,,,chisBuyYearHigh-1,##MAPositive_Uptrend(GT1),##MA-SMA200GT0SMA100GT0,",-1.5711239695295816,1,0,1
"PCTChangeLT-3,_LTGT3.0_,,,(GLOBALFUTDOWN-DOWNTRENDMARKET)checkSellConsolidationBreakDown-week2-lowNotReachedWeek3,week2BarLowChangeLT0,",-2.445098731594159,3,0,3
"PCDCGT0PCTChangeLT-3,_LTGT1.5_,,,##MA-SMA200LT0SMA100LT0,",1.9056940868682306,2,1,1
"PCTChangeLT-3,_HTGT3.0__HTGTPCTDayChange_,,,VOL:sell(GLOBALFUTUP-GLOBALMARKETUP)Buy-UpVol-3dayDown-Week2High,##DOWNTREND:sellYear2HighReversal(InDownTrend),##(Check-chart-buy):month3High-InMinus,ReversalHighMonth3,",-0.8229848117288264,1,0,1
"PCTChangeGT3,,,,(GLOBALFUTUP-UPTRENDMARKET)checkBuyConsolidationBreakUp-week2-highNotReachedWeek3,week2BarHighChangeGT2,##(check-chart)sellEMA6>EMA14,",-0.10883219710886675,1,0,1
"PCTChangeLT-1,PCDayChange-0.5to0.5,_HTGT1.5__LTGT3.0_,,,buyYearHigh-0,",3.250353614736615,2,2,0
"PCTChangeLT-3,_HTGT3.0__HTGTPCTDayChange_,,,checkCupDown-2dayDown-mayReversalBuy,vol-buy-DownVol-3dayDown-Week2Low,##MANegative_Downtrend_(LT-2),##MA-SMA200LT0SMA100LT0,##last2DayLow(LT-3)-M3LGT0,",0.7418240398945043,1,1,0
"PCTChangeLT-5,year2Low,_LTGT3.0_,,,##last2DayLow(LT-3)-M3LLT0,",1.8866405977829863,3,2,1
"PCTChangeGT1,PCDayChange-0.5to0.5,_HTGT3.0__LTGT1.5_,,,##MANegative_Downtrend_(GT0),##MA-SMA200LT0SMA100LT0,",11.00035000691371,1,1,0
"PCTChangeGT1,_LTGT1.5_,,,%%HLTF:(SGXNIFTYUP)buyHighLowerTail-Continue,##(Check-chart):year2High-InPlus,",-2.5777791341145737,1,0,1
"PCTChangeLT-2,,,,chisDownTrend-Risky-nearHigh,##(Check-chart-buy):month3High-InMinus,ReversalHighMonth3,##(check-chart)maySell-EMA6-MT-May-LT-EMA14,",-0.9787789890911556,1,0,1
"PCTChangeGT5,_HTGT1.5_,,,(GLOBALFUTUP-UPTRENDMARKET)checkBuyConsolidationBreakUp-week2-highNotReachedWeek3,week2BarHighChangeGT5,weekHighGTweek2High,##last2DayHighGT3-M3HLT0,",8.027212960379455,1,1,0
"PCTChangeLT-3,_HTGT1.5__LTGT1.5__HTGTPCTDayChange_,,,%%:checkSell:Super01-monthLow,",3.5101711369233164,1,1,0
"PCTDayChangeLT0,_HTGT1.5__HTGTPCTDayChange_,,,%%HLTF-Last2HighTail:(DOWNTREND)sellHighUpperTailPre,chisSellDownTrend-nearHigh,",-1.951279548925929,1,0,1
"PCTChangeGT3,,,,weekBarHighChangeGT0,brokenToday,##MAPositive_Uptrend(GT2),##MA-SMA200LT0SMA100LT0,##last2DayHighGT3-M3HLT0,",-0.3828065510543483,1,0,1
"PCTChangeLT-1,,,,volSellContinueLast2DayDown-VolUp,chisSellUpTrend-Risky-2,",-0.8709716796875121,1,0,1
"PCTChangeLT-1,_LTGT3.0_,,,##MA-SMA200LT0SMA100LT0,",-1.2524419936665478,2,0,2
"PCTChangeGT2,_HTGT1.5__HTGTPCTDayChange_,,,chisBuyUpTrend-nearLow,",1.2980610463121576,4,3,1
"PCTChangeGT1,_LTGT1.5_,,,##(Check-chart)ML:buyMonth3High-Continue,",-0.7036520772478972,6,1,5
"PCTChangeLT-3,,,,checkCupDown-upTrendLastDayDown-mayReversalBuy,##(Check-chart-buy):month3High-InMinus,NearHighMonth3,",1.718338668870115,1,1,0
"PCTChangeGT2,_HTGT1.5__HTGTPCTDayChange_,,,weekBarHighChangeGT2,brokenToday,",-0.014556707795139845,2,1,1
"PCTChangeGT3,year2Low,,,,##RisingMA(Test)(check-chart-buy)-2DayUp,",0.14124293785310735,1,1,0
"PCTChangeLT-3,year2High,_HTGT1.5__LTGT3.0__LTGTPCTDayChange_,,,%%HLTF:(GLOBAL-DOWN)sellHighLowerTail-Reversal-LastDayMarketUp,",-4.0714263916015545,1,0,1
"PCTChangeLT-0.5,PCDayChange-0.5to0.5,_HTGT1.5_,,,%%HLTF-Last2HighTail:(DOWNTREND)sellHighUpperTailPre-1,",-3.865692266913903,2,0,2
"PCTChangeGT2,_HTGT1.5__HTGTPCTDayChange_,,,weekBarHighChangeGT2,",-1.3580969120006816,2,0,2
"PCTChangeGT1,,,,##MAPositive_Uptrend(GT0),##MA-SMA200GT0SMA100GT0,",1.0717462250018752,6,5,1
"PCTDayChangeLT0,_HTGT1.5__LTGT1.5__HTGTPCTDayChange__LTGTPCTDayChange_,,,(GLOBALFUTDOWN-DOWNTRENDMARKET)checkSellConsolidationBreakDown-week2-lowNotReachedWeek3,week2BarLowChangeLT0,weekLowLTweek2Low,",-0.6868131868131911,1,0,1
"PCTChangeGT1,,,,volSellReversalLast2DayUp-VolUp,chisBuyYearHigh-1,",0.9813542541960115,1,1,0
"PCTChangeLT-2,_HTGT1.5__HTGTPCTDayChange_,,,chisDownTrend-Risky-nearHigh,##(Check-chart-buy):YearHigh-InMinus,NearHighYear,",-5.124117807681765,1,0,1
"PCTChangeLT-2,year2High,_LTGT1.5_,,,volBuyReversalLast2DayDown-VolDown,",-1.03805343749881,1,0,1
"PCDCLT0PCTChangeGT0,_LTGT3.0_,,,##RisingMA(check-chart-buy)-MayBuyCheckChart,",1.400915380743575,3,3,0
"PCTChangeLT-8,_LTGT1.5_,,,(GLOBAL-DOWN)maySellContinueHighVolatileLastDayDOWN-PCT10GT0-(LT-8),##ML:BuyRisingMA-Risky-1,",4.545454545454534,1,1,0
"PCTChangeGT5,year2High,_HTGT3.0__LTGT1.5__HTGTPCTDayChange_,,,volSellReversalLast2DayUp-VolUp,##last3DayHighGT3-M3HGT0,",1.9043499490489029,1,1,0
"PCTChangeLT-3,,,,volSellContinueLast2DayDown-VolUp,(GLOBALFUTDOWN-DOWNTRENDMARKET)checkSellConsolidationBreakDown-week2-lowNotReachedWeek3,week2BarLowChangeLT-2,##(Check-chart-buy):YearHigh-InMinus,ReversalHighYear,",2.022095616723855,1,1,0
"PCTChangeLT-3,,,,##last2DayLow(LT-3)-M3LGT0,chisBuyDayLowVolLow-02-checkMorningTrend(.5SL),",0.6094378239915205,1,1,0
"PCTChangeLT-0.5,,,,(SMA9GT0),",0.07217422749484377,5,2,3
"PCTChangeLT-3,,,,chisSell-smallUptrendReversal,chisDownTrend-Risky-nearHigh,",1.6889189669620175,1,1,0
"PCTChangeGT3,year2High,_HTGT3.0_,,,%%HLTF:(DOWNTREND-OR-GLOBALDOWN)maySellTail-tailGT2-2,3,4thDayGT0,",4.207015455814828,1,1,0
"PCTChangeLT-1,_LTGT1.5_,,,##MANegative_Downtrend_(LT-1),##MA-SMA200LT0SMA100LT0,(Test)(check-chart-2-3MidCapCross)MayBuyCheckChart-Risky,",-0.4067038189243497,2,1,1
"PCTChangeGT2,_LTGT3.0_,,,zigZagVolCrossedFromDown,",-1.404417037214977,2,1,1
"PCTChangeGT2,,,,chisBuyUpTrend-nearLow,##RisingMA(Test)(check-chart-buy)-2DayUp,",-0.9699037997810013,2,1,1
"PCTChangeLT-3,_HTGT1.5_,,,sellFinal1,##longDownTrend-2-IndexNotDownLastDay(checkBase),",1.2767213779604154,1,1,0
"PCTChangeGT3,,,,##(Check-chart-sell):month3Low-InPlus,ReversalLowMonth3,(GLOBALFUTUP-UPTRENDMARKET)checkBuyConsolidationBreakUp-week2-highNotReachedWeek3,week2BarHighChangeGT0,##(check-chart)mayBuy-EMA6-LT-May-MT-EMA14,##UPTREND:buyMonth3LowReversal(Confirm),",0.2979007788747997,1,1,0
"PCTChangeLT-5,,,,(GLOBALFUTDOWN-DOWNTRENDMARKET)checkSellConsolidationBreakDown-week2-lowNotReachedWeek3,week2BarLowChangeLT-5,",1.4182093445952024,2,1,1
"PCTChangeLT-5,_LTGT3.0_,,,VOL:sellAboveTail-BuyAtClose:upVol3dayDownWeek2Low-highLowerTail,##MANegative_Downtrend_(LT-4.5),##MA-SMA200LT0SMA100LT0,##last2DayLow(LT-3)-M3LLT0,",2.0968891922578003,1,1,0
"PCTChangeGT3,_HTGT1.5_,,,%%HLTF:(DOWNTREND-OR-GLOBALDOWN)maySellTail-tailGT2-2,3,4thDayGT0,checkBuyConsolidationBreakout-allPreLT0,",-1.8903739115438185,1,0,1
"PCTChangeGT5,year2High,_HTGT3.0__LTGT1.5_,,,volBuyContinueLast2DayUp-VolUp,",-1.273196505517082,2,0,1
"PCTChangeGT0.5,_HTGT1.5_,,,chisUpTrend-Risky-nearLow,##RisingMA(check-chart-sell)-MaySellCheckChart,",-2.0253177433577405,1,0,1
"PCTChangeLT-12,_HTGT3.0__LTGT3.0_,,,zigZagVolCrossedFromUp,",-2.1283742543813355,1,0,1
"PCTChangeLT-1,_HTGT3.0__HTGTPCTDayChange_,,,volBuyReversalLast2DayDown-VolDown,##(Check-chart-buy):month3High-InMinus,NearHighMonth3,",0.5974208439821118,1,1,0
"PCTChangeEQ0,PCDayChange-0.5to0.5,_HTGT1.5_,,,buyYearHigh-0,",-3.714155680202408,1,0,1
"PCDCGT0PCTDayChangeLT0,_HTGT1.5__LTGT1.5__HTGTPCTDayChange__LTGTPCTDayChange_,,,%%:checkSell:Super2,",1.5310990182976842,1,1,0
"PCTChangeGT3,,,,VOL:sell-UpVol-3dayUp-Week2High,(GLOBALFUTUP-UPTRENDMARKET)checkBuyConsolidationBreakUp-week2-highNotReachedWeek3,week2BarHighChangeGT0,brokenToday,",-1.224779638298009,1,0,1
"PCTChangeLT-2,_LTGT1.5_,,,%%:buyDownTrend-month3Low,",-1.9485249238855737,1,0,1
"PCTChangeGT5,_LTGT3.0_,,,%%HLTF-Risky:(GLOBAL-DOWN)sellHighLowerTail-Reversal-LastDayMarketUp,##MAPositive_Uptrend(GT1),##MA-SMA200LT0SMA100LT0,",2.3752968137247326,1,1,0
"PCTChangeGT2,_LTGT3.0_,,,chisSellYear2LowLT-40-last4DayDown(triggerAfter-9:15),##buyTenDaysLessThanMinusTen,",-6.240878139969204,1,0,1
"PCTChangeGT1,_HTGT1.5_,,,##(Check-chart)sellMonth3High-Continue,",1.631579482764534,1,1,0
"PCTChangeLT-3,_HTGT1.5_,,,##(Check-chart-buy):month3High-InMinus,BreakHighMonth3,",1.231933456815235,6,3,3
"PCTChangeGT2,,,,chisCheckConsolidationBreakoutLT(4.5),chisSell-2week-breakoutup,",0.5576353167072801,2,1,1
"PCTChangeLT-3,_HTGT3.0__LTGT3.0__LTGTPCTDayChange_,,,checkCupDown-2dayDown-mayReversalBuy,%%HLTF:(GLOBAL-UP)buyHighLowerTail-StockInUptrend,",-6.351098385246661,1,0,1
"PCTChangeLT-1,_HTGT1.5__LTGT1.5__HTGTPCTDayChange__LTGTPCTDayChange_,,,chisBuyMay5DayFloorReversal,shortDownTrendSellContinue-Doji-Last2DayLTToday,",-1.636827083499833,1,0,1
"PCTChangeLT-2,_LTGT1.5_,,,%%HLTF:(GLOBAL-DOWN)sellHighLowerTail-Reversal-LastDayMarketUp,volSellContinueLast2DayDown-VolUp,",1.8023980890285594,2,1,1
"PCTChangeLT-2,_HTGT3.0__HTGTPCTDayChange_,,,%%:checkSell:Super0,",-6.579380066617229,1,0,1
"PCTChangeGT2,PCDayChange-0.5to0.5,_LTGT1.5_,,,%%:checkSell:CupDownDoji,",3.044140171841372,1,1,0
"PCTChangeGT0.5,PCDayChange-0.5to0.5,,,,##MANegative_Downtrend_(GT0),##MA-SMA200LT0SMA100LT0,buyPatternsML,",1.8491987655614661,1,1,0
"PCTChangeGT0.5,PCDayChange-0.5to0.5,,,,buyPatternsML,",6.703824637639093,8,7,1
"PCDCGT0PCTDayChangeLT0,PCDayChange-0.5to0.5,_HTGT3.0__LTGT3.0_,,,%%HLTF-Last2HighTail:(UPTREND)buy(DOWNTREND)sell:HighUpperTailPre-last2DayUp,",-1.8241744000039857,1,0,1
"PCTChangeGT1,_LTGT3.0_,,,chisSellDowningMA-(check5MinuteDownTrendAndSellDowntrend)-Already10DayDown,buyYearHigh-0,",-2.368027924605023,1,0,1
"PCTChangeLT-1,_HTGT3.0__HTGTPCTDayChange_,,,%%HLTF-Risky9:30:maySellTail-tailGT2-7,10thDayGT15,",-1.6666666666666756,1,0,1
"PCDCLT0PCTChangeGT1,_LTGT3.0_,,,(SMA9GT0),mayBuyFromSellPattern-GT1.8,",1.3026347913240157,1,1,0
"PCTChangeGT3,_LTGT1.5_,,,##MANegative_Downtrend_(GT4.5),##MA-SMA200LT0SMA100LT0,",0.37819220908606094,4,3,1
"PCTChangeLT-3,,,,weekBarLowChangeLT-2,chisDownTrend-Risky-nearHigh,##DOWNTREND:sellYear2HighReversal(InDownTrend),##last2DayLow(LT-3)-M3LGT0,##(Check-chart-buy):YearHigh-InMinus,ReversalHighYear,",1.547554783942926,2,2,0
"PCTChangeLT-3,_HTGT3.0__HTGTPCTDayChange_,,,weekBarLowChangeLT0,brokenToday,",-0.4421065481085496,1,0,1
"PCTChangeLT-1,_HTGT1.5_,,,volSellContinueLast2DayDown-VolUp,##(Check-chart-buy):month3High-InMinus,ReversalHighMonth3,",-1.8050914274847305,2,0,2
"PCTChangeGT3,,,,chisCheckConsolidationBreakoutLT(4.5),checkBuyConsolidationBreakUp-2week,week2BarHighChangeGT2,weekHighGTweek2High,brokenToday,",-1.2442425411289115,1,0,1
"PCDCLT0PCTChangeGT0,PCDayChange-0.5to0.5,_HTGT1.5__LTGT1.5_,,,%%HLTF-LastDayUp:(DOWNTREND-OR-GLOBALDOWN)MaySellHighTail-LastDayMarketUp,chisBuyYearHigh-3,",-0.3827992398167347,2,1,1
"PCTChangeLT-12,year2Low,,,,maySellAfter10:30HighVolatileDownContinueLT-8-Risky,",-0.10578434890287136,4,2,2
"PCTChangeGT5,,,,chisSellYear2LowContinue,",-3.7619193454168283,1,0,1
"PCTChangeGT0.5,_LTGT3.0_,,,%%HLTF:(GLOBAL-DOWN)sellHighLowerTail-Reversal-LastDayMarketUp,##MA-SMA200LT0SMA100LT0,",1.883648110186173,1,1,0
"PCTChangeLT-1,_HTGT1.5__HTGTPCTDayChange_,,,%%HLTF-Last2HighTail:(DOWNTREND)sellHighUpperTailPre,",-0.2840149225742649,44,17,27
"PCTChangeGT8,_HTGT3.0__LTGT1.5_,,,chisUpTrend-Risky-nearLow,volumeUpsergedLast2n3n4DayDown,",1.9829360031470538,1,1,0
"PCTChangeLT-1,,,,week2BarLowChangeLT0,weekLowLTweek2Low,",-0.4763502015173447,7,3,4
"PCTChangeLT-3,,,,chisSellFlagWeek-Risky,volBuyReversalLast2DayDown-VolDown,##(Check-chart-buy):month3High-InMinus,BreakHighMonth3,",-2.626463518952745,1,0,1
"PCTChangeLT-5,_HTGT1.5_,,,chisDownTrend-Risky-nearHigh,##DOWNTREND:sellMonth3HighReversal(InDownTrend),",6.666666666666667,1,1,0
"PCTChangeGT0.5,PCDayChange-0.5to0.5,,,,shortUpTrendSellReversal-Month3High-Doji-Last2DayGTToday,",-0.49527115945256706,7,1,6
"PCTChangeLT-5,,,,chisSellDownTrend-nearHigh,",0.08629377311500125,37,19,18
"PCTChangeGT1,year2High,_HTGT1.5__LTGT1.5_,,,%%HLTF-Risky9:30:maySellTail-tailGT2-7,10thDayGT15,",-4.398213311432015,1,0,1
"PCTChangeGT5,_HTGT1.5__LTGT1.5_,,,week2BarHighChangeGT5,",-3.7042096955048973,1,0,1
"PCTChangeLT-1,,,,(Test)MayBuy-CheckChart(upTrend-lastDayDown),zigZagVolCrossedFromUp,",-0.4342370240148172,3,2,1
"PCTChangeLT-3,,,,volBuyReversalLast2DayDown-VolUp,chisDownTrend-Risky-nearHigh,##DOWNTREND:sellMonth3HighReversal(InDownTrend),##last2DayLow(LT-3)-M3LGT0,##(Check-chart-buy):month3High-InMinus,ReversalHighMonth3,",-0.7211718553296437,1,0,1
"PCTChangeGT0,year2Low,_HTGT1.5__HTGTPCTDayChange_,,,%%HLTF-Last2HighTail:(DOWNTREND)sellHighUpperTailPre-1,",-3.692908644711854,1,0,1
"PCTChangeLT-1,_HTGT3.0__LTGT3.0__HTGTPCTDayChange__LTGTPCTDayChange_,,,##MANegative_Downtrend_(LT-2),##MA-SMA200LT0SMA100LT0,",5.091307390508905,3,3,0
"PCTChangeLT-3,_LTGT1.5_,,,volBuyVolumeUpsergedLast2n3DayUp,weekBarLowChangeLT-2,",-2.089393302469546,1,0,1
"PCTChangeLT-3,_LTGT1.5_,,,checkCupDown-2dayDown-mayReversalBuy,##DOWNTREND:sellYear2HighReversal(InDownTrend),##(Check-chart-buy):month3High-InMinus,ReversalHighMonth3,",1.5315225911201429,1,1,0
"PCTChangeLT-1,,,,(SMA9LT0),$$MayBuy-CheckChart(downTrend-mayReverseLast4DaysDown)-Risky,",-3.7857802400738683,1,0,1
"PCTChangeLT-1,_HTGT3.0__HTGTPCTDayChange_,,,%%HLTF:maySellTail-tailGT2-allDayGT0,##MAPositive_Uptrend(LT-2),##MA-SMA200LT0SMA100GT0,",-3.9746884468835417,1,0,1
"PCTChangeGT3,year2High,,,,volSellReversalLast2DayUp-VolDown,week2BarHighChangeGT2,brokenToday,",1.4725016276041658,1,1,0
"PCTChangeLT-3,_LTGT1.5_,,,volSellVolumeUpsergedLast2n3DayUp,chisDownTrend-Risky-nearHigh,##(Check-chart-buy):month3High-InMinus,ReversalHighMonth3,",-0.7254764469962451,1,0,1
"PCTChangeGT3,_HTGT1.5_,,,%%HLTF:(DOWNTREND-OR-GLOBALDOWN)maySellTail-tailGT2-2,3,4thDayGT0,volSellVolumeUpsergedLast2n3DayDown,checkBuyConsolidationBreakout-allPreLT0,",0.2511451485186878,1,1,0
"PCTChangeLT-1,PCDayChange-0.5to0.5,_HTGT3.0_,,,%%:checkSell:Super0,%%:sellDowntrend-lastDayDown-ReversalHighTail,",-3.0851107117132135,1,0,1
"PCTChangeLT-12,_LTGT3.0_,,,VOL:sellAboveTail-BuyAtClose:upVol3dayDownWeek2Low-highLowerTail,##MANegative_Downtrend_(LT-4.5),##MA-SMA200GT0SMA100LT0,",-2.247473206182932,1,0,1
"PCTChangeGT3,year2Low,_HTGT3.0__LTGT1.5_,,,##buyTenDaysLessThanMinusTen,",3.703703703703713,1,1,0
"PCTChangeGT1,,,,chisUpTrend-Risky-nearLow,weekBarHighChangeGT0,brokenToday,##(Test)buyBottomReversal-1,##UPTREND:buyYearLowReversal(Confirm),",-1.4108244821018816,1,0,1
"PCTChangeGT2,_LTGT1.5_,,,(SMA9GT0),mayBuyFromSellPattern-GT1.8,chisUpTrend-Risky-nearLow,",3.558918654608377,1,1,0
"PCTChangeLT-8,_HTGT1.5_,,,(GLOBAL-DOWN)maySellContinueHighVolatileLastDayDOWN-month3LowGT0-(LT-8),chisDownTrend-Risky-nearHigh,",1.224591348826873,1,1,0
"PCTChangeGT1,,,,sellPattern-LT-1.5-SMALT0,(SMA9LT0),maySellFromBuyPattern-LT-1.8,chisBuyYearHigh-3,",-0.8791186434008669,1,0,1
"PCTChangeLT-2,_LTGT1.5_,,,checkCupDown-near2WeekDown-mayReveresalBuy,##DOWNTREND:sellYear2HighReversal(InDownTrend),volBuyRevarsalVolCrossed,##(Check-chart-buy):month3High-InMinus,ReversalHighMonth3,",-0.5928913947166211,1,0,1
"PCDCLT0PCTChangeGT0,PCDayChange-0.5to0.5,_LTGT1.5_,,,##MAPositive_Uptrend(LT0),##MA-SMA200LT0SMA100LT0,",-0.484763014906024,2,0,2
"PCTChangeGT1,_HTGT3.0_,,,##MA-SMA200LT0SMA100GT0,",-1.1188853870738538,1,0,1
"PCTChangeGT5,,,,chisBuyUpTrend-nearLow,##UPTREND:buyMonth3LowReversal(Confirm),",-0.629496402877705,1,0,1
"PCTChangeGT3,_HTGT1.5_,,,chisCheckConsolidationBreakoutLT(4.5),(GLOBALFUTUP-UPTRENDMARKET)checkBuyConsolidationBreakUp-week2-highNotReachedWeek3,week2BarHighChangeGT2,brokenToday,",1.4989434306205647,1,1,0
"PCTChangeLT-3,_LTGT1.5_,,,volBuyReversalLast2DayDown-VolDown,chisDownTrend-Risky-nearHigh,##(Check-chart-buy):month3High-InMinus,ReversalHighMonth3,",-4.253869704103186,2,0,2
"PCTChangeLT-3,,,,volSellContinueLast2DayDown-VolUp,##DOWNTREND:sellMonth3LowBreak,",0.9567546721349146,2,2,0
"PCTChangeLT-1,,,,(GLOBALFUTDOWN-DOWNTRENDMARKET)checkSellConsolidationBreakDown-week2-lowNotReachedWeek3,week2BarLowChangeLT-2,##(Check-chart-buy):YearHigh-InMinus,ReversalHighYear,",-0.6095427927616999,1,0,1
"PCTChangeLT-2,_HTGT1.5__HTGTPCTDayChange_,,,weekBarLowChangeLT-2,##MANegative_Downtrend_(LT-1),##MA-SMA200LT0SMA100LT0,",0.49617037158227806,1,1,0
"PCTChangeGT0,PCDayChange-0.5to0.5,_HTGT1.5_,,,%%HLTF-Last2HighTail:(DOWNTREND)sellHighUpperTailPre-1,",-2.307185280428291,1,0,1
"PCTDayChangeLT0,PCDayChange-0.5to0.5,_LTGT1.5_,,,shortDownTrendSellContinue-Doji-Last2DayLTToday,",0.7034384814675757,6,4,2
"PCTChangeLT-1,,,,%%:checkSell:Super01-monthLow,##(Check-chart-sell)Month3Low-Continue(InUpTrend),ReversalLowMonth3,",-1.2612792068202514,3,0,3
"PCTChangeGT0.5,,,,##MA-SMA200LT0SMA100LT0,",-1.6712700367740916,2,0,2
"PCTChangeLT-5,,,,##MANegative_Downtrend_(LT-4.5),##MA-SMA200LT0SMA100LT0,##(Test)(Check-chart):yearLow-InMinus,",-3.1363636363636442,1,0,1
"PCTChangeLT-2,_HTGT3.0__HTGTPCTDayChange_,,,##DOWNTREND:sellYear2HighReversal(InDownTrend),##(Check-chart-buy):month3High-InMinus,ReversalHighMonth3,",0.8266336096859986,1,1,0
"PCTChangeLT-3,_LTGT1.5_,,,volSellContinueLast2DayDown-VolUp,(GLOBALFUTDOWN-DOWNTRENDMARKET)checkSellConsolidationBreakDown-week2-lowNotReachedWeek3,week2BarLowChangeLT0,chisDownTrend-Risky-nearHigh,##(Check-chart-buy):YearHigh-InMinus,ReversalHighYear,",4.386360862038358,1,1,0
"PCTChangeGT2,_LTGT1.5_,,,##(Check-chart)buyMonth3High-Continue,",-2.9005864729678987,2,0,2
"PCDCLT0PCTChangeGT0,_HTGT3.0__LTGT1.5_,,,##MAPositive_Uptrend(LT0),##MA-SMA200LT0SMA100LT0,",1.8418625475273231,1,1,0
"PCTChangeGT3,,,,##lastDayHighGT5TodayGT1,",-1.2147408981306527,27,5,22
"PCDCLT0PCTChangeGT5,_HTGT3.0__LTGT3.0__HTGTPCTDayChange__LTGTPCTDayChange_,,,##lastDayHigh(LT-5)Today(LT-1),",13.63030326365518,1,1,0
"PCTChangeLT-2,_LTGT1.5_,,,(GLOBALFUTDOWN-DOWNTRENDMARKET)checkSellConsolidationBreakDown-week2-lowNotReachedWeek3,week2BarLowChangeLT-2,chisDownTrend-Risky-nearHigh,##DOWNTREND:sellMonth3HighReversal(InDownTrend),##(Check-chart-buy):month3High-InMinus,ReversalHighMonth3,",4.305912596401015,1,1,0
"PCTChangeLT-3,_HTGT3.0__LTGT1.5_,,,chisRSISellCandidate(yearLow)-lessThanMinus5,##MANegative_Downtrend_(LT-4.5),##MA-SMA200LT0SMA100LT0,(SMA9LT0),maySellFromBuyPattern-LT-1.8,",-8.593574460453825,1,0,1
"PCTChangeLT-2,_LTGT1.5_,,,(GLOBALFUTDOWN-DOWNTRENDMARKET)checkSellConsolidationBreakDown-week2-lowNotReachedWeek3,week2BarLowChangeLT0,weekLowLTweek2Low,chisDownTrend-Risky-nearHigh,##DOWNTREND:sellYear2HighReversal(InDownTrend),##(Check-chart-buy):month3High-InMinus,ReversalHighMonth3,",0.2822869958769698,2,1,1
"PCTChangeGT1,,,,$$(DOWNTREND-OR-GLOBALDOWN)MaySellContinue-CheckChart(inuptrend-monthlow)-PCTDayChangeGT2,volBuyVolumeUpsergedLast2n3DayDown,##(Check-chart)ML:buyMonth3High-Continue,",-2.3358138250003972,1,0,1
"PCTChangeLT-3,_LTGT1.5_,,,volBuyVolumeUpsergedLast2n3DayUp,volSellContinueLast2DayDown-VolUp,##last2DayLow(LT-3)-M3LLT0,",-1.869890304575571,1,0,1
"PCTChangeLT-5,_HTGT1.5_,,,volSellContinueLast2DayDown-VolUp,",0.48766489130882107,3,1,2
"PCTChangeGT3,_HTGT1.5_,,,##(Check-chart-sell):month3Low-InPlus,ReversalLowMonth3,chisBuyUpTrend-nearLow,##UPTREND:buyMonth3LowReversal(Confirm),",-2.1543041690365303,2,0,2
"PCTChangeLT-1,_LTGT1.5_,,,volBuyVolumeUpsergedLast2n3DayUp,MayBuyCheckChart-(IndexNotUpInSecondHalf),",-0.8258624073971111,1,0,1
"PCTChangeLT-0.5,_HTGT1.5_,,,sellPatternsML,",-2.4902252027770957,1,0,1
"PCTChangeLT-3,year2Low,,,,weekBarLowChangeLT-2,brokenToday,##last2DayLow(LT-3)-M3LLT0,",1.1111095698192854,1,1,0
"PCTChangeLT-3,_HTGT1.5_,,,volBuyRevarsalVolCrossed,",-6.087721439830032,1,0,1
"PCTChangeLT-1,_LTGT1.5_,,,(GLOBALFUTDOWN-DOWNTRENDMARKET)checkSellConsolidationBreakDown-week2-lowNotReachedWeek3,week2BarLowChangeLT-5,weekLowLTweek2Low,chisDownTrend-Risky-nearHigh,MayBuyCheckChart-(IndexNotUpInSecondHalf),",0.5215705422794169,1,1,0
"PCTChangeGT5,,,,chisUpTrend-Risky-nearLow,volumeUpsergedLast2n3n4DayDown,##last2DayHighGT3-M3HLT0,",-2.1568882387811743,2,1,1
"PCTChangeGT5,,,,chisBuyUpTrend-nearLow,volumeUpsergedLast2n3n4DayDown,",3.209526425316224,1,1,0
"PCTChangeLT-3,_HTGT1.5__HTGTPCTDayChange_,,,volSellContinueLast2DayDown-VolUp,",8.854449084505568,1,1,0
"PCTChangeGT5,,,,volSellReversalLast2DayUp-VolDown,chisCheckConsolidationBreakoutLT(4.5),weekBarHighChangeGT5,brokenToday,##(Check-chart):year2High-InPlus,",0.6379750220183787,1,1,0
"PCTChangeLT-2,PCDayChange-0.5to0.5,_LTGT3.0_,,,##MA-SMA200LT0SMA100LT0,buyMorningStar-HighLowerTail-(checkChart),",7.114000108506953,1,1,0
"PCTChangeLT-0.5,_HTGT3.0__LTGT1.5__HTGTPCTDayChange__LTGTPCTDayChange_,,,##buyYear2LowMovingSMA,",5.705780117029722,1,1,0
"PCTChangeGT0,year2High,_HTGT3.0_,,,chisSellEveningStar-2(Check2-3MidCapCross),",-0.46940063929893605,2,0,2
"PCTChangeGT3,_LTGT1.5_,,,##(Check-chart-sell):month3Low-InPlus,ReversalLowMonth3,##UPTREND:buyMonth3LowReversal(Confirm),",-0.01252973703167696,3,2,1
"PCTDayChangeLT0,PCDayChange-0.5to0.5,_HTGT1.5__LTGT1.5_,,,chisSell:Super03-monthLow,",1.1983066655268362,3,2,1
"PCTChangeLT-1,,,,volBuyReversalLast2DayDown-VolDown,(SMA9GT0),",3.729930964426769,1,1,0
"PCTChangeLT-3,,,,chisDownTrend-Risky-nearHigh,##(Check-chart-buy):month3High-InMinus,ReversalHighMonth3,",-0.16494342768051976,207,88,119
"PCTChangeLT-1,year2Low,_HTGT1.5_,,,%%:buyDownTrend-month3Low,",1.0091066702678084,1,1,0
"PCDCGT0PCTChangeLT-1,PCDayChange-0.5to0.5,_LTGT1.5_,,,##MANegative_Downtrend_(GT0),##MA-SMA200LT0SMA100LT0,",-4.10282986520003,1,0,1
"PCTChangeLT-0.5,,,,chisSellFlag2Week-Risky,",0.4669155052765546,2,2,0
"PCTChangeLT-3,,,,##DOWNTREND:sellMonth6HighReversal(InDownTrend),volBuyRevarsalVolCrossed,##(Check-chart-buy):month3High-InMinus,ReversalHighMonth3,",0.31451809790825924,1,1,0
"PCTChangeGT8,,,,chisUpTrend-Risky-nearLow,chisSell-2week-breakoutup,",-3.6568492237984556,1,0,1
"PCTChangeGT2,,,,sellHeavyUpTrend-Reversal,VOL:sell-UpVol-3dayUp-Week2High,",1.7781871448863735,1,1,0
"PCTChangeGT1,,,,%%:checkBuyContinue:CupDownDoji,",-3.738321755294474,1,0,1
"PCTChangeGT2,,,,volumeUpsergedLast2n3n4DayDown,(GLOBALFUTUP-UPTRENDMARKET)checkBuyConsolidationBreakUp-month,weekBarHighChangeGT2,brokenToday,",-0.38011933860258174,1,0,1
"PCTChangeGT8,_HTGT3.0__LTGT1.5_,,,##MAPositive_Uptrend(GT4.5),##MA-SMA200GT0SMA100GT0,",-2.8630475017387016,1,0,1
"PCTChangeLT-2,,,,mayBuyFromSellPattern-GT1.8,",2.690739973092967,7,5,2
"PCTChangeLT-1,,,,(GLOBALFUTDOWN-DOWNTRENDMARKET)checkSellConsolidationBreakDown-week2-lowNotReachedWeek3,week2BarLowChangeLT0,chisDownTrend-Risky-nearHigh,##(Check-chart-buy):month3High-InMinus,NearHighMonth3,",2.7189894316811936,1,1,0
"PCDCLT0PCTChangeGT0,PCDayChange-0.5to0.5,_LTGT3.0_,,,%%HLTF:(GLOBAL-DOWN)sellHighLowerTail-Reversal-LastDayMarketUp,",-0.7563381980540171,20,7,13
"PCTChangeLT-2,,,,chisSellFlagWeek-Risky,##DOWNTREND:sellYearHigh(InDownTrend),##(Check-chart-buy):month3High-InMinus,BreakHighMonth3,",0.7352898896360406,1,1,0
"PCTChangeGT3,,,,chisCheckConsolidationBreakoutLT(4.5),weekBarHighChangeGT2,chis-breakoutup-2week,",3.1206973641909808,1,1,0
"PCTChangeLT-1,,,,%%:checkSell:Super0,weekBarLowChangeLT0,##MANegative_Downtrend_(LT-2),##MA-SMA200LT0SMA100LT0,",1.3333359585013442,1,1,0
"PCTChangeLT-2,year2Low,,,,weekBarLowChangeLT-2,",-1.8198827804967548,11,3,8
"PCTChangeGT1,,,,chisBuyUpTrend-nearLow,##UPTREND:buyMonth3LowReversal(Confirm),",-0.35810112832744245,3,1,2
"PCTChangeGT2,_HTGT1.5_,,,shortUpTrendSellReversal-MonthHigh,(GLOBALFUTUP-UPTRENDMARKET)checkBuyConsolidationBreakUp-week2-highNotReachedWeek3,week2BarHighChangeGT0,brokenToday,",-3.5633500808896925,1,0,1
"PCTChangeGT3,_HTGT1.5_,,,zigZagVolCrossedFromDown,(GLOBALFUTUP-UPTRENDMARKET)checkBuyConsolidationBreakUp-week2-highNotReachedWeek3,week2BarHighChangeGT0,weekHighGTweek2High,",-0.027257046928117503,1,0,1
"PCTChangeLT-2,_HTGT1.5_,,,chisSell:Super03-monthLow,",0.2330376809533011,6,4,2
"PCTChangeLT-3,,,,volSellVolumeUpsergedLast2n3DayUp,volSellContinueLast2DayDown-VolUp,##(Check-chart-buy):month3High-InMinus,ReversalHighMonth3,",-1.7769102593873902,2,0,2
"PCTChangeGT0.5,_HTGT1.5__HTGTPCTDayChange_,,,chisBuyYearHigh-1,",-0.7658669965119653,3,1,2
"PCTChangeLT-0.5,_HTGT1.5_,,,%%:checkBuyContinue:CupDownDoji-last2dayUp,%%HLTF-LastDayUp:(DOWNTREND-OR-GLOBALDOWN)MaySellHighTail-LastDayMarketUp,",-2.260918983640827,1,0,1
"PCTChangeGT1,_HTGT1.5__HTGTPCTDayChange_,,,volBuyContinueLast2DayUp-VolUp,sellPattern-LT-1.5-SMALT0,(SMA9LT0),maySellFromBuyPattern-LT-1.8,",1.198923378014128,1,1,0
"PCTChangeGT3,,,,shortUpTrendSellReversal-MonthHigh,(GLOBALFUTUP-UPTRENDMARKET)checkBuyConsolidationBreakUp-week2-highNotReachedWeek3,week2BarHighChangeGT2,weekHighGTweek2High,brokenToday,",1.0929512527232728,1,1,0
"PCTChangeLT-1,year2High,_HTGT3.0_,,,%%HLTF-Last2HighTail:(DOWNTREND)sellHighUpperTailPre,",5.350746417382988,1,1,0
"PCTChangeLT-3,,,,%%:checkSell:Flag2Week,volBuyReversalLast2DayDown-VolDown,##ML:sellRisingMA-down-(Risky),",-2.0754736174577553,1,0,1
"PCTChangeGT0,_HTGT3.0__HTGTPCTDayChange_,,,chisBuyYearHigh-3,",-1.5189175992398631,1,0,1
"PCTChangeGT3,_LTGT3.0_,,,%%HLTF-Risky:(GLOBAL-DOWN)sellHighLowerTail-Reversal-LastDayMarketUp,vol-sell-DownVol-3dayUp-Week2High,",0.2962854415369029,1,1,0
"PCDCGT0PCTDayChangeLT0,_LTGT1.5_,,,(SMA9LT0),",0.3727808808089612,1,1,0
"PCTChangeGT1,_HTGT1.5__HTGTPCTDayChange_,,,%%HLTF:(DOWNTREND-OR-GLOBALDOWN)maySellTail-tailGT2-2,3,4thDayGT0,(Test)MaySellCheckChart-last3DayUp,",-0.4463286021527709,2,1,1
"PCTChangeLT-1,_LTGT3.0_,,,%%:check(UPTREND-UPMARKET)Buy(DOWNTRENDTREND-DOWNMARKET)Sell:Super01-monthLow,buyMorningStar-HighLowerTail-(checkChart),",0.5269929997476467,1,1,0
"PCTChangeGT0,PCDayChange-0.5to0.5,_HTGT1.5_,,,chisBuyYearHigh-1,",0.8827641951319265,7,5,2
"PCTChangeLT-1,_LTGT1.5_,,,##MANegative_Downtrend_(LT-1),##MA-SMA200LT0SMA100GT0,",2.59766443380333,1,1,0
"PCTChangeLT-2,year2High,,,,checkCupDown-inDownTrend-month3HighLTmonth3Low,bar_low,chisSellUpTrend-highTail,",0.0,1,0,0
"PCTChangeGT1,year2High,_HTGT3.0__HTGTPCTDayChange_,,,volBuyContinueLast2DayUp-VolUp,",0.41757838315473533,1,1,0
"PCDCGT0PCTChangeLT-1,PCDayChange-0.5to0.5,year2Low,_HTGT3.0__LTGT1.5_,,,%%HLTF-Last2LowTail:(DOWNTREND)sellHighLowerTailPre-1,",-4.753063995200072,1,0,1
"PCTChangeGT8,_HTGT3.0__HTGTPCTDayChange_,,,%%HLTF-Last2HighTail:(UPTREND)buy(DOWNTREND)sell:HighUpperTailPre-last2DayUp,%%HLTF:(UPTREND-GLOBAL/SGX-UP)BuyHighUpperTail-Reversal-7,10thDayGT15-LastDayMarketDown,##MAPositive_Uptrend(GT2),##MA-SMA200LT0SMA100GT0,",-3.085948970967682,1,0,1
"PCTChangeLT-0.5,PCDayChange-0.5to0.5,_LTGT1.5_,,,shortDownTrendSellContinue-Doji-Last2DayLTToday,chisBuyMorningStar-1(NotUpSecondHalfAndUp2to3),",1.1373364362593825,1,1,0
"PCTChangeGT2,,,,chisBuyUpTrend-1-YearHigh,(GLOBALFUTUP-UPTRENDMARKET)checkBuyConsolidationBreakUp-week2-highNotReachedWeek3,week2BarHighChangeGT0,brokenToday,chisBuy-2week-breakoutup(check-chart)(|-|-| or --|),",-1.481118245501687,2,0,2
"PCTChangeGT3,_LTGT1.5_,,,%%HLTF:(SGXNIFTYUP)buyHighLowerTail-Continue,##MAPositive_Uptrend(GT1),##MA-SMA200LT0SMA100LT0,",-4.916592097541574,1,0,1
"PCTChangeLT-3,,,,weekBarLowChangeLT-2,brokenToday,##DOWNTREND:sellYearLowBreak,",0.4891186126288056,1,1,0
"PCDCLT0PCTChangeGT1,_HTGT1.5__LTGT3.0__HTGTPCTDayChange__LTGTPCTDayChange_,,,chisSell-smallUptrendReversal,",-6.617280936535481,1,0,1
"PCTChangeLT-3,_HTGT1.5__LTGT3.0__LTGTPCTDayChange_,,,checkCupDown-near2WeekDown-mayReveresalBuy,##MANegative_Downtrend_(LT-2),##MA-SMA200LT0SMA100LT0,##last2DayLow(LT-3)-M3LGT0,",0.29231218420306776,1,1,0
"PCTChangeLT-3,,,,chisDownTrend-Risky-nearHigh,##DOWNTREND:sellYearHighReversal(InDownTrend),##(Check-chart-buy):YearHigh-InMinus,ReversalHighYear,",0.5108802737164191,4,3,1
"PCTChangeLT-8,,,,##MANegative_Downtrend_(LT-4.5),##MA-SMA200LT0SMA100LT0,",0.5604600800485307,31,16,15
"PCDCLT0PCTChangeGT8,_HTGT1.5__LTGT3.0__HTGTPCTDayChange__LTGTPCTDayChange_,,,##MA-SMA200GT0SMA100LT0,",-9.312969743688566,1,0,1
"PCTDayChangeLT0,PCDayChange-0.5to0.5,,,,MayBuyCheckChart-(|`|_|),",-0.05187390000565329,21,11,10
"PCTChangeGT2,year2High,,,,week2BarHighChangeGT2,weekHighGTweek2High,",-0.8263864140186012,2,0,2
"PCTChangeGT5,year2High,_HTGT3.0_,,,##lastDayHighGT5TodayGT1,",2.081555610335749,1,1,0
"PCTChangeGT3,,,,##(Check-chart-sell):month3Low-InPlus,ReversalLowMonth3,weekBarHighChangeGT2,chis-breakoutup-2week,##UPTREND:buyMonth3LowReversal(Confirm),",1.8993833439246184,1,1,0
"PCTChangeLT-2,_LTGT1.5_,,,checkCupDown-3dayDown-mayReversalBuy,##DOWNTREND:sellYear2HighReversal(InDownTrend),volBuyRevarsalVolCrossed,##(Check-chart-buy):month3High-InMinus,ReversalHighMonth3,",0.7863858557666642,1,1,0
"PCTChangeGT2,_LTGT1.5_,,,##RisingMA(Test)(check-chart-buy)-2DayUp,",-1.2275346527585487,3,0,3
"PCTChangeLT-1,,,,volSellContinueLast2DayDown-VolUp,",-0.4421393600055777,96,43,53
"PCTChangeEQ0,_LTGT1.5_,,,##(Test)(check-chart)-buySMAUpTrend,",3.0758404106683144,1,1,0
"PCTChangeLT-1,PCDayChange-0.5to0.5,year2High,_HTGT1.5_,,,%%HLTF-Last2HighTail:(DOWNTREND)sellHighUpperTailPre,",-1.774453742228216,4,1,3
"PCTChangeGT0,PCDayChange-0.5to0.5,_HTGT1.5_,,,maySellFromBuyPattern-LT-1.8,chisBuyYearHigh-3,",-3.434459132691117,1,0,1
"PCTChangeGT2,_HTGT1.5_,,,vol-sell-DownVol-3dayUp-Week2High,weekBarHighChangeGT2,",-1.4116723195531053,1,0,1
"PCTChangeLT-1,_LTGT3.0_,,,chisDownTrend-Risky-nearHigh,",0.20245874480999207,26,15,11
"PCTChangeGT5,,,,chisUpTrend-Risky-nearLow,(GLOBALFUTUP-UPTRENDMARKET)checkBuyConsolidationBreakUp-week2-highNotReachedWeek3,week2BarHighChangeGT0,brokenToday,",-1.178287045151653,3,1,2
"PCTChangeLT-2,,,,volSellContinueLast2DayDown-VolUp,(GLOBALFUTDOWN-DOWNTRENDMARKET)checkSellConsolidationBreakDown-week2-lowNotReachedWeek3,week2BarLowChangeLT-2,weekLowLTweek2Low,",-2.44944079520057,3,1,2
"PCTChangeGT3,_HTGT1.5__LTGT1.5_,,,##UPTREND:buyYearLowReversal(Confirm),",1.4106547365894677,1,1,0
"PCTChangeLT-1,_HTGT3.0__LTGT1.5__HTGTPCTDayChange__LTGTPCTDayChange_,,,volBuyReversalLast2DayDown-VolUp,chisDownTrend-Risky-nearHigh,",0.38667836583647563,1,1,0
"PCTChangeGT3,,,,volSellReversalLast2DayUp-VolDown,chisCheckConsolidationBreakoutGT(4.5),week2BarHighChangeGT2,brokenToday,",0.8040245617290976,1,1,0
"PCTDayChangeLT0,_LTGT1.5_,,,chisBuy-smallUptrendContinue,",-0.8648527243549049,1,0,1
"PCTChangeLT-2,,,,volSellContinueLast2DayDown-VolUp,sellPatternsML,sellPatterns-LT-1.5-SMALT0,(SMA9LT0),chisDownTrend-Risky-nearHigh,##(Check-chart-buy):month3High-InMinus,ReversalHighMonth3,",-2.195311984701144,1,0,1
"PCTChangeGT5,_HTGT3.0_,,,%%HLTF-Last2HighTail:(UPTREND)buy(DOWNTREND)sell:HighUpperTailPre-last2DayUp,##MAPositive_Uptrend(GT2),##MA-SMA200GT0SMA100GT0,",6.453783820657173,2,2,0
"PCTChangeLT-2,,,,(GLOBALFUTDOWN-DOWNTRENDMARKET)checkSellConsolidationBreakDown-week2-lowNotReachedWeek3,week2BarLowChangeLT0,##DOWNTREND:sellYear2HighReversal(InDownTrend),%%:checkBuyRevarsalLast3DayDownAtMonth3High,##(Check-chart-buy):month3High-InMinus,ReversalHighMonth3,",-1.7073189339986676,1,0,1
"PCTChangeLT-3,,,,(GLOBALFUTDOWN-DOWNTRENDMARKET)checkSellConsolidationBreakDown-week2-lowNotReachedWeek3,week2BarLowChangeLT-2,##DOWNTREND:sellYear2HighReversal(InDownTrend),##last2DayLow(LT-3)-M3LGT0,##(Check-chart-buy):month3High-InMinus,ReversalHighMonth3,",-0.47991814628755064,1,0,1
"PCTChangeGT1,PCDayChange-0.5to0.5,_HTGT3.0__LTGT1.5_,,,%%HLTF-Last2HighTail:(UPTREND)buy(DOWNTREND)sell:HighUpperTailPre-last2DayUp,shortUpTrendBuyContinue-Doji-Last2DayGTToday,",-2.290032828317167,2,0,2
"PCTChangeGT0,_HTGT1.5__LTGT1.5__HTGTPCTDayChange__LTGTPCTDayChange_,,,%%:checkSell:lastDayLT(-4.5),",-7.345898250113597,1,0,1
"PCTChangeGT2,year2High,,,,chisBuyConsolidationBreakUp-2week-(Risky)-year2High,week2BarHighChangeGT2,weekHighGTweek2High,",0.6348769523649312,2,2,0
"PCTChangeGT1,,,,##UPTREND:buyMonth6LowReversal(Confirm),",-0.502256008582628,5,3,2
"PCTChangeGT5,year2Low,,,,chisSellYear2LowLT-40-last4DayDown(triggerAfter-9:15),",0.47603790711384697,10,5,5
"PCTChangeGT3,_HTGT1.5__HTGTPCTDayChange_,,,%%HLTF-Last2HighTail:(UPTREND)buy(DOWNTREND)sell:HighUpperTailPre-last2DayUp,chisCheckConsolidationBreakoutLT(4.5),##RisingMA(check-chart-sell)-MaySellCheckChart,",4.314379229593449,1,1,0
"PCTChangeLT-2,,,,checkCupDown-2dayDown,chisDownTrend-Risky-nearHigh,##DOWNTREND:sellYear2HighReversal(InDownTrend),##(Check-chart-buy):month3High-InMinus,ReversalHighMonth3,",-4.201181024254201,1,0,1
"PCTChangeGT3,,,,chisBuyUpTrend-nearLow,volumeUpsergedLast2n3n4DayDown,",-0.4341433394351606,2,1,1
"PCTChangeGT0,,,,%%:sellDowntrend-lastDayUp-ReversalHighTail,",-0.747191012263895,10,3,7
"PCTChangeLT-1,year2High,_LTGT1.5_,,,checkCupDown-inDownTrend-month3HighLTmonth3Low,bar_low,",-0.5072210252899446,1,0,1
"PCTChangeGT8,_LTGT3.0_,,,buyPatternsML,",1.8349783761160747,1,1,0
"PCTDayChangeLT0,,,,shortDownTrendBuyReversal-MonthLow-Doji-Last2DayLTToday,",1.739788261472196,9,6,3
"PCTChangeLT-2,,,,chisSellConsolidationBreakDown-forecastDayPCT7LT0,##(Check-chart-buy):month3High-InMinus,ReversalHighMonth3,",0.38799792455211746,1,1,0
"PCTChangeGT1,year2High,_HTGT1.5__HTGTPCTDayChange_,,,(Test)MaySellCheckChart-last3DayUp,$$MaySell-CheckChart(downTrend-mayReverseLast4DaysUp),%%:sellUpTrend-month3High,",-1.0603366381078736,1,0,1
"PCTChangeGT2,year2High,_HTGT3.0__HTGTPCTDayChange_,,,week2BarHighChangeGT2,",-1.6784263734845015,2,0,2
"PCTChangeGT0.5,PCDayChange-0.5to0.5,_HTGT1.5__LTGT1.5_,,,%%:checkSell:Super-Risky,-+,",-0.15835674806337743,1,0,1
"PCTChangeLT-1,,,,(GLOBALFUTDOWN-DOWNTRENDMARKET)checkSellConsolidationBreakDown-week2-lowNotReachedWeek3,week2BarLowChangeLT0,weekLowLTweek2Low,volBuyRevarsalVolCrossed,%%:checkBuyRevarsalLast3DayDownAtMonth3High,##(Check-chart-buy):month3High-InMinus,ReversalHighMonth3,",-5.540715488281714,1,0,1
"PCTChangeGT3,year2High,_HTGT3.0__LTGT1.5_,,,%%HLTF-Last2HighTail:(UPTREND)buy(DOWNTREND)sell:HighUpperTailPre-last2DayUp,",-2.1557958474540846,1,0,1
"PCTChangeGT16,year2Low,_HTGT3.0_,,,volumeUpsergedLast2n3n4DayDown,",-14.25591914971136,1,0,1
"PCTChangeGT0.5,_HTGT1.5_,,,chisSellFinalContinue-(lastDayDown)-2,",-0.10683326424853903,1,0,1
"PCTChangeLT-2,,,,%%:checkSell:ConsolidationBreakDown(NotShapeA)-2week,checkSellConsolidationBreakDown-2week,week2BarLowChangeLT-2,weekLowLTweek2Low,chisDownTrend-Risky-nearHigh,",-2.74126098732271,1,0,1
"PCTChangeGT3,_HTGT1.5_,,,%%HLTF:maySellTail-tailGT2-7,10thDayGT20,##MAPositive_Uptrend(GT2),##MA-SMA200LT0SMA100GT0,",-0.4767598553088538,1,0,1
"PCTChangeLT-2,,,,%%:checkSell:Super0,weekBarLowChangeLT-2,",-2.649129284774974,3,1,2
"PCTChangeGT1,_LTGT1.5_,,,%%:checkSell:Super2,-+,",-0.5131014478019619,3,1,2
"PCTChangeGT2,_HTGT1.5_,,,%%HLTF-Last2HighTail:(UPTREND)buy(DOWNTREND)sell:HighUpperTailPre-last2DayUp,%%HLTF:(GLOBAL-SGX-DOWN)maySellTail-2,3,4thDayGT0,",-1.9817349145914045,2,1,1
"PCTChangeGT2,,,,volSellReversalLast2DayUp-VolDown,(SMA4GT(1.5)),",1.9731451523640924,1,1,0
"PCTChangeLT-3,,,,(GLOBALFUTDOWN-DOWNTRENDMARKET)checkSellConsolidationBreakDown-week2-lowNotReachedWeek3,week2BarLowChangeLT-2,weekLowLTweek2Low,##(check-chart)maySell-EMA6-MT-May-LT-EMA14,",-2.961970483262986,1,0,1
"PCTChangeGT1,_LTGT1.5_,,,%%HLTF:(SGXNIFTYUP)buyHighLowerTail-Continue,chisUpTrend-Risky-nearLow,",-0.9525527680061296,1,0,1
"PCDCLT0PCTChangeGT3,_HTGT3.0__LTGT3.0__HTGTPCTDayChange__LTGTPCTDayChange_,,,chisSell-smallUptrendReversal,",1.9081041850785856,2,1,1
"PCTChangeGT1,,,,chisSellSuper-Risky,-+,chisSellDowningMA-(check5MinuteDownTrendAndSellDowntrend)-Already10DayDown,",1.7971425741363172,1,1,0
"PCTChangeGT2,,,,chisBuyUpTrend-1,checkBuyConsolidationBreakout-allPreLT0,",0.8325143339050812,1,1,0
"PCTChangeGT2,,,,vol-sell-DownVol-3dayUp-Week2High,weekBarHighChangeGT2,brokenToday,",0.07955668856857896,2,2,0
"PCTChangeLT-5,_HTGT1.5__LTGT1.5_,,,chisDownTrend-Risky-nearHigh,##last2DayLow(LT-3)-M3LGT0,",-6.144148035763104,1,0,1
"PCTChangeGT2,,,,##(Check-chart-sell):month3Low-InPlus,NearLowMonth3,chisBuyFinalCandidate-(lastDayDown),chisBuyDownTrend-Risky-1,",-2.9619902646194594,1,0,1
"PCTChangeLT-5,year2High,_HTGT1.5__LTGT1.5_,,,volBuyReversalLast2DayDown-VolDown,",10.20809107433164,1,1,0
"PCTChangeGT3,,,,chis-breakoutup-2week,##MAPositive_Uptrend(GT4.5),##MA-SMA200LT0SMA100LT0,##last2DayHighGT3-M3HLT0,",4.445636415333628,1,1,0
"PCTChangeGT1,year2High,_HTGT1.5__HTGTPCTDayChange_,,,%%HLTF:(DOWNTREND-OR-GLOBALDOWN)maySellTail-tailGT2-2,3,4thDayGT0,(Test)(check-chart-2-3MidCapCross)MaySellCheckChart-Risky,",7.529561885703971,1,1,0
"PCTChangeLT-3,_HTGT1.5_,,,%%HLTF:maySellTail-tailGT2-7,10thDayGT0,volSellContinueLast2DayDown-VolUp,##(Check-chart-buy):YearHigh-InMinus,NearHighYear,",3.187497456868486,1,1,0
"PCTChangeGT5,,,,chisBuy-2week-breakoutup(check-chart)(|-|-| or --|),##(check-chart)sellEMA6>EMA14,",-2.2878780936063636,1,0,1
"PCTChangeGT5,year2High,_HTGT3.0__LTGT3.0__HTGTPCTDayChange_,,,volSellReversalLast2DayUp-VolUp,##last2DayHighGT3-M3HGT0,",0.8986894562269744,1,1,0
"PCTChangeLT-8,,,,maySellHighVolatileDownContinueLT-8,##MANegative_Downtrend_(LT-4.5),##MA-SMA200GT0SMA100LT0,",0.9600437282839653,3,2,1
"PCTDayChangeLT0,PCDayChange-0.5to0.5,_HTGT1.5__LTGT3.0_,,,buyYearHigh-0,",-0.316899259325469,1,0,1
"PCTDayChangeLT0,PCDayChange-0.5to0.5,,,,%%:checkBuyContinue:CupDownDoji-last2dayUp,shortDownTrendSellContinue-Doji-Last2DayLTToday,",0.4160877717994198,1,1,0
"PCTChangeLT-1,_LTGT1.5_,,,##MA-SMA200LT0SMA100LT0,",0.46428135463170256,1,1,0
"PCTDayChangeLT0,,,,MayBuyCheckChart-(|`|_|),",-0.33491431668764177,22,9,12
"PCTChangeGT2,_HTGT1.5_,,,chisCheckConsolidationBreakoutLT(4.5),(GLOBALFUTUP-UPTRENDMARKET)checkBuyConsolidationBreakUp-week2-highNotReachedWeek3,week2BarHighChangeGT0,brokenToday,",2.089012791674479,1,1,0
"PCTChangeGT2,,,,(GLOBALFUTUP-UPTRENDMARKET)checkBuyConsolidationBreakUp-month,weekBarHighChangeGT2,brokenToday,",1.9118230135004906,1,1,0
"PCDCGT0PCTChangeLT-5,_HTGT3.0__LTGT3.0_,,,%%HLTF-Last2LowTail:(DOWNTREND)sellHighLowerTailPre-1,##MA-SMA200LT0SMA100LT0,",0.720145258545673,1,1,0
"PCTChangeLT-0.5,PCDayChange-0.5to0.5,_HTGT1.5__LTGT1.5_,,,chisBuyYearHigh-3,",-3.061021205587468,5,0,4
"PCTChangeGT3,,,,volBuyContinueLast2DayUp-VolUp,(GLOBALFUTUP-UPTRENDMARKET)checkBuyConsolidationBreakUp-week2-highNotReachedWeek3,week2BarHighChangeGT2,weekHighGTweek2High,brokenToday,",-1.6391842747318621,1,0,1
"PCTChangeGT3,year2High,_HTGT3.0__HTGTPCTDayChange_,,,volSellReversalLast2DayUp-VolUp,##last2DayHighGT3-M3HGT0,",1.3929417873140924,2,2,0
"PCTChangeLT-3,_LTGT1.5_,,,checkCupDown-near2WeekDown-mayReveresalBuy,##(Check-chart-buy):month3High-InMinus,ReversalHighMonth3,",-2.6000017438615983,1,0,1
"PCTChangeLT-3,,,,checkCupDown-month3HighLTmonth3Low,bar_low,##DOWNTREND:sellYear2HighReversal(InDownTrend),##(Check-chart-buy):month3High-InMinus,ReversalHighMonth3,",1.423692343489571,1,1,0
"PCTChangeGT2,_HTGT1.5__LTGT1.5__HTGTPCTDayChange__LTGTPCTDayChange_,,,zigZagVolCrossedFromDown,##MANegative_Downtrend_(GT2),##MA-SMA200GT0SMA100LT0,",-4.007841222426461,1,0,1
"PCTChangeLT-1,PCDayChange-0.5to0.5,_LTGT1.5_,,,chisSell:Super03-monthLow,",1.685393258426955,1,1,0
"PCTChangeLT-1,,,,chisBuyMay5DayFloorReversal,##(Check-chart-buy):YearHigh-InMinus,ReversalHighYear,",1.3746035292654077,1,1,0
"PCTChangeGT0.5,PCDayChange-0.5to0.5,_LTGT1.5_,,,chisSellFlag2Week-doji-Risky,",0.3968892974434689,10,3,5
"PCTChangeGT3,_LTGT3.0_,,,##lastDayHighGT5TodayGT1,",0.33236042893387474,2,1,1
"PCTChangeLT-1,_HTGT1.5__LTGT1.5__HTGTPCTDayChange__LTGTPCTDayChange_,,,weekBarLowChangeLT0,brokenToday,chisDownTrend-Risky-nearHigh,",1.3679233006425853,2,2,0
"PCTChangeLT-1,,,,%%:checkSell:Super0,weekBarLowChangeLT0,",0.2657298382639285,4,2,2
"PCTChangeLT-2,,,,##sellTenDaysMoreThanTen,##(Check-chart-buy):YearHigh-InMinus,NearHighYear,",0.5962303529454526,2,1,1
"PCTChangeLT-2,_HTGT1.5_,,,(GLOBALFUTDOWN-DOWNTRENDMARKET)checkSellConsolidationBreakDown-week2-lowNotReachedWeek3,week2BarLowChangeLT-2,weekLowLTweek2Low,chisDownTrend-Risky-nearHigh,",-0.6474776233700552,1,0,1
"PCDCGT0PCTDayChangeLT0,PCDayChange-0.5to0.5,,,,%%:checkBuyContinue:CupDownDoji-last2dayUp,",0.41142298573940445,9,6,3
"PCTChangeLT-0.5,_HTGT3.0__LTGT1.5__HTGTPCTDayChange__LTGTPCTDayChange_,,,chisDownTrend-Risky-nearHigh,",2.049728903540664,2,2,0
"PCTChangeLT-0.5,PCDayChange-0.5to0.5,_HTGT1.5_,,,##ML:BuyRisingMA-Risky-2,",-0.5116936642006843,1,0,1
"PCTChangeLT-2,,,,%%:checkSell:FlagWeek,VOL:buy-DownVol-3dayDown-Week2High,##(Check-chart-buy):month3High-InMinus,NearHighMonth3,",1.698369600428071,1,1,0
"PCTChangeLT-5,_LTGT1.5_,,,%%:checkSell:FlagWeek,##MANegative_Downtrend_(LT-4.5),##MA-SMA200LT0SMA100LT0,",0.032666918983361805,1,1,0
"PCTChangeLT-2,,,,##sellTenDaysMoreThanTen,##(Check-chart-buy):month3High-InMinus,BreakHighMonth3,",-0.4094814432078315,1,0,1
"PCTChangeLT-3,_HTGT1.5__LTGT3.0__LTGTPCTDayChange_,,,chisSellFlagWeek-Risky,VOL:sell(GLOBALFUTUP-GLOBALMARKETUP)Buy-UpVol-3dayDown-Week2High,##DOWNTREND:sellYear2HighReversal(InDownTrend),##(Check-chart-buy):month3High-InMinus,ReversalHighMonth3,",-3.5894610464003267,1,0,1
"PCDCGT0PCTChangeLT-1,PCDayChange-0.5to0.5,_HTGT1.5__LTGT1.5_,,,%%HLTF-Last2LowTail:(DOWNTREND)sellHighLowerTailPre-1,",0.06019968510028137,11,4,7
"PCTChangeGT3,_LTGT1.5_,,,(GLOBALFUTUP-UPTRENDMARKET)checkBuyConsolidationBreakUp-week2-highNotReachedWeek3,week2BarHighChangeGT0,weekHighGTweek2High,brokenToday,##UPTREND:buyMonth6LowReversal(Confirm),",-2.1481418808716026,1,0,1
"PCTChangeLT-3,_LTGT1.5_,,,##last2DayLow(LT-3)-M3LGT0,$$MayBuy-CheckChart-baseLine(inuptrend-monthlow)-MHCLT(-10),chisSellDayLowVolLow-01,",1.6666680051569294,1,1,0
"PCTChangeGT2,,,,volSellVolumeUpsergedLast2n3DayDown,chisCheckConsolidationBreakoutLT(4.5),(GLOBALFUTUP-UPTRENDMARKET)checkBuyConsolidationBreakUp-week2-highNotReachedWeek3,week2BarHighChangeGT0,weekHighGTweek2High,",0.6178305799426224,1,1,0
"PCDCGT0PCTChangeLT-1,,,,##(Test)(check-chart)-sellSMADownTrend,",3.3772269225001192,1,1,0
"PCTChangeGT5,_HTGT1.5__LTGT1.5__HTGTPCTDayChange__LTGTPCTDayChange_,,,##lastDayHighGT5TodayGT1,",6.770798926764744,1,1,0
"PCDCLT0PCTChangeGT1,,,,chisSell-smallUptrendReversal,",-0.24052042454685796,4,2,2
"PCTChangeLT-5,_HTGT1.5__LTGT1.5_,,,volBuyReversalLast2DayDown-VolDown,chisSellDownTrend-nearHigh,##DOWNTREND:sellYearHigh(InDownTrend),chisBuyDayLowVolLow-0,",1.0333353678385342,1,1,0
"PCTChangeGT3,,,,##MAPositive_Uptrend(GT2),##MA-SMA200GT0SMA100GT0,##last2DayHighGT3-M3HGT0,",-0.0639972697192838,11,5,6
"PCTChangeGT0,,,,buyPatternsML,buyPattern-GT1.5-SMAGT0,(SMA9GT0),chisBuyYearHigh-3,",-0.2556837998427371,1,0,1
"PCTChangeGT3,,,,chisSellDayHighVolLow-01-checkMorningTrend(.5SL),(GLOBALFUTUP-UPTRENDMARKET)checkBuyConsolidationBreakUp-week2-highNotReachedWeek3,week2BarHighChangeGT2,weekHighGTweek2High,brokenToday,##last2DayHighGT3-M3HLT0,",4.052529188412571,1,1,0
"PCTChangeGT1,_HTGT1.5_,,,checkCupDown-lastDayUp,",-1.921195902966721,3,2,1
"PCTChangeLT-1,_LTGT1.5_,,,##(Test)(Check-chart):year2Low-InMinus,",-0.6997055175412454,2,1,1
"PCTChangeLT-1,year2Low,_LTGT1.5_,,,MayBuyCheckChart-(IndexNotUpInSecondHalf),",-0.3680354023498752,2,1,1
"PCTChangeLT-3,,,,##MANegative_Downtrend_(LT-2),##MA-SMA200GT0SMA100LT0,",0.7003030510367063,16,11,5
"PCTChangeLT-3,,,,volSellContinueLast2DayDown-VolUp,chisDownTrend-Risky-nearHigh,##DOWNTREND:sellYearHighReversal(InDownTrend),##(Check-chart-buy):month3High-InMinus,ReversalHighMonth3,",2.730263157894729,1,1,0
"PCDCLT0PCTChangeGT5,_HTGT3.0__LTGT3.0__HTGTPCTDayChange__LTGTPCTDayChange_,,,chisSellLastDayHighUpReversal,",7.288886176215274,1,1,0
"PCTChangeGT3,_HTGT1.5_,,,week2BarHighChangeGT0,weekHighGTweek2High,brokenToday,",3.313230074544723,3,3,0
"PCTChangeLT-3,year2High,,,,volSellVolumeUpsergedLast2n3DayUp,volSellContinueLast2DayDown-VolUp,",0.7583566802575552,4,4,0
"PCTChangeGT0.5,PCDayChange-0.5to0.5,_HTGT1.5_,,,%%:sellDowntrend-lastDayUp-ReversalHighTail,chisSellDowningMA-(check5MinuteDownTrendAndSellDowntrend)-Already10DayDown,",2.585036089631151,1,1,0
"PCTChangeGT2,_HTGT3.0__HTGTPCTDayChange_,,,##buyTenDaysLessThanMinusTen,",2.2194266183035833,1,1,0
"PCTChangeGT0,PCDayChange-0.5to0.5,,,,(SMA9LT0),",-0.6845664733575236,13,5,8
"PCTChangeLT-2,,,,checkCupDown-3dayDown,VOL:sell(GLOBALFUTUP-GLOBALMARKETUP)Buy-UpVol-3dayDown-Week2High,##DOWNTREND:sellMonth3High(InDownTrend),##(Check-chart-buy):month3High-InMinus,NearHighMonth3,",-2.400468384074946,1,0,1
"PCTChangeLT-2,,,,volSellContinueLast2DayDown-VolUp,##sellTenDaysMoreThanTen,",-2.2308978984486294,1,0,1
"PCTChangeGT8,_LTGT1.5_,,,BuyYearLow,",0.0,1,0,0
"PCTChangeGT2,,,,checkBuyConsolidationBreakUp-2week,week2BarHighChangeGT0,brokenToday,",0.24205019655641635,15,6,8
"PCTChangeLT-2,,,,volBuyVolumeUpsergedLast2n3DayUp,chisDownTrend-Risky-nearHigh,",-1.6301633109583804,2,1,1
"PCTChangeGT1,_HTGT3.0__LTGT1.5__HTGTPCTDayChange__LTGTPCTDayChange_,,,volSellReversalLast2DayUp-VolUp,",-2.0502983809912383,2,0,2
"PCTChangeLT-0.5,_LTGT1.5_,,,checkSellConsolidationBreakDown-month3HighGTMonth3Low,chisDownTrend-Risky-nearHigh,",-1.4561839939392731,1,0,1
"PCTChangeLT-3,,,,weekBarLowChangeLT0,brokenToday,chisDownTrend-Risky-nearHigh,##(Check-chart-buy):month6High-InMinus,ReversalHighMonth6,",-2.472329227686809,1,0,1
"PCTChangeGT3,,,,volSellVolumeUpsergedLast2n3DayDown,volBuyContinueLast2DayUp-VolUp,weekBarHighChangeGT0,brokenToday,",-0.6522103558440959,1,0,1
"PCDCGT0PCTChangeLT-1,_HTGT1.5__LTGT1.5_,,,$$MaySellContinue-CheckChart(inuptrend-monthlow)-highTail,",-2.263390677315848,1,0,1
"PCTChangeGT2,_HTGT3.0__LTGT3.0__HTGTPCTDayChange__LTGTPCTDayChange_,,,zigZagVolCrossedFromDown,",-1.358022807556905,1,0,1
"PCTChangeGT3,_HTGT1.5_,,,##(Check-chart-sell):month3Low-InPlus,ReversalLowMonth3,##UPTREND:buyMonth6LowReversal(Confirm),",1.9974487408775694,1,1,0
"PCDCGT0PCTDayChangeLT0,year2High,_HTGT1.5__HTGTPCTDayChange__LTGTPCTDayChange_,,,%%HLTF-Last2HighTail:(UPTREND)buy(DOWNTREND)sell:HighUpperTailPre-last2DayUp,",1.2492750315682306,2,1,1
"PCTChangeLT-3,year2High,,,,##sellTenDaysMoreThanTen,##last2DayLow(LT-3)-M3LGT0,",-1.82119205298014,1,0,1
"PCTChangeGT3,_HTGT1.5_,,,week2BarHighChangeGT0,brokenToday,",-0.6903640931819826,4,1,3
"PCTChangeGT1,,,,shortUpTrendBuyContinue-Doji-Last2DayGTToday,",-0.049681724943392944,62,23,39
"PCTChangeGT0,PCDayChange-0.5to0.5,_HTGT1.5__LTGT3.0_,,,%%HLTF:(SGXNIFTYUP)buyHighLowerTail-Continue,",2.842995132381532,1,1,0
"PCTChangeGT12,,,,##MAPositive_Uptrend(GT4.5),##MA-SMA200LT0SMA100GT0,",-2.82703969300547,4,0,4
"PCTChangeGT2,,,,chisBuyUpTrend-nearLow,##UPTREND:buyYear2Low,",1.697936858935197,2,1,1
"PCTChangeGT2,year2Low,_HTGT1.5_,,,volSellReversalLast2DayUp-VolDown,",1.8475345455745096,3,3,0
"PCTChangeLT-2,,,,##MANegative_Downtrend_(LT-2),##MA-SMA200GT0SMA100GT0,chisBuyDayLowVolLow-03-checkMorningTrend(.5SL)-after10:30,",0.7558969556103007,1,1,0
"PCTChangeGT5,year2Low,,,,volSellReversalLast2DayUp-VolDown,##last2DayHighGT3-M3HLT0,",3.567129074058127,1,1,0
"PCTChangeLT-3,,,,volSellContinueLast2DayDown-VolUp,sellPatternsML,",-2.4563504683250836,1,0,1
"PCTChangeLT-2,_HTGT1.5__LTGT3.0_,,,%%HLTF:(SGXNIFTYUP)buyHighLowerTail-Continue,##ML:BuyRisingMA-Risky-1,",-1.191847618416403,1,0,1
"PCTChangeGT5,,,,chisUpTrend-Risky-nearLow,(GLOBALFUTUP-UPTRENDMARKET)checkBuyConsolidationBreakUp-week2-highNotReachedWeek3,week2BarHighChangeGT0,brokenToday,##UPTREND:buyMonth3LowReversal(Confirm),",-0.38753076620138227,1,0,1
"PCTChangeLT-3,_LTGT3.0_,,,%%HLTF:(GLOBAL-DOWN)sellHighLowerTail-Reversal-LastDayMarketUp,##last2DayLow(LT-3)-M3LGT0,##ML:buyRisingMA-down-0,",0.9259259259259235,1,1,0
"PCTChangeGT3,_HTGT1.5_,,,chisCheckConsolidationBreakoutLT(4.5),weekBarHighChangeGT0,brokenToday,",-2.0866153747078053,1,0,1
"PCTChangeGT2,_LTGT1.5_,,,chisBuyYearHigh-1,",-0.04803756284750271,4,2,2
"PCDCLT0PCTChangeGT3,PCDayChange-0.5to0.5,_HTGT3.0_,,,%%HLTF:maySellTail-tailGT2-allDayGT0,%%HLTF:(UPTREND-GLOBAL/SGX-UP)BuyHighUpperTail-Reversal-7,10thDayGT15-LastDayMarketDown,",-2.2412621558129353,1,0,1
"PCTChangeLT-2,_HTGT1.5__LTGT1.5__HTGTPCTDayChange__LTGTPCTDayChange_,,,chisSell-smallUptrendReversal,##RisingMA(check-chart-buy)-MayBuyCheckChart,",4.477623408175528,1,1,0
"PCTChangeGT2,_HTGT1.5_,,,chisSellYear2LowLT-40-last3DayDown(triggerAfter-9:15),",3.7344267848336283,2,2,0
"PCTDayChangeLT0,year2Low,_LTGT1.5_,,,buyMorningStar-HighLowerTail-(checkChart),",5.901641011889526,1,1,0
"PCDCLT0PCTChangeGT0,_LTGT1.5_,,,chisSell-smallUptrendReversal,##RisingMA(check-chart-buy)-MayBuyCheckChart,",5.149874308587413,1,1,0
"PCTChangeLT-1,_LTGT1.5_,,,chisBuyMay5DayFloorReversal,",-1.6784321612537745,4,0,4
"PCDCLT0PCTChangeGT1,_LTGT3.0_,,,%%HLTF:(GLOBAL-DOWN)sellHighLowerTail-Reversal-LastDayMarketUp,##MA-SMA200LT0SMA100GT0,",0.861501706459003,1,1,0
"PCTChangeLT-1,,,,volumeUpsergedLast2n3n4DayUp,volSellContinueLast2DayDown-VolUp,chisDownTrend-Risky-nearHigh,##(Check-chart-buy):YearHigh-InMinus,ReversalHighYear,",-0.817532975286799,1,0,1
"PCTChangeLT-1,,,,%%:checkSell:ConsolidationBreakDown(NotShapeA)-2week,checkSellConsolidationBreakDown-2week,week2BarLowChangeLT0,weekLowLTweek2Low,brokenToday,chisDownTrend-Risky-nearHigh,##(Check-chart-buy):month3High-InMinus,ReversalHighMonth3,",-0.3420003810093301,3,1,2
"PCTChangeGT0,PCDayChange-0.5to0.5,_HTGT1.5_,,,%%:sellDowntrend-lastDayUp-ReversalHighTail,chisSellDowningMA-(check5MinuteDownTrendAndSellDowntrend)-Already10DayDown,",0.4616417565296591,1,1,0
"PCTChangeGT0.5,_HTGT1.5_,,,volSellReversalLast2DayUp-VolUp,",3.547671890159449,1,1,0
"PCTChangeLT-1,,,,chisSellFinalCandidate-(lastDayDown)-(buyPattern),",-2.2239173263543197,2,0,2
"PCTChangeLT-0.5,_LTGT1.5_,,,chisSellFinalCandidate-(lastDayDown)-(buyPattern),",-1.4126277400330283,4,1,3
"PCTChangeLT-3,,,,##MANegative_Downtrend_(LT-4.5),##MA-SMA200GT0SMA100LT0,##DOWNTREND:sellMonth3LowBreak,",-2.8673835125448024,1,0,1
"PCTChangeGT0.5,PCDayChange-0.5to0.5,_LTGT1.5_,,,buyPatternsML,",2.0677921710245877,3,3,0
"PCTChangeGT3,_HTGT3.0__LTGT1.5__HTGTPCTDayChange_,,,volumeUpsergedLast2n3n4DayDown,",-0.6978210764427356,1,0,1
"PCTChangeLT-2,,,,chisSellConsolidationBreakDown-forecastDayPCT7LT0,##(Check-chart-buy):YearHigh-InMinus,ReversalHighYear,",-2.189866562905239,1,0,1
"PCTChangeLT-1,,,,%%:checkSell:Flag2Week,zigZagVolCrossedFromUp,",0.32604598473898416,1,1,0
"PCDCGT0PCTChangeLT-3,_HTGT1.5_,,,(Test)MaySell-CheckChart(downTrend-lastDayUp),",-0.08449597305127432,1,0,1
"PCTChangeEQ0,,,,(Test)MaySell-CheckChart(downTrend-lastDayUp),",-0.5706383544900459,2,1,1
"PCTChangeLT-1,,,,chisSellUpTrend-Risky-2,##ML:BuyRisingMA-Risky-1,",-0.19650521757301181,1,0,1
"PCTChangeGT3,,,,##UPTREND:buyMonth6LowReversal(Confirm),",-0.12960072342680853,10,4,6
"PCTChangeLT-0.5,PCDayChange-0.5to0.5,,,,%%:checkBuyContinue:CupDownDoji-last2dayUp,",-0.013051919339541427,1,0,1
"PCTChangeLT-5,_LTGT3.0_,,,##MANegative_Downtrend_(LT-4.5),##MA-SMA200LT0SMA100LT0,##last3DayLow(LT-3)-M3LLT0,volBuyRevarsalVolCrossed,chisBuyDayLowVolLow-01,",-0.16339869281045752,1,0,1
"PCTChangeGT3,,,,volumeUpsergedLast2n3n4DayDown,volBuyContinueLast2DayUp-VolUp,chisBuyConsolidationBreakUp-2week-(Risky)-year2High,week2BarHighChangeGT2,brokenToday,",2.1134593993326027,1,1,0
"PCTChangeLT-3,,,,checkCupDown-near2WeekDown-mayReveresalBuy,(GLOBALFUTDOWN-DOWNTRENDMARKET)checkSellConsolidationBreakDown-week2-lowNotReachedWeek3,week2BarLowChangeLT-2,weekLowLTweek2Low,volBuyRevarsalVolCrossed,%%:checkBuyRevarsalLast3DayDownAtMonth3High,##(Check-chart-buy):month3High-InMinus,ReversalHighMonth3,",1.548505185255359,1,1,0
"PCTChangeGT2,_HTGT1.5__HTGTPCTDayChange__LTGTPCTDayChange_,,,%%HLTF-Last2HighTail:(UPTREND)buy(DOWNTREND)sell:HighUpperTailPre-last2DayUp,",1.7081390857210113,2,2,0
"PCTChangeGT2,_LTGT1.5_,,,chis-breakoutup-2week,",3.13181899875267,2,2,0
"PCTChangeGT2,_HTGT1.5__LTGT3.0_,,,%%HLTF:(SGXNIFTYUP)buyHighLowerTail-Continue,",0.1730737930689176,1,1,0
"PCTChangeLT-3,_LTGT1.5_,,,##last3DayLow(LT-3)-M3LGT0,",3.9413184041574003,3,3,0
"PCTChangeLT-3,_HTGT1.5_,,,chisSellDownTrend-nearHigh,",-2.2578766057724184,3,0,3
"PCTChangeGT5,_LTGT1.5_,,,chisSellDayHighVolLow-01-checkMorningTrend(.5SL),##MAPositive_Uptrend(GT4.5),##MA-SMA200GT0SMA100GT0,",6.300673613677153,1,1,0
"PCTChangeLT-1,year2Low,_LTGT3.0_,,,week2BarLowChangeLT-2,weekLowLTweek2Low,%%:buyDownTrend-month3Low,",0.6249984105428059,1,1,0
"PCTChangeLT-1,,,,chisSellConsolidationBreakDown-forecastDayPCT7LT0,##(Check-chart-buy):month3High-InMinus,ReversalHighMonth3,",0.08006719616538921,2,1,1
"PCTChangeGT2,,,,chisBuyDownTrend-Risky-2,##UPTREND:buyMonth6Low,",0.6884763227044788,1,1,0
"PCTChangeGT5,,,,chisUpTrend-Risky-nearLow,(GLOBALFUTUP-UPTRENDMARKET)checkBuyConsolidationBreakUp-week2-highNotReachedWeek3,week2BarHighChangeGT0,brokenToday,##UPTREND:buyYear2LowReversal(Confirm),",-1.3447465702131027,1,0,1
"PCDCGT0PCTChangeLT-3,_HTGT3.0__LTGT3.0_,,,%%:checkSell:Flag2Week-doji,%%HLTF:(GLOBAL-DOWN)sellHighLowerTail-Reversal-LastDayMarketUp,",-0.6164944603269129,1,0,1
"PCTDayChangeLT0,_HTGT1.5__HTGTPCTDayChange__LTGTPCTDayChange_,,,%%HLTF-Last2HighTail:(DOWNTREND)sell(UPTREND)buy:HighUpperTailPre,",0.10736653980211856,3,1,2
"PCTChangeGT16,_HTGT1.5_,,,%%HLTF-Last2HighTail:(UPTREND)buy(DOWNTREND)sell:HighUpperTailPre-last2DayUp,vol-sell-DownVol-3dayUp-Week2High,##MAPositive_Uptrend(GT2),##MA-SMA200GT0SMA100GT0,",-9.648651947846288,1,0,1
"PCTChangeGT0.5,,,,##(Test)(check-chart)-sellSMADownTrend,",1.3081000579358564,3,2,1
"PCTChangeLT-3,,,,volSellContinueLast2DayDown-VolUp,(GLOBALFUTDOWN-DOWNTRENDMARKET)checkSellConsolidationBreakDown-week2-lowNotReachedWeek3,week2BarLowChangeLT-2,chisDownTrend-Risky-nearHigh,##DOWNTREND:sellYear2HighReversal(InDownTrend),##(Check-chart-buy):month3High-InMinus,ReversalHighMonth3,##(check-chart)maySell-EMA6-MT-May-LT-EMA14,",0.9253102353787164,1,1,0
"PCTChangeGT0.5,PCDayChange-0.5to0.5,_HTGT1.5__LTGT3.0_,,,%%HLTF-Last2LowTail:(DOWNTREND)sellHighLowerTailPre-1,",2.8405288634871866,2,1,1
"PCTChangeGT5,_HTGT1.5_,,,chisUpTrend-Risky-nearLow,(GLOBALFUTUP-UPTRENDMARKET)checkBuyConsolidationBreakUp-week2-highNotReachedWeek3,week2BarHighChangeGT0,brokenToday,",0.44525744868259803,1,1,0
"PCTChangeGT3,,,,##(Check-chart-sell):month3Low-InPlus,ReversalLowMonth3,##UPTREND:buyMonth6LowReversal(Confirm),",-0.46074364129327156,3,1,2
"PCTChangeGT3,,,,chisCheckConsolidationBreakoutLT(4.5),(GLOBALFUTUP-UPTRENDMARKET)checkBuyConsolidationBreakUp-week2-highNotReachedWeek3,week2BarHighChangeGT2,weekHighGTweek2High,brokenToday,chis-breakoutup-2week,",1.1321967953886283,1,1,0
"PCTChangeLT-1,,,,volBuyRevarsalVolCrossed,%%:checkBuyRevarsalLast3DayDownAtMonth3High,",-0.8336559827676067,3,1,2
"PCDCGT0PCTDayChangeLT0,PCDayChange-0.5to0.5,_HTGT3.0_,,,%%HLTF-Last2HighTail:(UPTREND)buy(DOWNTREND)sell:HighUpperTailPre-last2DayUp,",-1.3289810344059938,3,0,3
"PCTChangeGT1,year2High,,,,chisCheckConsolidationBreakoutLT(4.5),weekBarHighChangeGT0,",1.1270390116042341,1,1,0
"PCTChangeLT-2,,,,checkSellConsolidationBreakDown-2week,week2BarLowChangeLT-2,",-1.8916495511239058,1,0,1
"PCTChangeLT-0.5,,,,checkSellConsolidationBreakDown-month3HighGTMonth3Low,chisSellDownTrend-nearHigh,",1.2698412698412738,1,1,0
"PCTChangeLT-1,PCDayChange-0.5to0.5,_HTGT1.5_,,,##MANegative_Downtrend_(LT0),##MA-SMA200GT0SMA100LT0,",1.772351319417093,1,1,0
"PCTChangeLT-1,PCDayChange-0.5to0.5,_HTGT1.5_,,,##(Test):buyRisingMA-uptrend-SMA25gt0,",-0.45968887666640595,3,1,2
"PCTChangeLT-2,,,,##(Check-chart-buy):month3High-InMinus,ReversalHighMonth3,##(check-chart)maySell-EMA6-MT-May-LT-EMA14,",-1.3268014045686032,1,0,1
"PCTChangeGT2,_HTGT1.5_,,,%%HLTF:(DOWNTREND-OR-GLOBALDOWN)maySellTail-tailGT2-2,3,4thDayGT0,zigZagVolCrossedFromDown,",1.0706637649192432,1,1,0
"PCTChangeLT-3,_HTGT1.5_,,,$$(DOWNTREND-OR-GLOBALDOWN)MaySell-CheckChart-baseLine(inDownTrend-monthHigh)-MLCGT10,",-0.3925046559236404,2,0,2
"PCTChangeGT0.5,PCDayChange-0.5to0.5,,,,chisSellFlagWeek-doji-Risky,chisSellSMA4Reversal,",0.19964477317364399,7,4,3
"PCTChangeGT0,PCDayChange-0.5to0.5,_HTGT3.0__LTGT1.5_,,,%%:checkSell:CupDownDoji,",-0.8292668040205811,1,0,1
"PCTChangeGT2,,,,##(Check-chart-sell):month3Low-InPlus,NearLowMonth3,##buyTenDaysLessThanMinusTen,",1.852154475386423,1,1,0
"PCTChangeLT-5,,,,$$(UPTREND-OR-GLOBALUP)$$MayBuyContinue-CheckChart-baseLine(inDownTrend-monthHigh)-PCTDayChangeLT(-2),",-1.345055049274456,2,1,1
"PCTChangeLT-0.5,_HTGT3.0__LTGT3.0_,,,shortDownTrendSellContinue-Doji-Last2DayLTToday,",1.9627900191609962,1,1,0
"PCTChangeGT2,,,,weekBarHighChangeGT2,##MAPositive_Uptrend(GT1),##MA-SMA200GT0SMA100GT0,",-1.8025078369905851,1,0,1
"PCTChangeGT1,,,,sellPattern-LT-1.5-SMALT0,(SMA9LT0),maySellFromBuyPattern-LT-1.8,##(Check-chart)ML:buyMonth3High-Continue,",-2.9821074764833733,1,0,1
"PCTChangeLT-3,_HTGT1.5_,,,weekBarLowChangeLT-2,",-1.1123276581497765,12,2,10
"PCTChangeLT-2,_LTGT1.5_,,,volBuyReversalLast2DayDown-VolDown,##sellTenDaysMoreThanTen,",-0.17748283506538629,1,0,1
"PCTChangeGT3,_HTGT1.5__HTGTPCTDayChange_,,,chisSellYear2LowLT-40-last4DayDown(triggerAfter-9:15),##buyTenDaysLessThanMinusTen,",0.026324323538387522,1,1,0
"PCTChangeLT-1,_HTGT1.5_,,,checkCupDown-inDownTrend-month3HighLTmonth3Low,bar_low,chisSellFinalCandidate-3,##(Check-chart-buy):month3High-InMinus,NearHighMonth3,",-4.038045436266224,1,0,1
"PCTChangeLT-5,_HTGT1.5_,,,volBuyReversalLast2DayDown-VolDown,chisSellDayLowVolLow-0,",0.3111042004974248,1,1,0
"PCTChangeGT3,_HTGT1.5_,,,chisCheckConsolidationBreakoutLT(4.5),checkBuyConsolidationBreakUp-2week,week2BarHighChangeGT2,brokenToday,",-2.1522446294694393,1,0,1
"PCTChangeLT-3,_HTGT1.5_,,,chisDownTrend-Risky-nearHigh,##DOWNTREND:sellYear2HighReversal(InDownTrend),",0.7643277452924508,2,1,1
"PCTChangeLT-8,_HTGT3.0__LTGT1.5_,,,chisDownTrend-Risky-nearHigh,",-3.3879826660868155,2,1,1
"PCTChangeLT-1,_HTGT1.5__HTGTPCTDayChange__LTGTPCTDayChange_,,,%%HLTF-Last2HighTail:(DOWNTREND)sellHighUpperTailPre,%%HLTF-Risky9:30:maySellTail-tailGT2-7,10thDayGT15,##buyYear2LowMovingSMA,",8.53571210588728,1,1,0
"PCTChangeGT0.5,_HTGT1.5__HTGTPCTDayChange_,,,week2BarHighChangeGT0,weekHighGTweek2High,brokenToday,chisBuyYearHigh-3,",1.1896668439078764,1,1,0
"PCTChangeGT2,_LTGT1.5_,,,vol-sell-DownVol-3dayUp-Week2High,week2BarHighChangeGT0,",-4.565752785101323,1,0,1
"PCTChangeLT-2,,,,##buyRisingMA-1,",2.7251581890913776,9,8,1
"PCTChangeGT5,,,,##UPTREND:buyMonth6Low,",1.2307036868865229,1,1,0
"PCTChangeGT2,,,,vol-sell-DownVol-3dayUp-Week2High,##MAPositive_Uptrend(GT1),##MA-SMA200LT0SMA100LT0,",-8.39473523591694,1,0,1
"PCTChangeGT1,,,,%%:sellDowntrend-lastDayUp-ReversalHighTail,volBuyVolumeUpsergedLast2n3DayDown,",1.2637379405262608,1,1,0
"PCTChangeGT1,_LTGT1.5_,,,%%HLTF:(SGXNIFTYUP)buyHighLowerTail-Continue,##MAPositive_Uptrend(GT0),##MA-SMA200GT0SMA100GT0,",-1.8367326178518404,1,0,1
"PCTChangeLT-2,_LTGT1.5_,,,chisDownTrend-Risky-nearHigh,##DOWNTREND:sellYear2HighReversal(InDownTrend),##(Check-chart-buy):YearHigh-InMinus,ReversalHighYear,",0.8945594839498164,1,1,0
"PCTChangeLT-3,_HTGT1.5__LTGT3.0__HTGTPCTDayChange__LTGTPCTDayChange_,,,%%HLTF:(GLOBAL-UP)buyHighLowerTail-LastDayMarketUp,",-2.0014825796886635,1,0,1
"PCTChangeGT2,,,,weekBarHighChangeGT2,buyYearHigh-0,",1.0248925475329593,2,2,0
"PCTChangeGT3,,,,zigZagVolCrossedFromDown,##(Check-chart-sell):month3Low-InPlus,ReversalLowMonth3,##UPTREND:buyMonth3LowReversal(Confirm),",0.27523215757598,1,1,0
"PCTChangeGT0,year2High,_HTGT1.5_,,,shortUpTrendSellReversal-MonthHigh,",-1.5054449327841957,2,0,2
"PCTChangeLT-3,,,,volBuyReversalLast2DayDown-VolDown,(GLOBALFUTDOWN-DOWNTRENDMARKET)checkSellConsolidationBreakDown-week2-lowNotReachedWeek3,week2BarLowChangeLT0,##DOWNTREND:sellYear2HighReversal(InDownTrend),##(Check-chart-buy):month3High-InMinus,ReversalHighMonth3,",0.41050587122634385,1,1,0
"PCTChangeGT2,,,,chisBuyUpTrend-nearLow,volSellReversalLast2DayUp-VolUp,",-0.27453253593855104,1,0,1
"PCTChangeGT3,_HTGT1.5_,,,volBuyContinueLast2DayUp-VolUp,chisSell-2week-breakoutup,##sellRisingMAuptrend-2,",-1.5124555160142268,1,0,1
"PCTChangeGT2,,,,chisSellDayHighVolLow-0,chisUpTrend-Risky-nearLow,",2.095633518102209,1,1,0
"PCTChangeGT3,_HTGT1.5_,,,chis-breakoutup-2week,",-1.1654910537915681,2,0,2
"PCTChangeLT-3,_LTGT3.0_,,,checkCupDown-near2WeekDown-mayReveresalBuy,##DOWNTREND:sellYear2HighReversal(InDownTrend),##(Check-chart-buy):month3High-InMinus,ReversalHighMonth3,",8.867071330367251,1,1,0
"PCTChangeLT-2,_LTGT1.5_,,,weekBarLowChangeLT-2,##(Check-chart-buy):month3High-InMinus,ReversalHighMonth3,",-0.13713554930486394,1,0,1
"PCTChangeGT5,,,,checkBuyConsolidationBreakout-allPreLT0,week2BarHighChangeGT2,brokenToday,",-1.4953256767486969,1,0,1
"PCTChangeLT-1,,,,chisSell:Super03-monthLow,weekBarLowChangeLT0,brokenToday,",-1.2491397767229058,3,0,3
"PCTChangeGT2,,,,chisCheckConsolidationBreakout2WeekLT(4.5),week2BarHighChangeGT0,brokenToday,",-0.5700093662871696,1,0,1
"PCTChangeLT-3,,,,(GLOBALFUTDOWN-DOWNTRENDMARKET)checkSellConsolidationBreakDown-week2-lowNotReachedWeek3,week2BarLowChangeLT0,chisSellDownTrend-nearHigh,##(Check-chart-buy):month3High-InMinus,ReversalHighMonth3,",0.35463562714298263,3,2,1
"PCTChangeLT-3,,,,volBuyReversalLast2DayDown-VolDown,chisSellUpTrend-Risky-2,",0.8585125115864048,3,2,1
"PCTChangeGT3,_LTGT1.5_,,,(GLOBALFUTUP-UPTRENDMARKET)checkBuyConsolidationBreakUp-week2-highNotReachedWeek3,week2BarHighChangeGT2,weekHighGTweek2High,##MAPositive_Uptrend(GT2),##MA-SMA200LT0SMA100GT0,",-2.136425018833281,1,0,1
"PCTChangeLT-3,_LTGT3.0_,,,(GLOBALFUTDOWN-DOWNTRENDMARKET)checkSellConsolidationBreakDown-week2-lowNotReachedWeek3,week2BarLowChangeLT-2,##DOWNTREND:sellYear2HighReversal(InDownTrend),##(Check-chart-buy):month3High-InMinus,ReversalHighMonth3,",-1.613330078124992,1,0,1
"PCTDayChangeLT0,,,,(GLOBALFUTDOWN-DOWNTRENDMARKET)checkSellConsolidationBreakDown-week2-lowNotReachedWeek3,week2BarLowChangeLT0,",-0.3607463407200155,6,4,2
"PCTChangeLT-2,_LTGT1.5_,,,chisDownTrend-Risky-nearHigh,##(check-chart)buyEMA6<EMA14,##(Check-chart-buy):YearHigh-InMinus,ReversalHighYear,",-0.9296585794633981,1,0,1
"PCTChangeLT-3,_LTGT1.5_,,,chisSellFinalCandidate-(lastDayUp)-(highChange),chisDownTrend-Risky-nearHigh,",4.079862805121689,1,1,0
"PCTChangeGT0.5,_LTGT1.5_,,,%%HLTF:(SGXNIFTYUP)buyHighLowerTail-Continue,chisBuyYearHigh-3,",3.1177388382902094,1,1,0
"PCTChangeLT-1,year2Low,,,,week2BarLowChangeLT-2,weekLowLTweek2Low,",-1.5161329700100994,1,0,1
"PCTChangeGT3,year2Low,_LTGT1.5_,,,zigZagVolCrossedFromDown,",2.709834085856304,1,1,0
"PCTChangeLT-3,year2High,,,,volumeUpsergedLast2n3n4DayUp,chisSellUpTrend-Risky-2,",-1.1565325266667652,1,0,1
"PCTChangeLT-2,_HTGT1.5__LTGT1.5_,,,volBuyReversalLast2DayDown-VolDown,##(Check-chart-buy):month3High-InMinus,ReversalHighMonth3,",0.9242713655124246,1,1,0
"PCTChangeLT-1,,,,(GLOBALFUTDOWN-DOWNTRENDMARKET)checkSellConsolidationBreakDown-week2-lowNotReachedWeek3,week2BarLowChangeLT-2,weekLowLTweek2Low,$$MayBuy-CheckChart(monthLow-minimumLast4DayDown),",-0.681487531585792,1,0,1
"PCTChangeGT3,,,,weekBarHighChangeGT2,chis-breakoutup-2week,",-0.8772337016923061,8,1,7
"PCTChangeGT0.5,_HTGT1.5_,,,(Test)(check-chart-2-3MidCapCross)MaySellCheckChart-Risky,week2BarHighChangeGT0,",0.05638579205387374,1,1,0
"PCDCLT0PCTChangeGT0,year2High,_LTGT1.5_,,,%%HLTF:(SGXNIFTYUP)buyHighLowerTail-Continue,",0.018562407810582677,3,1,2
"PCTChangeGT3,_HTGT1.5__LTGT1.5_,,,%%HLTF-Last2HighTail:(UPTREND)buy(DOWNTREND)sell:HighUpperTailPre-last2DayUp,volumeUpsergedLast2n3n4DayDown,(GLOBALFUTUP-UPTRENDMARKET)checkBuyConsolidationBreakUp-week2-highNotReachedWeek3,week2BarHighChangeGT2,weekHighGTweek2High,brokenToday,",2.0545788298226277,1,1,0
"PCTChangeGT1,_HTGT1.5__LTGT1.5__HTGTPCTDayChange__LTGTPCTDayChange_,,,##(Check-chart):year2High-InPlus,",-2.224203722291669,1,0,1
"PCTChangeLT-1,,,,checkSellConsolidationBreakDown-2week,week2BarLowChangeLT0,brokenToday,",-0.8704381297116712,4,1,3
"PCTChangeGT3,year2High,_HTGT3.0__HTGTPCTDayChange_,,,%%:sellUpTrend-month3High,volSellReversalLast2DayUp-VolUp,##lastDayHighGT5TodayGT1,",0.5735321534222426,1,1,0
"PCTChangeLT-3,,,,##MANegative_Downtrend_(LT-4.5),##MA-SMA200LT0SMA100LT0,##DOWNTREND:sellMonth6LowBreak,##last2DayLow(LT-3)-M3LLT0,",1.2722646310432568,1,1,0
"PCTChangeGT0.5,_HTGT1.5__LTGT1.5__HTGTPCTDayChange__LTGTPCTDayChange_,,,chisSellDowningMA-(check5MinuteDownTrendAndSellDowntrend)-Already10DayDown,$$MaySellContinue-CheckChart(inuptrend-monthlow)-highTail,",-2.557097784881498,2,0,2
"PCTChangeGT8,_HTGT3.0_,,,(Test)MaySell-CheckChart(downTrend-lastDayUp),",2.164284842354903,1,1,0
"PCTChangeGT3,,,,weekBarHighChangeGT0,brokenToday,##(Check-chart):yearHigh-InPlus,",-1.270719918098239,1,0,1
"PCTChangeGT8,_HTGT1.5_,,,##MAPositive_Uptrend(GT4.5),##MA-SMA200GT0SMA100GT0,##last3DayHighGT3-M3HGT0,",7.655176623114211,1,1,0
"PCTChangeLT-2,PCDayChange-0.5to0.5,_HTGT1.5_,,,%%:checkSell:CupDownDoji-lastDayLT(-2)TodayDoji,%%HLTF-Last2HighTail:(DOWNTREND)sell(UPTREND)buy:HighUpperTailPre,",2.5000014395084116,1,1,0
"PCTChangeLT-12,_HTGT1.5__LTGT1.5_,,,chisSell-smallUptrendReversal,",-0.9876580885898805,1,0,1
"PCTChangeGT3,_HTGT1.5_,,,%%HLTF:(DOWNTREND-OR-GLOBALDOWN)maySellTail-tailGT2-2,3,4thDayGT0,(Test)MaySell-CheckChart(downTrend-lastDayUp),",-1.5950920245398765,1,0,1
"PCTChangeGT0,PCDayChange-0.5to0.5,,,,maySellFromBuyPattern-LT-1.8,",-2.1884923827257747,9,1,8
"PCTChangeLT-0.5,_LTGT3.0_,,,##(Test)(check-chart)-buySMAUpTrend,",-1.7775415159204204,1,0,1
"PCTChangeGT2,_LTGT1.5_,,,chisSellSuper-Risky,-+,",0.19581870600295448,1,1,0
"PCTChangeGT5,_HTGT1.5_,,,%%HLTF-Last2HighTail:(UPTREND)buy(DOWNTREND)sell:HighUpperTailPre-last2DayUp,volumeUpsergedLast2n3n4DayDown,volBuyContinueLast2DayUp-VolUp,",-0.11534025374855562,1,0,1
"PCTChangeGT3,,,,(Test)sellHeavyUpTrend-Reversal-1,VOL:sell-UpVol-3dayUp-Week2High,weekBarHighChangeGT2,",-2.17408480836758,2,0,2
"PCTChangeLT-3,_HTGT3.0__LTGT3.0_,,,volBuyReversalLast2DayDown-VolDown,",3.1285381562299124,1,1,0
"PCTChangeLT-1,_HTGT1.5__LTGT3.0__HTGTPCTDayChange__LTGTPCTDayChange_,,,$$MayBuy-CheckChart(downTrend-mayReverseLast4DaysDown),",2.2317876974359647,1,1,0
"PCTChangeLT-3,,,,##DOWNTREND:sellYearHigh(InDownTrend),##(Check-chart-buy):month3High-InMinus,NearHighMonth3,",0.47726535848761387,3,2,1
"PCTChangeGT0.5,,,,shortUpTrendSellReversal-MonthHigh,",-0.6041959967470315,16,8,8
"PCTChangeLT-1,,,,##(Test):buyRisingMA-uptrend-SMA25gt0,",0.22000580796920285,97,56,41
"PCTChangeGT3,year2High,,,,volSellVolumeUpsergedLast2n3DayDown,checkBuyConsolidationBreakout-allPreLT0,",1.0281533879989992,2,2,0
"PCTChangeLT-3,,,,checkCupDown-near2WeekDown-mayReveresalBuy,%%:checkBuyRevarsalLast3DayDownAtMonth3High,##(check-chart)maySell-EMA6-MT-May-LT-EMA14,",-0.430009145795796,1,0,1
"PCTChangeGT3,year2High,_HTGT1.5_,,,chisBuyConsolidationBreakUp-2week-(Risky)-year2High,week2BarHighChangeGT2,brokenToday,",0.23646653125696215,2,1,1
"PCTChangeLT-2,,,,weekBarLowChangeLT-2,brokenToday,##(Check-chart-buy):month6High-InMinus,ReversalHighMonth6,",2.5126551374604373,1,1,0
"PCTChangeGT3,_LTGT1.5_,,,%%HLTF:(SGXNIFTYUP)buyHighLowerTail-Continue,##(Check-chart-sell):month3Low-InPlus,ReversalLowMonth3,chisUpTrend-Risky-nearLow,volSellVolumeUpsergedLast2n3DayDown,weekBarHighChangeGT2,##(Test)buyBottomReversal-1,##UPTREND:buyYear2LowReversal(Confirm),",3.670503940551284,1,1,0
"PCTChangeLT-1,,,,%%:checkSell:Super01-monthLow,##MANegative_Downtrend_(LT-2),##MA-SMA200LT0SMA100LT0,",-0.3397924707039263,1,0,1
"PCTChangeLT-5,,,,%%:checkSell:FlagWeek,VOL:sell(GLOBALFUTUP-GLOBALMARKETUP)Buy-UpVol-3dayDown-Week2High,##DOWNTREND:sellMonth6HighReversal(InDownTrend),",-0.9479201387629344,1,0,1
"PCTChangeLT-2,,,,volumeUpsergedLast2n3n4DayUp,(GLOBALFUTDOWN-DOWNTRENDMARKET)checkSellConsolidationBreakDown-week2-lowNotReachedWeek3,week2BarLowChangeLT0,",0.8137078833540985,4,2,2
"PCTChangeLT-3,_HTGT1.5__HTGTPCTDayChange_,,,chisSellDownTrend-nearHigh,",0.890245224539788,5,4,1
"PCTChangeGT2,,,,##(Check-chart-sell):month3Low-InPlus,ReversalLowMonth3,chisUpTrend-Risky-nearLow,volBuyVolumeUpsergedLast2n3DayDown,VOL:buy(GLOBALFUTDOWN-GLOBALMARKETDOWN)Sell-UpVol-3dayUp-Week2Low,chisCheckConsolidationBreakoutLT(4.5),",0.025414079180112018,1,1,0
"PCTChangeLT-2,year2High,_HTGT1.5__HTGTPCTDayChange_,,,chisSellUpTrend-highTail,",-3.972937637182385,3,1,2
"PCTChangeGT5,year2High,_HTGT1.5_,,,chisCheckConsolidationBreakoutGT(4.5),",0.7287983586211457,4,3,1
"PCTChangeLT-2,_HTGT1.5__LTGT1.5_,,,##MANegative_Downtrend_(LT-2),##MA-SMA200LT0SMA100LT0,",-0.7404969507128074,8,4,4
"PCTChangeGT3,_HTGT3.0_,,,%%HLTF-Last2HighTail:(UPTREND)buy(DOWNTREND)sell:HighUpperTailPre-last2DayUp,volSellVolumeUpsergedLast2n3DayDown,(GLOBALFUTUP-UPTRENDMARKET)checkBuyConsolidationBreakUp-week2-highNotReachedWeek3,week2BarHighChangeGT0,brokenToday,",3.196965997869313,1,1,0
"PCTChangeLT-2,,,,weekBarLowChangeLT-2,brokenToday,chisDownTrend-Risky-nearHigh,##DOWNTREND:sellMonth3HighReversal(InDownTrend),##(Check-chart-buy):month3High-InMinus,ReversalHighMonth3,",-1.3816890838515714,1,0,1
"PCTChangeGT1,_HTGT1.5_,,,MaySellCheckChart-(IndexNotDownInSecondHalf),",0.4995462199792613,6,3,3
"PCTChangeLT-3,_LTGT1.5_,,,##(check-chart)buyEMA6<EMA14,",-1.0740595568238107,2,1,1
"PCDCGT0PCTChangeLT-1,_HTGT1.5__LTGT3.0__LTGTPCTDayChange_,,,$$(DOWNTREND-OR-GLOBALDOWN)MaySellContinue-CheckChart(inuptrend-monthlow)-highTail,",-0.11271705069159862,1,0,1
"PCTChangeLT-3,,,,checkCupDown-2dayDown,##DOWNTREND:sellMonth3High(InDownTrend),##(Check-chart-buy):month3High-InMinus,NearHighMonth3,",-3.4344777124046293,1,0,1
"PCTChangeLT-3,,,,checkCupDown-2dayDown-mayReversalBuy,##ML:buyRisingMA-down-0,",0.7232729993776263,1,1,0
"PCTChangeLT-3,,,,checkCupDown,bar_low,##longDownTrend-2-IndexNotDownLastDay(checkBase),zigZagVolCrossedFromUp,",1.286248830682885,1,1,0
"PCTChangeGT1,_HTGT1.5__LTGT1.5_,,,volSellRevarsalVolCrossed,",-0.07443865971412608,1,0,1
"PCTChangeGT3,_LTGT1.5_,,,volSellVolumeUpsergedLast2n3DayDown,volBuyContinueLast2DayUp-VolUp,weekBarHighChangeGT2,brokenToday,",2.291271281692228,1,1,0
"PCTChangeLT-3,year2High,,,,%%HLTF-Last2DayMarketDown:(GLOBAL-UP)buyHighUpperTailPre1-Reversal-LastDayMarketDown,",0.6750468116621198,3,2,1
"PCTChangeLT-8,_HTGT1.5_,,,volSellContinueLast2DayDown-VolUp,",3.5515255069349916,1,1,0
"PCTChangeLT-2,,,,checkCupDown-near2WeekDown-mayReveresalBuy,(GLOBALFUTDOWN-DOWNTRENDMARKET)checkSellConsolidationBreakDown-week2-lowNotReachedWeek3,week2BarLowChangeLT-2,weekLowLTweek2Low,",-0.6732356392250375,4,1,3
"PCTChangeGT1,_HTGT1.5_,,,##MA-SMA200GT0SMA100GT0,",0.3428891994496772,3,1,2
"PCTChangeGT5,_HTGT1.5__LTGT1.5_,,,volBuyContinueLast2DayUp-VolUp,weekBarHighChangeGT5,",-0.6664101004926664,1,0,1
"PCTChangeGT1,PCDayChange-0.5to0.5,year2High,_HTGT1.5_,,,shortUpTrendSellReversal-MonthHigh,shortUpTrendSellReversal-Month3High-Doji-Last2DayGTToday,",-2.8718929394757513,1,0,1
"PCTChangeGT3,_HTGT1.5__LTGT3.0_,,,##MANegative_Downtrend_(GT4.5),##MA-SMA200LT0SMA100LT0,",0.6120818477348993,1,1,0
"PCTChangeGT2,,,,%%:sellUpTrend-month3High,weekBarHighChangeGT2,",-0.23604343772643718,5,3,2
"PCTChangeLT-2,,,,sellPatternsML,",-1.7329563719652976,4,1,3
"PCTChangeLT-0.5,PCDayChange-0.5to0.5,,,,buyYearHigh-0,",-0.04932361790123459,27,13,13
"PCTChangeGT0,_HTGT1.5__HTGTPCTDayChange_,,,%%HLTF-Last2HighTail:(UPTREND)buy(DOWNTREND)sell:HighUpperTailPre-last2DayUp,",-0.38286867288299153,5,2,3
"PCTChangeLT-2,_LTGT1.5_,,,checkCupDown-3dayDown,##(Check-chart-buy):month3High-InMinus,ReversalHighMonth3,",2.062736770360903,2,2,0
"PCTChangeGT2,_LTGT1.5_,,,chisUpTrend-Risky-nearLow,##UPTREND:buyYear2LowReversal(Confirm),",0.6552117313341034,3,2,1
"PCTChangeLT-3,,,,chisSellDownTrend-nearHigh,##ML:buyRisingMA-down-Risky,",-0.2969516744963887,1,0,1
"PCTChangeLT-2,_LTGT1.5_,,,volSellContinueLast2DayDown-VolUp,(GLOBALFUTDOWN-DOWNTRENDMARKET)checkSellConsolidationBreakDown-month,weekBarLowChangeLT-2,",1.7508103831353101,1,1,0
"PCTChangeLT-3,,,,volSellContinueLast2DayDown-VolUp,##(Check-chart-buy):month3High-InMinus,ReversalHighMonth3,",-0.1626789792074139,15,7,8
"PCTChangeGT3,_HTGT1.5__LTGT1.5_,,,##MAPositive_Uptrend(GT4.5),##MA-SMA200LT0SMA100GT0,##last3DayHighGT3-M3HGT0,",-2.158222964343328,1,0,1
"PCTChangeLT-2,,,,checkCupDown-near2WeekDown-mayReveresalBuy,chisDownTrend-Risky-nearHigh,##DOWNTREND:sellYear2HighReversal(InDownTrend),##(Check-chart-buy):month3High-InMinus,ReversalHighMonth3,##(check-chart)maySell-EMA6-MT-May-LT-EMA14,",3.0818939208984304,1,1,0
"PCTChangeLT-1,_LTGT1.5_,,,checkCupDown-2dayDown-mayReversalBuy,##(Check-chart-buy):month3High-InMinus,ReversalHighMonth3,",-2.104734128659911,1,0,1
"PCTChangeLT-0.5,_HTGT1.5_,,,%%:checkSell:CupDownDoji-last2lastDayLT0orTodayGT0,shortDownTrendSellContinue-Doji-Last2DayLTToday,",-2.7372067473655513,1,0,1
"PCTChangeGT2,,,,%%:sellUpTrend-month3High,shortUpTrendSellReversal-MonthHigh,",-1.6287677364262418,1,0,1
"PCTChangeGT3,,,,checkBuyConsolidationBreakout-allPreLT0,weekBarHighChangeGT2,brokenToday,",0.10678097191323416,1,1,0
"PCTChangeLT-2,,,,weekBarLowChangeLT-2,##MANegative_Downtrend_(LT-2),##MA-SMA200LT0SMA100LT0,##DOWNTREND:sellMonth3LowBreak,",-1.0073261522634311,1,0,1
"PCTChangeGT3,year2Low,,,,chisSellYear2LowLT-40-last4DayDown(triggerAfter-9:15),chisBuyDownTrend-Risky-0,",-1.9237545365137598,1,0,1
"PCDCLT0PCTChangeGT3,_LTGT1.5_,,,%%:checkSell:FlagWeek,",0.5708978979627143,1,1,0
"PCTChangeGT5,_HTGT3.0__LTGT1.5__HTGTPCTDayChange_,,,##MAPositive_Uptrend(GT4.5),##MA-SMA200LT0SMA100LT0,",-8.962724226382061,1,0,1
"PCTChangeLT-1,_HTGT1.5__HTGTPCTDayChange_,,,##(Check-chart-buy):month3High-InMinus,ReversalHighMonth3,",0.99999861283736,1,1,0
"PCTDayChangeLT0,,,,%%:checkSell:Super01-monthLow,",-0.25630244091434506,194,87,107
"PCTChangeLT-1,,,,volSellVolumeUpsergedLast2n3DayUp,chisDownTrend-Risky-nearHigh,",-0.655900427177137,2,1,1
"PCTChangeLT-1,_HTGT3.0__LTGT1.5__HTGTPCTDayChange_,,,volBuyReversalLast2DayDown-VolUp,",9.137730844171891,1,1,0
"PCTChangeGT1,_LTGT1.5_,,,chisBuyFinalCandidate-(lastDayUp)-(sellPattern),",0.3527282911215326,1,1,0
"PCTChangeGT2,_HTGT3.0__HTGTPCTDayChange_,,,chisUpTrend-Risky-nearLow,",5.587039592295043,1,1,0
"PCTChangeGT2,_HTGT1.5__LTGT1.5_,,,##MAPositive_Uptrend(GT2),##MA-SMA200GT0SMA100GT0,",-1.2081073418794488,2,0,2
"PCTChangeGT2,_HTGT1.5_,,,checkCupDown-lastDayUp,",-1.0620613411961952,2,1,1
"PCTChangeLT-2,_HTGT1.5__LTGT1.5_,,,volBuyVolumeUpsergedLast2n3DayUp,##MANegative_Downtrend_(LT-2),##MA-SMA200LT0SMA100LT0,",1.0102781530928928,1,1,0
"PCTChangeLT-2,_HTGT1.5_,,,chisSellFlag2Week-Risky,VOL:sell(GLOBALFUTUP-GLOBALMARKETUP)Buy-UpVol-3dayDown-Week2High,",-2.9151514448666904,1,0,1
"PCTChangeLT-1,PCDayChange-0.5to0.5,_HTGT1.5_,,,%%:checkSell:Super01-monthLow,",-1.150833539158746,9,2,7
"PCTChangeGT2,_HTGT1.5__HTGTPCTDayChange_,,,volSellVolumeUpsergedLast2n3DayDown,",8.13461303710936,1,1,0
"PCTChangeGT2,_LTGT1.5_,,,volumeUpsergedLast2n3n4DayDown,volBuyContinueLast2DayUp-VolUp,",-0.19895393543753997,4,2,2
"PCTChangeGT2,,,,##(Check-chart-sell):month3Low-InPlus,ReversalLowMonth3,chisUpTrend-Risky-nearLow,volBuyContinueLast2DayUp-VolUp,chisCheckConsolidationBreakoutLT(4.5),checkBuyConsolidationBreakUp-2week,week2BarHighChangeGT0,weekHighGTweek2High,brokenToday,##UPTREND:buyMonth3LowReversal(Confirm),",2.3366815941761185,1,1,0
"PCTChangeGT2,_HTGT1.5__HTGTPCTDayChange_,,,MaySellCheckChart-(IndexNotDownInSecondHalf),chisUpTrend-Risky-nearLow,",4.7127574253446545,2,2,0
"PCTChangeLT-2,,,,%%:checkSell:ConsolidationBreakDown(NotShapeA)-2week,volBuyVolumeUpsergedLast2n3DayUp,checkSellConsolidationBreakDown-2week,week2BarLowChangeLT-2,weekLowLTweek2Low,chisDownTrend-Risky-nearHigh,##(Check-chart-buy):YearHigh-InMinus,ReversalHighYear,",-2.720315339982835,1,0,1
"PCTChangeLT-3,,,,(GLOBALFUTDOWN-DOWNTRENDMARKET)checkSellConsolidationBreakDown-week2-lowNotReachedWeek3,week2BarLowChangeLT0,weekLowLTweek2Low,chisDownTrend-Risky-nearHigh,##DOWNTREND:sellYear2HighReversal(InDownTrend),",-2.3998451168962545,2,0,2
"PCTChangeLT-3,,,,chisDownTrend-Risky-nearHigh,##DOWNTREND:sellMonth6HighReversal(InDownTrend),##last2DayLow(LT-3)-M3LGT0,##(Check-chart-buy):month3High-InMinus,ReversalHighMonth3,",0.6769268329326923,1,1,0
"PCTChangeGT3,,,,volumeUpsergedLast2n3n4DayDown,chisCheckConsolidationBreakoutLT(4.5),(GLOBALFUTUP-UPTRENDMARKET)checkBuyConsolidationBreakUp-week2-highNotReachedWeek3,week2BarHighChangeGT2,brokenToday,",-3.7984072592320417,1,0,1
"PCTChangeGT2,,,,volBuyContinueLast2DayUp-VolUp,chisSell-2week-breakoutup,",0.23779296875000377,1,1,0
"PCTChangeGT0,PCDayChange-0.5to0.5,_HTGT1.5_,,,%%HLTF-Last2HighTail:(UPTREND)buy(DOWNTREND)sell:HighUpperTailPre-last2DayUp,shortUpTrendSellReversal-Month3High-Doji-Last2DayGTToday,##MAPositive_Uptrend(GT0),##MA-SMA200GT0SMA100GT0,",2.2441846270893784,1,1,0
"PCTChangeGT2,,,,##(Check-chart-sell):month3Low-InPlus,ReversalLowMonth3,weekBarHighChangeGT2,##UPTREND:buyYearLowReversal(Confirm),",-0.8677414067415969,1,0,1
"PCTChangeGT3,PCDayChange-0.5to0.5,_HTGT3.0__LTGT3.0_,,,##MA-SMA200LT0SMA100LT0,",11.587183791131844,2,2,0
"PCTChangeGT5,_HTGT1.5_,,,##MAPositive_Uptrend(GT2),##MA-SMA200GT0SMA100GT0,##last2DayHighGT3-M3HLT0,",-1.4155680439484595,2,0,2
"PCTChangeLT-2,,,,VOL:buy-UpVol-3dayDown-Week2Low,(GLOBALFUTDOWN-DOWNTRENDMARKET)checkSellConsolidationBreakDown-week2-lowNotReachedWeek3,week2BarLowChangeLT-2,weekLowLTweek2Low,",-1.9608720750393813,1,0,1
"PCDCLT0PCTChangeGT1,PCDayChange-0.5to0.5,_HTGT3.0_,,,%%HLTF:maySellTail-tailGT2-allDayGT0,%%HLTF:(UPTREND-GLOBAL/SGX-UP)BuyHighUpperTail-Reversal-7,10thDayGT15-LastDayMarketDown,",-0.30961952274816235,4,2,2
"PCDCGT0PCTChangeLT-1,PCDayChange-0.5to0.5,_HTGT1.5__LTGT1.5_,,,%%HLTF:maySellTail-tailGT2-7,10thDayGT20,##MA-SMA200GT0SMA100LT0,",-0.6854738932077243,1,0,1
"PCTChangeGT1,year2High,_HTGT3.0__LTGT1.5_,,,volBuyContinueLast2DayUp-VolUp,",1.3703371910453697,1,1,0
"PCTChangeLT-2,,,,volBuyReversalLast2DayDown-VolDown,(GLOBALFUTDOWN-DOWNTRENDMARKET)checkSellConsolidationBreakDown-week2-lowNotReachedWeek3,week2BarLowChangeLT0,weekLowLTweek2Low,chisDownTrend-Risky-nearHigh,##(Check-chart-buy):YearHigh-InMinus,ReversalHighYear,",-1.288852939277878,1,0,1
"PCTChangeLT-0.5,_LTGT1.5_,,,shortDownTrendBuyReversal-MonthLow-Doji-Last2DayLTToday,",-0.8464294744338173,3,1,2
"PCTChangeLT-1,_HTGT1.5__LTGT1.5_,,,weekBarLowChangeLT0,##(Check-chart-buy):month3High-InMinus,ReversalHighMonth3,",-1.1521340117486423,1,0,1
"PCTChangeLT-2,,,,%%:checkSell:Super01-monthLow,checkCupDown-2dayDown,volBuyReversalLast2DayDown-VolDown,##(Check-chart-sell)Month3Low-Continue(InUpTrend),ReversalLowMonth3,",-1.9497270894006788,1,0,1
"PCDCGT0PCTChangeLT-3,PCDayChange-0.5to0.5,_HTGT1.5_,,,sellPattern-LT-1.5-SMALT0,(SMA9LT0),",-1.0838002465956662,1,0,1
"PCTChangeGT2,,,,chisUpTrend-Risky-nearLow,volBuyContinueLast2DayUp-VolUp,",0.5724655372509058,1,1,0
"PCTChangeGT1,_LTGT1.5_,,,%%HLTF:sellStockInUptrendReversal,buyYearHigh-0,",0.6878744449609987,1,1,0
"PCTChangeGT2,,,,volumeUpsergedLast2n3n4DayDown,maySellFromBuyPattern-LT-1.8,",-4.958447062738043,1,0,1
"PCDCLT0PCTChangeGT0,PCDayChange-0.5to0.5,_HTGT1.5_,,,##MAPositive_Uptrend(LT0),##MA-SMA200GT0SMA100GT0,",0.5316362946255264,8,4,4
"PCTChangeGT1,,,,chisCheckConsolidationBreakoutLT(4.5),weekBarHighChangeGT0,",0.5914071464535607,7,5,2
"PCTChangeGT3,_HTGT1.5__LTGT1.5_,,,##MAPositive_Uptrend(GT2),##MA-SMA200GT0SMA100GT0,##lastDayHighGT5TodayGT1,",-2.4312646070875403,2,0,2
"PCTChangeGT0.5,_HTGT1.5_,,,%%:checkSell:Super2,chisSellDowningMA-(check5MinuteDownTrendAndSellDowntrend)-Already10DayDown,",2.696078431372552,1,1,0
"PCTChangeGT5,_LTGT3.0_,,,zigZagVolCrossedFromDown,$$MayBuy-CheckChart-baseLine(inuptrend-monthlow)-MHCLT(-10),",2.249357326478157,1,1,0
"PCTChangeLT-1,_LTGT1.5_,,,chisSellFlag2Week-Risky,",-3.579135308902438,2,0,2
"PCTChangeLT-2,_LTGT1.5_,,,weekBarLowChangeLT-2,$$MayBuy-CheckChart-baseLine(inuptrend-monthlow)-PCTDayChangeLT0,##(Check-chart-buy):month3High-InMinus,ReversalHighMonth3,",0.9492582179906531,1,1,0
"PCTChangeLT-5,_HTGT3.0__LTGT3.0__HTGTPCTDayChange__LTGTPCTDayChange_,,,volBuyReversalLast2DayDown-VolUp,##MANegative_Downtrend_(LT-4.5),##MA-SMA200LT0SMA100LT0,##last2DayLow(LT-3)-M3LLT0,",-3.737370654790094,1,0,1
"PCTChangeGT2,,,,chisUpTrend-Risky-nearLow,week2BarHighChangeGT0,brokenToday,",-0.9432969305545722,3,0,3
"PCTChangeGT3,_LTGT1.5_,,,##MAPositive_Uptrend(GT2),##MA-SMA200LT0SMA100GT0,##last3DayHighGT3-M3HLT0,",-1.4905819965853822,1,0,1
"PCTChangeLT-2,,,,VOL:buy-UpVol-3dayDown-Week2Low,(GLOBALFUTDOWN-DOWNTRENDMARKET)checkSellConsolidationBreakDown-week2-lowNotReachedWeek3,week2BarLowChangeLT-5,##(Check-chart-buy):YearHigh-InMinus,ReversalHighYear,",-3.0490963356925684,1,0,1
"PCTChangeLT-1,,,,volumeUpsergedLast2n3n4DayUp,chisSellDownTrend-nearHigh,",2.151272299030266,1,1,0
"PCTChangeLT-2,,,,checkCupDown-3dayDown-mayReversalBuy,##DOWNTREND:sellMonth3HighReversal(InDownTrend),##(Check-chart-buy):month3High-InMinus,ReversalHighMonth3,",1.164528716672847,1,1,0
"PCTChangeLT-2,_HTGT1.5_,,,weekBarLowChangeLT-2,##DOWNTREND:sellMonth6LowBreak,",0.9544399278336635,2,2,0
"PCTChangeGT1,_LTGT1.5_,,,volSellReversalLast2DayUp-VolDown,",0.005128741016447158,5,2,3
"PCTChangeGT1,_HTGT1.5__HTGTPCTDayChange_,,,%%HLTF:(GLOBAL-SGX-DOWN)maySellTail-2,3,4thDayGT0,shortUpTrendSellReversal-MonthHigh,",-2.205510725054826,1,0,1
"PCTChangeLT-1,_HTGT1.5__HTGTPCTDayChange_,,,%%HLTF-Risky9:30:maySellTail-tailGT2-7,10thDayGT15,chisSellFinalCandidate-3,",3.047263681592034,1,1,0
"PCTChangeLT-5,_HTGT1.5__LTGT1.5_,,,##MANegative_Downtrend_(LT-4.5),##MA-SMA200GT0SMA100LT0,",4.075510479664786,2,2,0
"PCTChangeLT-1,,,,volumeUpsergedLast2n3n4DayUp,volSellContinueLast2DayDown-VolUp,##(Check-chart-buy):YearHigh-InMinus,NearHighYear,",0.34344590726960705,1,1,0
"PCTChangeGT5,,,,chisCheckConsolidationBreakoutGT(4.5),weekBarHighChangeGT2,brokenToday,",0.37250366984689853,1,1,0
"PCTChangeLT-1,_LTGT1.5_,,,volBuyRevarsalVolCrossed,",-0.877388385683638,7,3,4
"PCTChangeLT-5,year2Low,_LTGT3.0_,,,chisRSISellCandidate(yearLow)-lessThanMinus5,",3.184927326359161,1,1,0
"PCTChangeLT-3,,,,volSellVolumeUpsergedLast2n3DayUp,##(Check-chart-buy):YearHigh-InMinus,NearHighYear,",-1.8016746012652396,1,0,1
"PCTChangeLT-3,,,,chisSellDownTrend-nearHigh,##DOWNTREND:sellYearHigh(InDownTrend),##(Check-chart-buy):YearHigh-InMinus,NearHighYear,",-0.32188572331527765,2,1,1
"PCTChangeGT5,_HTGT3.0__HTGTPCTDayChange_,,,chisSellYear2LowContinue,",-2.904734779239291,1,0,1
"PCDCLT0PCTChangeGT5,_HTGT1.5__LTGT3.0__HTGTPCTDayChange__LTGTPCTDayChange_,,,chisSellLastDayHighUpReversal,##lastDayHigh(LT-5)Today(LT-1),",-6.326018329145866,1,0,1
"PCTChangeLT-1,_HTGT1.5_,,,volBuyVolumeUpsergedLast2n3DayUp,volSellContinueLast2DayDown-VolUp,",6.870310231648793,1,1,0
"PCTChangeLT-1,_LTGT1.5_,,,##(check-chart)buyEMA6<EMA14,",-3.703212908032532,1,0,1
"PCTChangeGT2,_HTGT1.5__LTGT1.5__HTGTPCTDayChange__LTGTPCTDayChange_,,,%%HLTF-Last2LowTail:(DOWNTREND)sellHighLowerTailPre-1,",0.7300680170016207,2,2,0
"PCTChangeLT-5,,,,##MANegative_Downtrend_(LT-4.5),##MA-SMA200LT0SMA100LT0,",-0.002638034910975709,119,62,57
"PCTChangeGT8,_HTGT1.5__LTGT1.5_,,,chisUpTrend-Risky-nearLow,",-0.20917393453052271,3,2,1
"PCTChangeGT0,PCDayChange-0.5to0.5,year2High,_HTGT1.5__LTGT1.5_,,,%%HLTF-Last2HighTail:(UPTREND)buy(DOWNTREND)sell:HighUpperTailPre-last2DayUp,",-1.0897435897435896,1,0,1
"PCDCLT0PCTChangeGT0,PCDayChange-0.5to0.5,,,,chisBuyYearHigh-3,",-0.002689656365950836,537,266,269
"PCTChangeGT1,PCDayChange-0.5to0.5,_HTGT3.0_,,,chisBuyYearHigh-3,",-0.7825468811507342,1,0,1
"PCTChangeGT0,_LTGT3.0_,,,%%HLTF:(GLOBAL-DOWN)sellHighLowerTail-Reversal-LastDayMarketUp,",1.4137047615057907,3,2,1
"PCTChangeGT5,_HTGT3.0__LTGT1.5__HTGTPCTDayChange_,,,%%HLTF-Last2HighTail:(UPTREND)buy(DOWNTREND)sell:HighUpperTailPre-last2DayUp,##MAPositive_Uptrend(GT4.5),##MA-SMA200GT0SMA100GT0,",-0.07757242006300565,1,0,1
"PCTChangeLT-3,_LTGT1.5_,,,VOL:buy-UpVol-3dayDown-Week2Low,##MANegative_Downtrend_(LT-2),##MA-SMA200LT0SMA100LT0,",1.7723797227213067,2,1,1
"PCTChangeGT3,,,,chisCheckConsolidationBreakoutGT(4.5),weekBarHighChangeGT2,brokenToday,",-1.4212202949155979,1,0,1
"PCTChangeLT-3,_HTGT3.0__LTGT1.5__HTGTPCTDayChange_,,,checkCupDown-3dayDown,VOL:buy-DownVol-3dayDown-Week2High,",2.1212144331498632,1,1,0
"PCTChangeGT0.5,_LTGT1.5_,,,volSellRevarsalVolCrossed,",-0.2077450525543954,1,0,1
"PCTChangeGT3,,,,##(Check-chart-sell):month3Low-InPlus,ReversalLowMonth3,chisUpTrend-Risky-nearLow,volSellVolumeUpsergedLast2n3DayDown,weekBarHighChangeGT2,brokenToday,##UPTREND:buyMonth3LowReversal(Confirm),",3.510172228093314,1,1,0
"PCTDayChangeLT0,PCDayChange-0.5to0.5,,,,chisSell:Super03-monthLow,",-0.3303429670503587,57,25,32
"PCTChangeLT-5,_HTGT3.0__LTGT1.5__HTGTPCTDayChange_,,,##MANegative_Downtrend_(LT-4.5),##MA-SMA200GT0SMA100LT0,",11.818183552135126,1,1,0
"PCTChangeGT1,_LTGT3.0_,,,chisSellDowningMA-(check5MinuteDownTrendAndSellDowntrend)-Already10DayDown,$$MayBuy-CheckChart-baseLine(inuptrend-monthlow)-MHCLT(-10),",2.3197193277853136,1,1,0
"PCTChangeGT1,_HTGT1.5__LTGT1.5__HTGTPCTDayChange__LTGTPCTDayChange_,,,week2BarHighChangeGT0,brokenToday,buyYearHigh-0,",-0.23745556766455694,1,0,1
"PCTChangeLT-2,_HTGT1.5__LTGT3.0__HTGTPCTDayChange__LTGTPCTDayChange_,,,chisDownTrend-Risky-nearHigh,",1.7340483226005468,1,1,0
"PCTChangeGT0,year2High,_HTGT1.5__HTGTPCTDayChange_,,,(Test)(check-chart-2-3MidCapCross)MaySellCheckChart-Risky,shortUpTrendSellReversal-MonthHigh,",-0.5439621497844698,1,0,1
"PCTChangeLT-3,,,,VOL:buy-UpVol-3dayDown-Week2Low,$$MayBuy-CheckChart(monthLow-minimumLast4DayDown),##(Check-chart-buy):YearHigh-InMinus,ReversalHighYear,",-1.8759723602015783,1,0,1
"PCTChangeLT-2,,,,chisSell:Super03-monthLow,volSellContinueLast2DayDown-VolUp,",-0.1977908170458724,1,0,1
"PCTChangeGT1,,,,chisFinalBreakOutBuyContinue-1-test-atYearLow,",0.15282279570527282,7,4,3
"PCTChangeGT0,PCDayChange-0.5to0.5,_HTGT3.0__LTGT3.0_,,,chisBuyYearHigh-3,",-1.957831325301199,1,0,1
"PCTChangeGT2,_HTGT3.0__LTGT3.0__HTGTPCTDayChange__LTGTPCTDayChange_,,,volBuyContinueLast2DayUp-VolUp,(GLOBALFUTUP-UPTRENDMARKET)checkBuyConsolidationBreakUp-week2-highNotReachedWeek3,week2BarHighChangeGT0,weekHighGTweek2High,brokenToday,",3.9788689411861715,1,1,0
"PCTChangeGT2,_HTGT3.0__HTGTPCTDayChange_,,,%%HLTF-Last2HighTail:(UPTREND)buy(DOWNTREND)sell:HighUpperTailPre-last2DayUp,",-3.5556337232828854,5,0,5
"PCTChangeGT2,,,,VOL:sell-DownVol-3dayUp-Week2Low,",0.12795861635712685,26,17,9
"PCTChangeGT1,_LTGT1.5_,,,%%HLTF-Risky:(GLOBAL-DOWN)sellHighLowerTail-Reversal-LastDayMarketUp,##MAPositive_Uptrend(GT1),##MA-SMA200GT0SMA100GT0,",1.7863155801819,1,1,0
"PCTChangeGT2,,,,chisBuyUpTrend-0,volSellReversalLast2DayUp-VolDown,",2.367133745415393,1,1,0
"PCTChangeLT-1,,,,zigZagVolCrossedFromUp,",0.19195018683266768,30,15,15
"PCTChangeGT2,_LTGT1.5_,,,VOL:sell-UpVol-3dayUp-Week2High,##MAPositive_Uptrend(GT2),##MA-SMA200GT0SMA100GT0,",0.6753145529001114,1,1,0
"PCTChangeGT8,_HTGT3.0_,,,%%HLTF-Last2HighTail:(UPTREND)buy(DOWNTREND)sell:HighUpperTailPre-last2DayUp,",-2.6271493826629104,3,1,2
"PCTChangeLT-2,,,,(SMA9GT0),##(Check-chart-buy):YearHigh-InMinus,NearHighYear,",2.2513303034362755,1,1,0
"PCTChangeGT1,,,,$$MaySell-CheckChart(monthHigh-minimumLast4DayUp),$$MaySell-CheckChart(downTrend-mayReverseLast4DaysUp),##MAPositive_Uptrend(GT1),##MA-SMA200LT0SMA100LT0,",-0.0721124502328726,1,0,1
"PCTChangeGT3,,,,##(Check-chart-sell):month3Low-InPlus,ReversalLowMonth3,chisUpTrend-Risky-nearLow,checkBuyConsolidationBreakout-allPreLT0,##UPTREND:buyYearLowReversal(Confirm),",0.3989672568774052,1,1,0
"PCTChangeLT-2,,,,(GLOBALFUTDOWN-DOWNTRENDMARKET)checkSellConsolidationBreakDown-week2-lowNotReachedWeek3,week2BarLowChangeLT0,volBuyRevarsalVolCrossed,%%:checkBuyRevarsalLast3DayDownAtMonth3High,",1.0341740624454885,1,1,0
"PCTChangeGT3,,,,(GLOBALFUTUP-UPTRENDMARKET)checkBuyConsolidationBreakUp-week2-highNotReachedWeek3,week2BarHighChangeGT2,##last2DayHighGT3-M3HLT0,",-1.2157804446634701,4,1,3
"PCTChangeLT-0.5,year2High,_LTGT1.5_,,,%%HLTF:(GLOBAL-DOWN)sellHighLowerTail-Reversal-LastDayMarketUp,(Test)(check-chart-2-3MidCapCross)MayBuyCheckChart-Risky,",-2.262384356918615,2,0,2
"PCTChangeLT-2,_HTGT3.0__HTGTPCTDayChange_,,,%%HLTF-Last2HighTail:(DOWNTREND)sellHighUpperTailPre,chisSellDownTrend-nearHigh,",-1.2500024610950071,1,0,1
"PCTChangeGT1,,,,weekBarHighChangeGT0,##UPTREND:buyYearLowReversal(Confirm),",0.49861432394653504,2,2,0
"PCTChangeLT-3,,,,chisSellDownTrend-nearHigh,##DOWNTREND:sellMonth3HighReversal(InDownTrend),##(Check-chart-buy):month3High-InMinus,ReversalHighMonth3,",-0.12019047811179814,1,0,1
"PCTChangeGT0.5,_HTGT3.0__HTGTPCTDayChange_,,,%%HLTF:maySellTail-tailGT2-7,10thDayGT20,",5.329363051385996,1,1,0
"PCTChangeGT5,,,,(GLOBALFUTUP-UPTRENDMARKET)checkBuyConsolidationBreakUp-week2-highNotReachedWeek3,week2BarHighChangeGT0,##UPTREND:buyYear2LowReversal(Confirm),",6.472969534052686,2,2,0
"PCTChangeGT2,_HTGT1.5_,,,%%HLTF-Last2HighTail:(UPTREND)buy(DOWNTREND)sell:HighUpperTailPre-last2DayUp,%%HLTF:(DOWNTREND-OR-GLOBALDOWN)maySellTail-tailGT2-2,3,4thDayGT0,chisUpTrend-Risky-nearLow,",-3.436426116838478,1,0,1
"PCTChangeGT3,year2High,_HTGT1.5_,,,volBuyContinueLast2DayUp-VolUp,weekBarHighChangeGT2,",-0.2678967059281936,1,0,1
"PCTChangeGT3,,,,(GLOBALFUTUP-UPTRENDMARKET)checkBuyConsolidationBreakUp-week2,weekBarHighChangeGT2,##last2DayHighGT3-M3HGT0,",-2.130955287388394,1,0,1
"PCTChangeGT1,_HTGT1.5__HTGTPCTDayChange_,,,chisBuyYearHigh-1,",0.31896891300936914,11,5,6
"PCTChangeGT5,,,,(GLOBALFUTUP-UPTRENDMARKET)checkBuyConsolidationBreakUp-week2-highNotReachedWeek3,week2BarHighChangeGT0,brokenToday,chis-breakoutup-2week,chisBuy-2week-breakoutup,##last2DayHighGT3-M3HLT0,",-3.5595449124475667,1,0,1
"PCTChangeLT-5,_HTGT1.5_,,,volBuyReversalLast2DayDown-VolDown,chisBuyDayLowVolLow-0,##MAPositive_Uptrend(LT-4.5),##MA-SMA200GT0SMA100GT0,",0.2007979567405021,1,1,0
"PCTChangeGT1,year2High,_HTGT1.5__HTGTPCTDayChange_,,,%%HLTF:(GLOBAL-SGX-DOWN)maySellTail-2,3,4thDayGT0,(Test)(check-chart-2-3MidCapCross)MaySellCheckChart-Risky,MaySellCheckChart-(IndexNotDownInSecondHalf),shortUpTrendSellReversal-MonthHigh,shortUpTrendSellReversal-Month3High-Doji-Last2DayGTToday,",1.2178205735612666,1,1,0
"PCTChangeLT-2,_LTGT1.5_,,,chisDownTrend-Risky-nearHigh,MayBuyCheckChart-(IndexNotUpInSecondHalf),",0.4807080372609991,7,5,2
"PCTChangeLT-2,,,,checkCupDown-3dayDown,##(Check-chart-buy):month3High-InMinus,ReversalHighMonth3,",0.3920467100028929,10,5,5
"PCTChangeGT1,_HTGT1.5__LTGT1.5_,,,%%HLTF-Last2HighTail:(UPTREND)buy(DOWNTREND)sell:HighUpperTailPre-last2DayUp,##MAPositive_Uptrend(GT0),##MA-SMA200GT0SMA100GT0,",1.716420187878958,1,1,0
"PCTChangeLT-3,,,,checkCupDown-2dayDown-mayReversalBuy,##last2DayLow(LT-3)-M3LGT0,##(Check-chart-buy):month3High-InMinus,ReversalHighMonth3,",0.15163710351761256,1,1,0
"PCTChangeLT-1,_LTGT1.5_,,,chisBuyMay5DayFloorReversal,(Test)MayBuyCheckChart-last3DayDown,",-2.9701863204490904,1,0,1
"PCTChangeLT-2,_HTGT3.0__LTGT1.5__HTGTPCTDayChange__LTGTPCTDayChange_,,,chisSellDownTrend-nearHigh,",-2.9817390021587364,1,0,1
"PCTChangeGT3,_HTGT1.5_,,,weekBarHighChangeGT2,brokenToday,##MAPositive_Uptrend(GT2),##MA-SMA200GT0SMA100GT0,",3.1176488539751843,1,1,0
"PCTChangeLT-1,,,,weekBarLowChangeLT0,chisDownTrend-Risky-nearHigh,##(Check-chart-buy):month3High-InMinus,ReversalHighMonth3,",1.2875487418024576,14,9,5
"PCTChangeLT-3,_HTGT1.5_,,,volumeUpsergedLast2n3n4DayUp,chisDownTrend-Risky-nearHigh,",-0.41576448735526284,1,0,1
"PCTChangeLT-3,,,,##MANegative_Downtrend_(LT-4.5),##MA-SMA200GT0SMA100LT0,",2.1096644885237295,12,8,4
"PCTChangeGT3,,,,vol-sell-DownVol-3dayUp-Week2High,(GLOBALFUTUP-UPTRENDMARKET)checkBuyConsolidationBreakUp-week2-highNotReachedWeek3,week2BarHighChangeGT0,",-2.1549247479240745,1,0,1
"PCTChangeLT-8,,,,maySellHighVolatileDownContinueLT-8,chisSellDownTrend-nearHigh,",0.22363405827897212,3,2,1
"PCTChangeLT-0.5,_LTGT1.5_,,,%%:checkSell:Super01-monthLow,%%HLTF:(GLOBAL-DOWN)sellHighLowerTail-Reversal-LastDayMarketUp,",-2.1024225857058703,1,0,1
"PCTChangeGT3,_HTGT1.5__LTGT1.5_,,,(GLOBALFUTUP-UPTRENDMARKET)checkBuyConsolidationBreakUp-week2-highNotReachedWeek3,week2BarHighChangeGT2,weekHighGTweek2High,brokenToday,",1.945814975472393,1,1,0
"PCTChangeGT0,PCDayChange-0.5to0.5,_LTGT1.5_,,,%%HLTF:(GLOBAL-DOWN)sellHighLowerTail-Reversal-LastDayMarketUp,",0.23455032618169813,9,6,3
"PCTChangeGT2,PCDayChange-0.5to0.5,_HTGT3.0__LTGT3.0_,,,%%:sellDowntrend-lastDayUp-ReversalHighTail,",0.34883720930231743,1,1,0
"PCTDayChangeLT0,PCDayChange-0.5to0.5,,,,%%:checkSell:Super01-monthLow,##(Test)buyBottomReversal-0,",-2.5193059948252707,1,0,1
"PCTChangeGT0.5,_HTGT1.5__HTGTPCTDayChange_,,,$$MaySell-CheckChart-baseLine(inDownTrend-monthHigh)-MLCGT10,",13.069644496464575,1,1,0
"PCTChangeGT2,_HTGT1.5__HTGTPCTDayChange_,,,%%HLTF:(DOWNTREND-OR-GLOBALDOWN)maySellTail-tailGT2-2,3,4thDayGT0,chisBuyUpTrend-1-YearHigh,",0.7024780777860289,1,1,0
"PCTChangeLT-3,_LTGT3.0_,,,##DOWNTREND:sellYear2HighReversal(InDownTrend),##(Check-chart-buy):month3High-InMinus,ReversalHighMonth3,",1.6584496200512742,3,2,1
"PCTChangeLT-5,_HTGT1.5__LTGT3.0_,,,volSellContinueLast2DayDown-VolUp,chisDownTrend-Risky-nearHigh,",10.105682740131918,1,1,0
"PCTChangeLT-3,,,,%%HLTF-Last2DayMarketDown:(GLOBAL-UP)buyHighUpperTailPre1-Reversal-LastDayMarketDown,chisSellDownTrend-nearHigh,##(Check-chart-buy):month3High-InMinus,ReversalHighMonth3,",2.9302908406851906,1,1,0
"PCTChangeLT-3,_LTGT1.5_,,,chisDownTrend-Risky-nearHigh,MayBuyCheckChart-(IndexNotUpInSecondHalf),##(Check-chart-buy):month3High-InMinus,ReversalHighMonth3,",0.8527800136712669,1,1,0
"PCTChangeGT12,_HTGT3.0__LTGT1.5_,,,chisBuyDayHighVolLow-0,volSellReversalLast2DayUp-VolDown,",-1.3514455273703965,1,0,1
"PCDCLT0PCTChangeGT0,PCDayChange-0.5to0.5,_HTGT1.5__LTGT1.5_,,,##MANegative_Downtrend_(LT0),##MA-SMA200GT0SMA100LT0,",-80.85645639640497,1,0,1
"PCTChangeLT-2,,,,(GLOBALFUTDOWN-DOWNTRENDMARKET)checkSellConsolidationBreakDown-week2-lowNotReachedWeek3,week2BarLowChangeLT-2,weekLowLTweek2Low,##(Check-chart-buy):YearHigh-InMinus,ReversalHighYear,",-0.8600053753435637,4,1,3
"PCTChangeGT3,_HTGT3.0__HTGTPCTDayChange_,,,%%HLTF:maySellTail-tailGT2-7,10thDayGT20,%%HLTF:(UPTREND-GLOBAL/SGX-UP)BuyHighUpperTail-Reversal-7,10thDayGT15-LastDayMarketDown,%%:sellUpTrend-month3High,##MAPositive_Uptrend(GT1),##MA-SMA200GT0SMA100GT0,##lastDayHighGT5TodayGT1,",-0.6767403191770737,1,0,1
"PCTChangeGT3,_HTGT1.5_,,,chisUpTrend-Risky-nearLow,volBuyContinueLast2DayUp-VolUp,",-6.111726040763123,3,0,3
"PCTChangeGT2,year2High,_HTGT1.5_,,,%%:sellUpTrend-month3High,shortUpTrendSellReversal-MonthHigh,",-1.1780124449003297,1,0,1
"PCTChangeGT0.5,PCDayChange-0.5to0.5,_HTGT1.5_,,,##MANegative_Downtrend_(GT0),##MA-SMA200LT0SMA100LT0,",-0.950861086790588,2,1,1
"PCTChangeGT2,_HTGT1.5_,,,%%:sellUpTrend-month3High,shortUpTrendSellReversal-MonthHigh,weekBarHighChangeGT0,",-3.7835249042145596,1,0,1
"PCTChangeLT-1,_HTGT1.5__LTGT3.0__LTGTPCTDayChange_,,,checkCupDown-2dayDown-mayReversalBuy,%%:checkBuyRevarsalLast3DayDownAtMonth3High,##(Check-chart-buy):month3High-InMinus,ReversalHighMonth3,",1.1309716596071224,1,1,0
"PCTChangeGT0.5,_LTGT3.0_,,,%%ACU:sellReversalLast2DayHighGT4,%%HLTF:(GLOBAL-DOWN)sellHighLowerTail-Reversal-LastDayMarketUp,(GLOBALFUTUP-UPTRENDMARKET)checkBuyConsolidationBreakUp-week2-highNotReachedWeek3,week2BarHighChangeGT5,",-4.467847870617388,1,0,1
"PCTChangeGT3,,,,chisCheckConsolidationBreakoutLT(4.5),weekBarHighChangeGT2,brokenToday,##(Check-chart):year2High-InPlus,",1.3511626318158514,1,1,0
"PCTChangeLT-3,,,,volumeUpsergedLast2n3n4DayUp,VOL:sell(GLOBALFUTUP-GLOBALMARKETUP)Buy-UpVol-3dayDown-Week2High,##ML:buyRisingMA-down-Risky,",-1.238350246263587,1,0,1
"PCTChangeGT1,year2High,_HTGT3.0__HTGTPCTDayChange_,,,%%HLTF:(DOWNTREND-OR-GLOBALDOWN)maySellTail-tailGT2-2,3,4thDayGT0,",-1.054835877466825,1,0,1
"PCTChangeLT-3,_LTGT1.5_,,,zigZagVolCrossedFromUp,",2.3611505238021393,6,4,2
"PCTChangeGT3,,,,(SMA9LT0),",-2.0671834625323062,1,0,1
"PCTChangeGT2,,,,volumeUpsergedLast2n3n4DayDown,volBuyContinueLast2DayUp-VolUp,chisCheckConsolidationBreakoutLT(4.5),##(Check-chart):year2High-InPlus,",0.8106487848797703,1,1,0
"PCTChangeGT8,year2High,_HTGT3.0__LTGT3.0__HTGTPCTDayChange_,,,checkBuyConsolidationBreakout-allPreLT0,",1.3162359648775588,1,1,0
"PCTChangeLT-3,_HTGT1.5_,,,chisSellDownTrend-nearHigh,##DOWNTREND:sellYearHigh(InDownTrend),##(Check-chart-buy):month3High-InMinus,BreakHighMonth3,",-0.16355425397926046,1,0,1
"PCTChangeGT3,year2High,_HTGT1.5_,,,chisBuyConsolidationBreakUp-2week-(Risky)-year2High,week2BarHighChangeGT0,weekHighGTweek2High,brokenToday,",1.7829284923323123,1,1,0
"PCTChangeLT-1,_LTGT1.5_,,,$$MayBuy-CheckChart(monthLow-minimumLast4DayDown),",1.2427063384204329,11,8,3
"PCDCLT0PCTChangeGT0,_LTGT1.5_,,,##MAPositive_Uptrend(LT0),##MA-SMA200LT0SMA100GT0,",-0.5780025503832569,3,1,2
"PCTChangeLT-2,year2High,,,,volSellContinueLast2DayDown-VolUp,chisSellUpTrend-Risky-2,",-1.7868258092559883,2,0,2
"PCTChangeGT5,year2High,_HTGT3.0_,,,%%HLTF-Last2HighTail:(UPTREND)buy(DOWNTREND)sell:HighUpperTailPre-last2DayUp,volBuyContinueLast2DayUp-VolUp,##last2DayHighGT3-M3HGT0,",-0.605138506160563,1,0,1
"PCTChangeGT2,_HTGT1.5_,,,weekBarHighChangeGT0,",0.377709047323281,1,1,0
"PCTChangeLT-1,,,,volSellContinueLast2DayDown-VolUp,weekBarLowChangeLT0,brokenToday,chisDownTrend-Risky-nearHigh,",-0.1754685304668505,1,0,1
"PCTChangeGT0.5,_HTGT1.5_,,,##MA-SMA200LT0SMA100LT0,",-3.4158556651376615,2,0,2
"PCDCGT0PCTChangeLT-3,PCDayChange-0.5to0.5,_HTGT1.5_,,,%%:sellDowntrend-lastDayUp-ReversalHighTail,",0.7940242552468754,1,1,0
"PCTChangeLT-1,_LTGT1.5_,,,weekBarLowChangeLT0,brokenToday,MayBuyCheckChart-(IndexNotUpInSecondHalf),",-0.3047991383042284,3,1,2
"PCTChangeGT3,,,,weekBarHighChangeGT2,chisBuy-2week-breakoutup(check-chart)(|-|-| or --|),buyPatternsML,buyPattern-GT1.5-SMAGT0,(SMA9GT0),",15.283015988907724,1,1,0
"PCTChangeLT-3,,,,checkCupDown-3dayDown-mayReversalBuy,##DOWNTREND:sellYearHighReversal(InDownTrend),##last2DayLow(LT-3)-M3LGT0,volBuyRevarsalVolCrossed,%%:checkBuyRevarsalLast3DayDownAtMonth3High,##(Check-chart-buy):month3High-InMinus,ReversalHighMonth3,",-1.554052679388378,1,0,1
"PCTChangeLT-2,_HTGT1.5__LTGT3.0__LTGTPCTDayChange_,,,VOL:sell(GLOBALFUTUP-GLOBALMARKETUP)Buy-UpVol-3dayDown-Week2High,chisDownTrend-Risky-nearHigh,##DOWNTREND:sellMonth6HighReversal(InDownTrend),##(Check-chart-buy):month3High-InMinus,ReversalHighMonth3,",-2.8840615092844186,1,0,1
"PCTChangeGT3,,,,(Test)sellHeavyUpTrend-Reversal-1,",-1.9542813818950293,2,0,2
"PCTChangeLT-1,_HTGT1.5__HTGTPCTDayChange__LTGTPCTDayChange_,,,chisSellDownTrend-nearHigh,",2.2718375283672705,1,1,0
"PCTChangeGT3,_HTGT1.5_,,,%%HLTF-Risky9:30:maySellTail-tailGT2-7,10thDayGT15,chisCheckConsolidationBreakout2WeekLT(4.5),weekBarHighChangeGT2,maySellFromBuyPattern-LT-1.8,",-2.7186311787072306,1,0,1
"PCTChangeGT2,_HTGT1.5_,,,chisSellYear2LowLT-40-last3DayDown(triggerAfter-9:15),##UPTREND:buyYear2LowReversal(Confirm),",-2.151517001065344,1,0,1
"PCTChangeGT2,_HTGT1.5__HTGTPCTDayChange_,,,volSellVolumeUpsergedLast2n3DayDown,volBuyContinueLast2DayUp-VolUp,weekBarHighChangeGT0,brokenToday,",-1.0759133406596175,1,0,1
"PCTChangeGT0,PCDayChange-0.5to0.5,year2High,_HTGT3.0_,,,%%HLTF-Last2HighTail:(UPTREND)buy(DOWNTREND)sell:HighUpperTailPre-last2DayUp,%%HLTF-Risky9:30:maySellTail-tailGT2-7,10thDayGT15,",-3.1047675103001735,1,0,1
"PCTChangeLT-3,_HTGT3.0__HTGTPCTDayChange_,,,%%HLTF-Last2HighTail:(DOWNTREND)sell(UPTREND)buy:HighUpperTailPre,chisSellUpTrend-Risky-1,",0.1619886915233924,1,1,0
"PCTChangeGT5,_HTGT1.5_,,,chisSellYear2LowLT-40-last4DayDown(triggerAfter-9:15),chisBuyUpTrend-nearLow,",-1.4388489208633095,1,0,1
"PCTChangeLT-3,_LTGT3.0_,,,##MANegative_Downtrend_(LT-2),##MA-SMA200LT0SMA100LT0,##DOWNTREND:sellYearLowBreak,##last2DayLow(LT-3)-M3LLT0,",-1.927439903958439,1,0,1
"PCDCLT0PCTChangeGT0,PCDayChange-0.5to0.5,_HTGT1.5_,,,%%HLTF-LastDayUp:(DOWNTREND-OR-GLOBALDOWN)MaySellHighTail-LastDayMarketUp,##MAPositive_Uptrend(LT0),##MA-SMA200GT0SMA100LT0,",0.1414427157001317,1,1,0
"PCTChangeLT-5,_HTGT1.5_,,,##MANegative_Downtrend_(LT-4.5),##MA-SMA200LT0SMA100LT0,##last3DayLow(LT-3)-M3LGT0,",-7.826824945012703,1,0,1
"PCTChangeGT2,_HTGT1.5__HTGTPCTDayChange_,,,%%:sellDowntrend-lastDayUp-ReversalHighTail,chisBuyFinalCandidate-2,",0.9529383042279347,1,1,0
"PCTChangeLT-2,_LTGT1.5_,,,chisSellFinalCandidate-(lastDayUp),##ML:BuyRisingMA-Risky-1,##MAPositive_Uptrend(LT-2),##MA-SMA200LT0SMA100LT0,",-1.6666927266353195,1,0,1
"PCTChangeGT12,_HTGT3.0__LTGT1.5_,,,%%HLTF-Last2HighTail:(UPTREND)buy(DOWNTREND)sell:HighUpperTailPre-last2DayUp,",-6.073257992174187,1,0,1
"PCTChangeLT-5,_LTGT1.5_,,,volBuyReversalLast2DayDown-VolDown,chisSellDayLowVolLow-02-checkMorningTrend(.5SL),",1.7423037070937613,1,1,0
"PCTChangeGT3,,,,(GLOBALFUTUP-UPTRENDMARKET)checkBuyConsolidationBreakUp-week2-highNotReachedWeek3,week2BarHighChangeGT0,brokenToday,##last3DayHighGT3-M3HLT0,",3.0441401718413768,1,1,0
"PCTChangeGT0,PCDayChange-0.5to0.5,,,,%%:sellDowntrend-lastDayUp-ReversalHighTail,MaySellCheckChart-(|_|`|),",1.075925584088462,2,1,1
"PCTChangeLT-2,_LTGT3.0_,,,volBuyReversalLast2DayDown-VolDown,weekBarLowChangeLT-2,chisDownTrend-Risky-nearHigh,##(Check-chart-buy):YearHigh-InMinus,ReversalHighYear,",5.214644923354635,1,1,0
"PCTChangeGT3,_HTGT3.0__HTGTPCTDayChange_,,,(GLOBALFUTUP-UPTRENDMARKET)checkBuyConsolidationBreakUp-week2-highNotReachedWeek3,week2BarHighChangeGT2,weekHighGTweek2High,brokenToday,",-2.0433545823289427,1,0,1
"PCTChangeLT-5,_HTGT3.0__HTGTPCTDayChange_,,,##MANegative_Downtrend_(LT-2),##MA-SMA200LT0SMA100GT0,",1.2878086837917269,1,1,0
"PCTChangeGT3,_LTGT1.5_,,,(GLOBALFUTUP-UPTRENDMARKET)checkBuyConsolidationBreakUp-week2-highNotReachedWeek3,week2BarHighChangeGT0,brokenToday,##last2DayHighGT3-M3HLT0,",-2.2124561638877758,1,0,1
"PCTChangeLT-3,_LTGT1.5_,,,(GLOBALFUTDOWN-DOWNTRENDMARKET)checkSellConsolidationBreakDown-week2-lowNotReachedWeek3,week2BarLowChangeLT-2,chisDownTrend-Risky-nearHigh,##DOWNTREND:sellYear2HighReversal(InDownTrend),##(Check-chart-buy):month3High-InMinus,ReversalHighMonth3,",-3.8124999999999964,1,0,1
"PCTChangeGT3,,,,volBuyContinueLast2DayUp-VolUp,checkBuyConsolidationBreakUp-2week,week2BarHighChangeGT0,weekHighGTweek2High,brokenToday,chisSell-2week-breakoutup,",-1.9357890227935257,1,0,1
"PCTChangeGT5,,,,volumeUpsergedLast2n3n4DayDown,chisCheckConsolidationBreakoutGT(4.5),",-2.573803180327552,1,0,1
"PCTChangeLT-2,,,,weekBarLowChangeLT-2,chisDownTrend-Risky-nearHigh,##DOWNTREND:sellYearHighReversal(InDownTrend),##(Check-chart-buy):YearHigh-InMinus,ReversalHighYear,",-0.876268895894406,2,0,2
"PCTChangeLT-2,PCDayChange-0.5to0.5,,,,buyYearHigh-0,",-0.8039032597960781,1,0,1
"PCTChangeLT-2,,,,chisSellUpTrend-Risky-2,zigZagVolCrossedFromUp,##(Check-chart-buy):month3High-InMinus,NearHighMonth3,",-0.352476826809596,1,0,1
"PCTChangeGT2,,,,##(Check-chart-sell):month3Low-InPlus,ReversalLowMonth3,chisBuyUpTrend-nearLow,##UPTREND:buyMonth3LowReversal(Confirm),",0.3088041229390219,6,3,3
"PCTChangeLT-3,,,,chisSellFinalCandidate-(lastDayUp)-(highChange),sellFinalCandidate-00,",-0.8244316353409318,2,0,2
"PCTChangeLT-1,_LTGT1.5_,,,checkCupDown-near2WeekDown-mayReveresalBuy,##longDownTrend-2-IndexNotDownLastDay(checkBase),",1.4377021530615053,1,1,0
"PCTChangeGT3,year2High,_LTGT3.0_,,,%%HLTF-Risky:(GLOBAL-DOWN)sellHighLowerTail-Reversal-LastDayMarketUp,%%:sellUpTrend-month3High,",0.6122448979591726,1,1,0
"PCTChangeLT-2,year2High,,,,%%HLTF-Last2DayMarketDown:(GLOBAL-UP)buyHighUpperTailPre1-Reversal-LastDayMarketDown,##sellTenDaysMoreThanTen,",-0.6393210401812826,1,0,1
"PCTChangeLT-5,,,,checkSellConsolidationBreakDown-month3HighGTMonth3Low,",-0.40133480230762136,2,1,1
"PCTChangeGT12,,,,chisUpTrend-Risky-nearLow,volumeUpsergedLast2n3n4DayDown,",13.207549885864985,1,1,0
"PCTChangeLT-0.5,PCDayChange-0.5to0.5,_LTGT3.0_,,,##MANegative_Downtrend_(LT0),##MA-SMA200LT0SMA100LT0,buyMorningStar-HighLowerTail-(checkChart),",-3.005315902385298,1,0,1
"PCTChangeLT-3,,,,%%:checkSell:FlagWeek,##ML:buyRisingMA-down-Risky,",2.753070661569632,1,1,0
"PCTChangeLT-1,_LTGT1.5_,,,$$MayBuy-CheckChart-baseLine(inuptrend-monthlow)-MHCLT(-10),",-0.12282706341897554,4,2,2
"PCTChangeLT-2,_HTGT1.5_,,,%%HLTF:(UPTREND-MorningTrend-UP)mayBuyTail-highTailGT2-7,10thDayGT10-Last2DayStockDown,volumeUpsergedLast2n3n4DayUp,volSellContinueLast2DayDown-VolUp,chisSellUpTrend-highTail,",-1.0126620908326838,1,0,1
"PCTChangeLT-3,,,,volBuyVolumeUpsergedLast2n3DayUp,(GLOBALFUTDOWN-DOWNTRENDMARKET)checkSellConsolidationBreakDown-week2-lowNotReachedWeek3,week2BarLowChangeLT-2,weekLowLTweek2Low,(SMA9LT0),",1.0112376695268483,1,1,0
"PCTChangeLT-3,PCDayChange-0.5to0.5,_HTGT1.5_,,,%%HLTF-Last2HighTail:(DOWNTREND)sellHighUpperTailPre,",1.4564722459541686,1,1,0
"PCTChangeLT-1,_LTGT3.0_,,,(Test)MayBuy-CheckChart(upTrend-lastDayDown),",2.450516975978338,1,1,0
"PCTChangeGT0.5,PCDayChange-0.5to0.5,_LTGT1.5_,,,chisSellSuper-Risky,-+,",1.3972283246664912,1,1,0
"PCTChangeLT-2,_HTGT3.0__HTGTPCTDayChange_,,,volBuyReversalLast2DayDown-VolUp,",0.3553397454298436,2,1,1
"PCTChangeLT-3,_LTGT1.5_,,,checkCupDown-2dayDown-mayReversalBuy,chisDownTrend-Risky-nearHigh,",2.025314524203934,1,1,0
"PCTChangeGT3,_HTGT3.0_,,,%%HLTF-Last2HighTail:(UPTREND)buy(DOWNTREND)sell:HighUpperTailPre-last2DayUp,chisUpTrend-Risky-nearLow,",2.6531892664292243,1,1,0
"PCTChangeGT2,,,,VOL:sell-DownVol-3dayUp-Week2Low,##(Check-chart)ML:buyMonth3High-Continue,",-3.200661325533791,1,0,1
"PCTChangeGT1,_HTGT1.5_,,,%%:sellUpTrend-month3High,chisBuyYearHigh-1,",4.391132854252939,1,1,0
"PCTChangeGT1,PCDayChange-0.5to0.5,,,,chisSellSuper-Risky,-+,",-1.598602705442393,2,0,2
"PCTChangeLT-8,_LTGT1.5_,,,(GLOBAL-DOWN)maySellContinueHighVolatileLastDayDOWN-month3LowGT0-(LT-8),volSellContinueLast2DayDown-VolUp,",-0.9043626713784538,5,1,4
"PCDCLT0PCTChangeGT0,_HTGT1.5_,,,%%:checkSell:CupDownDoji-last2lastDayLT0orTodayGT0,",-1.0476755454897533,2,0,2
"PCTChangeLT-1,_LTGT1.5_,,,##MANegative_Downtrend_(LT-1),##MA-SMA200LT0SMA100LT0,",0.273933292793878,4,2,2
"PCTChangeLT-2,,,,%%HLTF-Last2DayMarketDown:(GLOBAL-UP)buyHighUpperTailPre1-Reversal-LastDayMarketDown,volSellContinueLast2DayDown-VolUp,chisDownTrend-Risky-nearHigh,",1.0990241082927883,1,1,0
"PCTChangeLT-2,,,,chisDownTrend-Risky-nearHigh,##DOWNTREND:sellMonth6HighReversal(InDownTrend),##(Check-chart-buy):month6High-InMinus,ReversalHighMonth6,",1.0986889994561726,4,3,1
"PCTChangeGT5,_LTGT3.0_,,,%%HLTF:(GLOBAL-DOWN)sellHighLowerTail-Reversal-LastDayMarketUp,##MAPositive_Uptrend(GT1),##MA-SMA200GT0SMA100GT0,",1.0685991169574305,1,1,0
"PCDCLT0PCTChangeGT1,_LTGT1.5_,,,$$(UPTREND-OR-GLOBALUP)MayBuyContinue-CheckChart(inUpTrend-monthHigh)-lowTail,",-3.0778025021505613,1,0,1
"PCTChangeLT-1,_HTGT1.5__LTGT1.5__HTGTPCTDayChange__LTGTPCTDayChange_,,,##(Test):buyRisingMA-uptrend-SMA25gt0,",2.279256184895842,1,1,0
"PCTChangeLT-1,_HTGT1.5__HTGTPCTDayChange_,,,%%:check(UPTREND-UPMARKET)Buy(DOWNTRENDTREND-DOWNMARKET)Sell:Super01-monthLow,volBuyReversalLast2DayDown-VolDown,",-0.9049773755656145,1,0,1
"PCTChangeGT5,,,,(GLOBALFUTUP-UPTRENDMARKET)checkBuyConsolidationBreakUp-week2-highNotReachedWeek3,week2BarHighChangeGT0,chis-breakoutup-2week,",-2.1973174048094357,2,0,2
"PCTChangeLT-16,_LTGT3.0_,,,volSellContinueLast2DayDown-VolUp,##MANegative_Downtrend_(LT-4.5),##MA-SMA200GT0SMA100GT0,",5.624563444979567,1,1,0
"PCTChangeLT-2,,,,chisSellDayLowVolLow-03-checkMorningTrend(.5SL),##(Check-chart-buy):month3High-InMinus,NearHighMonth3,",-0.8214269365583073,1,0,1
"PCTChangeLT-1,_HTGT1.5_,,,week2BarLowChangeLT0,",1.8613309044237498,1,1,0
"PCDCGT0PCTDayChangeLT0,PCDayChange-0.5to0.5,_HTGT1.5__LTGT1.5_,,,%%HLTF-Last2LowTail:(DOWNTREND)sellHighLowerTailPre-1,chisBuyYearHigh-3,",-1.7532849593392938,1,0,1
"PCTChangeGT1,,,,sellPattern-LT-1.5-SMALT0,(SMA9LT0),maySellFromBuyPattern-LT-1.8,",-2.4698475412397434,7,0,7
"PCTChangeLT-1,_LTGT1.5_,,,shortDownTrendBuyReversal-Month3Low-Doji-Last2DayLTToday,",-0.2093556737221161,4,3,1
"PCTChangeLT-8,_HTGT3.0_,,,(GLOBAL-DOWN)maySellContinueHighVolatileLastDayDOWN-month3LowGT0-(LT-8),volBuyReversalLast2DayDown-VolDown,##MANegative_Downtrend_(LT-4.5),##MA-SMA200GT0SMA100LT0,chisSellDayLowVolLow-01,",-0.7643590405443982,1,0,1
"PCTChangeGT1,PCDayChange-0.5to0.5,,,,%%:checkSell:Super2,-+,##MA-SMA200LT0SMA100LT0,buyPatternsML,",2.016713312931189,1,1,0
"PCTChangeGT0,PCDayChange-0.5to0.5,_HTGT1.5_,,,%%:checkSell:CupDownDoji,%%:sellDowntrend-lastDayUp-ReversalHighTail,",-4.702848745610257,2,0,2
"PCTChangeLT-5,,,,chisDownTrend-Risky-nearHigh,##DOWNTREND:sellYear2HighReversal(InDownTrend),chisSellDayLowVolLow-02-checkMorningTrend(.5SL),",2.839849022291473,1,1,0
"PCTChangeGT3,_HTGT3.0__LTGT1.5_,,,checkCupDown-lastDayUp,",11.506552883631269,1,1,0
"PCTChangeGT5,_HTGT1.5__LTGT1.5_,,,##UPTREND:buyYear2Low,",0.4849660595538262,1,1,0
"PCTChangeLT-5,,,,sellPatternsML,",-4.16315358942487,4,1,3
"PCTChangeLT-2,,,,volSellVolumeUpsergedLast2n3DayUp,volSellContinueLast2DayDown-VolUp,(GLOBALFUTDOWN-DOWNTRENDMARKET)checkSellConsolidationBreakDown-week2-lowNotReachedWeek3,week2BarLowChangeLT0,chisDownTrend-Risky-nearHigh,",0.1368176469960895,1,1,0
"PCTChangeLT-2,_HTGT1.5__LTGT1.5_,,,##MA-SMA200LT0SMA100GT0,",-1.8886932262379301,1,0,1
"PCDCLT0PCTChangeGT1,_HTGT1.5_,,,(SMA9LT0),",-1.0539714867617131,1,0,1
"PCTChangeLT-2,,,,##MANegative_Downtrend_(LT-2),##MA-SMA200GT0SMA100LT0,",0.5297619609424461,12,7,5
"PCTChangeGT12,,,,##MAPositive_Uptrend(GT2),##MA-SMA200GT0SMA100GT0,",1.0222258391203631,1,1,0
"PCTChangeLT-3,year2High,,,,volumeUpsergedLast2n3n4DayUp,",-0.5164055954482043,2,0,2
"PCTChangeLT-2,_LTGT1.5_,,,chisSellFlagWeek-Risky,checkCupDown-2dayDown,",-3.537155002256811,1,0,1
"PCTChangeGT3,_HTGT1.5_,,,weekBarHighChangeGT0,brokenToday,",0.9694088874359169,8,4,4
"PCTChangeLT-3,year2High,_LTGT1.5_,,,volumeUpsergedLast2n3n4DayUp,",1.5909090909090817,1,1,0
"PCTChangeGT0,PCDayChange-0.5to0.5,_HTGT1.5_,,,(SMA9LT0),",0.8196261176730057,2,1,1
"PCTChangeGT1,_HTGT1.5__LTGT1.5_,,,##MAPositive_Uptrend(GT2),##MA-SMA200GT0SMA100GT0,",-2.7159083973277633,1,0,1
"PCTChangeLT-2,year2High,_LTGT3.0_,,,%%HLTF:(GLOBAL-UP)buyHighLowerTail-LastDayMarketUp,",-3.4442194896686296,1,0,1
"PCTChangeLT-3,year2High,_HTGT3.0__LTGT1.5_,,,checkSellConsolidationBreakDown-month3HighGTMonth3Low,",0.35369971174135173,1,1,0
"PCTChangeLT-2,,,,chisSellFinalCandidate-4,",-0.5933925864095129,2,0,2
"PCTChangeLT-2,,,,volBuyVolumeUpsergedLast2n3DayUp,weekBarLowChangeLT-2,brokenToday,chisDownTrend-Risky-nearHigh,##DOWNTREND:sellYear2HighReversal(InDownTrend),",1.9573982347897205,1,1,0
"PCTChangeLT-3,_HTGT1.5__HTGTPCTDayChange_,,,##MANegative_Downtrend_(LT-2),##MA-SMA200LT0SMA100LT0,",-3.7023075998289694,3,0,3
"PCTChangeGT3,year2High,,,,vol-sell-DownVol-3dayUp-Week2High,weekBarHighChangeGT2,",-2.833353948124324,1,0,1
"PCTChangeLT-1,PCDayChange-0.5to0.5,_HTGT3.0_,,,##MANegative_Downtrend_(LT0),##MA-SMA200LT0SMA100LT0,",-7.3150502418985175,2,0,2
"PCTChangeGT2,_LTGT1.5_,,,%%HLTF:(GLOBAL-DOWN)sellHighLowerTail-Reversal-LastDayMarketUp,##RisingMA(Test)(check-chart-buy)-1DayUp,",6.038169206294044,1,1,0
"PCTChangeLT-1,,,,checkCupDown-month3HighLTmonth3Low,bar_low,chisDownTrend-Risky-nearHigh,##(Check-chart-buy):month3High-InMinus,ReversalHighMonth3,",0.9706343398949657,4,3,1
"PCTChangeLT-3,_HTGT1.5__LTGT1.5_,,,(GLOBALFUTDOWN-DOWNTRENDMARKET)checkSellConsolidationBreakDown-week2-lowNotReachedWeek3,week2BarLowChangeLT0,##(Check-chart-buy):month3High-InMinus,ReversalHighMonth3,",0.47769888336256566,2,1,1
"PCTChangeGT3,_HTGT1.5_,,,chisSelldowntrendReversalMayFail,zigZagVolCrossedFromDown,",2.677145960564919,1,1,0
"PCDCLT0PCTChangeGT0,_HTGT3.0_,,,%%HLTF:maySellTail-tailGT2-allDayGT0,##MAPositive_Uptrend(LT0),##MA-SMA200LT0SMA100LT0,",-4.024881262831499,1,0,1
"PCTChangeGT2,_HTGT3.0__HTGTPCTDayChange__LTGTPCTDayChange_,,,volSellRevarsalVolCrossed,",-1.8781710397168465,1,0,1
"PCTChangeGT3,_HTGT3.0_,,,volBuyContinueLast2DayUp-VolUp,",0.9427705702997061,3,2,1
"PCTChangeLT-3,,,,(GLOBALFUTDOWN-DOWNTRENDMARKET)checkSellConsolidationBreakDown-week2-lowNotReachedWeek3,week2BarLowChangeLT0,chisDownTrend-Risky-nearHigh,##DOWNTREND:sellMonth6HighReversal(InDownTrend),##last2DayLow(LT-3)-M3LGT0,##(Check-chart-buy):month6High-InMinus,ReversalHighMonth6,",2.167707098519217,1,1,0
"PCTChangeGT2,_LTGT1.5_,,,%%HLTF:sellStockInUptrendReversal,",1.518859863281248,1,1,0
"PCDCGT0PCTChangeLT-3,_HTGT1.5__LTGT1.5__LTGTPCTDayChange_,,,buyYearHigh-0,",0.03671586041287309,1,1,0
"PCTChangeLT-0.5,,,,(SMA9LT0),chisDownTrend-Risky-nearHigh,",-0.2537103545777572,2,1,1
"PCTChangeLT-1,,,,checkCupDown-inDownTrend-month3HighLTmonth3Low,bar_low,chisDownTrend-Risky-nearHigh,",-0.9046265327511108,1,0,1
"PCTChangeGT1,_HTGT1.5_,,,%%:checkSell:CupDownDoji,",1.5849843433903525,5,4,1
"PCTChangeGT2,,,,BuyYearLow,",5.484717920405248,1,1,0
"PCTChangeLT-2,,,,VOL:buy-UpVol-3dayDown-Week2Low,##MANegative_Downtrend_(LT-2),##MA-SMA200LT0SMA100LT0,",-2.2849015514833875,4,0,4
"PCTChangeLT-3,year2Low,_LTGT1.5_,,,##last2DayLow(LT-3)-M3LLT0,chisBuyYear2Low,BreakLowYear2,",5.00021990902199,2,2,0
"PCTChangeGT5,_HTGT1.5_,,,chisCheckConsolidationBreakoutGT(4.5),checkBuyConsolidationBreakUp-2week,week2BarHighChangeGT2,weekHighGTweek2High,brokenToday,##MAPositive_Uptrend(GT4.5),##MA-SMA200LT0SMA100LT0,",-1.6776756123529948,1,0,1
"PCTChangeLT-0.5,PCDayChange-0.5to0.5,_LTGT3.0_,,,%%HLTF:(GLOBAL-DOWN)sellHighLowerTail-Reversal-LastDayMarketUp,",-0.6890103427197917,7,3,4
"PCTChangeLT-2,,,,checkCupDown-inDownTrend-month3HighLTmonth3Low,bar_low,##DOWNTREND:sellYearHigh(InDownTrend),##(Check-chart-buy):YearHigh-InMinus,NearHighYear,",4.866035359789694,1,1,0
"PCTChangeGT2,_HTGT1.5_,,,MaySellCheckChart-(IndexNotDownInSecondHalf),$$MaySell-CheckChart-baseLine(inDownTrend-monthHigh)-PCTDayChangeGT0,##(Check-chart-sell):month3Low-InPlus,ReversalLowMonth3,chisCheckConsolidationBreakoutLT(4.5),weekBarHighChangeGT2,",-0.5982091566411741,1,0,1
"PCDCLT0PCTChangeGT0,_HTGT1.5_,,,%%:checkSell:Super0,",-1.3281226158142094,1,0,1
"PCTChangeLT-5,,,,##MANegative_Downtrend_(LT-4.5),##MA-SMA200LT0SMA100LT0,##last3DayLow(LT-3)-M3LLT0,",-0.18841693336005752,1,0,1
"PCTChangeGT1,,,,chisBuyDownTrend-Risky-1,",0.5440997323846007,2,1,1
"PCTChangeGT1,_HTGT1.5_,,,volBuyContinueLast2DayUp-VolUp,##(Check-chart)sellMonth3High-Continue,",0.04362316401989983,1,1,0
"PCTChangeGT3,,,,volBuyContinueLast2DayUp-VolUp,",0.03591925968427374,103,48,54
"PCTChangeGT0,_HTGT1.5__HTGTPCTDayChange__LTGTPCTDayChange_,,,%%HLTF-Last2HighTail:(UPTREND)buy(DOWNTREND)sell:HighUpperTailPre-last2DayUp,",0.8638711499918241,1,1,0
"PCTChangeLT-12,year2Low,_HTGT3.0__LTGT1.5__HTGTPCTDayChange_,,,chisRSISellCandidate(yearLow)-lessThanMinus5,",-3.142498779296875,1,0,1
"PCTChangeGT3,year2High,,,,volumeUpsergedLast2n3n4DayDown,volBuyContinueLast2DayUp-VolUp,chisCheckConsolidationBreakoutLT(4.5),weekBarHighChangeGT2,brokenToday,",-0.26125578137394134,4,3,1
"PCTChangeGT2,,,,##UPTREND:buyMonth3Low,",-0.5614166275559699,2,1,1
"PCDCLT0PCTChangeGT3,_LTGT3.0_,,,%%HLTF-Last2DayMarketUp:(GLOBAL-DOWN)sellHighLowerTail-Reversal-LastDayMarketUp,(Test)MayBuy-CheckChart(upTrend-lastDayDown),##MA-SMA200GT0SMA100GT0,",-3.5833358764648304,1,0,1
"PCTChangeLT-0.5,,,,##longDownTrend-1-IndexNotDownLastDay(checkBase),chisDownTrend-Risky-nearHigh,",1.9319627899484535,1,1,0
"PCTChangeLT-2,_HTGT1.5__LTGT3.0__LTGTPCTDayChange_,,,(GLOBALFUTDOWN-DOWNTRENDMARKET)checkSellConsolidationBreakDown-week2-lowNotReachedWeek3,week2BarLowChangeLT0,",-1.8144304727770726,1,0,1
"PCTChangeLT-1,,,,volSellContinueLast2DayDown-VolUp,chisSellDownTrend-nearHigh,##(Check-chart-buy):month6High-InMinus,ReversalHighMonth6,",0.43371266016292476,1,1,0
"PCTChangeLT-12,_LTGT1.5_,,,chisSell-smallUptrendReversal,",0.42483261208129086,1,1,0
"PCTChangeGT5,,,,volBuyContinueLast2DayUp-VolUp,",-0.17975798006492003,43,17,26
"PCTChangeGT2,year2High,_HTGT1.5__LTGT1.5_,,,vol-sell-DownVol-3dayUp-Week2High,",-2.024647887323944,1,0,1
"PCTChangeGT2,PCDayChange-0.5to0.5,_HTGT3.0__LTGT1.5_,,,%%HLTF-Last2HighTail:(UPTREND)buy(DOWNTREND)sell:HighUpperTailPre-last2DayUp,",2.0219727709541324,3,1,2
"PCDCGT0PCTDayChangeLT0,PCDayChange-0.5to0.5,,,,(SMA9GT0),",1.5734416729834644,8,8,0
"PCTChangeLT-1,,,,(GLOBALFUTDOWN-DOWNTRENDMARKET)checkSellConsolidationBreakDown-week2-lowNotReachedWeek3,week2BarLowChangeLT0,weekLowLTweek2Low,##(Check-chart-buy):YearHigh-InMinus,ReversalHighYear,",-1.0838154966978317,6,2,4
"PCTChangeGT3,,,,weekBarHighChangeGT2,chisBuy-2week-breakoutup(check-chart)(|-|-| or --|),##(check-chart)mayBuy-EMA6-LT-May-MT-EMA14,",1.740993677176408,1,1,0
"PCTChangeLT-3,,,,checkCupDown-inDownTrend-month3HighLTmonth3Low,bar_low,chisDownTrend-Risky-nearHigh,##(Check-chart-buy):month3High-InMinus,ReversalHighMonth3,",-2.485658233316662,1,0,1
"PCTChangeLT-0.5,PCDayChange-0.5to0.5,_HTGT3.0_,,,chisSell:Super03-monthLow,",3.2789281284773737,1,1,0
"PCTChangeLT-1,year2High,_LTGT1.5_,,,volBuyReversalLast2DayDown-VolUp,",1.0081489257387617,2,2,0
"PCTDayChangeLT0,_HTGT1.5__HTGTPCTDayChange__LTGTPCTDayChange_,,,%%HLTF-Last2HighTail:(DOWNTREND)sellHighUpperTailPre,",0.05428706405105592,1,1,0
"PCTChangeLT-2,,,,checkCupDown-month3HighLTmonth3Low,bar_low,##(Check-chart-buy):month3High-InMinus,ReversalHighMonth3,",0.19674508221130557,13,8,5
"PCTChangeGT3,year2High,_HTGT3.0__HTGTPCTDayChange_,,,%%HLTF:maySellTail-tailGT2-7,10thDayGT20,%%:sellUpTrend-month3High,",-0.5374171252573705,2,1,1
"PCTChangeLT-5,year2Low,,,,vol-buy-DownVol-3dayDown-Week2Low,chisBuyDayLowVolLow-01,",4.138321995464853,1,1,0
"PCTChangeGT0.5,_HTGT1.5__HTGTPCTDayChange_,,,##MA-SMA200LT0SMA100LT0,",-1.820875421497878,1,0,1
"PCTChangeLT-3,_HTGT1.5_,,,(GLOBALFUTDOWN-DOWNTRENDMARKET)checkSellConsolidationBreakDown-week2-lowNotReachedWeek3,week2BarLowChangeLT0,",0.2453214278394611,8,4,4
"PCTChangeLT-3,_HTGT1.5__LTGT1.5_,,,chisDownTrend-Risky-nearHigh,##(Check-chart-buy):month3High-InMinus,NearHighMonth3,",-1.509135427205195,1,0,1
"PCDCLT0PCTChangeGT0,PCDayChange-0.5to0.5,_LTGT1.5_,,,%%HLTF:(SGXNIFTYUP)buyHighLowerTail-Continue,##MAPositive_Uptrend(LT0),##MA-SMA200LT0SMA100GT0,",-1.1842091878255263,1,0,1
"PCTChangeLT-2,_HTGT1.5__LTGT1.5_,,,##(Check-chart-buy):month6High-InMinus,ReversalHighMonth6,",-2.563027774586397,1,0,1
"PCTChangeLT-5,_LTGT3.0_,,,##MANegative_Downtrend_(LT-4.5),##MA-SMA200LT0SMA100LT0,##last3DayLow(LT-3)-M3LLT0,",2.013039704106277,1,1,0
"PCTChangeGT2,,,,chisCheckConsolidationBreakout2WeekLT(4.5),weekBarHighChangeGT2,",-1.4432021976535063,3,0,3
"PCTChangeLT-1,PCDayChange-0.5to0.5,_LTGT1.5_,,,shortDownTrendSellContinue-Doji-Last2DayLTToday,",0.9620826371668988,1,1,0
"PCTChangeLT-1,_LTGT1.5_,,,volumeUpsergedLast2n3n4DayUp,(GLOBALFUTDOWN-DOWNTRENDMARKET)checkSellConsolidationBreakDown-week2-lowNotReachedWeek3,week2BarLowChangeLT0,chisDownTrend-Risky-nearHigh,##(Check-chart-buy):month3High-InMinus,ReversalHighMonth3,",4.62890914266142,1,1,0
"PCTChangeLT-5,_HTGT1.5_,,,##ML:BuyRisingMA-Risky-1,",1.7098461408071506,1,1,0
"PCTChangeGT2,year2High,_HTGT1.5_,,,chisCheckConsolidationBreakout2WeekLT(4.5),",2.5231279263425797,2,2,0
"PCTChangeGT3,_LTGT3.0_,,,%%HLTF-Risky:(GLOBAL-DOWN)sellHighLowerTail-Reversal-LastDayMarketUp,##MAPositive_Uptrend(GT2),##MA-SMA200LT0SMA100GT0,",-2.108875840247466,2,1,1
"PCTChangeLT-3,_HTGT1.5__LTGT1.5_,,,volBuyReversalLast2DayDown-VolDown,chisSellDownTrend-nearHigh,##(Check-chart-buy):month3High-InMinus,NearHighMonth3,",6.922724716597885,1,1,0
"PCTChangeLT-3,_LTGT3.0_,,,checkCupDown-month3HighLTmonth3Low,bar_low,%%HLTF:(GLOBAL-DOWN)sellHighLowerTail-Reversal-LastDayMarketUp,chisSellDownTrend-nearHigh,##(Check-chart-buy):YearHigh-InMinus,NearHighYear,",2.0434769340183423,1,1,0
"PCTChangeLT-3,,,,volBuyVolumeUpsergedLast2n3DayUp,(GLOBALFUTDOWN-DOWNTRENDMARKET)checkSellConsolidationBreakDown-week2-lowNotReachedWeek3,week2BarLowChangeLT-2,",-0.5326488446807099,1,0,1
"PCTChangeLT-2,_HTGT3.0__LTGT1.5_,,,%%:checkSell:CupDownDoji-lastDayLT(-2)TodayDoji,%%HLTF:(UPTREND-MorningTrend-UP)mayBuyTail-highTailGT2-7,10thDayGT10-Last2DayStockDown,",-3.6344755970924263,1,0,1
"PCTChangeGT2,,,,volumeUpsergedLast2n3n4DayDown,chisCheckConsolidationBreakoutLT(4.5),(GLOBALFUTUP-UPTRENDMARKET)checkBuyConsolidationBreakUp-week2-highNotReachedWeek3,week2BarHighChangeGT0,brokenToday,",-0.8265342986542871,3,1,2
"PCTChangeLT-1,,,,volSellContinueLast2DayDown-VolUp,chisSellDownTrend-nearHigh,##(Check-chart-buy):YearHigh-InMinus,NearHighYear,",-0.45000736057697593,1,0,1
"PCTChangeGT2,_HTGT1.5_,,,%%HLTF-Last2HighTail:(UPTREND)buy(DOWNTREND)sell:HighUpperTailPre-last2DayUp,%%HLTF:maySellTail-tailGT2-7,10thDayGT20,##MAPositive_Uptrend(GT2),##MA-SMA200LT0SMA100LT0,",0.7746478873239396,1,1,0
"PCTChangeLT-1,_LTGT3.0_,,,$$MayBuy-CheckChart(downTrend-mayReverseLast4DaysDown),buyMorningStar-(checkChart),chisBuyYear2Low,NearLowYear2,",-1.1024655490610955,1,0,1
"PCTChangeGT2,_LTGT3.0_,,,checkCupDown-lastDayUp,%%HLTF:(GLOBAL-DOWN)sellHighLowerTail-Reversal-LastDayMarketUp,",2.505797631779297,1,1,0
"PCTChangeGT2,,,,volBuyContinueLast2DayUp-VolUp,chisCheckConsolidationBreakout2WeekLT(4.5),",0.4270097113176583,1,1,0
"PCTChangeLT-3,,,,(GLOBALFUTDOWN-DOWNTRENDMARKET)checkSellConsolidationBreakDown-week2-lowNotReachedWeek3,week2BarLowChangeLT-2,chisDownTrend-Risky-nearHigh,",-0.8050193783596565,6,4,2
"PCTChangeGT2,_HTGT1.5__HTGTPCTDayChange_,,,buyYearHigh-0,",0.7976701676078773,3,2,1
"PCDCLT0PCTChangeGT0,_HTGT1.5__LTGT1.5_,,,%%HLTF-LastDayUp:(DOWNTREND-OR-GLOBALDOWN)MaySellHighTail-LastDayMarketUp,##MAPositive_Uptrend(LT0),##MA-SMA200LT0SMA100GT0,",-4.315787867495893,1,0,1
"PCTChangeGT0,PCDayChange-0.5to0.5,_HTGT1.5__LTGT3.0_,,,chisSellSMA4Reversal,",4.5770374309620445,1,1,0
"PCTChangeGT2,year2High,_HTGT1.5_,,,%%:sellUpTrend-month3High,",-0.751356612701285,9,1,8
"PCTChangeLT-1,_LTGT3.0_,,,%%HLTF:(GLOBAL-UP)buyHighLowerTail-LastDayMarketUp,volumeUpsergedLast2n3n4DayUp,volSellContinueLast2DayDown-VolUp,",9.51676664759819,1,1,0
"PCTChangeLT-2,_LTGT1.5_,,,chisSellDownTrend-nearHigh,##(Check-chart-buy):YearHigh-InMinus,ReversalHighYear,",4.431555940490862,1,1,0
"PCTChangeLT-3,,,,volSellContinueLast2DayDown-VolUp,weekBarLowChangeLT-2,##(Check-chart-buy):month6High-InMinus,ReversalHighMonth6,",0.4481912796010828,1,1,0
"PCTChangeGT0.5,_HTGT1.5__LTGT3.0_,,,##MA-SMA200GT0SMA100LT0,",-2.7312453872170486,1,0,1
"PCTChangeLT-0.5,PCDayChange-0.5to0.5,_HTGT1.5_,,,%%:checkSell:CupDownDoji-lastDayLT(-2)TodayDoji,%%HLTF-LastDayUp:(DOWNTREND-OR-GLOBALDOWN)MaySellHighTail-LastDayMarketUp,##ML:buyRisingMA-down-0,",-1.793728774688475,1,0,1
"PCTChangeGT1,_HTGT1.5__HTGTPCTDayChange_,,,(Test)(check-chart-2-3MidCapCross)MaySellCheckChart-Risky,MaySellCheckChart-(IndexNotDownInSecondHalf),%%:sellUpTrend-month3High,",-2.3830155664107937,1,0,1
"PCTChangeLT-3,,,,chisSellFlag2Week-Risky,##(Check-chart-sell)Month3Low-Continue(InUpTrend),ReversalLowMonth3,",3.8637708943753264,1,1,0
"PCTChangeLT-1,_LTGT3.0_,,,volSellContinueLast2DayDown-VolUp,chisSellDownTrend-nearHigh,##(Check-chart-buy):YearHigh-InMinus,NearHighYear,",-0.6871546961325864,1,0,1
"PCTChangeLT-1,_LTGT1.5_,,,(Test)MayBuyCheckChart-last3DayDown,$$MayBuy-CheckChart(downTrend-mayReverseLast4DaysDown)-Risky,",-1.920936986019745,1,0,1
"PCTChangeLT-2,,,,weekBarLowChangeLT-2,volBuyRevarsalVolCrossed,##(Check-chart-buy):month3High-InMinus,ReversalHighMonth3,",-2.370505677874697,1,0,1
"PCDCGT0PCTChangeLT-1,_HTGT1.5__LTGT1.5__HTGTPCTDayChange__LTGTPCTDayChange_,,,chisBuyYearHigh-3,",-1.7025848914837043,1,0,1
"PCTChangeGT0.5,year2High,_HTGT3.0__HTGTPCTDayChange_,,,%%HLTF:maySellTail-tailGT2-7,10thDayGT20,",6.611116483967418,1,1,0
"PCTChangeGT1,_HTGT1.5_,,,%%:sellDowntrend-lastDayUp-ReversalHighTail,chisSellDowningMA-(check5MinuteDownTrendAndSellDowntrend)-Already10DayDown,",0.5883962582979806,1,1,0
"PCTChangeLT-3,_LTGT1.5_,,,chisSellFlagWeek-Risky,checkCupDown-3dayDown,##(Check-chart-buy):month3High-InMinus,ReversalHighMonth3,",-1.373877539649024,1,0,1
"PCTChangeGT2,,,,chisFinalBreakOutBuyContinue-1-test-atYearLow,chisFinalBreakOutBuyContinue-0-test-atYearLow,",-0.7910067221673985,3,1,2
"PCTChangeLT-3,,,,checkSellConsolidationBreakDown-month3HighGTMonth3Low,chisSellDownTrend-nearHigh,##(Check-chart-buy):YearHigh-InMinus,ReversalHighYear,",-1.5793486517907387,2,1,1
"PCTChangeLT-2,,,,volSellContinueLast2DayDown-VolUp,week2BarLowChangeLT0,",0.28753918476042584,1,1,0
"PCTChangeLT-0.5,PCDayChange-0.5to0.5,_HTGT1.5_,,,%%HLTF-Last2HighTail:(DOWNTREND)sell(UPTREND)buy:HighUpperTailPre,%%HLTF-LastDayUp:(DOWNTREND-OR-GLOBALDOWN)MaySellHighTail-LastDayMarketUp,",0.11669613194257455,6,3,3
"PCTChangeGT2,,,,##(Check-chart-sell):month3Low-InPlus,ReversalLowMonth3,##UPTREND:buyMonth3LowReversal(Confirm),",-0.27288153199238957,28,13,15
"PCTChangeLT-2,_LTGT1.5_,,,weekBarLowChangeLT-2,##DOWNTREND:sellMonth3HighReversal(InDownTrend),##(Check-chart-buy):month3High-InMinus,ReversalHighMonth3,",3.2692346817407727,1,1,0
"PCTChangeGT1,,,,week2BarHighChangeGT0,##UPTREND:buyMonth3LowReversal(Confirm),",1.141265609671348,1,1,0
"PCTChangeLT-1,PCDayChange-0.5to0.5,_LTGT3.0_,,,%%HLTF:(GLOBAL-DOWN)sellHighLowerTail-Reversal-LastDayMarketUp,##(Test):buyRisingMA-uptrend-SMA25gt0,",1.9603320757266656,1,1,0
"PCTChangeGT3,,,,vol-sell-DownVol-3dayUp-Week2High,##MAPositive_Uptrend(GT4.5),##MA-SMA200GT0SMA100GT0,##last2DayHighGT3-M3HLT0,",1.9960080110504794,1,1,0
"PCTDayChangeLT0,_LTGT1.5_,,,%%:checkSell:CupDownDoji-last2lastDayLT0orTodayGT0,%%HLTF:(GLOBAL-DOWN)sellHighLowerTail-Reversal-LastDayMarketUp,",-2.753886539217244,1,0,1
"PCTChangeGT12,,,,volumeUpsergedLast2n3n4DayDown,",1.294325744586243,1,1,0
"PCTChangeLT-2,year2High,_LTGT1.5_,,,volBuyReversalLast2DayDown-VolDown,##sellTenDaysMoreThanTen,",-1.0032854582133968,1,0,1
"PCDCLT0PCTChangeGT1,PCDayChange-0.5to0.5,_LTGT3.0_,,,%%:checkSell:CupDownDoji-lastDayLT(-2)TodayDoji,",0.8652068230799396,1,1,0
"PCTChangeLT-1,_HTGT1.5__HTGTPCTDayChange_,,,##MAPositive_Uptrend(LT-2),##MA-SMA200GT0SMA100GT0,",-1.4856388546306405,1,0,1
"PCTChangeLT-2,,,,(SMA4LT(-1.5)),##DOWNTREND:sellMonth6High(InDownTrend),##(Check-chart-buy):month3High-InMinus,BreakHighMonth3,",-1.2971698113207526,1,0,1
"PCTChangeLT-3,,,,checkCupDown-mayReversalBuy,##ML:BuyRisingMA-Risky-0,",-3.5481239804241436,1,0,1
"PCTChangeGT0.5,,,,week2BarHighChangeGT0,chisBuyYearHigh-3,",-0.9027005095196591,2,1,1
"PCTChangeLT-5,,,,volSellContinueLast2DayDown-VolUp,chisDownTrend-Risky-nearHigh,",-0.45219377040234277,13,5,8
"PCTChangeLT-3,_HTGT1.5_,,,checkCupDown-2dayDown-mayReversalBuy,##DOWNTREND:sellYear2HighReversal(InDownTrend),##last2DayLow(LT-3)-M3LGT0,##(Check-chart-buy):month3High-InMinus,ReversalHighMonth3,",0.5894275159541461,1,1,0
"PCTChangeLT-1,_HTGT3.0__LTGT1.5_,,,chisSell-smallUptrendReversal,",6.56148616912967,1,1,0
"PCTChangeLT-8,year2Low,_HTGT3.0__LTGT1.5_,,,chisRSISellCandidate(yearLow)-lessThanMinus5,",4.534763253695327,1,1,0
"PCTChangeGT5,_LTGT3.0_,,,chisBuyUpTrend-nearLow,",1.1168446431819186,1,1,0
"PCTChangeLT-2,_HTGT1.5_,,,checkCupDown-3dayDown,volBuyRevarsalVolCrossed,##(Check-chart-buy):month3High-InMinus,ReversalHighMonth3,",-2.3915539049122563,1,0,1
"PCTChangeLT-3,,,,(GLOBALFUTDOWN-DOWNTRENDMARKET)checkSellConsolidationBreakDown-week2-lowNotReachedWeek3,week2BarLowChangeLT-2,weekLowLTweek2Low,##(Check-chart-buy):month3High-InMinus,ReversalHighMonth3,",-0.6765305963761732,4,2,2
"PCTChangeGT1,_HTGT1.5_,,,$$MaySell-CheckChart(monthHigh-minimumLast4DayUp),$$MaySell-CheckChart(downTrend-mayReverseLast4DaysUp)-Risky,",-0.2598572737303763,1,0,1
"PCTChangeLT-5,_HTGT1.5__LTGT1.5__HTGTPCTDayChange__LTGTPCTDayChange_,,,##MANegative_Downtrend_(LT-1),##MA-SMA200LT0SMA100LT0,",0.021609018012064718,2,1,1
"PCTChangeLT-1,_HTGT1.5_,,,%%HLTF-Last2HighTail:(DOWNTREND)sell(UPTREND)buy:HighUpperTailPre,%%HLTF:(UPTREND-MorningTrend-UP)mayBuyTail-highTailGT2-7,10thDayGT10-Last2DayStockDown,",-4.981025016734388,2,0,2
"PCTChangeLT-5,_LTGT1.5_,,,volumeUpsergedLast2n3n4DayUp,",-0.337695225385334,2,1,1
"PCTChangeLT-5,_LTGT1.5_,,,volumeUpsergedLast2n3n4DayUp,volSellContinueLast2DayDown-VolUp,",-1.149769377600225,1,0,1
"PCTChangeGT3,,,,##MAPositive_Uptrend(GT2),##MA-SMA200GT0SMA100GT0,",-0.12246116922014762,194,90,101
"PCTChangeLT-5,_LTGT1.5_,,,##MANegative_Downtrend_(LT-4.5),##MA-SMA200LT0SMA100LT0,",0.7817316358555577,43,24,19
"PCTChangeGT0,PCDayChange-0.5to0.5,year2High,_HTGT1.5__LTGT3.0_,,,%%HLTF:(GLOBAL-DOWN)sellHighLowerTail-Reversal-LastDayMarketUp,",-4.323533002068009,1,0,1
"PCTDayChangeLT0,,,,chisSellFlag2Week-Risky,",0.6598588264978333,1,1,0
"PCTChangeLT-3,_LTGT1.5_,,,(GLOBALFUTDOWN-DOWNTRENDMARKET)checkSellConsolidationBreakDown-week2-lowNotReachedWeek3,week2BarLowChangeLT-2,##DOWNTREND:sellMonth6HighReversal(InDownTrend),##(Check-chart-buy):month3High-InMinus,ReversalHighMonth3,",6.693850016565469,1,1,0
"PCTChangeGT2,year2High,,,,volumeUpsergedLast2n3n4DayDown,",-0.3793538316974218,4,2,2
"PCTChangeGT5,_HTGT1.5__LTGT3.0_,,,##MANegative_Downtrend_(GT4.5),##MA-SMA200GT0SMA100LT0,",-2.63345340534179,1,0,1
"PCTChangeGT2,_LTGT3.0_,,,##RisingMA(Test)(check-chart-buy)-1DayUp,",-0.35382708100925314,1,0,1
"PCTChangeGT1,PCDayChange-0.5to0.5,_LTGT3.0_,,,chisSellFlagWeek-doji-Risky,",-2.20198810232134,1,0,1
"PCTChangeGT3,_HTGT1.5_,,,chisSellYear2LowLT-40-last3DayDown(triggerAfter-9:15),##MANegative_Downtrend_(GT2),##MA-SMA200LT0SMA100LT0,",-9.277776082356766,1,0,1
"PCTChangeLT-3,,,,weekBarLowChangeLT-2,brokenToday,##ML:sellRisingMA-down-(Risky),",1.9047651341352576,1,1,0
"PCTChangeLT-2,_HTGT1.5_,,,volBuyReversalLast2DayDown-VolDown,chisBuyFinalContinue-3,",-11.407599426945405,1,0,1
"PCTChangeGT1,,,,volBuyContinueLast2DayUp-VolUp,weekBarHighChangeGT0,brokenToday,",-1.0942011294157628,1,0,1
"PCTChangeLT-8,year2High,_HTGT1.5_,,,(GLOBAL-DOWN)maySellContinueHighVolatileLastDayDOWN-month3LowGT0-(LT-8),",-2.5982175554548053,1,0,1
"PCTChangeLT-2,,,,chisSellUpTrend-Risky-2,##(Check-chart-sell)Month3Low-Continue(InUpTrend),ReversalLowMonth3,",1.4094792802295966,1,1,0
"PCTChangeGT3,_HTGT1.5__LTGT1.5_,,,$$(DOWNTREND-OR-GLOBALDOWN)MaySellContinue-CheckChart(inuptrend-monthlow)-highTail,",-2.6341213673350374,1,0,1
"PCTChangeGT1,_LTGT1.5_,,,chisSellFlagWeek-doji-Risky,",1.61059608340634,1,1,0
"PCTChangeGT2,,,,weekBarHighChangeGT2,##UPTREND:buyYearLowReversal(Confirm),",-0.04220781116731977,1,0,1
"PCTChangeLT-1,_LTGT3.0_,,,%%HLTF:(GLOBAL-DOWN)sellHighLowerTail-Reversal-LastDayMarketUp,##(Check-chart-buy):YearHigh-InMinus,ReversalHighYear,",0.5817629256338416,1,1,0
"PCTChangeLT-3,,,,%%checkCupDown-2dayDown-continue,##DOWNTREND:sellYear2HighReversal(InDownTrend),##(Check-chart-buy):month3High-InMinus,ReversalHighMonth3,",2.942544424740812,1,1,0
"PCTChangeLT-2,,,,checkCupDown-near2WeekDown-mayReveresalBuy,(GLOBALFUTDOWN-DOWNTRENDMARKET)checkSellConsolidationBreakDown-week2-lowNotReachedWeek3,week2BarLowChangeLT0,##DOWNTREND:sellYear2HighReversal(InDownTrend),chisSellDayLowVolLow-03-checkMorningTrend(.5SL),##(Check-chart-buy):YearHigh-InMinus,ReversalHighYear,",-2.271827612878121,1,0,1
"PCTChangeGT1,PCDayChange-0.5to0.5,_HTGT1.5__LTGT1.5_,,,shortUpTrendBuyContinue-Doji-Last2DayGTToday,##MAPositive_Uptrend(GT0),##MA-SMA200LT0SMA100LT0,",-4.640568437453265,1,0,1
"PCDCLT0PCTChangeGT1,PCDayChange-0.5to0.5,_HTGT3.0__LTGT3.0_,,,%%HLTF:(SGXNIFTYUP)buyHighLowerTail-Continue,",3.9486537644216035,1,1,0
"PCTChangeGT3,year2Low,_HTGT1.5__LTGT1.5_,,,##buyTenDaysLessThanMinusTen,",2.248710521589843,1,1,0
"PCTDayChangeLT0,,,,chisSellFlagWeek-Risky,chisDownTrend-Risky-nearHigh,",-0.1414142068039228,1,0,1
"PCTChangeLT-1,,,,volBuyReversalLast2DayDown-VolDown,mayBuyFromSellPattern-GT1.8,",1.9801202236782904,3,3,0
"PCTChangeGT2,_HTGT1.5__HTGTPCTDayChange_,,,%%HLTF:(DOWNTREND-OR-GLOBALDOWN)maySellTail-tailGT2-2,3,4thDayGT0,VOL:sell-DownVol-3dayUp-Week2Low,",2.435679623847548,1,1,0
"PCTChangeGT3,year2High,,,,volBuyContinueLast2DayUp-VolUp,week2BarHighChangeGT0,brokenToday,",1.8270346170711673,1,1,0
"PCTChangeGT5,_LTGT1.5_,,,chisSellYear2LowLT-40-last4DayDown(triggerAfter-9:15),##MANegative_Downtrend_(GT4.5),##MA-SMA200LT0SMA100LT0,",2.9684223375822367,1,1,0
"PCTChangeLT-3,,,,##DOWNTREND:sellYearHighReversal(InDownTrend),##(Check-chart-buy):month3High-InMinus,ReversalHighMonth3,",-0.3011146584328192,6,2,4
"PCTChangeGT0,PCDayChange-0.5to0.5,_LTGT3.0_,,,chisSellDowningMA-(check5MinuteDownTrendAndSellDowntrend),",-3.5634146962817885,2,0,2
"PCTChangeLT-0.5,,,,chisSell-smallUptrendReversal,",-0.35274144803081836,28,13,15
"PCTChangeGT0.5,_HTGT1.5__LTGT1.5_,,,chisBuyYearHigh-3,",0.5590835902858868,7,4,3
"PCTChangeLT-1,,,,%%:checkSell:ConsolidationBreakDown(NotShapeA)-2week,checkSellConsolidationBreakDown-2week,week2BarLowChangeLT0,chisDownTrend-Risky-nearHigh,",-0.24781519052933473,1,0,1
"PCTChangeGT0,_HTGT1.5_,,,(Test)MaySell-CheckChart(downTrend-lastDayUp),",0.37146455082421054,4,3,1
"PCTChangeGT8,_HTGT1.5_,,,%%HLTF-Last2HighTail:(UPTREND)buy(DOWNTREND)sell:HighUpperTailPre-last2DayUp,volumeUpsergedLast2n3n4DayDown,",-2.7698814755394334,2,0,2
"PCDCLT0PCTChangeGT1,PCDayChange-0.5to0.5,_LTGT1.5_,,,%%:checkSell:Super-Risky,+-,",-1.8750000000000095,1,0,1
"PCTChangeGT5,,,,weekBarHighChangeGT5,",-0.7789739589784228,20,5,15
"PCTChangeLT-2,,,,(GLOBALFUTDOWN-DOWNTRENDMARKET)checkSellConsolidationBreakDown-week2-lowNotReachedWeek3,week2BarLowChangeLT-2,##DOWNTREND:sellYear2HighReversal(InDownTrend),%%:checkBuyRevarsalLast3DayDownAtMonth3High,##(Check-chart-buy):month3High-InMinus,ReversalHighMonth3,",-1.7709964806606642,1,0,1
"PCTChangeGT1,,,,volBuyContinueLast2DayUp-VolUp,##(Check-chart)ML:buyMonth3High-Continue,",-0.19839732953752498,2,1,1
"PCTChangeLT-3,_LTGT1.5_,,,chisDownTrend-Risky-nearHigh,##DOWNTREND:sellYear2HighReversal(InDownTrend),chisSellDayLowVolLow-0,",1.5600016276041684,1,1,0
"PCTChangeLT-1,_HTGT3.0__HTGTPCTDayChange_,,,weekBarLowChangeLT0,##MANegative_Downtrend_(LT-2),##MA-SMA200LT0SMA100LT0,",1.6500409040684425,1,1,0
"PCTChangeLT-8,_HTGT1.5__LTGT1.5_,,,chisSellFinalCandidate-(lastDayUp)-(highChange),",-4.879998779296875,1,0,1
"PCTChangeGT3,_HTGT1.5__HTGTPCTDayChange_,,,MaySellCheckChart-(IndexNotDownInSecondHalf),%%:sellUpTrend-month3High,##MAPositive_Uptrend(GT1),##MA-SMA200LT0SMA100GT0,",-1.9773645724761713,1,0,1
"PCDCGT0PCTChangeLT-3,_HTGT3.0__LTGT1.5_,,,##MA-SMA200LT0SMA100LT0,",-5.985915492957731,1,0,1
"PCTChangeLT-3,,,,checkCupDown-inDownTrend-month3HighLTmonth3Low,bar_low,volBuyReversalLast2DayDown-VolDown,##sellTenDaysMoreThanTen,",-1.0324483775811193,1,0,1
"PCTChangeGT3,,,,chisUpTrend-Risky-nearLow,BuyYearLow,",-2.3388833538676046,2,0,2
"PCTChangeLT-2,,,,checkCupDown-near2WeekDown-mayReveresalBuy,weekBarLowChangeLT-2,brokenToday,",0.19880195322897382,1,1,0
"PCTChangeLT-0.5,,,,%%:checkSell:Super0,chisDownTrend-Risky-nearHigh,",-3.7404455552306404,1,0,1
"PCTChangeGT2,_HTGT1.5__LTGT1.5_,,,(GLOBALFUTUP-UPTRENDMARKET)checkBuyConsolidationBreakUp-week2-highNotReachedWeek3,week2BarHighChangeGT0,brokenToday,##UPTREND:buyMonth6LowReversal(Confirm),",-1.1267648616307069,1,0,1
"PCTChangeGT5,_HTGT3.0__LTGT1.5_,,,##MAPositive_Uptrend(GT4.5),##MA-SMA200GT0SMA100GT0,",-2.598598505960218,2,0,2
"PCTChangeGT3,,,,chisCheckConsolidationBreakoutLT(4.5),(GLOBALFUTUP-UPTRENDMARKET)checkBuyConsolidationBreakUp-week2-highNotReachedWeek3,week2BarHighChangeGT2,",-0.7301808553351375,7,4,3
"PCTChangeGT8,_HTGT1.5_,,,volSellReversalLast2DayUp-VolDown,chisBuyFinalContinueReversal-2,",-1.44285365513394,1,0,1
"PCTChangeLT-3,PCDayChange-0.5to0.5,_HTGT3.0__LTGT3.0_,,,##MA-SMA200LT0SMA100LT0,",-1.0722503662109428,1,0,1
"PCTDayChangeLT0,_HTGT1.5__LTGT3.0__HTGTPCTDayChange__LTGTPCTDayChange_,,,%%HLTF:(GLOBAL-DOWN)sellHighLowerTail-Reversal-LastDayMarketUp,",-5.904848771278952,1,0,1
"PCTChangeLT-2,_HTGT1.5_,,,$$MayBuyContinue-CheckChart-baseLine(inDownTrend-monthHigh)-PCTDayChangeLT(-2),",4.947477398016123,1,1,0
"PCTChangeLT-3,_LTGT1.5_,,,%%:checkSell:FlagWeek,",-2.190825245668535,2,0,2
"PCTChangeLT-0.5,year2High,,,,##(Test)(check-chart)-buySMAUpTrend,",-1.2799076363881021,6,1,5
"PCTChangeLT-1,,,,%%:checkSell:Flag2Week,checkCupDown,bar_low,",0.5149865783088399,1,1,0
"PCTChangeLT-1,PCDayChange-0.5to0.5,_LTGT1.5_,,,%%:check(UPTREND-UPMARKET)Buy(DOWNTRENDTREND-DOWNMARKET)Sell:Super01-monthLow,",-0.2843377890598657,2,1,1
"PCTChangeLT-3,,,,##MANegative_Downtrend_(LT-2),##MA-SMA200LT0SMA100LT0,##DOWNTREND:sellYearLowBreak,",-0.9067004303778105,23,8,15
"PCTDayChangeLT0,PCDayChange-0.5to0.5,_HTGT3.0_,,,%%HLTF-Last2HighTail:(DOWNTREND)sellHighUpperTailPre,",-1.328619270317824,3,0,3
"PCTChangeLT-3,,,,weekBarLowChangeLT-2,brokenToday,chisDownTrend-Risky-nearHigh,##DOWNTREND:sellYear2HighReversal(InDownTrend),",-0.4322810449016242,1,0,1
"PCTChangeLT-3,,,,checkCupDown-3dayDown,VOL:sell(GLOBALFUTUP-GLOBALMARKETUP)Buy-UpVol-3dayDown-Week2High,##(Check-chart-buy):month3High-InMinus,ReversalHighMonth3,",-0.8037522108892114,1,0,1
"PCTChangeLT-2,_LTGT1.5_,,,##(Check-chart-buy):YearHigh-InMinus,NearHighYear,",1.0340880653029796,4,2,2
"PCTChangeGT3,,,,volSellReversalLast2DayUp-VolDown,(GLOBALFUTUP-UPTRENDMARKET)checkBuyConsolidationBreakUp-week2-highNotReachedWeek3,week2BarHighChangeGT0,brokenToday,",0.7863000321061702,1,1,0
"PCTChangeGT3,_LTGT1.5_,,,##MAPositive_Uptrend(GT4.5),##MA-SMA200GT0SMA100LT0,##last2DayHighGT3-M3HLT0,",-2.997281864218036,1,0,1
"PCTChangeLT-3,,,,vol-buy-DownVol-3dayDown-Week2Low,##MANegative_Downtrend_(LT-2),##MA-SMA200LT0SMA100LT0,",-0.07246433409401115,6,3,3
"PCTChangeGT3,_LTGT1.5_,,,##(Check-chart-sell):month3Low-InPlus,ReversalLowMonth3,chisUpTrend-Risky-nearLow,(GLOBALFUTUP-UPTRENDMARKET)checkBuyConsolidationBreakUp-week2-highNotReachedWeek3,week2BarHighChangeGT5,weekHighGTweek2High,##UPTREND:buyMonth3LowReversal(Confirm),",4.099694223989482,1,1,0
"PCDCLT0PCTChangeGT0,_HTGT1.5_,,,%%:checkSell:Super0,%%:sellDowntrend-lastDayDown-ReversalHighTail,",1.027504140119326,1,1,0
"PCTChangeGT5,_LTGT1.5_,,,volBuyContinueLast2DayUp-VolUp,chisCheckConsolidationBreakoutLT(4.5),(GLOBALFUTUP-UPTRENDMARKET)checkBuyConsolidationBreakUp-week2-highNotReachedWeek3,week2BarHighChangeGT2,brokenToday,",-1.9510158021265045,1,0,1
"PCTChangeGT0.5,PCDayChange-0.5to0.5,_LTGT1.5_,,,%%HLTF:(SGXNIFTYUP)buyHighLowerTail-Continue,##MAPositive_Uptrend(GT0),##MA-SMA200GT0SMA100GT0,",0.9210486161081437,1,1,0
"PCDCLT0PCTChangeGT1,_LTGT1.5_,,,chisSell-smallUptrendReversal,",-1.2928576536054857,7,3,4
"PCTDayChangeLT0,_HTGT1.5__LTGT1.5_,,,##MA-SMA200GT0SMA100LT0,",1.6772113268888449,1,1,0
"PCTChangeGT1,PCDayChange-0.5to0.5,,,,chisSellFlagWeek-doji-Risky,chisFinalBreakOutBuyContinue-1-test-atYearLow,chisFinalBreakOutBuyContinue-0-test-atYearLow,",-0.8895686799031938,1,0,1
"PCTChangeGT5,_LTGT1.5_,,,%%HLTF-Risky:(GLOBAL-DOWN)sellHighLowerTail-Reversal-LastDayMarketUp,(GLOBALFUTUP-UPTRENDMARKET)checkBuyConsolidationBreakUp-week2-highNotReachedWeek3,week2BarHighChangeGT5,weekHighGTweek2High,##last2DayHighGT3-M3HLT0,",-2.530256340098088,1,0,1
"PCTChangeGT0.5,PCDayChange-0.5to0.5,_HTGT3.0_,,,%%HLTF-Last2HighTail:(UPTREND)buy(DOWNTREND)sell:HighUpperTailPre-last2DayUp,%%HLTF:maySellTail-tailGT2-7,10thDayGT20,%%HLTF:(UPTREND-GLOBAL/SGX-UP)BuyHighUpperTail-Reversal-7,10thDayGT15-LastDayMarketDown,##MAPositive_Uptrend(GT0),##MA-SMA200LT0SMA100GT0,",5.981312214028423,1,1,0
"PCTChangeLT-2,year2Low,_HTGT3.0__LTGT1.5__HTGTPCTDayChange__LTGTPCTDayChange_,,,zigZagVolCrossedFromUp,",-1.1434956132476062,1,0,1
"PCTChangeLT-1,_LTGT1.5_,,,shortDownTrendBuyReversal-Month3Low-Doji-Last2DayLTToday,$$MayBuy-CheckChart(downTrend-mayReverseLast4DaysDown)-Risky,",1.0907003444316956,1,1,0
"PCTChangeGT3,,,,VOL:sell-UpVol-3dayUp-Week2High,chisBuy-2week-breakoutup(check-chart)(|-|-| or --|),##last2DayHighGT3-M3HLT0,",-0.3914612468027027,1,0,1
"PCTChangeLT-3,_HTGT1.5_,,,(GLOBALFUTDOWN-DOWNTRENDMARKET)checkSellConsolidationBreakDown-week2-lowNotReachedWeek3,week2BarLowChangeLT0,chisDownTrend-Risky-nearHigh,##(Check-chart-buy):month3High-InMinus,ReversalHighMonth3,",-5.664109432245958,1,0,1
"PCTChangeGT2,,,,##MAPositive_Uptrend(GT1),##MA-SMA200GT0SMA100GT0,",0.09681688077894296,36,20,16
"PCTChangeGT3,_LTGT1.5_,,,$$(DOWNTREND-OR-GLOBALDOWN)MaySellContinue-CheckChart(inuptrend-monthlow)-PCTDayChangeGT2,",-1.4376227617324397,1,0,1
"PCTChangeGT1,,,,chisBuyFinalContinueReversal-2,",3.743525953005843,1,1,0
"PCTChangeGT1,_LTGT1.5_,,,chisUpTrend-Risky-nearLow,",0.2666509577716874,34,17,17
"PCTChangeGT2,_HTGT1.5__HTGTPCTDayChange_,,,##MAPositive_Uptrend(GT2),##MA-SMA200GT0SMA100GT0,",-1.9399120674624533,1,0,1
"PCTDayChangeLT0,_LTGT3.0_,,,chisSell:Super03-monthLow,",-0.8008238926144289,1,0,1
"PCTChangeGT3,,,,volumeUpsergedLast2n3n4DayDown,##last2DayHighGT3-M3HLT0,",0.6108883705751385,9,5,4
"PCTChangeGT5,year2Low,,,,chisSellYear2LowLT-40-last3DayDown(triggerAfter-9:15),zigZagVolCrossedFromDown,",-4.0062092846224875,1,0,1
"PCTChangeGT5,year2High,_HTGT1.5_,,,chisCheckConsolidationBreakoutGT(4.5),weekBarHighChangeGT5,",0.8167797366514762,1,1,0
"PCTChangeGT1,year2High,_LTGT1.5_,,,weekBarHighChangeGT0,",-2.075041318657775,1,0,1
"PCTChangeLT-1,year2High,_LTGT1.5_,,,volumeUpsergedLast2n3n4DayUp,volSellContinueLast2DayDown-VolUp,",-1.774196028860807,1,0,1
"PCTChangeLT-3,_LTGT1.5_,,,volBuyVolumeUpsergedLast2n3DayUp,volBuyReversalLast2DayDown-VolUp,##last2DayLow(LT-3)-M3LLT0,",1.003827023972269,1,1,0
"PCTChangeLT-2,,,,(GLOBALFUTDOWN-DOWNTRENDMARKET)checkSellConsolidationBreakDown-week2-lowNotReachedWeek3,week2BarLowChangeLT-2,chisDownTrend-Risky-nearHigh,##DOWNTREND:sellMonth6HighReversal(InDownTrend),##(Check-chart-buy):month3High-InMinus,ReversalHighMonth3,",-1.5569394806432286,1,0,1
"PCTChangeLT-1,,,,##MAPositive_Uptrend(LT-2),##MA-SMA200LT0SMA100GT0,",0.49022837444536843,9,5,4
"PCTChangeLT-1,_HTGT1.5_,,,%%:checkSell:Super0,##MANegative_Downtrend_(LT-1),##MA-SMA200LT0SMA100LT0,",0.962818594408616,1,1,0
"PCTChangeGT1,,,,(GLOBALFUTUP-UPTRENDMARKET)checkBuyConsolidationBreakUp-week2-highNotReachedWeek3,week2BarHighChangeGT0,",-0.017052171775128227,34,19,15
"PCTChangeGT1,year2High,,,,%%:sellUpTrend-month3High,chisCheckConsolidationBreakout2WeekLT(4.5),",3.3709563376245395,1,1,0
"PCTChangeLT-5,_HTGT1.5_,,,volSellContinueLast2DayDown-VolUp,chisDownTrend-Risky-nearHigh,",4.12482271909898,2,2,0
"PCTChangeLT-3,,,,volBuyReversalLast2DayDown-VolDown,##DOWNTREND:sellMonth6LowBreak,",2.8476841402369564,1,1,0
"PCTChangeLT-5,,,,chisDownTrend-Risky-nearHigh,##DOWNTREND:sellMonth6HighReversal(InDownTrend),",-1.1475443188609977,1,0,1
"PCDCLT0PCTChangeGT0,_LTGT3.0_,,,%%:checkSell:CupDownDoji-lastDayLT(-2)TodayDoji,",-1.3034973144531257,1,0,1
"PCTChangeGT3,_HTGT1.5__LTGT3.0__LTGTPCTDayChange_,,,volBuyVolumeUpsergedLast2n3DayDown,",2.135517622689256,1,1,0
"PCTChangeLT-1,,,,volSellContinueLast2DayDown-VolUp,weekBarLowChangeLT0,brokenToday,",0.3251920964483469,5,3,2
"PCTChangeGT3,_LTGT1.5_,,,chisSellFinalContinue-(lastDayDown)-1,buyFinal,",0.45893572378849096,1,1,0
"PCTChangeGT3,,,,chisUpTrend-Risky-nearLow,checkBuyConsolidationBreakUp-2week,week2BarHighChangeGT2,brokenToday,chis-breakoutup-2week,",1.953003862703875,1,1,0
"PCTChangeLT-3,,,,weekBarLowChangeLT-2,brokenToday,##last2DayLow(LT-3)-M3LGT0,",1.0648628752868194,2,1,1
"PCTChangeGT3,_LTGT3.0_,,,%%HLTF:(GLOBAL-DOWN)sellHighLowerTail-Reversal-LastDayMarketUp,##RisingMA(Test)(check-chart-buy)-1DayUp,##MAPositive_Uptrend(GT1),##MA-SMA200LT0SMA100LT0,",0.8290187064847937,1,1,0
"PCTChangeLT-3,year2High,_HTGT1.5_,,,VOL:sell(GLOBALFUTUP-GLOBALMARKETUP)Buy-UpVol-3dayDown-Week2High,",-1.2610870243814178,2,1,1
"PCTChangeGT1,_HTGT1.5__LTGT1.5_,,,(GLOBALFUTUP-UPTRENDMARKET)checkBuyConsolidationBreakUp-week2-highNotReachedWeek3,week2BarHighChangeGT0,brokenToday,",0.8456219848512754,1,1,0
"PCTChangeLT-5,_HTGT1.5_,,,(GLOBALFUTDOWN-DOWNTRENDMARKET)checkSellConsolidationBreakDown-week2-lowNotReachedWeek3,week2BarLowChangeLT0,",1.458333333333331,1,1,0
"PCTChangeGT0.5,_HTGT1.5__HTGTPCTDayChange_,,,%%:checkSell:Super2,%%:sellDowntrend-lastDayUp-ReversalHighTail,chisSellDowningMA-(check5MinuteDownTrendAndSellDowntrend)-Already10DayDown,$$(DOWNTREND-OR-GLOBALDOWN)MaySellContinue-CheckChart(inuptrend-monthlow)-highTail,",0.6202652757769457,1,1,0
"PCTChangeGT2,_HTGT1.5__LTGT3.0__HTGTPCTDayChange__LTGTPCTDayChange_,,,chisUpTrend-Risky-nearLow,",-1.2356173558553194,1,0,1
"PCTChangeGT2,,,,##(Check-chart-sell):month3Low-InPlus,ReversalLowMonth3,##UPTREND:buyMonth6LowReversal(Confirm),",-2.4184107987661587,2,0,2
"PCTChangeGT0.5,,,,%%:checkSell:Super2,-+,chisSellDowningMA-(check5MinuteDownTrendAndSellDowntrend)-Already10DayDown,",-3.609471067168999,1,0,1
"PCTChangeGT3,,,,##(Check-chart-sell):month3Low-InPlus,ReversalLowMonth3,chisUpTrend-Risky-nearLow,chisCheckConsolidationBreakoutLT(4.5),(GLOBALFUTUP-UPTRENDMARKET)checkBuyConsolidationBreakUp-week2-highNotReachedWeek3,week2BarHighChangeGT0,brokenToday,chisSell-2week-breakoutup,##UPTREND:buyMonth3LowReversal(Confirm),",5.703127384185776,1,1,0
"PCTChangeGT3,,,,##(Check-chart-sell):month3Low-InPlus,BreakLowMonth3,buyPatternsML,",4.551805564484698,1,1,0
"PCTChangeGT8,,,,##MAPositive_Uptrend(GT2),##MA-SMA200GT0SMA100GT0,",0.9787247028756515,1,1,0
"PCTChangeGT3,,,,(GLOBALFUTUP-UPTRENDMARKET)checkBuyConsolidationBreakUp-week2-highNotReachedWeek3,week2BarHighChangeGT0,brokenToday,BuyYearLow,##UPTREND:buyYearLowReversal(Confirm),",0.0,1,0,0
"PCTChangeGT1,_HTGT3.0__HTGTPCTDayChange_,,,##(Check-chart)ML:buyMonth3High-Continue,",-1.933288900193416,1,0,1
"PCTChangeGT0.5,_HTGT1.5_,,,shortUpTrendSellReversal-Month3High-Doji-Last2DayGTToday,chisSellEveningStar-2(Check2-3MidCapCross),##MAPositive_Uptrend(GT0),##MA-SMA200LT0SMA100GT0,",-0.37532715866568733,1,0,1
"PCTChangeLT-3,,,,(GLOBALFUTDOWN-DOWNTRENDMARKET)checkSellConsolidationBreakDown-week2-lowNotReachedWeek3,week2BarLowChangeLT0,chisDownTrend-Risky-nearHigh,##(Check-chart-buy):month3High-InMinus,ReversalHighMonth3,##(check-chart)maySell-EMA6-MT-May-LT-EMA14,",-2.767942623480703,1,0,1
"PCTChangeGT3,_HTGT1.5_,,,volSellReversalLast2DayUp-VolDown,##last2DayHighGT3-M3HLT0,",-3.790582729878247,1,0,1
"PCTChangeGT3,,,,(GLOBALFUTUP-UPTRENDMARKET)checkBuyConsolidationBreakUp-week2-highNotReachedWeek3,week2BarHighChangeGT0,chisBuy-2week-breakoutup(check-chart)(|-|-| or --|),##(check-chart)mayBuy-EMA6-LT-May-MT-EMA14,",-1.1955198650991345,2,1,1
"PCTChangeLT-0.5,_HTGT3.0__HTGTPCTDayChange_,,,%%HLTF-Risky9:30:maySellTail-tailGT2-7,10thDayGT15,",0.959667613210473,3,2,1
"PCTChangeGT1,,,,chisSellSuper-Risky,-+,",0.1429104190232596,3,1,2
"PCTChangeGT0,_HTGT1.5_,,,chisBuyUpTrend-nearLow,",-0.2883222207583553,1,0,1
"PCTChangeLT-5,,,,##MANegative_Downtrend_(LT-2),##MA-SMA200LT0SMA100LT0,##DOWNTREND:sellYearLowBreak,##last2DayLow(LT-3)-M3LLT0,",1.3642297963250904,2,1,1
"PCTChangeGT2,,,,##MA-SMA200LT0SMA100GT0,",-1.3910524345070325,4,2,2
"PCTChangeLT-1,_LTGT3.0_,,,buyMorningStar-(checkChart),",-2.1565512055620126,3,0,3
"PCDCGT0PCTDayChangeLT0,PCDayChange-0.5to0.5,_LTGT1.5_,,,%%HLTF:(SGXNIFTYUP)buyHighLowerTail-Continue,chisBuyYearHigh-1,",-0.08620987220902065,1,0,1
"PCTChangeGT0,PCDayChange-0.5to0.5,_HTGT3.0_,,,%%:checkSell:Super2,-+,",2.317802040495779,1,1,0
"PCTChangeGT2,,,,chisUpTrend-Risky-nearLow,(GLOBALFUTUP-UPTRENDMARKET)checkBuyConsolidationBreakUp-week2-highNotReachedWeek3,week2BarHighChangeGT0,chis-breakoutup-2week,##UPTREND:buyYear2LowReversal(Confirm),",-1.0268526366759945,1,0,1
"PCTChangeLT-1,,,,##(Check-chart-buy):month3High-InMinus,ReversalHighMonth3,",-0.23128267778937409,408,175,228
"PCTChangeGT3,_HTGT1.5__HTGTPCTDayChange_,,,%%HLTF-Last2HighTail:(UPTREND)buy(DOWNTREND)sell:HighUpperTailPre-last2DayUp,%%HLTF-Risky9:30:maySellTail-tailGT2-7,10thDayGT15,##MAPositive_Uptrend(GT2),##MA-SMA200GT0SMA100GT0,",0.47086702795600033,1,1,0
"PCTChangeLT-1,_LTGT3.0_,,,%%HLTF:(GLOBAL-DOWN)sellHighLowerTail-Reversal-LastDayMarketUp,##(Test):buyRisingMA-uptrend-SMA25gt0,",2.191816663307501,1,1,0
"PCTChangeGT5,_LTGT1.5_,,,chisUpTrend-Risky-nearLow,##last2DayHighGT3-M3HLT0,",-2.7634732058544897,3,0,3
"PCTChangeGT0.5,_LTGT1.5_,,,%%:checkSell:lastDayLT(-4.5),",-0.5278241400353745,8,2,6
"PCTDayChangeLT0,,,,(SMA9LT0),",-0.022200571751205656,12,5,7
"PCTChangeLT-1,year2Low,_LTGT3.0_,,,volBuyVolumeUpsergedLast2n3DayUp,",0.16529093760761018,1,1,0
"PCTChangeGT2,year2Low,_HTGT3.0__LTGT1.5_,,,zigZagVolCrossedFromDown,",-3.90567661823847,1,0,1
"PCDCGT0PCTDayChangeLT0,PCDayChange-0.5to0.5,_HTGT1.5_,,,sellPattern-LT-1.5-SMALT0,(SMA9LT0),",-0.6910167818361247,1,0,1
"PCTChangeLT-3,_HTGT1.5_,,,##MANegative_Downtrend_(LT-4.5),##MA-SMA200GT0SMA100LT0,",10.916802563153151,1,1,0
"PCTChangeLT-3,,,,volBuyVolumeUpsergedLast2n3DayUp,",-0.5998842387679874,31,13,18
"PCTChangeLT-5,,,,volBuyReversalLast2DayDown-VolDown,##MANegative_Downtrend_(LT-4.5),##MA-SMA200GT0SMA100GT0,chisSellDayLowVolLow-01,",0.04010531991560829,1,1,0
"PCTChangeLT-3,year2High,_HTGT1.5_,,,%%HLTF:(UPTREND-MorningTrend-UP)mayBuyTail-highTailGT2-7,10thDayGT10-Last2DayStockDown,volBuyReversalLast2DayDown-VolDown,##last2DayLow(LT-3)-M3LGT0,",3.739019798364963,1,1,0
"PCTDayChangeLT0,,,,##ML:BuyRisingMA-Risky-2,",0.17320274703127955,7,4,3
"PCTChangeGT1,,,,week2BarHighChangeGT0,weekHighGTweek2High,brokenToday,chisBuyYearHigh-3,",-0.1990420633631126,4,2,2
"PCTDayChangeLT0,_HTGT3.0_,,,shortDownTrendSellContinue-Doji-Last2DayLTToday,",0.04889395323368628,2,1,1
"PCTChangeLT-2,,,,chisSellFlagWeek-Risky,chisSellDownTrend-nearHigh,##(Check-chart-buy):month3High-InMinus,ReversalHighMonth3,",1.0602729841687495,1,1,0
"PCTChangeLT-3,_HTGT1.5_,,,%%HLTF:(UPTREND-MorningTrend-UP)mayBuyTail-highTailGT2-7,10thDayGT10-Last2DayStockDown,volSellContinueLast2DayDown-VolUp,##(Check-chart-buy):month3High-InMinus,BreakHighMonth3,",4.508492762112551,1,1,0
"PCTChangeLT-2,_HTGT1.5_,,,chisSell-smallUptrendReversal,chisDownTrend-Risky-nearHigh,",0.13655123164543845,1,1,0
"PCDCGT0PCTChangeLT-8,_HTGT3.0__LTGT3.0__HTGTPCTDayChange__LTGTPCTDayChange_,,,##MA-SMA200GT0SMA100GT0,",-0.2429310111514675,1,0,1
"PCTChangeLT-1,_LTGT1.5_,,,$$MayBuy-CheckChart(downTrend-mayReverseLast4DaysDown),",-1.6293409793958797,7,1,6
"PCTChangeGT8,_HTGT1.5_,,,%%HLTF-Last2HighTail:(UPTREND)buy(DOWNTREND)sell:HighUpperTailPre-last2DayUp,",0.9465782454262506,7,4,3
"PCTChangeGT3,,,,volumeUpsergedLast2n3n4DayDown,weekBarHighChangeGT2,brokenToday,##last2DayHighGT3-M3HGT0,",0.6193938269854286,1,1,0
"PCTChangeLT-3,,,,##MANegative_Downtrend_(LT-2),##MA-SMA200LT0SMA100LT0,zigZagVolCrossedFromUp,",-0.2097412439741096,1,0,1
"PCTChangeLT-0.5,PCDayChange-0.5to0.5,_HTGT1.5_,,,%%HLTF:(UPTREND-MorningTrend-UP)mayBuyTail-highTailGT2-7,10thDayGT10-Last2DayStockDown,",-2.514096429014607,1,0,1
"PCTChangeGT5,year2High,_LTGT1.5_,,,%%HLTF-Risky:(GLOBAL-DOWN)sellHighLowerTail-Reversal-LastDayMarketUp,volumeUpsergedLast2n3n4DayDown,",-2.3789022201764034,1,0,1
"PCTChangeLT-5,_LTGT1.5_,,,(GLOBAL-DOWN)maySellContinueHighVolatileLastDayDOWN-(LT-5),chisSell-smallUptrendReversal,",-1.1920233431327563,1,0,1
"PCTChangeLT-5,_HTGT1.5__LTGT1.5_,,,##MANegative_Downtrend_(LT-4.5),##MA-SMA200GT0SMA100LT0,chisSellDayLowVolLow-01,",4.6447352359169445,1,1,0
"PCTChangeLT-1,_HTGT1.5__LTGT1.5__HTGTPCTDayChange__LTGTPCTDayChange_,,,volBuyRevarsalVolCrossed,%%:checkBuyRevarsalLast3DayDownAtMonth3High,",-0.6301986357100929,1,0,1
"PCTChangeGT3,,,,chisBuy-2week-breakoutup(check-chart)(|-|-| or --|),",0.23468864345342855,81,42,38
"PCTChangeLT-1,_HTGT1.5__LTGT1.5_,,,##(Check-chart-buy):month3High-InMinus,NearHighMonth3,",0.8903525928715297,1,1,0
"PCTChangeLT-2,,,,(GLOBALFUTDOWN-DOWNTRENDMARKET)checkSellConsolidationBreakDown-week2-lowNotReachedWeek3,week2BarLowChangeLT-2,weekLowLTweek2Low,chisDownTrend-Risky-nearHigh,##DOWNTREND:sellYear2HighReversal(InDownTrend),##(Check-chart-buy):month3High-InMinus,ReversalHighMonth3,##(check-chart)maySell-EMA6-MT-May-LT-EMA14,",0.24489706619887863,2,1,1
"PCTChangeGT1,_HTGT1.5__LTGT1.5__HTGTPCTDayChange_,,,buyYearHigh-0,",2.2979813392716224,1,1,0
"PCTChangeLT-0.5,_HTGT1.5__LTGT3.0_,,,%%HLTF:(GLOBAL-DOWN)sellHighLowerTail-Reversal-LastDayMarketUp,",2.0731862081055046,1,1,0
"PCTChangeGT8,_HTGT1.5__LTGT1.5_,,,##MAPositive_Uptrend(GT4.5),##MA-SMA200LT0SMA100GT0,",-8.80900953906452,1,0,1
"PCTChangeGT3,_LTGT1.5_,,,volBuyVolumeUpsergedLast2n3DayDown,volBuyContinueLast2DayUp-VolUp,chisCheckConsolidationBreakoutLT(4.5),##(check-chart)mayBuy-EMA6-LT-May-MT-EMA14,",0.12731198911313746,1,1,0
"PCTChangeGT2,,,,(GLOBALFUTUP-UPTRENDMARKET)checkBuyConsolidationBreakUp-week2-highNotReachedWeek3,week2BarHighChangeGT0,brokenToday,chisSell-2week-breakoutup,",-0.43022363688959875,1,0,1
"PCTChangeLT-8,_HTGT3.0__LTGT3.0_,,,volSellContinueLast2DayDown-VolUp,##(Test)(Check-chart-sell):year2Low-InMinus,",-4.426232843451161,1,0,1
"PCTChangeGT3,,,,%%:sellUpTrend-month3High,##MAPositive_Uptrend(GT1),##MA-SMA200LT0SMA100GT0,",-0.049807659881705005,1,0,1
"PCTChangeLT-2,_LTGT1.5_,,,vol-buy-DownVol-3dayDown-Week2Low,##MANegative_Downtrend_(LT-2),##MA-SMA200LT0SMA100LT0,##DOWNTREND:sellYearLowBreak,",-1.0189544533101345,1,0,1
"PCTChangeLT-2,,,,%%checkCupDown-2dayDown-continue,##longDownTrend-2-IndexNotDownLastDay(checkBase),chisDownTrend-Risky-nearHigh,",1.8944829487972121,1,1,0
"PCTChangeGT5,_HTGT1.5__LTGT1.5_,,,volumeUpsergedLast2n3n4DayDown,",-1.2922933434458883,1,0,1
"PCTChangeGT1,PCDayChange-0.5to0.5,,,,chisSellFlagWeek-doji-Risky,",-0.041591214605425364,10,5,5
"PCTChangeGT2,,,,##(Check-chart-sell):month3Low-InPlus,BreakLowMonth3,chisBuyUpTrend-1-YearHigh,",0.8121277881885075,1,1,0
"PCTChangeGT0,_HTGT1.5__HTGTPCTDayChange__LTGTPCTDayChange_,,,chisSellDowningMA-(check5MinuteDownTrendAndSellDowntrend),",-2.0938930899027373,1,0,1
"PCDCGT0PCTDayChangeLT0,_LTGT1.5_,,,%%:checkSell:FlagWeek-doji,",-2.624006690027697,1,0,1
"PCDCLT0PCTChangeGT0,,,,##(Test)(check-chart)-buySMAUpTrend,",1.205674618019939,11,8,3
"PCTChangeLT-2,_LTGT1.5_,,,checkCupDown-2dayDown-mayReversalBuy,chisSellDownTrend-nearHigh,##(Check-chart-buy):YearHigh-InMinus,NearHighYear,",-1.4181548326978322,1,0,1
"PCTChangeGT3,,,,##(Check-chart-sell):month3Low-InPlus,ReversalLowMonth3,volBuyContinueLast2DayUp-VolUp,##UPTREND:buyMonth3LowReversal(Confirm),",-2.8492481739552113,1,0,1
"PCTChangeGT3,year2High,_HTGT3.0__HTGTPCTDayChange_,,,(GLOBALFUTUP-UPTRENDMARKET)checkBuyConsolidationBreakUp-month,weekBarHighChangeGT2,",-0.3408406447071503,1,0,1
"PCTChangeLT-0.5,_HTGT1.5__HTGTPCTDayChange_,,,%%HLTF-Last2HighTail:(DOWNTREND)sellHighUpperTailPre,%%HLTF:maySellTail-tailGT2-7,10thDayGT0,shortDownTrendSellContinue-Doji-Last2DayLTToday,",1.2658180431338462,1,1,0
"PCTChangeLT-2,,,,sellPatternsML,##MA-SMA200LT0SMA100LT0,",-4.563575160194472,1,0,1
"PCTChangeLT-3,_HTGT1.5__LTGT3.0__LTGTPCTDayChange_,,,%%HLTF:(GLOBAL-DOWN)sellHighLowerTail-Reversal-LastDayMarketUp,",1.2790697674418565,1,1,0
"PCTChangeLT-3,,,,##(Check-chart-sell)Month3Low-Continue(InUpTrend),ReversalLowMonth3,zigZagVolCrossedFromUp,",6.588453591112879,1,1,0
"PCTChangeLT-2,,,,volBuyReversalLast2DayDown-VolDown,##longDownTrend-2-IndexNotDownLastDay(checkBase),",-0.6208507511433652,1,0,1
"PCTChangeGT3,_LTGT1.5_,,,##(Check-chart-sell):month3Low-InPlus,NearLowMonth3,",-13.855840635449043,1,0,1
"PCTChangeLT-3,,,,checkCupDown-inDownTrend-month3HighLTmonth3Low,bar_low,(SMA9LT0),",-0.8309893540933099,1,0,1
"PCTChangeLT-3,,,,(GLOBALFUTDOWN-DOWNTRENDMARKET)checkSellConsolidationBreakDown-week2-lowNotReachedWeek3,week2BarLowChangeLT-2,weekLowLTweek2Low,##(Check-chart-buy):YearHigh-InMinus,ReversalHighYear,",-0.6821855506032634,2,1,1
"PCDCGT0PCTChangeLT-1,_HTGT1.5__HTGTPCTDayChange_,,,%%:sellDowntrend-lastDayUp-ReversalHighTail,",-1.3953969363691254,3,0,3
"PCTChangeLT-2,,,,checkCupDown-2dayDown-mayReversalBuy,",0.15549752927067695,21,12,9
"PCTChangeLT-5,,,,chisBuyMay5DayFloorReversal,##last2DayLow(LT-3)-M3LGT0,",6.838450268964536,1,1,0
"PCDCLT0PCTChangeGT1,PCDayChange-0.5to0.5,,,,##MA-SMA200GT0SMA100GT0,",-2.1748878923766894,1,0,1
"PCTChangeLT-0.5,,,,chisSellUpTrend-Risky-2,",-1.9046863341233569,2,0,2
"PCTChangeGT2,year2High,,,,zigZagVolCrossedFromDown,",-0.5794186091664913,14,5,9
"PCTChangeLT-1,PCDayChange-0.5to0.5,_LTGT1.5_,,,%%HLTF:sellStockInUptrendReversal,",-1.5927750410509132,1,0,1
"PCTChangeGT3,,,,##last2DayHighGT3-M3HLT0,",-0.29762517254147863,83,40,43
"PCTChangeLT-2,_HTGT1.5_,,,chisSellDownTrend-nearHigh,##(Check-chart-buy):YearHigh-InMinus,ReversalHighYear,",5.028899970082191,1,1,0
"PCTChangeGT1,year2High,_HTGT1.5__LTGT3.0_,,,%%HLTF:(SGXNIFTYUP)buyHighLowerTail-Continue,",1.6846455958036077,1,1,0
"PCTChangeLT-3,,,,checkCupDown-near2WeekDown-mayReveresalBuy,##DOWNTREND:sellYear2HighReversal(InDownTrend),##(Check-chart-buy):month3High-InMinus,ReversalHighMonth3,",1.2157624749878502,1,1,0
"PCTChangeLT-2,_LTGT3.0_,,,%%HLTF:(SGXNIFTYUP)buyHighLowerTail-Continue,chisSellFinalCandidate-(lastDayUp),##MAPositive_Uptrend(LT-2),##MA-SMA200LT0SMA100LT0,",3.3393000628640297,1,1,0
"PCTChangeGT5,year2High,,,,volBuyContinueLast2DayUp-VolUp,chisBuyConsolidationBreakUp-2week-(Risky)-year2High,week2BarHighChangeGT5,weekHighGTweek2High,",0.3924893844656547,1,1,0
"PCTChangeLT-1,_LTGT1.5_,,,weekBarLowChangeLT-2,",1.1954436039788892,1,1,0
"PCTChangeLT-3,_LTGT1.5_,,,volSellContinueLast2DayDown-VolUp,##MANegative_Downtrend_(LT-2),##MA-SMA200GT0SMA100LT0,",-0.2922289413984133,1,0,1
"PCTChangeGT3,year2High,,,,buyHeavyUpTrend-Continue-(Risky),##last2DayHighGT3-M3HGT0,",2.1967654986522893,1,1,0
"PCDCGT0PCTChangeLT-1,_LTGT1.5_,,,##MA-SMA200GT0SMA100GT0,",-0.17197141222134632,1,0,1
"PCDCLT0PCTChangeGT0,PCDayChange-0.5to0.5,_HTGT1.5_,,,buyYearHigh-0,",0.14080879807427454,21,10,11
"PCTChangeGT2,_HTGT1.5__HTGTPCTDayChange_,,,sellEveningStar-0,%%:sellUpTrend-month3High,",-1.8014683442957262,1,0,1
"PCTChangeLT-2,,,,chisSellConsolidationBreakDown-forecastDayPCT7LT0,chisSellDownTrend-nearHigh,##(Check-chart-buy):YearHigh-InMinus,ReversalHighYear,",1.1672283364808165,1,1,0
"PCTChangeGT5,_HTGT1.5_,,,##MAPositive_Uptrend(GT4.5),##MA-SMA200LT0SMA100GT0,",-0.6194737239067425,14,5,9
"PCTChangeLT-2,_LTGT1.5_,,,%%HLTF:(GLOBAL-DOWN)sellHighLowerTail-Reversal-LastDayMarketUp,chisDownTrend-Risky-nearHigh,##(Check-chart-buy):month3High-InMinus,ReversalHighMonth3,",0.8732353679511309,1,1,0
"PCTChangeGT5,,,,VOL:buy(GLOBALFUTDOWN-GLOBALMARKETDOWN)Sell-UpVol-3dayUp-Week2Low,chisCheckConsolidationBreakoutGT(4.5),",-0.8566280880336807,2,0,2
"PCTChangeGT1,_LTGT1.5_,,,chisSellDowningMA-(check5MinuteDownTrendAndSellDowntrend)-Already10DayDown,chisBuyYearHigh-1,",-0.6270500323523414,1,0,1
"PCTChangeLT-2,,,,(Test)MayBuy-CheckChart(upTrend-lastDayDown),zigZagVolCrossedFromUp,",-6.085854441654483,1,0,1
"PCTChangeLT-3,,,,(GLOBALFUTDOWN-DOWNTRENDMARKET)checkSellConsolidationBreakDown-week2-lowNotReachedWeek3,week2BarLowChangeLT-5,weekLowLTweek2Low,##DOWNTREND:sellYear2HighReversal(InDownTrend),##(Check-chart-buy):month3High-InMinus,ReversalHighMonth3,##(check-chart)maySell-EMA6-MT-May-LT-EMA14,",-3.869047619047619,1,0,1
"PCTChangeGT2,,,,%%:checkSellRevarsalLast3DayUpAtMonth3Low,##(Check-chart-sell):month3Low-InPlus,ReversalLowMonth3,(GLOBALFUTUP-UPTRENDMARKET)checkBuyConsolidationBreakUp-week2-highNotReachedWeek3,week2BarHighChangeGT0,chis-breakoutup-2week,##(check-chart)mayBuy-EMA6-LT-May-MT-EMA14,##UPTREND:buyMonth3LowReversal(Confirm),",-0.34494654054979856,1,0,1
"PCTChangeLT-0.5,,,,##MA-SMA200GT0SMA100GT0,",-0.3278721877134563,1,0,1
"PCTChangeGT3,,,,volSellVolumeUpsergedLast2n3DayDown,(GLOBALFUTUP-UPTRENDMARKET)checkBuyConsolidationBreakUp-week2-highNotReachedWeek3,week2BarHighChangeGT2,",2.9411742706475246,1,1,0
"PCTChangeLT-3,_HTGT1.5_,,,volSellContinueLast2DayDown-VolUp,##DOWNTREND:sellYearHigh(InDownTrend),##last2DayLow(LT-3)-M3LGT0,##(Check-chart-buy):month3High-InMinus,NearHighMonth3,",-0.6176488539751757,1,0,1
"PCTChangeLT-1,_HTGT1.5__HTGTPCTDayChange_,,,%%:checkSell:Super0,##MANegative_Downtrend_(LT-2),##MA-SMA200LT0SMA100LT0,%%:buyDownTrend-month3Low,",-1.0429082051090568,1,0,1
"PCTChangeLT-3,_HTGT1.5__LTGT3.0_,,,zigZagVolCrossedFromUp,",1.347183350263906,1,1,0
"PCTChangeLT-2,,,,volSellContinueLast2DayDown-VolUp,(GLOBALFUTDOWN-DOWNTRENDMARKET)checkSellConsolidationBreakDown-week2-lowNotReachedWeek3,week2BarLowChangeLT-2,##(Check-chart-buy):month3High-InMinus,ReversalHighMonth3,",-4.670329670329666,1,0,1
"PCTChangeGT1,_LTGT3.0_,,,chisBuyYearHigh-3,",-2.058299242614367,2,1,1
"PCTChangeLT-16,,,,##MANegative_Downtrend_(LT-4.5),##MA-SMA200LT0SMA100LT0,",-1.6041046701016157,5,3,2
"PCTChangeLT-2,_LTGT1.5_,,,(GLOBALFUTDOWN-DOWNTRENDMARKET)checkSellConsolidationBreakDown-week2-lowNotReachedWeek3,week2BarLowChangeLT-2,",-0.3064008258031341,4,1,3
"PCDCGT0PCTChangeLT-1,_HTGT1.5_,,,##(Test)(check-chart)-sellSMADownTrend,",-3.3363778177942423,2,0,2
"PCTChangeLT-3,,,,weekBarLowChangeLT-2,chisDownTrend-Risky-nearHigh,##DOWNTREND:sellYear2HighReversal(InDownTrend),##last2DayLow(LT-3)-M3LGT0,",-1.6848983425981603,1,0,1
"PCTChangeGT3,_LTGT1.5_,,,chisSellYear2LowLT-40-last3DayDown(triggerAfter-9:15),chisUpTrend-Risky-nearLow,",-2.038189203089219,1,0,1
"PCTChangeGT2,_HTGT1.5__HTGTPCTDayChange_,,,%%HLTF:(DOWNTREND-OR-GLOBALDOWN)maySellTail-tailGT2-2,3,4thDayGT0,chisBuyYearHigh-1,",0.5871641145202748,1,1,0
"PCTChangeGT2,,,,chisUpTrend-Risky-nearLow,week2BarHighChangeGT0,",-0.7206500817255439,1,0,1
"PCTChangeGT0,_HTGT1.5__LTGT1.5__HTGTPCTDayChange__LTGTPCTDayChange_,,,chisBuyYearHigh-3,",-1.0334116130382967,3,1,2
"PCTChangeLT-3,_HTGT3.0_,,,%%HLTF:maySellTail-tailGT2-allDayGT0,##sellTenDaysMoreThanTen,",2.0155265661428707,1,1,0
"PCTChangeLT-5,year2Low,_HTGT1.5__LTGT1.5_,,,##last2DayLow(LT-3)-M3LLT0,",0.8730496295164701,2,1,1
"PCTChangeGT1,,,,(SMA9GT0),##(Check-chart)ML:buyMonth3High-Continue,",-0.436384485921175,1,0,1
"PCTChangeLT-1,,,,weekBarLowChangeLT0,(SMA9LT0),",-4.153350234906798,1,0,1
"PCTChangeLT-2,_HTGT1.5_,,,sellPatternsML,sellPatterns-LT-1.5-SMALT0,(SMA9LT0),chisDownTrend-Risky-nearHigh,",-2.3644252508774777,1,0,1
"PCTChangeGT2,_LTGT1.5_,,,%%HLTF-Risky:(GLOBAL-DOWN)sellHighLowerTail-Reversal-LastDayMarketUp,##MAPositive_Uptrend(GT2),##MA-SMA200GT0SMA100GT0,",-2.814605412448584,1,0,1
"PCTChangeGT3,year2High,_HTGT1.5_,,,%%HLTF-Last2HighTail:(UPTREND)buy(DOWNTREND)sell:HighUpperTailPre-last2DayUp,volumeUpsergedLast2n3n4DayDown,",0.5042355912771577,1,1,0
"PCTChangeGT1,_HTGT3.0_,,,%%:checkBuyContinue:CupDownDoji-last2dayUp,",0.1389660969882183,1,1,0
"PCTChangeLT-3,,,,volBuyVolumeUpsergedLast2n3DayUp,weekBarLowChangeLT-2,chisDownTrend-Risky-nearHigh,##DOWNTREND:sellYear2HighReversal(InDownTrend),",0.6142057978946671,1,1,0
"PCTChangeLT-2,_HTGT1.5_,,,checkCupDown-2dayDown-mayReversalBuy,chisDownTrend-Risky-nearHigh,##DOWNTREND:sellYear2HighReversal(InDownTrend),##(Check-chart-buy):month3High-InMinus,ReversalHighMonth3,",-3.516555204754844,1,0,1
"PCTChangeGT2,_LTGT1.5_,,,##(Check-chart):year2High-InPlus,",-1.4405031032187965,3,0,3
"PCDCLT0PCTChangeGT3,_HTGT1.5__HTGTPCTDayChange__LTGTPCTDayChange_,,,##lastDayHigh(LT-5)Today(LT-1),",-0.3546112722136782,1,0,1
"PCTChangeLT-3,,,,%%:checkSell:ConsolidationBreakDown(NotShapeA)-2week,checkSellConsolidationBreakDown-2week,week2BarLowChangeLT0,brokenToday,##(Check-chart-buy):month3High-InMinus,ReversalHighMonth3,",-0.28028739676002695,1,0,1
"PCTDayChangeLT0,_LTGT1.5_,,,%%HLTF:sellStockInUptrendReversal,",0.5930096059750795,1,1,0
"PCTChangeLT-1,,,,##MAPositive_Uptrend(LT-1),##MA-SMA200LT0SMA100GT0,",0.009682362341634887,6,4,2
"PCTChangeLT-0.5,PCDayChange-0.5to0.5,_HTGT1.5_,,,chisSell:Super03-monthLow,",-0.46752638560979937,4,2,2
"PCTChangeGT2,,,,chisUpTrend-Risky-nearLow,(GLOBALFUTUP-UPTRENDMARKET)checkBuyConsolidationBreakUp-week2-highNotReachedWeek3,week2BarHighChangeGT2,weekHighGTweek2High,brokenToday,",-1.2730593877980814,2,0,2
"PCTChangeGT2,,,,chisBuyUpTrend-1,##(Check-chart)buyMonth3High-Continue,",2.219886997767859,1,1,0
"PCTChangeGT3,,,,##(check-chart)mayBuy-EMA6-LT-May-MT-EMA14,##last2DayHighGT3-M3HLT0,",0.2705921449749357,5,2,3
"PCTChangeGT1,_HTGT1.5_,,,##(Check-chart-sell):month3Low-InPlus,ReversalLowMonth3,(GLOBALFUTUP-UPTRENDMARKET)checkBuyConsolidationBreakUp-week2-highNotReachedWeek3,week2BarHighChangeGT0,weekHighGTweek2High,##UPTREND:buyYear2LowReversal(Confirm),",-4.9230780968299275,1,0,1
"PCTChangeLT-1,year2Low,_LTGT1.5_,,,volumeUpsergedLast2n3n4DayUp,weekBarLowChangeLT0,MayBuyCheckChart-(IndexNotUpInSecondHalf),",0.9451546774722871,1,1,0
"PCTChangeGT3,_HTGT1.5__LTGT1.5_,,,##(Check-chart-sell):month3Low-InPlus,NearLowMonth3,volSellReversalLast2DayUp-VolDown,##UPTREND:buyYear2Low,",2.2110306522297347,1,1,0
"PCDCLT0PCTChangeGT1,_HTGT1.5__LTGT3.0_,,,chisSell-smallUptrendReversal,",7.284639519057244,1,1,0
"PCTChangeLT-3,,,,weekBarLowChangeLT-2,##MANegative_Downtrend_(LT-4.5),##MA-SMA200GT0SMA100LT0,",4.625137491304869,1,1,0
"PCTChangeLT-2,,,,%%:checkSell:ConsolidationBreakDown(NotShapeA)-2week,checkSellConsolidationBreakDown-2week,week2BarLowChangeLT0,brokenToday,",-0.8492242622989766,9,2,7
"PCTChangeGT3,_HTGT3.0__HTGTPCTDayChange_,,,##UPTREND:buyYearLowReversal(Confirm),",5.63830111889129,1,1,0
"PCTChangeGT3,,,,sellHeavyUpTrend-Reversal-(Risky),",-0.6026598998313459,2,1,1
"PCTChangeGT3,year2High,_HTGT1.5__HTGTPCTDayChange_,,,MaySellCheckChart-(IndexNotDownInSecondHalf),",-0.46007838195425527,1,0,1
"PCTChangeLT-0.5,,,,chisSell:Super03-monthLow,",-0.07787120465786089,133,65,68
"PCTChangeLT-2,,,,(GLOBALFUTDOWN-DOWNTRENDMARKET)checkSellConsolidationBreakDown-week2-lowNotReachedWeek3,week2BarLowChangeLT0,chisDownTrend-Risky-nearHigh,##DOWNTREND:sellMonth3HighReversal(InDownTrend),##(Check-chart-buy):month3High-InMinus,ReversalHighMonth3,",-0.22418813846397406,5,3,2
"PCTChangeLT-5,,,,##MANegative_Downtrend_(LT-4.5),##MA-SMA200LT0SMA100LT0,##DOWNTREND:sellYearLowBreak,",-0.35062448710824823,3,1,2
"PCTChangeLT-3,_LTGT3.0_,,,##MANegative_Downtrend_(LT-4.5),##MA-SMA200GT0SMA100LT0,##last3DayLow(LT-3)-M3LLT0,",2.8724810367729345,1,1,0
"PCDCGT0PCTDayChangeLT0,,,,%%:checkSell:Super2,%%:sellDowntrend-lastDayUp-ReversalHighTail,",-2.3933773303443786,1,0,1
"PCTChangeLT-0.5,PCDayChange-0.5to0.5,_HTGT3.0__LTGT1.5_,,,chisBuyYearHigh-3,",0.18269465519832673,1,1,0
"PCTChangeGT2,_LTGT3.0_,,,##MANegative_Downtrend_(GT2),##MA-SMA200LT0SMA100LT0,##buyTenDaysLessThanMinusTen,",1.2250023686446094,2,1,1
"PCTChangeLT-2,,,,$$(DOWNTREND-OR-GLOBALDOWN)MaySell-CheckChart-baseLine(inDownTrend-monthHigh)-MLCGT10,##sellTenDaysMoreThanTen,",-2.2082003236756633,1,0,1
"PCTChangeLT-2,_LTGT3.0_,,,(GLOBALFUTDOWN-DOWNTRENDMARKET)checkSellConsolidationBreakDown-week2-lowNotReachedWeek3,week2BarLowChangeLT0,weekLowLTweek2Low,",-1.8142914582697007,1,0,1
"PCTChangeLT-2,,,,chisDownTrend-Risky-nearHigh,##DOWNTREND:sellYear2HighReversal(InDownTrend),",-0.35545919793062053,17,8,8
"PCTChangeLT-3,_HTGT3.0__LTGT3.0__HTGTPCTDayChange__LTGTPCTDayChange_,,,##(Check-chart-buy):month3High-InMinus,NearHighMonth3,",-11.156458432982566,1,0,1
"PCTChangeGT3,,,,buyHeavyUpTrend-Continue-(Risky),weekBarHighChangeGT2,##MAPositive_Uptrend(GT2),##MA-SMA200LT0SMA100GT0,##last2DayHighGT3-M3HLT0,",0.516851189431172,1,1,0
"PCTChangeLT-3,,,,(GLOBALFUTDOWN-DOWNTRENDMARKET)checkSellConsolidationBreakDown-week2-lowNotReachedWeek3,week2BarLowChangeLT-2,chisDownTrend-Risky-nearHigh,##DOWNTREND:sellMonth6HighReversal(InDownTrend),##last2DayLow(LT-3)-M3LGT0,##(Check-chart-buy):month6High-InMinus,ReversalHighMonth6,",0.21971123666038092,1,1,0
"PCTChangeGT1,_HTGT3.0__HTGTPCTDayChange_,,,%%HLTF:(DOWNTREND-OR-GLOBALDOWN)maySellTail-tailGT2-2,3,4thDayGT0,sellEveningStar-0,##RisingMA(check-chart-sell)-MaySellCheckChart,",-0.09999847412108011,1,0,1
"PCTChangeLT-12,,,,maySellHighVolatileDownContinueLT-8,##MANegative_Downtrend_(LT-4.5),##MA-SMA200GT0SMA100LT0,",-2.8342568413328775,1,0,1
"PCTChangeLT-1,year2High,,,,volSellContinueLast2DayDown-VolUp,chisSellUpTrend-Risky-2,",1.6566769457709378,2,2,0
"PCTChangeLT-0.5,_HTGT1.5__LTGT1.5__HTGTPCTDayChange__LTGTPCTDayChange_,,,weekBarLowChangeLT0,",0.20567549035903182,1,1,0
"PCTChangeLT-1,,,,(GLOBALFUTDOWN-DOWNTRENDMARKET)checkSellConsolidationBreakDown-week2-lowNotReachedWeek3,week2BarLowChangeLT0,weekLowLTweek2Low,",-0.018509349898116645,208,91,117
"PCTChangeLT-1,,,,##(Check-chart-buy):month3High-InMinus,BreakHighMonth3,",-0.8194360515004391,28,10,18
"PCTChangeGT3,_HTGT3.0__LTGT3.0__HTGTPCTDayChange__LTGTPCTDayChange_,,,volSellVolumeUpsergedLast2n3DayDown,volSellReversalLast2DayUp-VolUp,##last2DayHighGT3-M3HLT0,",4.421647041139937,1,1,0
"PCTChangeGT1,,,,%%:sellDowntrend-lastDayUp-ReversalHighTail,",0.044041117462418414,39,20,19
"PCTChangeGT2,year2High,_HTGT3.0__LTGT1.5__HTGTPCTDayChange_,,,%%HLTF-Last2HighTail:(UPTREND)buy(DOWNTREND)sell:HighUpperTailPre-last2DayUp,volBuyContinueLast2DayUp-VolUp,",-3.586236132798157,1,0,1
"PCTChangeGT5,,,,chisCheckConsolidationBreakoutGT(4.5),(GLOBALFUTUP-UPTRENDMARKET)checkBuyConsolidationBreakUp-week2-highNotReachedWeek3,week2BarHighChangeGT0,",-0.8614786821836862,2,1,1
"PCTChangeLT-3,_HTGT1.5_,,,weekBarLowChangeLT-2,##MANegative_Downtrend_(LT-2),##MA-SMA200LT0SMA100LT0,%%:buyDownTrend-month3Low,",-2.1717654697650515,1,0,1
"PCTChangeGT3,year2Low,_HTGT1.5__LTGT3.0__HTGTPCTDayChange__LTGTPCTDayChange_,,,%%HLTF-Last2LowTail:(DOWNTREND)sellHighLowerTailPre-1,",1.2442500299073143,1,1,0
"PCTChangeLT-5,,,,##MANegative_Downtrend_(LT-4.5),##MA-SMA200LT0SMA100LT0,##last2DayLow(LT-3)-M3LGT0,",-0.1538197261347049,13,6,7
"PCTChangeLT-3,,,,volBuyReversalLast2DayDown-VolDown,chisDownTrend-Risky-nearHigh,##DOWNTREND:sellYearHighReversal(InDownTrend),##(Check-chart-buy):YearHigh-InMinus,ReversalHighYear,",2.110060682790088,1,1,0
"PCTChangeLT-1,_LTGT1.5_,,,volumeUpsergedLast2n3n4DayUp,volSellContinueLast2DayDown-VolUp,(GLOBALFUTDOWN-DOWNTRENDMARKET)checkSellConsolidationBreakDown-week2-lowNotReachedWeek3,week2BarLowChangeLT0,chisDownTrend-Risky-nearHigh,MayBuyCheckChart-(IndexNotUpInSecondHalf),##(Check-chart-buy):month3High-InMinus,ReversalHighMonth3,",0.5777791341145884,1,1,0
"PCTChangeLT-2,,,,chisDownTrend-Risky-nearHigh,##ML:buyRisingMA-down-Risky,",0.9543154346011482,1,1,0
"PCTChangeLT-3,_LTGT1.5_,,,##MANegative_Downtrend_(LT-4.5),##MA-SMA200GT0SMA100GT0,##last2DayLow(LT-3)-M3LGT0,chisSellDayLowVolLow-01,",-3.034478549299559,1,0,1
"PCTChangeGT0,_HTGT1.5__LTGT1.5__HTGTPCTDayChange__LTGTPCTDayChange_,,,chisSellDowningMA-(check5MinuteDownTrendAndSellDowntrend),",2.936998155381942,1,1,0
"PCTChangeGT1,year2High,_HTGT1.5_,,,%%HLTF-Last2HighTail:(UPTREND)buy(DOWNTREND)sell:HighUpperTailPre-last2DayUp,%%:sellUpTrend-month3High,",-0.4542965446970543,2,1,1
"PCTChangeLT-0.5,,,,volSellContinueLast2DayDown-VolUp,chisSellUpTrend-Risky-2,",0.8518923597466326,1,1,0
"PCTChangeGT1,_HTGT1.5__HTGTPCTDayChange_,,,%%:checkSell:CupDownDoji,%%:sellDowntrend-lastDayUp-ReversalHighTail,",-2.038476908211549,2,1,1
"PCTChangeGT3,,,,weekBarHighChangeGT2,chis-breakoutup-2week,chisBuy-2week-breakoutup,",-0.8100192038260597,1,0,1
"PCTChangeGT5,year2High,,,,weekBarHighChangeGT5,",-0.19201089231572507,11,5,6
"PCDCLT0PCTChangeGT0,_LTGT3.0_,,,%%HLTF:(SGXNIFTYUP)buyHighLowerTail-Continue,##RisingMA(check-chart-buy)-MayBuyCheckChart,",4.532454588232252,1,1,0
"PCTChangeLT-0.5,_HTGT1.5_,,,%%:checkSell:CupDownDoji-last2lastDayLT0orTodayGT0,%%HLTF-LastDayUp:(DOWNTREND-OR-GLOBALDOWN)MaySellHighTail-LastDayMarketUp,",-3.6378205128204977,1,0,1
"PCTChangeLT-3,_HTGT1.5__LTGT1.5_,,,##DOWNTREND:sellYear2HighReversal(InDownTrend),##last2DayLow(LT-3)-M3LGT0,",0.4188334147135415,1,1,0
"PCTChangeLT-2,,,,(GLOBALFUTDOWN-DOWNTRENDMARKET)checkSellConsolidationBreakDown-week2-lowNotReachedWeek3,week2BarLowChangeLT0,(SMA9LT0),",-0.36166540448098483,2,0,2
"PCTChangeGT3,year2High,_LTGT1.5_,,,weekBarHighChangeGT2,brokenToday,",-1.0435777060967868,1,0,1
"PCTChangeGT1,year2High,_HTGT3.0__HTGTPCTDayChange_,,,volSellReversalLast2DayUp-VolUp,",-1.6552244669699165,2,0,2
"PCTChangeGT3,_HTGT3.0__HTGTPCTDayChange_,,,##MAPositive_Uptrend(GT2),##MA-SMA200LT0SMA100LT0,",1.353273929548616,2,1,1
"PCTChangeGT3,,,,week2BarHighChangeGT0,weekHighGTweek2High,brokenToday,##last2DayHighGT3-M3HLT0,",-0.48780487804877426,1,0,1
"PCDCLT0PCTChangeGT1,PCDayChange-0.5to0.5,_HTGT3.0__LTGT3.0_,,,%%HLTF-Last2DayMarketUp:(GLOBAL-DOWN)sellHighLowerTail-Reversal-LastDayMarketUp,",-5.41166182770158,1,0,1
"PCTChangeLT-0.5,_LTGT1.5_,,,shortDownTrendBuyReversal-Month3Low-Doji-Last2DayLTToday,",-1.1076490241085435,5,3,2
"PCTDayChangeLT0,_HTGT3.0__LTGT1.5__HTGTPCTDayChange_,,,##MA-SMA200LT0SMA100LT0,",4.044335373500392,2,2,0
"PCTChangeGT2,,,,VOL:buy-DownVol-3dayUp-Week2Low,",-0.5283158549626286,10,4,6
"PCTChangeLT-2,_HTGT3.0__LTGT3.0__HTGTPCTDayChange__LTGTPCTDayChange_,,,chisSell-smallUptrendReversal,",-0.8614748086972761,1,0,1
"PCTChangeLT-2,,,,chisDownTrend-Risky-nearHigh,##DOWNTREND:sellYearHighReversal(InDownTrend),",-0.5952787388147618,2,1,1
"PCTDayChangeLT0,_LTGT3.0_,,,##MANegative_Downtrend_(LT0),##MA-SMA200GT0SMA100GT0,buyMorningStar-HighLowerTail-(checkChart),",-3.257841847914864,1,0,1
"PCDCGT0PCTDayChangeLT0,_HTGT1.5__LTGT1.5_,,,%%:sellDowntrend-lastDayUp-ReversalHighTail,%%HLTF-Last2LowTail:(DOWNTREND)sellHighLowerTailPre-1,",0.6874375111354066,1,1,0
"PCTChangeLT-0.5,,,,volBuyReversalLast2DayDown-VolUp,",0.4426134170317167,6,4,2
"PCTChangeLT-2,,,,checkCupDown-near2WeekDown-mayReveresalBuy,(GLOBALFUTDOWN-DOWNTRENDMARKET)checkSellConsolidationBreakDown-week2-lowNotReachedWeek3,week2BarLowChangeLT0,chisDownTrend-Risky-nearHigh,##DOWNTREND:sellYear2HighReversal(InDownTrend),##(Check-chart-buy):month3High-InMinus,ReversalHighMonth3,",-2.531541412343821,4,0,4
"PCTChangeLT-5,year2Low,,,,vol-buy-DownVol-3dayDown-Week2Low,##last2DayLow(LT-3)-M3LLT0,chisBuyDayLowVolLow-01,",-4.282488381843781,1,0,1
"PCTDayChangeLT0,_LTGT1.5_,,,##MA-SMA200LT0SMA100LT0,",1.1543585166155743,6,4,2
"PCTChangeGT1,_LTGT1.5_,,,volumeUpsergedLast2n3n4DayDown,week2BarHighChangeGT0,",1.8648632152660634,1,1,0
"PCDCLT0PCTChangeGT0,_HTGT1.5__LTGT1.5__HTGTPCTDayChange_,,,##MA-SMA200GT0SMA100GT0,",5.195529345666005,1,1,0
"PCTChangeLT-1,_LTGT3.0_,,,volSellContinueLast2DayDown-VolUp,",-0.0358706083809473,4,2,2
"PCTChangeGT3,_LTGT1.5_,,,chisBuyUpTrend-nearLow,",-0.17458137846702115,7,3,4
"PCTChangeLT-0.5,_LTGT1.5_,,,volBuyReversalLast2DayDown-VolUp,",3.379202281514987,3,2,1
"PCTChangeLT-3,,,,volSellContinueLast2DayDown-VolUp,chisDownTrend-Risky-nearHigh,##DOWNTREND:sellYear2HighReversal(InDownTrend),##(Check-chart-buy):YearHigh-InMinus,ReversalHighYear,",-0.2694089067849139,4,2,2
"PCTChangeGT1,_LTGT1.5_,,,volBuyContinueLast2DayUp-VolUp,(GLOBALFUTUP-UPTRENDMARKET)checkBuyConsolidationBreakUp-week2-highNotReachedWeek3,week2BarHighChangeGT0,brokenToday,",-2.1774934280690936,1,0,1
"PCTChangeGT2,,,,chisBuyUpTrend-nearLow,##UPTREND:buyYear2LowReversal(Confirm),",0.9208768675809444,5,4,1
"PCTChangeLT-3,,,,volSellContinueLast2DayDown-VolUp,chisSellDownTrend-nearHigh,##(Check-chart-buy):YearHigh-InMinus,NearHighYear,",4.025473368183185,2,1,1
"PCTChangeGT0.5,PCDayChange-0.5to0.5,_HTGT1.5__LTGT3.0_,,,chisSellSMA4Reversal,",-5.303222656250002,1,0,1
"PCTChangeGT0,PCDayChange-0.5to0.5,year2High,_HTGT3.0_,,,%%HLTF:maySellTail-tailGT2-7,10thDayGT20,",-0.6565508957848396,1,0,1
"PCTChangeGT1,,,,%%:checkSell:FlagWeek-doji,chisSellDowningMA-(check5MinuteDownTrendAndSellDowntrend),",0.05511426550198081,1,1,0
"PCTChangeLT-2,_HTGT1.5__HTGTPCTDayChange_,,,%%HLTF-Last2HighTail:(DOWNTREND)sellHighUpperTailPre,##ML:buyRisingMA-down-Risky,",-1.6245743906209273,1,0,1
"PCTChangeGT2,_HTGT1.5__HTGTPCTDayChange_,,,%%HLTF:(DOWNTREND-OR-GLOBALDOWN)maySellTail-tailGT2-2,3,4thDayGT0,sellEveningStar-0,",0.3397073184742626,1,1,0
"PCTDayChangeLT0,PCDayChange-0.5to0.5,_HTGT1.5_,,,%%HLTF:maySellTail-tailGT2-7,10thDayGT0,",-0.32757655411088227,2,1,1
"PCTChangeGT3,year2High,_HTGT3.0_,,,%%HLTF-Last2HighTail:(UPTREND)buy(DOWNTREND)sell:HighUpperTailPre-last2DayUp,%%HLTF:(DOWNTREND-OR-GLOBALDOWN)maySellTail-tailGT2-2,3,4thDayGT0,##last3DayHighGT3-M3HGT0,",-1.036594712127766,1,0,1
"PCTChangeGT5,,,,weekBarHighChangeGT5,##MAPositive_Uptrend(GT4.5),##MA-SMA200LT0SMA100LT0,",-9.484302195732905,1,0,1
"PCTChangeGT2,_LTGT3.0_,,,%%HLTF-Risky:(GLOBAL-DOWN)sellHighLowerTail-Reversal-LastDayMarketUp,weekBarHighChangeGT2,",-2.7886218559451152,1,0,1
"PCTChangeLT-5,_LTGT3.0_,,,##MANegative_Downtrend_(LT-4.5),##MA-SMA200LT0SMA100LT0,##last2DayLow(LT-3)-M3LLT0,chisBuyDayLowVolLow-01,",-3.9444652926308477,1,0,1
"PCTChangeGT2,_HTGT3.0_,,,chisBuyUpTrend-nearLow,",-2.0836485411427375,1,0,1
"PCTChangeLT-2,,,,checkCupDown-near2WeekDown-mayReveresalBuy,##(Check-chart-buy):month3High-InMinus,ReversalHighMonth3,",-1.381181580268328,2,1,1
"PCTChangeGT8,,,,chisSellDayHighVolLow-0,chisBuyFinalContinueReversal-2,",-4.102420939072529,1,0,1
"PCTChangeGT5,,,,chisCheckConsolidationBreakout2WeekLT(4.5),##MAPositive_Uptrend(GT2),##MA-SMA200GT0SMA100GT0,",1.987716052133611,1,1,0
"PCTChangeLT-2,,,,volSellContinueLast2DayDown-VolUp,chisSellDownTrend-nearHigh,",-0.7844769169600743,2,0,2
"PCTChangeGT2,,,,weekBarHighChangeGT2,chis-breakoutup-2week,chisBuy-2week-breakoutup,",1.1229225521558537,1,1,0
"PCTChangeEQ0,,,,%%:checkSell:CupDownDoji-last2lastDayLT0orTodayGT0,",0.7436077138603647,1,1,0
"PCTChangeLT-3,_LTGT1.5_,,,%%HLTF:(GLOBAL-DOWN)sellHighLowerTail-Reversal-LastDayMarketUp,",0.39034374794910065,9,3,6
"PCTChangeGT3,_LTGT1.5_,,,%%HLTF:(SGXNIFTYUP)buyHighLowerTail-Continue,##lastDayHighGT5TodayGT1,",-1.5663337651151137,2,0,2
"PCTChangeLT-3,,,,volSellContinueLast2DayDown-VolUp,weekBarLowChangeLT-2,brokenToday,chisDownTrend-Risky-nearHigh,##DOWNTREND:sellMonth3HighReversal(InDownTrend),##(Check-chart-buy):month3High-InMinus,ReversalHighMonth3,",-1.3123359580052416,1,0,1
"PCDCGT0PCTChangeLT-1,_HTGT1.5__LTGT3.0_,,,%%HLTF-Last2LowTail:(DOWNTREND)sellHighLowerTailPre-1,",-4.598038445610585,4,0,4
"PCTChangeEQ0,_HTGT1.5_,,,##(Test)(check-chart)-sellSMADownTrend,",-0.9406352097726148,1,0,1
"PCTChangeLT-1,,,,%%:check(UPTREND-UPMARKET)Buy(DOWNTRENDTREND-DOWNMARKET)Sell:Super01-monthLow,weekBarLowChangeLT0,brokenToday,##longDownTrend-2-IndexNotDownLastDay(checkBase),",-3.7860069745852654,1,0,1
"PCTChangeGT3,year2High,,,,volumeUpsergedLast2n3n4DayDown,buyPatternsML,",4.043248224965397,1,1,0
"PCTChangeLT-2,year2High,,,,checkCupDown-inDownTrend-month3HighLTmonth3Low,bar_low,VOL:buy-DownVol-3dayDown-Week2High,",2.258364351684205,1,1,0
"PCTDayChangeLT0,PCDayChange-0.5to0.5,_HTGT3.0_,,,%%:checkSell:Super01-monthLow,",2.903547856241472,1,1,0
"PCDCLT0PCTChangeGT0,PCDayChange-0.5to0.5,_HTGT3.0_,,,%%HLTF:maySellTail-tailGT2-allDayGT0,%%HLTF:(UPTREND-GLOBAL/SGX-UP)BuyHighUpperTail-Reversal-7,10thDayGT15-LastDayMarketDown,",1.8901634899833515,1,1,0
"PCTChangeGT3,year2High,_LTGT1.5_,,,zigZagVolCrossedFromDown,",-2.6553191719405413,2,0,2
"PCTChangeGT3,,,,volSellVolumeUpsergedLast2n3DayDown,volBuyContinueLast2DayUp-VolUp,chisCheckConsolidationBreakoutLT(4.5),weekBarHighChangeGT2,",-1.3538596233369928,2,0,2
"PCTChangeGT2,,,,##(Check-chart-sell):month3Low-InPlus,ReversalLowMonth3,chisUpTrend-Risky-nearLow,chis-breakoutup-2week,##UPTREND:buyMonth3LowReversal(Confirm),",1.337314787392919,2,1,1
"PCTChangeGT3,year2High,,,,(GLOBALFUTUP-UPTRENDMARKET)checkBuyConsolidationBreakUp-week2,weekBarHighChangeGT2,##last2DayHighGT3-M3HGT0,",2.2424891543974463,2,2,0
"PCTChangeLT-2,_HTGT1.5__HTGTPCTDayChange_,,,checkCupDown-3dayDown-mayReversalBuy,VOL:buy-DownVol-3dayDown-Week2High,##DOWNTREND:sellYear2HighReversal(InDownTrend),##(Check-chart-buy):month3High-InMinus,ReversalHighMonth3,",0.19181781551497507,1,1,0
"PCTChangeGT3,year2High,_HTGT3.0__LTGT1.5_,,,volBuyContinueLast2DayUp-VolUp,",0.14388269657711394,1,1,0
"PCTChangeLT-1,,,,chisSellFinalCandidate-3,##MAPositive_Uptrend(LT-1),##MA-SMA200LT0SMA100LT0,",-1.849912739965113,1,0,1
"PCTChangeLT-8,_LTGT3.0_,,,##MANegative_Downtrend_(LT-2),##MA-SMA200LT0SMA100LT0,##last2DayLow(LT-3)-M3LLT0,",-6.710571289062509,1,0,1
"PCTChangeLT-3,,,,volBuyReversalLast2DayDown-VolDown,chisSellDownTrend-nearHigh,##DOWNTREND:sellYearHigh(InDownTrend),",0.9370511864046891,1,1,0
"PCTChangeLT-3,_HTGT1.5_,,,volSellVolumeUpsergedLast2n3DayUp,",-0.15224554227570158,1,0,1
"PCTChangeGT2,_HTGT1.5_,,,chisBuyUpTrend-nearLow,",0.4220272145842931,5,2,3
"PCTChangeLT-2,,,,chisSellFlagWeek-Risky,volBuyReversalLast2DayDown-VolDown,##DOWNTREND:sellMonth3HighReversal(InDownTrend),##(Check-chart-buy):month3High-InMinus,ReversalHighMonth3,",-0.443600788042007,1,0,1
"PCTChangeLT-5,_HTGT3.0_,,,volSellContinueLast2DayDown-VolUp,##last2DayLow(LT-3)-M3LGT0,",-14.176245210727972,1,0,1
"PCTChangeLT-5,,,,vol-buy-DownVol-3dayDown-Week2Low,##MANegative_Downtrend_(LT-4.5),##MA-SMA200LT0SMA100LT0,##last2DayLow(LT-3)-M3LGT0,chisBuyDayLowVolLow-03-checkMorningTrend(.5SL)-after10:30,",-11.17154684026869,1,0,1
"PCTChangeLT-2,_HTGT1.5__HTGTPCTDayChange_,,,(GLOBALFUTDOWN-DOWNTRENDMARKET)checkSellConsolidationBreakDown-week2-lowNotReachedWeek3,week2BarLowChangeLT0,##(Check-chart-buy):month3High-InMinus,ReversalHighMonth3,",3.619364245130468,1,1,0
"PCDCGT0PCTDayChangeLT0,PCDayChange-0.5to0.5,,,,##MAPositive_Uptrend(GT0),##MA-SMA200GT0SMA100GT0,",1.8834591863748849,7,6,1
"PCTChangeLT-1,_LTGT3.0_,,,%%HLTF:(GLOBAL-UP)buyHighLowerTail-LastDayMarketUp,",-0.19208255509758743,3,1,2
"PCTChangeLT-1,,,,(GLOBALFUTDOWN-DOWNTRENDMARKET)checkSellConsolidationBreakDown-week2-lowNotReachedWeek3,week2BarLowChangeLT0,weekLowLTweek2Low,$$MayBuy-CheckChart(monthLow-minimumLast4DayDown),$$MayBuy-CheckChart(downTrend-mayReverseLast4DaysDown)-Risky,",0.31561481966495664,1,1,0
"PCTChangeLT-1,_LTGT1.5_,,,%%HLTF:(GLOBAL-DOWN)sellHighLowerTail-Reversal-LastDayMarketUp,##MAPositive_Uptrend(LT0),##MA-SMA200GT0SMA100GT0,",0.9622595445165095,1,1,0
"PCTChangeLT-3,,,,volSellContinueLast2DayDown-VolUp,(GLOBALFUTDOWN-DOWNTRENDMARKET)checkSellConsolidationBreakDown-week2-lowNotReachedWeek3,week2BarLowChangeLT-2,chisDownTrend-Risky-nearHigh,##(Check-chart-buy):month3High-InMinus,ReversalHighMonth3,",-2.7442719951805006,1,0,1
"PCTChangeLT-1,_LTGT3.0_,,,buyMorningStar-HighLowerTail-(checkChart),",-0.3263621197278019,17,10,7
"PCTChangeGT3,,,,##(Check-chart-sell):month3Low-InPlus,ReversalLowMonth3,chisCheckConsolidationBreakout2WeekLT(4.5),##UPTREND:buyMonth3LowReversal(Confirm),",-0.3932239163306542,1,0,1
"PCTChangeGT0,PCDayChange-0.5to0.5,,,,chisSellDowningMA-(check5MinuteDownTrendAndSellDowntrend),##(Test)(check-chart)-sellSMADownTrend,",-6.83576152745331,1,0,1
"PCTChangeLT-2,,,,checkCupDown,bar_low,chisDownTrend-Risky-nearHigh,",-4.600957346068374,1,0,1
"PCTChangeGT3,,,,##(Check-chart-sell):month3Low-InPlus,NearLowMonth3,VOL:buy-DownVol-3dayUp-Week2Low,##UPTREND:buyMonth3Low,",-1.0019791449330402,1,0,1
"PCTChangeLT-5,_LTGT1.5_,,,VOL:buy-UpVol-3dayDown-Week2Low,##MANegative_Downtrend_(LT-4.5),##MA-SMA200LT0SMA100LT0,##DOWNTREND:sellYearLowBreak,",1.960214290905572,1,1,0
"PCDCLT0PCTChangeGT3,_LTGT3.0_,,,##RisingMA(check-chart-buy)-MayBuyCheckChart,",0.13759851851274388,3,1,2
"PCTChangeLT-12,_HTGT3.0__LTGT3.0_,,,volSellContinueLast2DayDown-VolUp,##MANegative_Downtrend_(LT-4.5),##MA-SMA200GT0SMA100GT0,",15.656166377030015,1,1,0
"PCTChangeGT5,,,,weekBarHighChangeGT2,brokenToday,##MAPositive_Uptrend(GT4.5),##MA-SMA200GT0SMA100GT0,",1.4836487327793642,7,5,2
"PCTChangeGT2,,,,weekBarHighChangeGT0,brokenToday,##(Check-chart):yearHigh-InPlus,",2.8670031876255635,1,1,0
"PCTChangeLT-3,_LTGT1.5_,,,##MANegative_Downtrend_(LT-2),##MA-SMA200LT0SMA100LT0,##DOWNTREND:sellMonth3LowBreak,##last2DayLow(LT-3)-M3LLT0,",2.047297345460759,1,1,0
"PCTChangeGT3,,,,chisBuyUpTrend-nearLow,##UPTREND:buyMonth3Low,",3.8040223790071064,2,2,0
"PCTChangeGT3,_LTGT1.5_,,,zigZagVolCrossedFromDown,##(Check-chart-sell):month3Low-InPlus,BreakLowMonth3,",-0.5809103304914489,1,0,1
"PCTChangeLT-0.5,PCDayChange-0.5to0.5,_LTGT1.5_,,,##(Test)(check-chart)-buySMAUpTrend,",-0.6624175449837291,4,2,2
"PCTChangeLT-2,_LTGT1.5_,,,volBuyReversalLast2DayDown-VolDown,chisBuyFinalContinue-1,##sellTenDaysMoreThanTen,",4.843517248742474,1,1,0
"PCTChangeLT-3,_LTGT1.5_,,,VOL:sell(GLOBALFUTUP-GLOBALMARKETUP)Buy-UpVol-3dayDown-Week2High,##(Check-chart-buy):month3High-InMinus,ReversalHighMonth3,",-0.11704730481446317,1,0,1
"PCTChangeGT5,,,,##last2DayHighGT3-M3HGT0,",-0.7417600079277427,5,1,4
"PCTChangeGT0.5,PCDayChange-0.5to0.5,_HTGT1.5__LTGT1.5_,,,%%HLTF-Last2HighTail:(UPTREND)buy(DOWNTREND)sell:HighUpperTailPre-last2DayUp,##MAPositive_Uptrend(GT0),##MA-SMA200LT0SMA100LT0,",1.0228622018396214,1,1,0
"PCTChangeGT3,_LTGT1.5_,,,##(Check-chart-sell):month3Low-InPlus,NearLowMonth3,volSellReversalLast2DayUp-VolDown,",-1.0496909573951971,1,0,1
"PCTChangeGT3,_HTGT1.5_,,,chisCheckConsolidationBreakoutLT(4.5),(GLOBALFUTUP-UPTRENDMARKET)checkBuyConsolidationBreakUp-week2-highNotReachedWeek3,week2BarHighChangeGT2,weekHighGTweek2High,",-0.5740162829257981,1,0,1
"PCTChangeLT-5,_LTGT1.5_,,,chisSell-smallUptrendReversal,%%HLTF:(GLOBAL-DOWN)sellHighLowerTail-Reversal-LastDayMarketUp,",1.3639355691264092,1,1,0
"PCTChangeGT2,,,,sellPattern-LT-1.5-SMALT0,(SMA9LT0),",-2.422195455218194,1,0,1
"PCTChangeGT5,_HTGT3.0__HTGTPCTDayChange_,,,##MAPositive_Uptrend(GT4.5),##MA-SMA200LT0SMA100GT0,",-0.29691211401424844,1,0,1
"PCTChangeGT2,year2High,_HTGT3.0__HTGTPCTDayChange_,,,%%HLTF:(DOWNTREND-OR-GLOBALDOWN)maySellTail-tailGT2-2,3,4thDayGT0,",-0.9173938077179009,1,0,1
"PCTChangeGT1,year2High,_HTGT3.0__HTGTPCTDayChange_,,,%%:sellUpTrend-month3High,week2BarHighChangeGT2,weekHighGTweek2High,",0.34847732486824473,1,1,0
"PCDCGT0PCTDayChangeLT0,_HTGT1.5__HTGTPCTDayChange_,,,chisBuyYearHigh-3,",2.037589020139408,5,4,1
"PCDCLT0PCTChangeGT0,PCDayChange-0.5to0.5,_HTGT1.5__LTGT1.5_,,,##MANegative_Downtrend_(LT0),##MA-SMA200LT0SMA100LT0,",0.394630809036912,4,3,1
"PCTChangeLT-5,_HTGT3.0_,,,##last2DayLow(LT-3)-M3LGT0,##ML:BuyRisingMA-Risky-0,",-4.305555555555552,1,0,1
"PCDCGT0PCTChangeLT-3,_HTGT3.0__LTGT3.0_,,,chisSellFlagWeek-doji-Risky,",1.8404979046077656,1,1,0
"PCTChangeLT-1,,,,volBuyReversalLast2DayDown-VolDown,weekBarLowChangeLT0,brokenToday,",0.769898932508427,2,2,0
"PCTChangeLT-1,PCDayChange-0.5to0.5,_LTGT1.5_,,,buyMorningStar-HighLowerTail-(checkChart),",-1.4584649106840206,2,1,1
"PCTChangeGT2,,,,volSellVolumeUpsergedLast2n3DayDown,week2BarHighChangeGT0,weekHighGTweek2High,brokenToday,",1.6531529024603295,1,1,0
"PCTChangeLT-1,_LTGT1.5_,,,chisSell-smallUptrendReversal,%%HLTF:(SGXNIFTYUP)buyHighLowerTail-Continue,",0.48616991032923085,1,1,0
"PCTChangeLT-3,,,,VOL:buy-UpVol-3dayDown-Week2Low,##last2DayLow(LT-3)-M3LGT0,",3.1241663634979817,5,4,1
"PCTChangeGT3,year2High,,,,shortUpTrendSellReversal-MonthHigh,week2BarHighChangeGT2,",-5.734191949854472,1,0,1
"PCTChangeLT-2,,,,chisSell:Super03-monthLow,zigZagVolCrossedFromUp,",-1.4615534436090316,1,0,1
"PCTChangeGT3,,,,chisCheckConsolidationBreakout2WeekLT(4.5),weekBarHighChangeGT2,brokenToday,##MAPositive_Uptrend(GT2),##MA-SMA200GT0SMA100GT0,",-0.7304330026472793,1,0,1
"PCTChangeLT-2,,,,%%:checkSell:Super01-monthLow,##(Check-chart-sell)Month3Low-Continue(InUpTrend),ReversalLowMonth3,zigZagVolCrossedFromUp,",0.5225983002843492,1,1,0
"PCTChangeGT1,,,,%%:sellUpTrend-month3High,(SMA9GT0),##(Check-chart):yearHigh-InPlus,",0.24869429503434295,1,1,0
"PCTChangeLT-1,_LTGT1.5_,,,checkCupDown-near2WeekDown-mayReveresalBuy,(GLOBALFUTDOWN-DOWNTRENDMARKET)checkSellConsolidationBreakDown-week2-lowNotReachedWeek3,week2BarLowChangeLT0,weekLowLTweek2Low,",0.9512938037004209,1,1,0
"PCTChangeLT-1,_LTGT3.0_,,,volSellContinueLast2DayDown-VolUp,##(Check-chart-buy):YearHigh-InMinus,ReversalHighYear,",-0.7143606179897862,3,1,2
"PCTChangeGT1,,,,volBuyContinueLast2DayUp-VolUp,chisCheckConsolidationBreakoutLT(4.5),checkBuyConsolidationBreakUp-2week,week2BarHighChangeGT0,weekHighGTweek2High,brokenToday,",5.976462068692272,1,1,0
"PCTChangeGT2,year2High,,,,volumeUpsergedLast2n3n4DayDown,weekBarHighChangeGT0,brokenToday,",1.1524781801351374,1,1,0
"PCTChangeGT3,_LTGT1.5_,,,##(Check-chart-sell):month3Low-InPlus,NearLowMonth3,chisBuyUpTrend-nearLow,##UPTREND:buyMonth3Low,",1.0738602991779445,1,1,0
"PCTChangeLT-3,,,,(GLOBALFUTDOWN-DOWNTRENDMARKET)checkSellConsolidationBreakDown-week2-lowNotReachedWeek3,week2BarLowChangeLT0,chisDownTrend-Risky-nearHigh,##(Check-chart-buy):month3High-InMinus,ReversalHighMonth3,",-0.5500004543309035,24,12,12
"PCTChangeGT8,_LTGT3.0_,,,##MANegative_Downtrend_(GT4.5),##MA-SMA200GT0SMA100LT0,",2.961194914043264,1,1,0
"PCTChangeLT-2,year2Low,,,,weekBarLowChangeLT-2,brokenToday,##ML:buyRisingMA-down-Risky,",-3.843886221397024,1,0,1
"PCTChangeLT-5,_HTGT1.5_,,,(GLOBAL-DOWN)maySellContinueHighVolatileLastDayDOWN-(LT-5),",-0.9741304352341853,3,1,2
"PCTChangeLT-1,year2High,_LTGT1.5_,,,%%HLTF:(GLOBAL-DOWN)sellHighLowerTail-Reversal-LastDayMarketUp,",2.121268295738563,4,3,1
"PCTChangeGT3,,,,chisSellFinalContinue-(lastDayDown)-1,chisBuyDownTrend-Risky-1,",-0.20604801643965176,1,0,1
"PCTChangeGT2,year2High,,,,volSellVolumeUpsergedLast2n3DayDown,chisCheckConsolidationBreakoutLT(4.5),weekBarHighChangeGT0,brokenToday,",-0.2024131637210148,1,0,1
"PCTChangeLT-2,,,,%%:checkSell:Super01-monthLow,##longDownTrend-0-IndexNotDownLastDay(checkBase),",2.06310929064593,1,1,0
"PCTChangeGT2,_HTGT1.5_,,,volSellVolumeUpsergedLast2n3DayDown,volBuyContinueLast2DayUp-VolUp,weekBarHighChangeGT2,brokenToday,",-4.026479763014387,1,0,1
"PCTChangeGT0.5,,,,%%:sellDowntrend-lastDayUp-ReversalHighTail,",-0.38715712751093584,25,11,14
"PCDCLT0PCTChangeGT1,PCDayChange-0.5to0.5,year2High,_HTGT1.5__LTGT1.5_,,,%%HLTF:(UPTREND-MorningTrend-UP)mayBuyTail-highTailGT2-7,10thDayGT10-Last2DayStockDown,",0.20751123424278783,1,1,0
"PCTChangeLT-1,_LTGT1.5_,,,##MANegative_Downtrend_(LT-1),##MA-SMA200LT0SMA100LT0,$$MayBuy-CheckChart(downTrend-mayReverseLast4DaysDown),",-0.23397803405631035,2,1,1
"PCDCGT0PCTChangeLT-1,PCDayChange-0.5to0.5,_LTGT1.5_,,,%%HLTF:(GLOBAL-DOWN)sellHighLowerTail-Reversal-LastDayMarketUp,##(Test):buyRisingMA-uptrend-SMA25gt0,",-1.4615337665264332,1,0,1
"PCTChangeLT-3,,,,vol-buy-DownVol-3dayDown-Week2Low,##MANegative_Downtrend_(LT-4.5),##MA-SMA200LT0SMA100LT0,##DOWNTREND:sellMonth6LowBreak,",6.1390564947432775,1,1,0
"PCTChangeLT-3,,,,volumeUpsergedLast2n3n4DayUp,volSellContinueLast2DayDown-VolUp,",-0.7075813817989951,10,4,6
"PCTChangeGT5,_LTGT1.5_,,,chisBuyFinalContinueReversal-2,",2.3269200822423732,2,2,0
"PCTChangeLT-0.5,_HTGT1.5__HTGTPCTDayChange_,,,##MANegative_Downtrend_(LT-1),##MA-SMA200LT0SMA100LT0,",-0.6335403223842844,1,0,1
"PCTChangeLT-0.5,_HTGT3.0__LTGT1.5_,,,%%:checkSell:Super01-monthLow,",-3.236799831659424,1,0,1
"PCTChangeLT-2,_LTGT1.5_,,,##MANegative_Downtrend_(LT-2),##MA-SMA200GT0SMA100GT0,",1.2183272594493153,4,3,1
"PCTChangeGT3,_HTGT3.0_,,,%%HLTF:(DOWNTREND-OR-GLOBALDOWN)maySellTail-tailGT2-2,3,4thDayGT0,(GLOBALFUTUP-UPTRENDMARKET)checkBuyConsolidationBreakUp-week2-highNotReachedWeek3,week2BarHighChangeGT0,",-3.651685393258427,1,0,1
"PCTChangeLT-1,_LTGT3.0_,,,##(Check-chart-buy):month3High-InMinus,ReversalHighMonth3,",-1.038817110818261,4,2,2
"PCTChangeLT-3,,,,checkCupDown-inDownTrend-month3HighLTmonth3Low,bar_low,volBuyReversalLast2DayDown-VolUp,chisSellDownTrend-nearHigh,##DOWNTREND:sellYearHigh(InDownTrend),##(Check-chart-buy):YearHigh-InMinus,NearHighYear,",-0.9306532713038369,1,0,1
"PCTChangeGT8,year2Low,_HTGT3.0__LTGT1.5_,,,volSellReversalLast2DayUp-VolDown,",-2.9147506616570515,1,0,1
"PCTChangeLT-5,_LTGT3.0_,,,(GLOBALFUTDOWN-DOWNTRENDMARKET)checkSellConsolidationBreakDown-week2-lowNotReachedWeek3,week2BarLowChangeLT-5,weekLowLTweek2Low,##MANegative_Downtrend_(LT-4.5),##MA-SMA200GT0SMA100LT0,",0.38597265627654975,1,1,0
"PCTChangeLT-2,_LTGT1.5_,,,volSellVolumeUpsergedLast2n3DayUp,",0.0247603586170288,4,2,2
"PCTChangeLT-3,_HTGT1.5_,,,volSellContinueLast2DayDown-VolUp,chisDownTrend-Risky-nearHigh,##DOWNTREND:sellYear2HighReversal(InDownTrend),##(Check-chart-buy):month3High-InMinus,ReversalHighMonth3,",-1.1257035647279554,1,0,1
"PCTChangeLT-2,,,,checkCupDown-month3HighLTmonth3Low,bar_low,chisDownTrend-Risky-nearHigh,##DOWNTREND:sellYear2HighReversal(InDownTrend),##(Check-chart-buy):month3High-InMinus,ReversalHighMonth3,",-2.8452337111156725,2,0,2
"PCTChangeGT5,_LTGT1.5_,,,##(Check-chart):year2High-InPlus,",4.8972602739726,1,1,0
"PCTChangeLT-2,year2High,_HTGT1.5__HTGTPCTDayChange_,,,%%HLTF-Risky9:30:maySellTail-tailGT2-7,10thDayGT15,##sellTenDaysMoreThanTen,",0.17083398043174408,1,1,0
"PCTChangeLT-3,,,,chisSellDownTrend-nearHigh,##DOWNTREND:sellMonth6High(InDownTrend),##last2DayLow(LT-3)-M3LGT0,",3.163760117846138,1,1,0
"PCTChangeGT2,PCDayChange-0.5to0.5,_LTGT1.5_,,,buyYearHigh-0,",0.12491839800694288,2,1,1
"PCTChangeGT5,,,,chisBuyConsolidationBreakUp-2week-(Risky)-year2High,week2BarHighChangeGT0,brokenToday,",-1.0852231026794608,1,0,1
"PCDCLT0PCTChangeGT0,_LTGT3.0_,,,chisBuyYear2Low,NearLowYear2,",1.9642829895019567,1,1,0
"PCTChangeGT2,PCDayChange-0.5to0.5,_LTGT3.0_,,,chisSellFlag2Week-doji-Risky,",-0.5434782608695633,1,0,1
"PCDCLT0PCTChangeGT1,PCDayChange-0.5to0.5,_HTGT1.5__LTGT1.5_,,,chisBuyYearHigh-3,",0.2860797398110689,3,1,2
"PCTChangeGT3,,,,chisUpTrend-Risky-nearLow,volSellVolumeUpsergedLast2n3DayDown,weekBarHighChangeGT2,brokenToday,",-2.0113650235262743,1,0,1
"PCTChangeLT-1,_LTGT1.5_,,,(GLOBALFUTDOWN-DOWNTRENDMARKET)checkSellConsolidationBreakDown-month,weekBarLowChangeLT0,",0.1621638117609892,1,1,0
"PCTChangeGT2,_HTGT1.5__HTGTPCTDayChange_,,,MaySellCheckChart-(IndexNotDownInSecondHalf),(GLOBALFUTUP-UPTRENDMARKET)checkBuyConsolidationBreakUp-week2-highNotReachedWeek3,week2BarHighChangeGT2,weekHighGTweek2High,",-1.4219376234316754,1,0,1
"PCTChangeLT-3,,,,volBuyReversalLast2DayDown-VolDown,chisBuyDayLowVolLow-02-checkMorningTrend(.5SL),",-0.21676000325695483,1,0,1
"PCTChangeLT-2,_HTGT1.5_,,,##MAPositive_Uptrend(LT-2),##MA-SMA200GT0SMA100LT0,",-0.14940390796732345,1,0,1
"PCTChangeGT5,year2High,,,,weekBarHighChangeGT0,brokenToday,",-2.1332098794350256,2,0,2
"PCTChangeGT2,_LTGT1.5_,,,%%HLTF:(SGXNIFTYUP)buyHighLowerTail-Continue,vol-sell-DownVol-3dayUp-Week2High,week2BarHighChangeGT2,weekHighGTweek2High,",-2.5379846717787458,1,0,1
"PCTChangeLT-1,,,,volBuyReversalLast2DayDown-VolDown,(GLOBALFUTDOWN-DOWNTRENDMARKET)checkSellConsolidationBreakDown-week2-lowNotReachedWeek3,week2BarLowChangeLT-2,weekLowLTweek2Low,##(Check-chart-buy):month3High-InMinus,ReversalHighMonth3,",2.1951194701155923,1,1,0
"PCTChangeLT-3,_HTGT1.5__HTGTPCTDayChange_,,,%%:buyDownTrend-month3Low,",-0.8943835006405625,2,1,1
"PCTChangeGT1,year2High,_HTGT1.5__HTGTPCTDayChange_,,,MaySellCheckChart-(IndexNotDownInSecondHalf),",0.20199238955505514,5,2,3
"PCTChangeLT-1,_HTGT1.5__LTGT1.5__LTGTPCTDayChange_,,,volBuyRevarsalVolCrossed,%%:checkBuyRevarsalLast3DayDownAtMonth3High,",0.2547557008906458,1,1,0
"PCTChangeLT-5,_HTGT3.0__LTGT1.5__HTGTPCTDayChange_,,,##DOWNTREND:sellMonth3HighReversal(InDownTrend),volBuyRevarsalVolCrossed,",-7.952379499162945,1,0,1
"PCTChangeLT-2,year2High,,,,chisSellUpTrend-Risky-2,",-0.10529799696302092,19,9,10
"PCTChangeLT-3,,,,checkCupDown-inDownTrend-month3HighLTmonth3Low,bar_low,VOL:buy-DownVol-3dayDown-Week2High,##DOWNTREND:sellMonth3High(InDownTrend),##(Check-chart-buy):month3High-InMinus,NearHighMonth3,",-3.456378569805649,1,0,1
"PCTDayChangeLT0,PCDayChange-0.5to0.5,,,,chisBuyYearHigh-1,",0.026651043125803797,76,36,40
"PCTChangeGT0.5,PCDayChange-0.5to0.5,_HTGT1.5__LTGT1.5_,,,shortUpTrendBuyContinue-Doji-Last2DayGTToday,",-2.907650681608224,2,0,2
"PCTChangeGT8,_HTGT3.0__LTGT1.5_,,,volBuyContinueLast2DayUp-VolUp,##MAPositive_Uptrend(GT4.5),##MA-SMA200GT0SMA100GT0,",-2.972238859988414,2,0,2
"PCTChangeGT1,_HTGT1.5__HTGTPCTDayChange_,,,##(Check-chart)sellMonth3High-Continue,",1.2180408394492181,3,2,1
"PCTChangeGT1,_HTGT1.5__LTGT3.0_,,,##(check-chart)sellEMA6>EMA14,",-3.426207199141741,1,0,1
"PCTChangeLT-12,year2Low,_LTGT3.0_,,,volumeUpsergedLast2n3n4DayUp,volSellContinueLast2DayDown-VolUp,",11.047832131081007,1,1,0
"PCTChangeGT3,_LTGT1.5_,,,%%HLTF-Risky:(GLOBAL-DOWN)sellHighLowerTail-Reversal-LastDayMarketUp,##(check-chart)sellEMA6>EMA14,",2.3146067415730354,1,1,0
"PCTChangeGT2,PCDayChange-0.5to0.5,_HTGT1.5__LTGT3.0_,,,%%:checkSell:FlagWeek-doji,",6.372877217955505,1,1,0
"PCTChangeLT-3,,,,volBuyReversalLast2DayDown-VolDown,chisDownTrend-Risky-nearHigh,##(Check-chart-buy):month3High-InMinus,ReversalHighMonth3,",-0.952598370747424,2,1,1
"PCTChangeLT-2,,,,VOL:buy-UpVol-3dayDown-Week2Low,##DOWNTREND:sellYear2HighReversal(InDownTrend),$$MayBuy-CheckChart(monthLow-minimumLast4DayDown),##(Check-chart-buy):YearHigh-InMinus,ReversalHighYear,",2.684725055162151,1,1,0
"PCDCGT0PCTChangeLT-1,PCDayChange-0.5to0.5,_HTGT1.5__LTGT3.0_,,,%%HLTF-Last2LowTail:(DOWNTREND)sellHighLowerTailPre-1,",2.993333604600698,1,1,0
"PCTChangeLT-0.5,_HTGT1.5__LTGT1.5_,,,##MA-SMA200LT0SMA100LT0,",1.9506015982413434,2,2,0
"PCTChangeLT-2,,,,volSellContinueLast2DayDown-VolUp,##MANegative_Downtrend_(LT-2),##MA-SMA200GT0SMA100LT0,##DOWNTREND:sellMonth3LowBreak,",1.1121755799910487,1,1,0
"PCTChangeGT2,,,,volBuyContinueLast2DayUp-VolUp,chisCheckConsolidationBreakout2WeekLT(4.5),weekBarHighChangeGT0,brokenToday,",3.0510938473298324,1,1,0
"PCTChangeGT3,_HTGT1.5__LTGT1.5_,,,%%HLTF-Last2HighTail:(UPTREND)buy(DOWNTREND)sell:HighUpperTailPre-last2DayUp,##MAPositive_Uptrend(GT2),##MA-SMA200GT0SMA100GT0,##lastDayHighGT5TodayGT1,",-0.6065593782018412,1,0,1
"PCTChangeGT3,_HTGT1.5_,,,$$MaySell-CheckChart-baseLine(inDownTrend-monthHigh)-MLCGT10,",-0.713720678415805,4,1,3
"PCTChangeLT-1,,,,checkCupDown-inDownTrend-month3HighLTmonth3Low,bar_low,chisSellDownTrend-nearHigh,##(Check-chart-buy):month3High-InMinus,NearHighMonth3,",-0.6556371356457089,2,1,1
"PCDCGT0PCTChangeLT-1,_HTGT3.0__LTGT3.0__HTGTPCTDayChange__LTGTPCTDayChange_,,,##MA-SMA200GT0SMA100LT0,",-4.42457440164044,1,0,1
"PCTChangeGT2,_HTGT1.5_,,,volBuyContinueLast2DayUp-VolUp,chisSell-2week-breakoutup,##sellRisingMAuptrend-2,",-2.216698587770254,1,0,1
"PCTChangeLT-3,,,,volSellContinueLast2DayDown-VolUp,chisDownTrend-Risky-nearHigh,##(Check-chart-buy):month3High-InMinus,NearHighMonth3,",0.8960573803411006,1,1,0
"PCTChangeGT3,_HTGT1.5_,,,chisCheckConsolidationBreakoutLT(4.5),(GLOBALFUTUP-UPTRENDMARKET)checkBuyConsolidationBreakUp-week2-highNotReachedWeek3,week2BarHighChangeGT0,brokenToday,",-0.011515590203062564,5,1,4
"PCTChangeGT5,year2Low,_HTGT3.0__LTGT3.0__HTGTPCTDayChange_,,,##lastDayHighGT5TodayGT1,",-10.706589416537337,1,0,1
"PCTChangeLT-1,,,,chisDownTrend-Risky-nearHigh,chisSellUpTrend-Risky-2,##(Check-chart-buy):month3High-InMinus,ReversalHighMonth3,",-0.6624984741210929,1,0,1
"PCTChangeGT2,,,,##(Check-chart-sell):month3Low-InPlus,ReversalLowMonth3,chis-breakoutup-2week,##UPTREND:buyYearLowReversal(Confirm),",-1.5587623846525835,2,0,2
"PCTChangeLT-1,,,,##(Test)(Check-chart):yearLow-InMinus,",-1.2454527618560165,8,2,6
"PCTChangeGT3,,,,chisBuyDownTrend-Risky-2,",0.07783933836630529,15,8,7
"PCTChangeGT3,_LTGT1.5_,,,chisUpTrend-Risky-nearLow,##UPTREND:buyYearLowReversal(Confirm),",-3.1942417138433647,2,0,2
"PCTChangeLT-3,_HTGT1.5__LTGT1.5_,,,##MANegative_Downtrend_(LT-2),##MA-SMA200LT0SMA100LT0,##last3DayLow(LT-3)-M3LGT0,",8.385558501137828,1,1,0
"PCTChangeLT-3,_HTGT3.0__LTGT1.5__HTGTPCTDayChange_,,,##MANegative_Downtrend_(LT-2),##MA-SMA200LT0SMA100LT0,%%:buyDownTrend-month3Low,",-1.3359479490444273,1,0,1
"PCTChangeLT-2,,,,checkCupDown-near2WeekDown-mayReveresalBuy,chisDownTrend-Risky-nearHigh,",1.0193244865444946,3,2,1
"PCTChangeGT2,_LTGT1.5_,,,volumeUpsergedLast2n3n4DayDown,##(Check-chart)sellMonth3High-Continue,",-0.38132009169353154,1,0,1
"PCTChangeGT0.5,_HTGT1.5__LTGT1.5_,,,%%:sellDowntrend-lastDayUp-ReversalHighTail,%%HLTF-Last2LowTail:(DOWNTREND)sellHighLowerTailPre-1,",0.8444417317708404,1,1,0
"PCDCGT0PCTChangeLT-1,_HTGT1.5__LTGT1.5__LTGTPCTDayChange_,,,##MA-SMA200LT0SMA100LT0,",-0.1901140684410523,1,0,1
"PCTChangeLT-12,year2Low,_LTGT3.0_,,,chisBuyYear2Low,BreakLowYear2,",-4.271614356107824,2,1,1
"PCDCLT0PCTChangeGT1,_HTGT3.0__LTGT1.5__HTGTPCTDayChange__LTGTPCTDayChange_,,,%%HLTF-Risky9:30:maySellTail-tailGT2-7,10thDayGT15,##MA-SMA200LT0SMA100GT0,",4.807692307692312,1,1,0
"PCTChangeGT3,,,,chisBuyUpTrend-nearLow,##ML:sellRisingMAuptrend-1,##UPTREND:buyYear2Low,##last2DayHighGT3-M3HLT0,",0.15394681577024472,1,1,0
"PCTChangeGT3,_HTGT1.5_,,,volumeUpsergedLast2n3n4DayDown,weekBarHighChangeGT2,##last2DayHighGT3-M3HGT0,",-3.238660720910576,1,0,1
"PCTChangeLT-0.5,,,,(GLOBALFUTDOWN-DOWNTRENDMARKET)checkSellConsolidationBreakDown-week2-lowNotReachedWeek3,week2BarLowChangeLT0,chisDownTrend-Risky-nearHigh,",-0.025559295847798615,9,5,4
"PCTChangeLT-2,,,,%%HLTF-Last2DayMarketDown:(GLOBAL-UP)buyHighUpperTailPre1-Reversal-LastDayMarketDown,volBuyReversalLast2DayDown-VolDown,##MAPositive_Uptrend(LT-2),##MA-SMA200LT0SMA100LT0,",-10.006254290639959,1,0,1
"PCTChangeLT-0.5,,,,##MAPositive_Uptrend(LT-1),##MA-SMA200LT0SMA100LT0,",1.626051808012698,4,4,0
"PCTChangeLT-3,_HTGT3.0__HTGTPCTDayChange_,,,##(Check-chart-buy):month3High-InMinus,BreakHighMonth3,",1.4742898928834614,3,3,0
"PCTChangeLT-1,PCDayChange-0.5to0.5,year2High,_LTGT1.5_,,,%%HLTF:(GLOBAL-DOWN)sellHighLowerTail-Reversal-LastDayMarketUp,",-1.1959930376160244,2,0,2
"PCTChangeGT5,year2High,_LTGT1.5_,,,weekBarHighChangeGT2,brokenToday,##last2DayHighGT3-M3HGT0,",-6.701030927835054,1,0,1
"PCTChangeGT5,,,,##MAPositive_Uptrend(GT4.5),##MA-SMA200LT0SMA100GT0,##last2DayHighGT3-M3HGT0,",2.845893658765753,2,2,0
"PCTChangeGT1,_HTGT1.5__HTGTPCTDayChange_,,,##(Check-chart-sell):month3Low-InPlus,NearLowMonth3,##UPTREND:buyMonth3Low,",1.2264131749950864,1,1,0
"PCTChangeLT-3,,,,checkCupDown-upTrendLastDayDown-mayReversalBuy,chisBuyFinalContinue-(lastDayUp)-(highChange),",-5.009830893808717,1,0,1
"PCTChangeLT-3,_LTGT1.5_,,,%%:checkSell:Flag2Week,volBuyReversalLast2DayDown-VolDown,",0.5555555555555556,1,1,0
"PCTChangeGT3,,,,##(Check-chart-sell):month3Low-InPlus,ReversalLowMonth3,chisUpTrend-Risky-nearLow,weekBarHighChangeGT2,chis-breakoutup-2week,chisBuy-2week-breakoutup,##UPTREND:buyMonth3LowReversal(Confirm),",0.23811488421763405,1,1,0
"PCTChangeLT-2,,,,volumeUpsergedLast2n3n4DayUp,chisDownTrend-Risky-nearHigh,##DOWNTREND:sellYear2HighReversal(InDownTrend),##(Check-chart-buy):month3High-InMinus,ReversalHighMonth3,",-1.466554494872431,2,0,2
"PCTChangeGT2,year2Low,_HTGT1.5__LTGT1.5_,,,##buyTenDaysLessThanMinusTen,",1.2191899637490484,2,1,1
"PCDCGT0PCTDayChangeLT0,PCDayChange-0.5to0.5,_HTGT1.5_,,,%%:checkSell:FlagWeek-doji,",1.1940428240495913,4,3,1
"PCTChangeLT-5,_LTGT1.5_,,,(GLOBAL-DOWN)maySellContinueHighVolatileLastDayDOWN-(LT-5),##MANegative_Downtrend_(LT-4.5),##MA-SMA200LT0SMA100LT0,",1.5056745531143167,2,1,1
"PCTChangeLT-2,_HTGT1.5__LTGT1.5_,,,volumeUpsergedLast2n3n4DayUp,volSellContinueLast2DayDown-VolUp,chisSellDownTrend-nearHigh,##ML:buyRisingMA-down-0,",-5.492178531585376,1,0,1
"PCTChangeGT2,_HTGT3.0_,,,chisBuyDayHighVolLow-0,",8.883496627066902,1,1,0
"PCTChangeGT3,_HTGT3.0__LTGT3.0_,,,##MANegative_Downtrend_(GT4.5),##MA-SMA200GT0SMA100LT0,",0.799284904233871,1,1,0
"PCTChangeLT-2,,,,##longDownTrend-0-IndexNotDownLastDay(checkBase),",-2.5727715377447686,1,0,1
"PCTChangeGT2,,,,(GLOBALFUTUP-UPTRENDMARKET)checkBuyConsolidationBreakUp-week2-highNotReachedWeek3,week2BarHighChangeGT0,weekHighGTweek2High,brokenToday,chisBuy-2week-breakoutup(check-chart)(|-|-| or --|),",0.5988950565792829,4,3,1
"PCTChangeGT3,_LTGT1.5_,,,##last2DayHighGT3-M3HLT0,",-0.17359468612320705,17,11,6
"PCTChangeGT3,_HTGT3.0_,,,##MA-SMA200GT0SMA100GT0,",0.26212319790301,1,1,0
"PCTChangeLT-3,,,,chisSell-smallUptrendReversal,chisBuyFinalContinue-(lastDayUp),##sellTenDaysMoreThanTen,",2.259091542332959,2,2,0
"PCTChangeLT-1,,,,volBuyReversalLast2DayDown-VolDown,weekBarLowChangeLT0,##(Check-chart-buy):YearHigh-InMinus,ReversalHighYear,",2.0824006612827843,1,1,0
"PCTChangeLT-3,,,,weekBarLowChangeLT-2,brokenToday,##longDownTrend-1-IndexNotDownLastDay(checkBase),",1.9677439043598852,1,1,0
"PCDCGT0PCTDayChangeLT0,PCDayChange-0.5to0.5,_LTGT3.0_,,,buyYearHigh-0,",-3.737954241120678,1,0,1
"PCTChangeLT-2,,,,chisSell:Super03-monthLow,volumeUpsergedLast2n3n4DayUp,",-0.27384570613071996,1,0,1
"PCDCGT0PCTDayChangeLT0,_LTGT3.0_,,,buyMorningStar-(checkChart),",1.1271470884293846,4,3,1
"PCTDayChangeLT0,,,,##MA-SMA200GT0SMA100LT0,chisSellDayLowVolLow-01,",-1.2345679012345718,1,0,1
"PCTChangeGT3,year2High,,,,volBuyContinueLast2DayUp-VolUp,weekBarHighChangeGT0,brokenToday,",-1.4642215373809255,1,0,1
"PCTChangeGT0,PCDayChange-0.5to0.5,_HTGT1.5__LTGT1.5_,,,%%:checkSell:Super2,-+,%%HLTF-Last2LowTail:(DOWNTREND)sellHighLowerTailPre-1,",-0.6745345640317609,1,0,1
"PCTChangeLT-12,year2Low,_HTGT1.5_,,,chisRSISellCandidate(yearLow)-lessThanMinus5,",-1.9313282469976587,1,0,1
"PCTDayChangeLT0,_HTGT1.5_,,,##buyYear2LowMovingSMA,",2.6566708572022923,5,4,1
"PCTChangeGT3,year2High,_HTGT3.0__HTGTPCTDayChange_,,,%%HLTF-Last2HighTail:(UPTREND)buy(DOWNTREND)sell:HighUpperTailPre-last2DayUp,volSellVolumeUpsergedLast2n3DayDown,volBuyContinueLast2DayUp-VolUp,",1.6873515602190432,1,1,0
"PCTDayChangeLT0,_HTGT1.5__LTGT1.5__HTGTPCTDayChange__LTGTPCTDayChange_,,,##MAPositive_Uptrend(LT-1),##MA-SMA200LT0SMA100LT0,",-5.199999999999997,1,0,1
"PCTChangeGT0,_HTGT1.5_,,,%%:checkSell:lastDayLT(-4.5),",2.3663656341672055,1,1,0
"PCTChangeGT3,_HTGT1.5_,,,##MAPositive_Uptrend(GT2),##MA-SMA200GT0SMA100GT0,##lastDayHighGT5TodayGT1,",-0.936518142134647,1,0,1
"PCTChangeGT3,,,,chisUpTrend-Risky-nearLow,volumeUpsergedLast2n3n4DayDown,chisCheckConsolidationBreakoutLT(4.5),weekBarHighChangeGT2,brokenToday,chis-breakoutup-2week,##UPTREND:buyYear2LowReversal(Confirm),",-0.6344135067753065,1,0,1
"PCTChangeGT0,,,,##(Test)(check-chart)-sellSMADownTrend,",0.50655240526471,6,3,3
"PCTChangeEQ0,PCDayChange-0.5to0.5,,,,##MAPositive_Uptrend(LT0),##MA-SMA200LT0SMA100LT0,",-0.35639505726297727,2,1,1
"PCTChangeGT0.5,PCDayChange-0.5to0.5,_HTGT1.5_,,,%%HLTF:maySellTail-tailGT2-7,10thDayGT20,",-0.8079109376909045,3,1,2
"PCTChangeLT-2,year2High,_HTGT1.5__LTGT1.5_,,,##sellTenDaysMoreThanTen,",0.5986796571936663,3,1,1
"PCTChangeGT2,_HTGT3.0__HTGTPCTDayChange_,,,week2BarHighChangeGT0,weekHighGTweek2High,",-1.982143947056375,1,0,1
"PCTChangeGT2,_HTGT1.5__HTGTPCTDayChange_,,,checkCupDown-lastDayUp,",-1.946950907256437,1,0,1
"PCTChangeGT12,_LTGT1.5_,,,##MAPositive_Uptrend(GT2),##MA-SMA200GT0SMA100GT0,",2.085355536080405,1,1,0
"PCTChangeLT-2,_HTGT1.5_,,,(GLOBALFUTDOWN-DOWNTRENDMARKET)checkSellConsolidationBreakDown-week2-lowNotReachedWeek3,week2BarLowChangeLT-2,",0.7121744077713797,3,2,1
"PCTChangeLT-0.5,PCDayChange-0.5to0.5,,,,(SMA9GT0),",5.860284293164665,3,3,0
"PCTChangeLT-2,,,,volSellContinueLast2DayDown-VolUp,(GLOBALFUTDOWN-DOWNTRENDMARKET)checkSellConsolidationBreakDown-week2-lowNotReachedWeek3,week2BarLowChangeLT0,chisDownTrend-Risky-nearHigh,##(Check-chart-buy):YearHigh-InMinus,ReversalHighYear,",-0.6517120916615978,2,1,1
"PCDCGT0PCTDayChangeLT0,_HTGT3.0_,,,##RisingMA(check-chart-sell)-MaySellCheckChart,",0.46042667735439835,1,1,0
"PCTChangeGT5,year2Low,_HTGT3.0__LTGT1.5__HTGTPCTDayChange_,,,chisSellYear2LowLT-40-last4DayDown(triggerAfter-9:15),chisSellYear2LowContinue,",2.3978314957564595,1,1,0
"PCTChangeGT3,,,,%%:sellUpTrend-month3High,##MAPositive_Uptrend(GT1),##MA-SMA200GT0SMA100GT0,",-1.2743868174842923,3,1,2
"PCTChangeGT8,,,,VOL:sell-DownVol-3dayUp-Week2Low,",-2.3482447615065887,1,0,1
"PCTChangeGT1,,,,chisSellFinalContinue-(lastDayUp)-1,",1.3001485521294875,1,1,0
"PCTChangeGT1,_HTGT1.5__LTGT3.0_,,,%%HLTF-Last2LowTail:(DOWNTREND)sellHighLowerTailPre-1,##MA-SMA200LT0SMA100LT0,",-2.1996667163817976,1,0,1
"PCTChangeGT3,_LTGT1.5_,,,volSellVolumeUpsergedLast2n3DayDown,##RisingMA(Test)(check-chart-buy)-2DayUp,",-0.22581038936490774,1,0,1
"PCTChangeLT-3,_HTGT1.5__LTGT1.5_,,,##MANegative_Downtrend_(LT-2),##MA-SMA200GT0SMA100LT0,##last2DayLow(LT-3)-M3LLT0,",0.14740584732650117,1,1,0
"PCTChangeGT1,_HTGT3.0_,,,%%HLTF-Last2HighTail:(UPTREND)buy(DOWNTREND)sell:HighUpperTailPre-last2DayUp,%%HLTF:maySellTail-tailGT2-7,10thDayGT20,%%HLTF:(UPTREND-GLOBAL/SGX-UP)BuyHighUpperTail-Reversal-7,10thDayGT15-LastDayMarketDown,##MAPositive_Uptrend(GT0),##MA-SMA200GT0SMA100GT0,",-2.812498266046689,1,0,1
"PCTChangeLT-2,_HTGT3.0__HTGTPCTDayChange_,,,##DOWNTREND:sellMonth3HighReversal(InDownTrend),##(Check-chart-buy):month3High-InMinus,ReversalHighMonth3,",7.30263559441818,1,1,0
"PCTChangeLT-2,,,,brokenToday,",0.5441024695926687,2,1,1
"PCTChangeLT-1,_HTGT1.5__HTGTPCTDayChange_,,,##(Test):buyRisingMA-uptrend-SMA25gt0,",0.5607151355640789,8,4,4
"PCTChangeLT-1,_HTGT1.5_,,,%%HLTF:maySellTail-tailGT2-7,10thDayGT0,chisDownTrend-Risky-nearHigh,",-0.4051761930223918,2,1,1
"PCTChangeGT12,_HTGT1.5_,,,chisSellYear2LowLT-40-last4DayDown(triggerAfter-9:15),",-9.896144244366658,1,0,1
"PCTChangeGT5,,,,VOL:sell-UpVol-3dayUp-Week2High,weekBarHighChangeGT2,",1.8473994342691409,3,2,1
"PCTChangeGT2,,,,##(Check-chart-sell):month3Low-InPlus,NearLowMonth3,volumeUpsergedLast2n3n4DayDown,",1.5287267365181751,1,1,0
"PCTChangeLT-1,_LTGT1.5_,,,buyMorningStar-HighLowerTail-(checkChart),",-0.5043523877454585,7,4,3
"PCTChangeGT2,_HTGT1.5__HTGTPCTDayChange_,,,$$MaySell-CheckChart(monthHigh-minimumLast4DayUp),",1.2350617250922644,2,2,0
"PCTChangeGT8,_HTGT3.0__HTGTPCTDayChange_,,,$$MaySell-CheckChart-baseLine(inDownTrend-monthHigh)-MLCGT10,",1.962022741132655,1,1,0
"PCTChangeGT3,_HTGT1.5__LTGT1.5_,,,##MAPositive_Uptrend(GT4.5),##MA-SMA200LT0SMA100GT0,",-5.89911449482881,2,0,2
"PCTChangeGT0,PCDayChange-0.5to0.5,_HTGT1.5_,,,%%:sellDowntrend-lastDayUp-ReversalHighTail,chisSellDowningMA-(check5MinuteDownTrendAndSellDowntrend),",-0.2520672268657047,1,0,1
"PCTChangeLT-1,_LTGT3.0_,,,chisSellDownTrend-nearHigh,",0.44401396260722875,3,2,1
"PCTChangeGT1,_HTGT1.5__LTGT3.0__LTGTPCTDayChange_,,,zigZagVolCrossedFromDown,",3.574802918546668,2,2,0
"PCTChangeLT-0.5,_HTGT3.0__HTGTPCTDayChange_,,,%%HLTF-Last2HighTail:(DOWNTREND)sell(UPTREND)buy:HighUpperTailPre,%%HLTF:maySellTail-tailGT2-7,10thDayGT0,chisDownTrend-Risky-nearHigh,",-2.3599420611028505,1,0,1
"PCTChangeGT2,,,,weekBarHighChangeGT2,chis-breakoutup-2week,chisSell-2week-breakoutup,##(check-chart)mayBuy-EMA6-LT-May-MT-EMA14,",1.3247335973469174,1,1,0
"PCTChangeLT-5,_HTGT1.5_,,,VOL:buy-UpVol-3dayDown-Week2Low,##MANegative_Downtrend_(LT-4.5),##MA-SMA200GT0SMA100LT0,##DOWNTREND:sellMonth3LowBreak,##last3DayLow(LT-3)-M3LLT0,",-8.523045854142259,1,0,1
"PCTChangeLT-2,_HTGT1.5_,,,(GLOBALFUTDOWN-DOWNTRENDMARKET)checkSellConsolidationBreakDown-week2-lowNotReachedWeek3,week2BarLowChangeLT0,weekLowLTweek2Low,##(Check-chart-buy):month3High-InMinus,ReversalHighMonth3,",-3.083335028754354,1,0,1
"PCTChangeLT-3,_HTGT1.5_,,,(GLOBALFUTDOWN-DOWNTRENDMARKET)checkSellConsolidationBreakDown-week2-lowNotReachedWeek3,week2BarLowChangeLT-5,weekLowLTweek2Low,",-3.7066246056782366,1,0,1
"PCTChangeGT3,_HTGT1.5_,,,(GLOBALFUTUP-UPTRENDMARKET)checkBuyConsolidationBreakUp-week2-highNotReachedWeek3,week2BarHighChangeGT0,brokenToday,##UPTREND:buyYearLowReversal(Confirm),",1.574544359750921,1,1,0
"PCTChangeLT-8,_HTGT1.5_,,,maySellHighVolatileDownContinueLT-8,volSellContinueLast2DayDown-VolUp,",-1.237747062493909,1,0,1
"PCDCGT0PCTDayChangeLT0,,,,##MAPositive_Uptrend(GT0),##MA-SMA200LT0SMA100LT0,",-1.048068704054995,1,0,1
"PCTChangeLT-0.5,PCDayChange-0.5to0.5,_LTGT1.5_,,,chisBuyMorningStar-1(NotUpSecondHalfAndUp2to3),",-0.8220821533963161,3,2,1
"PCTChangeGT0.5,_HTGT1.5__LTGT1.5_,,,##MA-SMA200LT0SMA100LT0,",3.010008910277463,2,1,1
"PCTChangeLT-2,_HTGT1.5__LTGT3.0__LTGTPCTDayChange_,,,##MANegative_Downtrend_(LT-2),##MA-SMA200GT0SMA100LT0,",-0.47091414949467936,2,1,1
"PCTChangeGT2,year2High,_HTGT1.5_,,,volSellReversalLast2DayUp-VolDown,",3.799892402022182,1,1,0
"PCTChangeLT-1,,,,volBuyReversalLast2DayDown-VolDown,chisSellUpTrend-Risky-2,",-1.2533624285876623,7,1,6
"PCTChangeLT-1,_LTGT1.5_,,,checkCupDown-2dayDown-mayReversalBuy,chisSellDownTrend-nearHigh,##(Check-chart-buy):YearHigh-InMinus,ReversalHighYear,",-2.945301542776999,1,0,1
"PCTChangeGT0,_LTGT3.0_,,,%%:checkSell:Super2,chisSellDowningMA-(check5MinuteDownTrendAndSellDowntrend)-Already10DayDown,",3.0371243427294146,1,1,0
"PCTChangeLT-3,_LTGT1.5_,,,chisSellFinalCandidate-4,(Test)MayBuy-CheckChart(upTrend-lastDayDown),",-5.373841290503364,1,0,1
"PCTChangeLT-3,,,,vol-buy-DownVol-3dayDown-Week2Low,weekBarLowChangeLT-2,##MANegative_Downtrend_(LT-2),##MA-SMA200LT0SMA100LT0,",-6.255995670258377,1,0,1
"PCTChangeLT-1,_HTGT1.5__HTGTPCTDayChange_,,,%%HLTF-Last2HighTail:(DOWNTREND)sellHighUpperTailPre-1,",-0.9784275571884604,7,2,5
"PCTChangeGT3,_LTGT1.5_,,,##(Check-chart-sell):month3Low-InPlus,ReversalLowMonth3,VOL:buy(GLOBALFUTDOWN-GLOBALMARKETDOWN)Sell-UpVol-3dayUp-Week2Low,",0.8964615638810051,1,1,0
"PCTChangeLT-1,_HTGT1.5__HTGTPCTDayChange_,,,%%:checkSell:Super01-monthLow,%%HLTF-Last2HighTail:(DOWNTREND)sellHighUpperTailPre-1,",-0.8414881708867743,1,0,1
"PCTChangeGT1,_LTGT1.5_,,,##MANegative_Downtrend_(GT2),##MA-SMA200GT0SMA100LT0,",-0.5774989768945866,1,0,1
"PCTChangeGT3,,,,volumeUpsergedLast2n3n4DayDown,chisCheckConsolidationBreakout2WeekLT(4.5),weekBarHighChangeGT2,brokenToday,",0.6199667613219666,2,1,1
"PCTChangeLT-3,,,,%%HLTF-Last2DayMarketDown:(GLOBAL-UP)buyHighUpperTailPre1-Reversal-LastDayMarketDown,volBuyVolumeUpsergedLast2n3DayUp,##MANegative_Downtrend_(LT-2),##MA-SMA200LT0SMA100LT0,##DOWNTREND:sellYearLowBreak,",-3.291536050156744,1,0,1
"PCTChangeGT2,_HTGT3.0__HTGTPCTDayChange_,,,%%HLTF-Last2HighTail:(UPTREND)buy(DOWNTREND)sell:HighUpperTailPre-last2DayUp,chisCheckConsolidationBreakoutLT(4.5),weekBarHighChangeGT2,",1.8224270544319423,1,1,0
"PCTChangeLT-3,,,,VOL:buy-UpVol-3dayDown-Week2Low,##MANegative_Downtrend_(LT-2),##MA-SMA200GT0SMA100LT0,",2.2994175941242747,2,1,1
"PCTChangeGT3,_LTGT1.5_,,,week2BarHighChangeGT2,",-1.4007296029197496,3,1,2
"PCTChangeGT2,_LTGT1.5_,,,vol-sell-DownVol-3dayUp-Week2High,##MAPositive_Uptrend(GT2),##MA-SMA200LT0SMA100LT0,",-0.641025641025641,1,0,1
"PCTChangeGT8,,,,chisUpTrend-Risky-nearLow,volumeUpsergedLast2n3n4DayDown,VOL:buy(GLOBALFUTDOWN-GLOBALMARKETDOWN)Sell-UpVol-3dayUp-Week2Low,",-3.9372850655124982,1,0,1
"PCTChangeGT1,_HTGT1.5__LTGT1.5__LTGTPCTDayChange_,,,(SMA9LT0),maySellFromBuyPattern-LT-1.8,",0.8403399656432741,1,1,0
"PCTChangeGT3,year2High,_HTGT1.5_,,,chisCheckConsolidationBreakout2WeekLT(4.5),weekBarHighChangeGT2,brokenToday,",1.4992665718461442,2,2,0
"PCTChangeGT3,,,,(GLOBALFUTUP-UPTRENDMARKET)checkBuyConsolidationBreakUp-week2-highNotReachedWeek3,week2BarHighChangeGT0,chis-breakoutup-2week,chisSell-2week-breakoutup,##(check-chart)mayBuy-EMA6-LT-May-MT-EMA14,",-1.3888888888888866,1,0,1
"PCTDayChangeLT0,_LTGT3.0_,,,%%:checkSell:Super01-monthLow,",4.5714335538903,1,1,0
"PCTChangeGT3,,,,weekBarHighChangeGT0,brokenToday,##last2DayHighGT3-M3HGT0,",1.2362637362637363,1,1,0
"PCTChangeGT1,_HTGT3.0__HTGTPCTDayChange_,,,%%HLTF:(DOWNTREND-OR-GLOBALDOWN)maySellTail-tailGT2-2,3,4thDayGT0,",0.011552705964188134,18,7,11
"PCTChangeGT5,_HTGT3.0_,,,##MAPositive_Uptrend(GT2),##MA-SMA200GT0SMA100GT0,",3.8249969482421804,1,1,0
"PCTDayChangeLT0,PCDayChange-0.5to0.5,,,,shortDownTrendSellContinue-Doji-Last2DayLTToday,",-0.08126503345375745,29,12,15
"PCDCLT0PCTChangeGT1,_HTGT1.5_,,,$$MaySell-CheckChart-baseLine(inDownTrend-monthHigh)-MLCGT10,",0.2912650987939927,1,1,0
"PCTChangeLT-8,_HTGT1.5__HTGTPCTDayChange_,,,##MANegative_Downtrend_(LT-1),##MA-SMA200LT0SMA100LT0,",-0.9808291109225351,1,0,1
"PCTChangeGT0.5,year2High,_HTGT1.5__LTGT1.5_,,,%%HLTF-Last2HighTail:(UPTREND)buy(DOWNTREND)sell:HighUpperTailPre-last2DayUp,",1.5640872297307693,1,1,0
"PCTChangeLT-3,,,,volBuyVolumeUpsergedLast2n3DayUp,weekBarLowChangeLT-2,",2.7150320099803733,4,3,1
"PCTChangeLT-3,_HTGT3.0__HTGTPCTDayChange_,,,##ML:BuyRisingMA-Risky-0,",15.143887087595548,1,1,0
"PCTChangeGT5,,,,chisSellDayHighVolLow-0,chisBuyFinalContinueReversal-2,chisSellYear2LowContinue,##last2DayHighGT3-M3HLT0,",-2.499996087489984,1,0,1
"PCTChangeLT-0.5,_LTGT3.0_,,,##MANegative_Downtrend_(LT-1),##MA-SMA200LT0SMA100LT0,",-2.8124961722718598,1,0,1
"PCTChangeLT-3,,,,weekBarLowChangeLT-2,brokenToday,chisDownTrend-Risky-nearHigh,",-0.2471178522875528,13,6,7
"PCDCGT0PCTChangeLT-3,_HTGT3.0__HTGTPCTDayChange_,,,%%:sellDowntrend-lastDayUp-ReversalHighTail,",1.9453072370429771,2,2,0
"PCTChangeGT0.5,_HTGT3.0__LTGT1.5__HTGTPCTDayChange__LTGTPCTDayChange_,,,%%:checkSellRevarsalLast3DayUpAtMonth3Low,",-3.0333780917602122,1,0,1
"PCTChangeLT-0.5,,,,%%:checkSell:FlagWeek,chisSellDownTrend-nearHigh,##(check-chart)maySell-EMA6-MT-May-LT-EMA14,",0.8668372545642502,1,1,0
"PCTChangeGT1,_HTGT1.5_,,,%%:checkSell:CupDownDoji-last2lastDayLT0orTodayGT0,",2.0937474568684933,1,1,0
"PCTChangeLT-1,,,,checkCupDown-near2WeekDown-mayReveresalBuy,",-0.32242705505459035,7,3,4
"PCTChangeGT3,_HTGT3.0__HTGTPCTDayChange_,,,%%HLTF-Last2HighTail:(UPTREND)buy(DOWNTREND)sell:HighUpperTailPre-last2DayUp,##MAPositive_Uptrend(GT2),##MA-SMA200LT0SMA100LT0,##lastDayHighGT5TodayGT1,",7.846941266741071,1,1,0
"PCTChangeLT-1,,,,%%HLTF-Last2DayMarketDown:(GLOBAL-UP)buyHighUpperTailPre1-Reversal-LastDayMarketDown,(GLOBALFUTDOWN-DOWNTRENDMARKET)checkSellConsolidationBreakDown-week2-lowNotReachedWeek3,week2BarLowChangeLT0,weekLowLTweek2Low,chisDownTrend-Risky-nearHigh,##(Check-chart-buy):YearHigh-InMinus,ReversalHighYear,",0.6611376702405094,1,1,0
"PCTChangeGT3,year2High,,,,volBuyContinueLast2DayUp-VolUp,chisCheckConsolidationBreakoutLT(4.5),",-0.6520563627622336,2,1,1
"PCTChangeGT8,,,,volBuyContinueLast2DayUp-VolUp,chisCheckConsolidationBreakoutGT(4.5),##MAPositive_Uptrend(GT4.5),##MA-SMA200GT0SMA100GT0,",-3.3000030517577965,1,0,1
"PCTChangeLT-3,,,,volSellContinueLast2DayDown-VolUp,(GLOBALFUTDOWN-DOWNTRENDMARKET)checkSellConsolidationBreakDown-week2-lowNotReachedWeek3,week2BarLowChangeLT-2,##(Check-chart-buy):month3High-InMinus,ReversalHighMonth3,",-0.008832132825503288,3,2,1
"PCTChangeGT2,,,,volSellReversalLast2DayUp-VolDown,##RisingMA(Test)(check-chart-buy)-2DayUp,",-0.04106794084820975,1,0,1
"PCTChangeLT-3,,,,weekBarLowChangeLT0,brokenToday,chisDownTrend-Risky-nearHigh,##DOWNTREND:sellMonth3HighReversal(InDownTrend),##(Check-chart-buy):month3High-InMinus,ReversalHighMonth3,",0.2738873645062761,1,1,0
"PCTChangeLT-2,year2High,_HTGT1.5__LTGT3.0__LTGTPCTDayChange_,,,%%HLTF:(GLOBAL-UP)buyHighLowerTail-StockInUptrend,##sellTenDaysMoreThanTen,",-1.9618209500864137,1,0,1
"PCDCGT0PCTDayChangeLT0,_HTGT1.5__LTGT1.5__HTGTPCTDayChange__LTGTPCTDayChange_,,,%%:sellDowntrend-lastDayUp-ReversalHighTail,%%HLTF-Last2LowTail:(DOWNTREND)sellHighLowerTailPre-1,",-2.987338681764237,1,0,1
"PCDCGT0PCTChangeLT-1,_HTGT3.0__HTGTPCTDayChange_,,,##ML:buyRisingMA-down-Risky,",0.07576219963306133,1,1,0
"PCTChangeLT-2,_HTGT1.5_,,,volBuyReversalLast2DayDown-VolDown,##longDownTrend-1-IndexNotDownLastDay(checkBase),chisSellDownTrend-nearHigh,",3.562497225674714,1,1,0
"PCTChangeLT-1,,,,chisDownTrend-Risky-nearHigh,##(Check-chart-buy):YearHigh-InMinus,NearHighYear,",-0.5845598896780957,4,1,3
"PCDCGT0PCTDayChangeLT0,PCDayChange-0.5to0.5,_HTGT3.0__LTGT3.0_,,,%%HLTF:(GLOBAL-DOWN)sellHighLowerTail-Reversal-LastDayMarketUp,",0.9224064795814089,1,1,0
"PCTChangeGT8,_HTGT1.5__LTGT1.5_,,,volumeUpsergedLast2n3n4DayDown,volBuyContinueLast2DayUp-VolUp,",8.411218931160546,1,1,0
"PCTChangeLT-3,_HTGT1.5__LTGT1.5_,,,volSellContinueLast2DayDown-VolUp,",-1.099505954493822,5,1,4
"PCTDayChangeLT0,_LTGT1.5_,,,(GLOBALFUTDOWN-DOWNTRENDMARKET)checkSellConsolidationBreakDown-week2-lowNotReachedWeek3,week2BarLowChangeLT0,weekLowLTweek2Low,chisDownTrend-Risky-nearHigh,",0.20633677480736964,2,1,1
"PCTChangeLT-3,,,,VOL:buy-UpVol-3dayDown-Week2Low,##MANegative_Downtrend_(LT-4.5),##MA-SMA200GT0SMA100LT0,",2.7118661309366185,1,1,0
"PCTChangeGT3,,,,buyHeavyUpTrend-Continue-(Risky),",0.908718746075198,2,1,1
"PCTChangeLT-1,_HTGT1.5_,,,%%HLTF-Last2HighTail:(DOWNTREND)sellHighUpperTailPre,chisSellDownTrend-nearHigh,",1.2353920125941549,4,3,1
"PCTChangeLT-3,_HTGT1.5__LTGT3.0__LTGTPCTDayChange_,,,checkCupDown-2dayDown-mayReversalBuy,",-1.4287763296253502,1,0,1
"PCTChangeLT-3,_HTGT1.5__LTGT1.5_,,,$$MaySellContinue-CheckChart(inuptrend-monthlow)-highTail,",-0.014041514878848646,1,0,1
"PCTChangeLT-3,,,,checkCupDown-2dayDown-mayReversalBuy,",-0.7498637719971032,14,6,7
"PCTChangeLT-0.5,PCDayChange-0.5to0.5,,,,shortDownTrendBuyReversal-MonthLow-Doji-Last2DayLTToday,",-2.2574709150544,3,1,2
"PCTChangeGT3,,,,vol-sell-DownVol-3dayUp-Week2High,##MAPositive_Uptrend(GT2),##MA-SMA200LT0SMA100LT0,##last2DayHighGT3-M3HLT0,",5.906813996939174,2,2,0
"PCTChangeLT-8,,,,chisBuyMay5DayFloorReversal,vol-buy-DownVol-3dayDown-Week2Low,##MANegative_Downtrend_(LT-4.5),##MA-SMA200LT0SMA100LT0,",11.422353005374637,1,1,0
"PCTChangeLT-2,PCDayChange-0.5to0.5,_HTGT1.5__LTGT1.5_,,,##ML:buyRisingMA-down-Risky,",-0.5789918442333811,1,0,1
"PCTChangeGT2,year2High,,,,volumeUpsergedLast2n3n4DayDown,volBuyContinueLast2DayUp-VolUp,chisCheckConsolidationBreakoutLT(4.5),chisBuyConsolidationBreakUp-2week-(Risky)-year2High,week2BarHighChangeGT0,brokenToday,",-3.0274963378906308,1,0,1
"PCTChangeLT-3,,,,weekBarLowChangeLT-2,brokenToday,chisDownTrend-Risky-nearHigh,##DOWNTREND:sellYear2HighReversal(InDownTrend),##(Check-chart-buy):YearHigh-InMinus,ReversalHighYear,",0.6974579328020635,3,3,0
"PCTChangeGT3,,,,##(Check-chart-sell):month3Low-InPlus,ReversalLowMonth3,chisUpTrend-Risky-nearLow,(GLOBALFUTUP-UPTRENDMARKET)checkBuyConsolidationBreakUp-week2-highNotReachedWeek3,week2BarHighChangeGT0,weekHighGTweek2High,brokenToday,##UPTREND:buyYearLowReversal(Confirm),",-3.2282621964164386,1,0,1
"PCTChangeGT0.5,_LTGT3.0_,,,chisSellSuper-Risky,-+,",-0.7965447511678291,1,0,1
"PCTChangeLT-1,_LTGT1.5_,,,%%:checkBuyRevarsalLast3DayDownAtMonth3High,",1.0793966888182132,1,1,0
"PCTChangeLT-5,,,,checkCupDown-near2WeekDown-mayReveresalBuy,(GLOBALFUTDOWN-DOWNTRENDMARKET)checkSellConsolidationBreakDown-week2-lowNotReachedWeek3,week2BarLowChangeLT-5,weekLowLTweek2Low,",6.888552140476298,1,1,0
"PCTChangeEQ0,_HTGT1.5_,,,chisBuyYearHigh-1,",-1.0830312535863331,1,0,1
"PCTChangeGT0.5,,,,(GLOBALFUTUP-UPTRENDMARKET)checkBuyConsolidationBreakUp-week2-highNotReachedWeek3,week2BarHighChangeGT0,brokenToday,",-1.0175272174808796,2,1,1
"PCTChangeGT1,,,,week2BarHighChangeGT0,buyPatternsML,",1.8335194367793965,1,1,0
"PCTChangeGT0,PCDayChange-0.5to0.5,_HTGT3.0__LTGT1.5_,,,%%HLTF:maySellTail-tailGT2-7,10thDayGT20,%%HLTF:(UPTREND-GLOBAL/SGX-UP)BuyHighUpperTail-Reversal-7,10thDayGT15-LastDayMarketDown,",2.856489905313923,1,1,0
"PCTChangeLT-3,,,,(GLOBALFUTDOWN-DOWNTRENDMARKET)checkSellConsolidationBreakDown-week2-lowNotReachedWeek3,week2BarLowChangeLT-2,chisDownTrend-Risky-nearHigh,##DOWNTREND:sellYear2HighReversal(InDownTrend),##(Check-chart-buy):YearHigh-InMinus,ReversalHighYear,",2.4205430124735345,1,1,0
"PCTChangeGT3,,,,chisUpTrend-Risky-nearLow,week2BarHighChangeGT2,##UPTREND:buyMonth3LowReversal(Confirm),",1.8571472167968788,1,1,0
"PCTChangeLT-1,_LTGT3.0_,,,(GLOBALFUTDOWN-DOWNTRENDMARKET)checkSellConsolidationBreakDown-week2-lowNotReachedWeek3,week2BarLowChangeLT0,",0.16051450935363493,5,2,3
"PCTChangeGT5,year2High,,,,chisBuyConsolidationBreakUp-2week-(Risky)-year2High,week2BarHighChangeGT2,weekHighGTweek2High,brokenToday,",-1.7845088534805487,1,0,1
"PCDCGT0PCTChangeLT-1,_HTGT1.5__LTGT3.0__LTGTPCTDayChange_,,,##MA-SMA200LT0SMA100LT0,",3.381027114194186,2,1,1
"PCTChangeLT-2,_HTGT3.0_,,,(GLOBALFUTDOWN-DOWNTRENDMARKET)checkSellConsolidationBreakDown-week2-lowNotReachedWeek3,week2BarLowChangeLT0,##ML:BuyRisingMA-Risky-0,",0.42102249239476036,1,1,0
"PCTChangeLT-8,year2Low,_LTGT1.5_,,,chisBuyDayLowVolLow-01,",21.49253959086404,1,1,0
"PCTChangeLT-0.5,_LTGT1.5_,,,(Test)MayBuy-CheckChart(upTrend-lastDayDown),##MA-SMA200GT0SMA100GT0,",-1.4137345833229025,2,0,2
"PCTChangeGT0.5,,,,%%:checkSell:Super0,",-0.9147397107858803,1,0,1
"PCTChangeLT-2,year2High,,,,checkCupDown-inDownTrend-month3HighLTmonth3Low,bar_low,chisSellUpTrend-Risky-2,",-0.383753940250471,3,1,2
"PCDCGT0PCTChangeLT-1,PCDayChange-0.5to0.5,_LTGT1.5_,,,chisSellFlag2Week-doji-Risky,",3.6821736086519583,1,1,0
"PCTChangeLT-3,,,,volumeUpsergedLast2n3n4DayUp,VOL:sell(GLOBALFUTUP-GLOBALMARKETUP)Buy-UpVol-3dayDown-Week2High,",-1.5390677786083695,1,0,1
"PCTChangeGT5,,,,zigZagVolCrossedFromDown,##MAPositive_Uptrend(GT4.5),##MA-SMA200LT0SMA100LT0,",-0.5893281428207452,1,0,1
"PCTChangeGT1,,,,(GLOBALFUTUP-UPTRENDMARKET)checkBuyConsolidationBreakUp-week2-highNotReachedWeek3,week2BarHighChangeGT0,weekHighGTweek2High,##UPTREND:buyYearLowReversal(Confirm),",1.1009751705562298,1,1,0
"PCTChangeGT1,_HTGT1.5_,,,%%HLTF-Last2HighTail:(UPTREND)buy(DOWNTREND)sell:HighUpperTailPre-last2DayUp,weekBarHighChangeGT0,",-3.853931212693112,1,0,1
"PCTChangeLT-1,PCDayChange-0.5to0.5,_HTGT1.5_,,,%%:checkSell:CupDownDoji-lastDayLT(-2)TodayDoji,%%HLTF-Last2HighTail:(DOWNTREND)sell(UPTREND)buy:HighUpperTailPre,%%HLTF:maySellTail-tailGT2-7,10thDayGT0,",-1.6175412661920316,1,0,1
"PCTChangeLT-2,,,,(GLOBALFUTDOWN-DOWNTRENDMARKET)checkSellConsolidationBreakDown-week2-lowNotReachedWeek3,week2BarLowChangeLT-2,chisDownTrend-Risky-nearHigh,##(Check-chart-buy):month3High-InMinus,ReversalHighMonth3,",-1.304239380411246,1,0,1
"PCTChangeLT-3,_LTGT3.0_,,,##MANegative_Downtrend_(LT-2),##MA-SMA200LT0SMA100LT0,buyMorningStar-HighLowerTail,",3.382324525138297,5,4,1
"PCTChangeGT1,PCDayChange-0.5to0.5,,,,buyPatternsML,",3.1709728751349804,3,2,1
"PCTChangeGT0,_HTGT1.5__LTGT3.0__HTGTPCTDayChange__LTGTPCTDayChange_,,,%%:checkSell:lastDayLT(-4.5),",0.7130260198888657,1,1,0
"PCTChangeLT-3,_HTGT3.0__HTGTPCTDayChange_,,,%%:checkSell:Super0,",-0.02891518640208679,2,1,1
"PCTChangeGT0.5,PCDayChange-0.5to0.5,year2High,_HTGT3.0_,,,%%HLTF-Last2HighTail:(UPTREND)buy(DOWNTREND)sell:HighUpperTailPre-last2DayUp,",-1.593527849291786,1,0,1
"PCTChangeGT5,_LTGT1.5_,,,weekBarHighChangeGT2,brokenToday,##last2DayHighGT3-M3HLT0,",1.0793655637710877,1,1,0
"PCTChangeLT-2,_HTGT1.5__HTGTPCTDayChange_,,,%%:checkSell:ConsolidationBreakDown(NotShapeA)-2week,checkSellConsolidationBreakDown-2week,week2BarLowChangeLT0,brokenToday,",3.081965211962105,1,1,0
"PCTChangeGT0.5,PCDayChange-0.5to0.5,_HTGT1.5_,,,%%HLTF-Last2HighTail:(UPTREND)buy(DOWNTREND)sell:HighUpperTailPre-last2DayUp,$$MaySell-CheckChart-baseLine(inDownTrend-monthHigh)-PCTDayChangeGT0,",-0.6945341174023276,2,0,2
"PCTChangeLT-3,,,,vol-buy-DownVol-3dayDown-Week2Low,##MANegative_Downtrend_(LT-2),##MA-SMA200LT0SMA100LT0,##DOWNTREND:sellYearLowBreak,",1.7792045325758559,2,1,1
"PCTChangeGT0.5,PCDayChange-0.5to0.5,_HTGT1.5__LTGT1.5_,,,chisSellSuper-Risky,-+,%%HLTF-Last2LowTail:(DOWNTREND)sellHighLowerTailPre-1,##MANegative_Downtrend_(GT0),##MA-SMA200LT0SMA100LT0,",-3.523622642530079,1,0,1
"PCTChangeLT-1,_LTGT1.5_,,,$$MayBuy-CheckChart(monthLow-minimumLast4DayDown),$$MayBuy-CheckChart(downTrend-mayReverseLast4DaysDown),",1.9459150821205131,3,3,0
"PCTChangeGT5,_HTGT1.5_,,,%%HLTF-Last2HighTail:(UPTREND)buy(DOWNTREND)sell:HighUpperTailPre-last2DayUp,##MAPositive_Uptrend(GT2),##MA-SMA200LT0SMA100LT0,",-3.734378814697265,1,0,1
"PCTChangeLT-3,,,,checkCupDown-inDownTrend-month3HighLTmonth3Low,bar_low,chisSellDownTrend-nearHigh,",-2.277780102926588,2,0,2
"PCTChangeLT-2,,,,week2BarLowChangeLT0,##ML:buyRisingMA-down-Risky,",11.96670154276522,1,1,0
"PCTChangeLT-2,,,,%%:checkSell:Super01-monthLow,##longDownTrend-1-IndexNotDownLastDay(checkBase),##(Check-chart-sell)Month3Low-Continue(InUpTrend),ReversalLowMonth3,",-0.04539541630970432,1,0,1
"PCTChangeLT-1,,,,%%:checkSell:Super01-monthLow,",-0.06393424445211081,366,170,194
"PCTChangeGT16,year2High,_HTGT3.0_,,,volSellReversalLast2DayUp-VolDown,",0.6428571428571549,1,1,0
"PCTChangeLT-0.5,,,,##(Test)(check-chart)-buySMAUpTrend,",0.2963234201310072,25,14,11
"PCTChangeLT-3,,,,VOL:buy-UpVol-3dayDown-Week2Low,(GLOBALFUTDOWN-DOWNTRENDMARKET)checkSellConsolidationBreakDown-week2-lowNotReachedWeek3,week2BarLowChangeLT-5,",-2.051372606995087,1,0,1
"PCTChangeGT5,,,,volumeUpsergedLast2n3n4DayDown,volBuyContinueLast2DayUp-VolUp,weekBarHighChangeGT2,brokenToday,",-0.5139010423849438,3,1,2
"PCTChangeGT12,year2Low,_HTGT1.5_,,,chisSellYear2LowLT-40-last3DayDown(triggerAfter-9:15),",7.148535246466467,1,1,0
"PCTChangeGT2,_HTGT3.0__HTGTPCTDayChange_,,,%%HLTF:(DOWNTREND-OR-GLOBALDOWN)maySellTail-tailGT2-2,3,4thDayGT0,",-0.031082559072416194,16,5,11
"PCTChangeLT-2,,,,volSellContinueLast2DayDown-VolUp,(GLOBALFUTDOWN-DOWNTRENDMARKET)checkSellConsolidationBreakDown-week2-lowNotReachedWeek3,week2BarLowChangeLT0,chisDownTrend-Risky-nearHigh,##DOWNTREND:sellYear2HighReversal(InDownTrend),##(Check-chart-buy):YearHigh-InMinus,ReversalHighYear,",4.172079903738822,1,1,0
"PCTChangeLT-1,,,,##MAPositive_Uptrend(LT-1),##MA-SMA200LT0SMA100LT0,",0.37746060925596614,1,1,0
"PCTChangeGT2,,,,chisSell-2week-breakoutup,",-0.1898731110952866,8,4,4
"PCTChangeLT-5,,,,volBuyReversalLast2DayDown-VolDown,sellPatternsML,chisDownTrend-Risky-nearHigh,",-2.300450620095287,1,0,1
"PCTDayChangeLT0,PCDayChange-0.5to0.5,_HTGT1.5__LTGT1.5_,,,%%HLTF-LastDayUp:(DOWNTREND-OR-GLOBALDOWN)MaySellHighTail-LastDayMarketUp,chisBuyYearHigh-3,",-0.14898689225043105,1,0,1
"PCTChangeLT-1,_HTGT1.5_,,,sellPatternsML,sellPatterns-LT-1.5-SMALT0,(SMA9LT0),",-1.9280303030303152,1,0,1
"PCTChangeLT-5,_LTGT1.5_,,,volBuyReversalLast2DayDown-VolDown,(GLOBALFUTDOWN-DOWNTRENDMARKET)checkSellConsolidationBreakDown-week2-lowNotReachedWeek3,week2BarLowChangeLT0,volBuyRevarsalVolCrossed,%%:checkBuyRevarsalLast3DayDownAtMonth3High,",0.8976469103921979,1,1,0
"PCTChangeLT-3,,,,volBuyVolumeUpsergedLast2n3DayUp,chisDownTrend-Risky-nearHigh,##DOWNTREND:sellYear2HighReversal(InDownTrend),##last2DayLow(LT-3)-M3LGT0,##(Check-chart-buy):month3High-InMinus,ReversalHighMonth3,",0.353331867553402,1,1,0
"PCTChangeGT1,,,,volBuyContinueLast2DayUp-VolUp,week2BarHighChangeGT0,",-0.8412679036458317,1,0,1
"PCTChangeLT-8,year2High,,,,maySellAfter10:30HighVolatileDownContinueLT-8-Risky,",-1.5338300540123564,1,0,1
"PCDCLT0PCTChangeGT0,_LTGT1.5_,,,%%HLTF:(GLOBAL-DOWN)sellHighLowerTail-Reversal-LastDayMarketUp,",-0.33498459668687336,12,6,6
"PCTChangeGT3,,,,sellPattern-LT-1.5-SMALT0,(SMA9LT0),",-2.2689049985228387,1,0,1
"PCTChangeLT-2,_HTGT1.5_,,,checkCupDown-month3HighLTmonth3Low,bar_low,##(Check-chart-buy):month3High-InMinus,BreakHighMonth3,",1.8946918306143201,1,1,0
"PCTChangeLT-1,,,,##ML:BuyRisingMA-Risky-0,",0.06129315966292752,5,2,3
"PCTChangeLT-1,,,,chisSellFlagWeek-Risky,volSellContinueLast2DayDown-VolUp,",2.197390650459737,1,1,0
"PCTDayChangeLT0,,,,%%:checkSell:Flag2Week,%%HLTF-Last2DayMarketDown:(GLOBAL-UP)buyHighUpperTailPre1-Reversal-LastDayMarketDown,",-3.39869081584458,1,0,1
"PCTChangeLT-1,_HTGT3.0__LTGT1.5__HTGTPCTDayChange__LTGTPCTDayChange_,,,$$MayBuy-CheckChart(downTrend-mayReverseLast4DaysDown),",0.9062536488642914,1,1,0
"PCTChangeLT-5,,,,##MANegative_Downtrend_(LT-4.5),##MA-SMA200LT0SMA100LT0,chisSellDayLowVolLow-01,",1.147162504858897,1,1,0
"PCTChangeGT1,,,,$$MaySell-CheckChart(monthHigh-minimumLast4DayUp),",-0.24974904457248034,7,4,3
"PCTChangeLT-2,_HTGT1.5__HTGTPCTDayChange_,,,zigZagVolCrossedFromUp,",-1.4300042300455613,1,0,1
"PCTChangeGT5,_HTGT1.5_,,,volumeUpsergedLast2n3n4DayDown,volBuyContinueLast2DayUp-VolUp,##last2DayHighGT3-M3HLT0,",3.011090655513691,1,1,0
"PCTChangeLT-5,,,,volSellContinueLast2DayDown-VolUp,##MANegative_Downtrend_(LT-4.5),##MA-SMA200LT0SMA100LT0,##last2DayLow(LT-3)-M3LLT0,",-1.792715377166483,1,0,1
"PCTChangeGT3,,,,chisSellYear2LowLT-40-last4DayDown(triggerAfter-9:15),chisFinalBreakOutBuy-1test-atYearLow,##UPTREND:buyYearLowReversal(Confirm),",2.1654582357494667,1,1,0
"PCTChangeGT5,_HTGT1.5__LTGT1.5_,,,weekBarHighChangeGT2,brokenToday,",-5.148645349451017,1,0,1
"PCTChangeGT1,_HTGT3.0__LTGT1.5__HTGTPCTDayChange__LTGTPCTDayChange_,,,##MAPositive_Uptrend(GT1),##MA-SMA200GT0SMA100GT0,",-2.6826485850747677,1,0,1
"PCTChangeGT3,_HTGT3.0__LTGT1.5_,,,(GLOBALFUTUP-UPTRENDMARKET)checkBuyConsolidationBreakUp-week2-highNotReachedWeek3,week2BarHighChangeGT0,brokenToday,",-2.1673832840162195,1,0,1
"PCTChangeLT-8,year2Low,_HTGT1.5__LTGT3.0_,,,chisRSISellCandidate(yearLow)-lessThanMinus5,chisBuyDayLowVolLow,",4.977776421440976,1,1,0
"PCTChangeLT-2,,,,%%:checkSell:Super0,##MANegative_Downtrend_(LT-1),##MA-SMA200LT0SMA100LT0,",2.791370419289568,1,1,0
"PCTChangeLT-3,,,,volSellContinueLast2DayDown-VolUp,##(check-chart)maySell-EMA6-MT-May-LT-EMA14,",-3.648451782947969,1,0,1
"PCTChangeLT-2,,,,chisSellFinalCandidate-(lastDayDown)-(buyPattern),",1.0243317124044482,1,1,0
"PCTChangeGT2,,,,chisUpTrend-Risky-nearLow,volBuyVolumeUpsergedLast2n3DayDown,chisBuyYearLow1,",-2.89852456115418,1,0,1
"PCTChangeGT1,_HTGT1.5__LTGT1.5_,,,%%HLTF-Last2HighTail:(UPTREND)buy(DOWNTREND)sell:HighUpperTailPre-last2DayUp,##MA-SMA200LT0SMA100LT0,",-3.8690525093070014,1,0,1
"PCTChangeGT5,,,,chisSell-2week-breakoutup,",-0.716070158109142,7,4,3
"PCTChangeGT5,_HTGT1.5_,,,%%HLTF-Last2HighTail:(UPTREND)buy(DOWNTREND)sell:HighUpperTailPre-last2DayUp,week2BarHighChangeGT2,weekHighGTweek2High,##last2DayHighGT3-M3HLT0,",-4.397050074670611,1,0,1
"PCTChangeLT-2,,,,volBuyVolumeUpsergedLast2n3DayUp,checkSellConsolidationBreakDown-2week,week2BarLowChangeLT0,weekLowLTweek2Low,brokenToday,",-1.0507161305470696,1,0,1
"PCTChangeLT-1,_HTGT3.0__LTGT1.5__HTGTPCTDayChange__LTGTPCTDayChange_,,,%%:sellDowntrend-lastDayDown-ReversalHighTail,shortDownTrendSellContinue-Doji-Last2DayLTToday,",2.0891209841145577,1,1,0
"PCTChangeLT-8,_LTGT1.5_,,,##(Test)(Check-chart-sell):year2Low-InMinus,chisBuyYear2Low,NearLowYear2,",5.666982043450821,1,1,0
"PCTChangeGT2,,,,weekBarHighChangeGT0,chisBuy-2week-breakoutup(check-chart)(|-|-| or --|),",-0.784247610228894,1,0,1
"PCTChangeGT2,_HTGT1.5__HTGTPCTDayChange_,,,week2BarHighChangeGT0,weekHighGTweek2High,brokenToday,chisBuyYearHigh-3,",-2.091089959663452,1,0,1
"PCTChangeGT1,_HTGT1.5__LTGT3.0_,,,%%HLTF-Last2LowTail:(DOWNTREND)sellHighLowerTailPre-1,##MANegative_Downtrend_(GT0),##MA-SMA200LT0SMA100LT0,",-2.8712886394840766,1,0,1
"PCTChangeGT2,_HTGT1.5__LTGT1.5_,,,##(check-chart)sellEMA6>EMA14,",2.319672131147536,1,1,0
"PCTChangeGT2,_HTGT1.5_,,,volSellVolumeUpsergedLast2n3DayDown,",-1.1578854633977513,5,1,4
"PCTChangeGT0.5,_LTGT1.5_,,,buyYearHigh-0,",1.8087044644760304,3,2,1
"PCTChangeLT-2,,,,checkCupDown-2dayDown-mayReversalBuy,chisBuyMay5DayFloorReversal,##DOWNTREND:sellYear2HighReversal(InDownTrend),##(Check-chart-buy):month3High-InMinus,ReversalHighMonth3,",-3.0883132940862463,1,0,1
"PCTChangeLT-2,,,,checkCupDown-month3HighLTmonth3Low,bar_low,##DOWNTREND:sellYearHighReversal(InDownTrend),##(Check-chart-buy):YearHigh-InMinus,ReversalHighYear,",-5.088988211725449,1,0,1
"PCTChangeLT-1,year2High,_LTGT1.5_,,,checkCupDown-3dayDown,",-2.5210084033613542,1,0,1
"PCTChangeGT1,_HTGT1.5__HTGTPCTDayChange_,,,%%HLTF-Last2HighTail:(UPTREND)buy(DOWNTREND)sell:HighUpperTailPre-last2DayUp,MaySellCheckChart-(IndexNotDownInSecondHalf),buyYearHigh-0,",5.692751971995775,1,1,0
"PCTChangeLT-3,,,,volSellContinueLast2DayDown-VolUp,(GLOBALFUTDOWN-DOWNTRENDMARKET)checkSellConsolidationBreakDown-week2-lowNotReachedWeek3,week2BarLowChangeLT0,weekLowLTweek2Low,##DOWNTREND:sellYear2HighReversal(InDownTrend),%%:checkBuyRevarsalLast3DayDownAtMonth3High,##(Check-chart-buy):month3High-InMinus,ReversalHighMonth3,",-0.9680542301017636,1,0,1
"PCTChangeGT3,,,,##(Check-chart-sell):month3Low-InPlus,BreakLowMonth3,chisBuyDownTrend-Risky-0,",1.6192373926342474,1,1,0
"PCTDayChangeLT0,,,,(GLOBALFUTDOWN-DOWNTRENDMARKET)checkSellConsolidationBreakDown-week2-lowNotReachedWeek3,week2BarLowChangeLT0,weekLowLTweek2Low,chisDownTrend-Risky-nearHigh,",-1.5034748702463483,6,0,6
"PCTChangeLT-5,_LTGT1.5_,,,VOL:sell(GLOBALFUTUP-GLOBALMARKETUP)Buy-UpVol-3dayDown-Week2High,%%:checkBuyRevarsalLast3DayDownAtMonth3High,",2.86785800795948,1,1,0
"PCTChangeGT3,year2High,,,,volSellReversalLast2DayUp-VolDown,",-1.2226131326906409,1,0,1
"PCTChangeGT2,_HTGT1.5_,,,$$MaySell-CheckChart-baseLine(inDownTrend-monthHigh)-PCTDayChangeGT0,chisUpTrend-Risky-nearLow,",-2.0058839589273734,1,0,1
"PCTChangeGT1,_HTGT3.0__LTGT1.5__HTGTPCTDayChange__LTGTPCTDayChange_,,,##MANegative_Downtrend_(GT1),##MA-SMA200LT0SMA100LT0,",1.0159284195956626,2,2,0
"PCTChangeGT3,_HTGT1.5_,,,%%HLTF-Last2HighTail:(UPTREND)buy(DOWNTREND)sell:HighUpperTailPre-last2DayUp,##MAPositive_Uptrend(GT2),##MA-SMA200LT0SMA100LT0,",0.4321000212995246,1,1,0
"PCTChangeGT2,,,,volSellReversalLast2DayUp-VolDown,chisSell-2week-breakoutup,",-2.7008056640624916,1,0,1
"PCTChangeGT0.5,_HTGT1.5__LTGT1.5__HTGTPCTDayChange_,,,%%:sellDowntrend-lastDayUp-ReversalHighTail,",1.2019137631718084,1,1,0
"PCTChangeLT-8,_HTGT1.5__LTGT1.5_,,,(GLOBAL-DOWN)maySellContinueHighVolatileLastDayDOWN-month3LowGT0-(LT-8),",0.7022411950445461,1,1,0
"PCTChangeGT2,,,,chisBuyUpTrend-nearLow,buyFinal1,",3.2063926588031255,2,2,0
"PCTChangeGT1,,,,%%:sellUpTrend-month3High,chisBuyYearHigh-3,",0.813653502679098,1,1,0
"PCTChangeGT8,_HTGT3.0__HTGTPCTDayChange_,,,volSellRevarsalVolCrossed,",-11.681155882019931,1,0,1
"PCTChangeGT1,PCDayChange-0.5to0.5,,,,shortUpTrendBuyContinue-Doji-Last2DayGTToday,##MAPositive_Uptrend(GT0),##MA-SMA200LT0SMA100LT0,",1.218990428697659,1,1,0
"PCTChangeLT-2,_LTGT1.5_,,,volSellContinueLast2DayDown-VolUp,chisDownTrend-Risky-nearHigh,##DOWNTREND:sellYear2HighReversal(InDownTrend),##(Check-chart-buy):month3High-InMinus,ReversalHighMonth3,",4.153041891343494,1,1,0
"PCTChangeLT-5,,,,vol-buy-DownVol-3dayDown-Week2Low,##MANegative_Downtrend_(LT-4.5),##MA-SMA200LT0SMA100LT0,",0.8023113218790598,5,4,1
"PCTChangeLT-1,PCDayChange-0.5to0.5,,,,##ML:BuyRisingMA-Risky-1,",-3.7812604028232792,1,0,1
"PCTChangeLT-2,,,,%%:checkSell:Flag2Week,checkCupDown-3dayDown,chisSellFinalCandidate-3,",-5.878304202489184,1,0,1
"PCTChangeGT16,_HTGT1.5__LTGT1.5_,,,volBuyContinueLast2DayUp-VolUp,##MAPositive_Uptrend(GT4.5),##MA-SMA200GT0SMA100GT0,",-2.6271173509500705,1,0,1
"PCDCGT0PCTDayChangeLT0,,,,%%:checkSell:FlagWeek-doji,",-0.6085634040359285,3,1,2
"PCTChangeLT-3,,,,weekBarLowChangeLT-2,chisDownTrend-Risky-nearHigh,##DOWNTREND:sellYear2HighReversal(InDownTrend),##(Check-chart-buy):month3High-InMinus,ReversalHighMonth3,",-0.4557186963033657,4,2,2
"PCTChangeGT5,_HTGT3.0_,,,%%HLTF-Last2HighTail:(UPTREND)buy(DOWNTREND)sell:HighUpperTailPre-last2DayUp,volBuyContinueLast2DayUp-VolUp,##MAPositive_Uptrend(GT4.5),##MA-SMA200LT0SMA100LT0,",-3.5494366959582657,1,0,1
"PCTChangeLT-2,year2High,,,,chisSellUpTrend-Risky-1,",0.023990144556580027,7,4,3
"PCTChangeGT3,,,,(GLOBALFUTUP-UPTRENDMARKET)checkBuyConsolidationBreakUp-week2-highNotReachedWeek3,week2BarHighChangeGT2,weekHighGTweek2High,chis-breakoutup-2week,##UPTREND:buyMonth6LowReversal(Confirm),",0.36786030928106833,1,1,0
"PCTChangeLT-2,,,,%%:checkSell:Super01-monthLow,##(Check-chart-sell)Month3Low-Continue(InUpTrend),ReversalLowMonth3,",0.19520690271039792,7,4,3
"PCTChangeLT-8,_LTGT1.5_,,,(GLOBAL-DOWN)maySellContinueHighVolatileLastDayDOWN-month6LowGT0-(LT-8),volSellContinueLast2DayDown-VolUp,chisDownTrend-Risky-nearHigh,",0.43629159172661974,1,1,0
"PCTChangeGT1,_HTGT1.5__LTGT3.0_,,,chisUpTrend-Risky-nearLow,",-0.2831481179842238,1,0,1
"PCTChangeGT3,_HTGT1.5_,,,(GLOBALFUTUP-UPTRENDMARKET)checkBuyConsolidationBreakUp-week2-highNotReachedWeek3,week2BarHighChangeGT5,weekHighGTweek2High,",-2.9447871483176606,1,0,1
"PCTChangeGT2,year2Low,_HTGT1.5_,,,(Test)MaySell-CheckChart(downTrend-lastDayUp),zigZagVolCrossedFromDown,",6.442784551364282,1,1,0
"PCTChangeGT3,,,,##(Check-chart-sell):month3Low-InPlus,NearLowMonth3,chisBuyUpTrend-nearLow,##UPTREND:buyMonth3Low,",3.357846129174337,1,1,0
"PCDCGT0PCTChangeLT-3,PCDayChange-0.5to0.5,_HTGT3.0_,,,##MA-SMA200LT0SMA100LT0,",1.0911896332551105,2,1,1
"PCTChangeLT-3,_HTGT1.5__LTGT3.0_,,,chisDownTrend-Risky-nearHigh,##(Check-chart-buy):month3High-InMinus,ReversalHighMonth3,",0.13869414179942718,1,1,0
"PCTChangeGT2,,,,chisBuyFinalContinueReversal-2,",-1.020408163265312,1,0,1
"PCTDayChangeLT0,_LTGT1.5_,,,%%:check(UPTREND-UPMARKET)Buy(DOWNTRENDTREND-DOWNMARKET)Sell:Super01-monthLow,",0.15106965685133678,4,2,2
"PCTChangeLT-5,,,,VOL:sell(GLOBALFUTUP-GLOBALMARKETUP)Buy-UpVol-3dayDown-Week2High,##DOWNTREND:sellMonth6HighReversal(InDownTrend),##last2DayLow(LT-3)-M3LGT0,",-0.8978615762643138,1,0,1
"PCTChangeGT1,_LTGT3.0_,,,##RisingMA(Test)(check-chart-buy)-1DayUp,",-2.6535101104200933,1,0,1
"PCTChangeLT-0.5,_LTGT3.0_,,,##MANegative_Downtrend_(LT0),##MA-SMA200LT0SMA100LT0,",2.845236157614097,1,1,0
"PCTChangeGT3,,,,(GLOBALFUTUP-UPTRENDMARKET)checkBuyConsolidationBreakUp-week2-highNotReachedWeek3,week2BarHighChangeGT0,weekHighGTweek2High,##MAPositive_Uptrend(GT2),##MA-SMA200GT0SMA100GT0,",2.351667616102416,1,1,0
"PCTChangeLT-0.5,_LTGT1.5_,,,chisSellFlagWeek-Risky,",-0.9066813227286926,2,0,2
"PCTChangeLT-2,_LTGT1.5_,,,##DOWNTREND:sellMonth6LowBreak,",4.949000270761842,2,2,0
"PCTChangeGT3,_HTGT1.5_,,,chisUpTrend-Risky-nearLow,weekBarHighChangeGT2,",-4.178676458382374,1,0,1
"PCTChangeLT-1,PCDayChange-0.5to0.5,_LTGT3.0_,,,chisSell:Super03-monthLow,",-2.4409028052075676,1,0,1
"PCTDayChangeLT0,_LTGT3.0_,,,volBuyRevarsalVolCrossed,%%:checkBuyRevarsalLast3DayDownAtMonth3High,",-2.567714891323734,1,0,1
"PCTChangeLT-1,,,,%%:checkSell:Super0,$$MayBuy-CheckChart(monthLow-minimumLast4DayDown),",-1.1562753161729935,2,1,1
"PCTChangeGT5,,,,volumeUpsergedLast2n3n4DayDown,volBuyContinueLast2DayUp-VolUp,",0.5777217624264407,15,7,8
"PCTChangeGT1,_HTGT1.5_,,,MaySellCheckChart-(IndexNotDownInSecondHalf),zigZagVolCrossedFromDown,",-1.2048192771084332,1,0,1
"PCTChangeLT-5,_LTGT1.5_,,,##MANegative_Downtrend_(LT-2),##MA-SMA200LT0SMA100LT0,##last2DayLow(LT-3)-M3LGT0,",-0.595775976275569,2,1,1
"PCTChangeGT2,,,,chisUpTrend-Risky-nearLow,weekBarHighChangeGT2,brokenToday,chisSell-2week-breakoutup,##UPTREND:buyMonth6LowReversal(Confirm),",4.38985556692823,1,1,0
"PCTChangeLT-2,_LTGT1.5_,,,checkCupDown-3dayDown,%%HLTF:(GLOBAL-DOWN)sellHighLowerTail-Reversal-LastDayMarketUp,VOL:buy-DownVol-3dayDown-Week2High,",2.342661610850091,1,1,0
"PCTChangeLT-2,,,,checkCupDown-near2WeekDown-mayReveresalBuy,(GLOBALFUTDOWN-DOWNTRENDMARKET)checkSellConsolidationBreakDown-week2-lowNotReachedWeek3,week2BarLowChangeLT0,weekLowLTweek2Low,volBuyRevarsalVolCrossed,",1.211453744493388,1,1,0
"PCTChangeLT-3,,,,##MANegative_Downtrend_(LT-2),##MA-SMA200GT0SMA100GT0,##last2DayLow(LT-3)-M3LGT0,chisBuyDayLowVolLow-03-checkMorningTrend(.5SL)-after10:30,",0.9875127574599873,1,1,0
"PCTDayChangeLT0,PCDayChange-0.5to0.5,_HTGT3.0_,,,%%:checkSell:CupDownDoji-lastDayLT(-2)TodayDoji,%%:sellDowntrend-lastDayDown-ReversalHighTail,",2.747988498528528,1,1,0
"PCTChangeGT3,year2High,_HTGT3.0__LTGT1.5__HTGTPCTDayChange_,,,volSellReversalLast2DayUp-VolUp,##last2DayHighGT3-M3HGT0,",-1.683941732510269,1,0,1
"PCTChangeGT5,,,,chis-breakoutup-2week,chisBuy-2week-breakoutup,",0.228669184836242,2,1,1
"PCTDayChangeLT0,PCDayChange-0.5to0.5,,,,%%:checkSell:Super01-monthLow,##(Test)(check-chart)-buySMAUpTrend,",-0.32967368325034985,1,0,1
"PCTChangeLT-1,_LTGT1.5_,,,checkCupDown-near2WeekDown-mayReveresalBuy,(GLOBALFUTDOWN-DOWNTRENDMARKET)checkSellConsolidationBreakDown-week2-lowNotReachedWeek3,week2BarLowChangeLT0,##(Check-chart-buy):month3High-InMinus,ReversalHighMonth3,",-1.1656775841346076,1,0,1
"PCTChangeGT2,_HTGT1.5__HTGTPCTDayChange_,,,volumeUpsergedLast2n3n4DayDown,##RisingMA(check-chart-sell)-MaySellCheckChart,",-0.32626552272211784,1,0,1
"PCTChangeLT-8,,,,chisSellDayLowVolLow-0,",1.3121504533430468,1,1,0
"PCTChangeGT0.5,,,,chisBuyUpTrend-nearLow,chisSellFinalContinue-(lastDayUp)-2,",0.6302819002403857,1,1,0
"PCTChangeGT2,_LTGT1.5_,,,##(Check-chart-sell):month3Low-InPlus,ReversalLowMonth3,",1.9927011900741383,1,1,0
"PCTChangeLT-3,_HTGT1.5_,,,volBuyReversalLast2DayDown-VolDown,weekBarLowChangeLT0,brokenToday,chisDownTrend-Risky-nearHigh,##DOWNTREND:sellYearHighReversal(InDownTrend),##(Check-chart-buy):YearHigh-InMinus,ReversalHighYear,",-0.3453740207355661,1,0,1
"PCTChangeGT1,year2High,_HTGT1.5__HTGTPCTDayChange_,,,(Test)(check-chart-2-3MidCapCross)MaySellCheckChart-Risky,MaySellCheckChart-(IndexNotDownInSecondHalf),%%:sellUpTrend-month3High,",-0.24751426595750128,6,3,3
"PCTChangeLT-0.5,_LTGT3.0_,,,%%HLTF:(GLOBAL-UP)buyHighLowerTail-LastDayMarketUp,chisDownTrend-Risky-nearHigh,",-0.233232592702262,1,0,1
"PCTChangeLT-2,_HTGT1.5__LTGT1.5__HTGTPCTDayChange__LTGTPCTDayChange_,,,chisDownTrend-Risky-nearHigh,",0.9907343338312646,6,4,2
"PCTChangeLT-0.5,_LTGT1.5_,,,(GLOBALFUTDOWN-DOWNTRENDMARKET)checkSellConsolidationBreakDown-week2-lowNotReachedWeek3,week2BarLowChangeLT0,weekLowLTweek2Low,chisDownTrend-Risky-nearHigh,",-0.4824716391120909,1,0,1
"PCTChangeLT-2,_HTGT3.0__LTGT1.5__HTGTPCTDayChange__LTGTPCTDayChange_,,,##MANegative_Downtrend_(LT-1),##MA-SMA200LT0SMA100LT0,",-3.4728129408453956,3,0,3
"PCTChangeGT2,,,,chisUpTrend-Risky-nearLow,##UPTREND:buyYear2LowReversal(Confirm),",-0.6619390011224489,15,9,6
"PCTChangeLT-8,,,,maySellAfter10:30HighVolatileDownContinueLT-8-Risky,volumeUpsergedLast2n3n4DayUp,##MANegative_Downtrend_(LT-4.5),##MA-SMA200LT0SMA100LT0,",-1.5686300583175063,1,0,1
"PCTChangeLT-3,_HTGT3.0_,,,%%HLTF:maySellTail-tailGT2-7,10thDayGT0,VOL:sell(GLOBALFUTUP-GLOBALMARKETUP)Buy-UpVol-3dayDown-Week2High,",-2.4343053465385727,1,0,1
"PCTChangeLT-1,,,,volSellContinueLast2DayDown-VolUp,chisSellFinalCandidate-4,",3.4498478816105718,1,1,0
"PCTDayChangeLT0,year2High,_HTGT3.0__HTGTPCTDayChange_,,,%%HLTF-Risky9:30:maySellTail-tailGT2-7,10thDayGT15,",0.013546001237522864,2,1,1
"PCTChangeLT-3,_HTGT1.5_,,,%%:checkSell:Flag2Week,##last2DayLow(LT-3)-M3LGT0,",3.556218204660159,1,1,0
"PCTChangeGT3,_HTGT3.0__LTGT1.5__HTGTPCTDayChange_,,,%%HLTF:(UPTREND-GLOBAL/SGX-UP)BuyHighUpperTail-Reversal-7,10thDayGT15-LastDayMarketDown,##MAPositive_Uptrend(GT2),##MA-SMA200GT0SMA100GT0,",-5.413330078125009,1,0,1
"PCTChangeLT-5,,,,##longDownTrend-2-IndexNotDownLastDay(checkBase),chisDownTrend-Risky-nearHigh,",-2.4744257412962187,1,0,1
"PCTChangeGT3,_LTGT1.5_,,,##MANegative_Downtrend_(GT2),##MA-SMA200LT0SMA100LT0,",-2.623463730825555,1,0,1
"PCTChangeGT2,,,,weekBarHighChangeGT0,brokenToday,(SMA9GT0),chisBuyYearHigh-3,",-0.728202624198717,1,0,1
"PCTChangeLT-3,_LTGT1.5_,,,##MAPositive_Uptrend(LT-1),##MA-SMA200LT0SMA100LT0,",1.2671515399368256,1,1,0
"PCTChangeGT2,year2High,,,,%%:sellUpTrend-month3High,chisCheckConsolidationBreakoutLT(4.5),",-0.20222433212727597,1,0,1
"PCTChangeGT3,,,,##(Check-chart-sell):month3Low-InPlus,ReversalLowMonth3,chisBuyUpTrend-nearLow,chisCheckConsolidationBreakoutLT(4.5),(GLOBALFUTUP-UPTRENDMARKET)checkBuyConsolidationBreakUp-week2-highNotReachedWeek3,week2BarHighChangeGT0,brokenToday,##UPTREND:buyMonth3LowReversal(Confirm),",-0.020581622714924162,1,0,1
"PCTChangeLT-5,,,,volBuyReversalLast2DayDown-VolDown,##DOWNTREND:sellYear2HighReversal(InDownTrend),chisSellDayLowVolLow-01,",1.67713303154747,1,1,0
"PCTChangeGT1,_HTGT1.5_,,,%%HLTF-Last2HighTail:(UPTREND)buy(DOWNTREND)sell:HighUpperTailPre-last2DayUp,%%HLTF:(GLOBAL-SGX-DOWN)maySellTail-2,3,4thDayGT0,",0.41481822114749795,11,7,4
"PCTChangeLT-2,,,,(GLOBALFUTDOWN-DOWNTRENDMARKET)checkSellConsolidationBreakDown-week2-lowNotReachedWeek3,week2BarLowChangeLT-2,chisDownTrend-Risky-nearHigh,##DOWNTREND:sellMonth3HighReversal(InDownTrend),##(Check-chart-buy):month3High-InMinus,ReversalHighMonth3,",-0.46833837882217105,1,0,1
"PCDCGT0PCTChangeLT-3,PCDayChange-0.5to0.5,_HTGT3.0_,,,%%:checkSell:CupDownDoji,",-2.242244173608378,1,0,1
"PCTChangeGT3,,,,chisCheckConsolidationBreakoutLT(4.5),##MAPositive_Uptrend(GT2),##MA-SMA200LT0SMA100LT0,",-1.0472087969007617,2,0,2
"PCTChangeLT-3,,,,weekBarLowChangeLT-2,##MANegative_Downtrend_(LT-2),##MA-SMA200LT0SMA100LT0,##last2DayLow(LT-3)-M3LLT0,",1.869717001005626,1,1,0
"PCTChangeGT2,_HTGT1.5_,,,%%HLTF:(GLOBAL-SGX-DOWN)maySellTail-2,3,4thDayGT0,$$MaySell-CheckChart-baseLine(inDownTrend-monthHigh)-MLCGT10,",-4.079541966428364,1,0,1
"PCTDayChangeLT0,_LTGT1.5_,,,buyMorningStar-HighLowerTail-(checkChart),",-1.7406990604201853,7,1,6
"PCTChangeLT-1,_HTGT1.5__LTGT1.5__LTGTPCTDayChange_,,,(GLOBALFUTDOWN-DOWNTRENDMARKET)checkSellConsolidationBreakDown-week2-lowNotReachedWeek3,week2BarLowChangeLT-2,weekLowLTweek2Low,chisDownTrend-Risky-nearHigh,",-5.887099235288556,1,0,1
"PCTChangeLT-3,,,,chisSellFlagWeek-Risky,##(Check-chart-buy):month3High-InMinus,NearHighMonth3,",-1.3723600204928479,1,0,1
"PCTChangeLT-3,,,,volBuyReversalLast2DayDown-VolDown,chisDownTrend-Risky-nearHigh,",-2.0239227121662395,3,0,3
"PCTChangeGT2,_HTGT3.0__HTGTPCTDayChange_,,,%%:sellUpTrend-month3High,",1.6915888046649332,3,3,0
"PCTChangeLT-5,,,,(GLOBALFUTDOWN-DOWNTRENDMARKET)checkSellConsolidationBreakDown-week2-lowNotReachedWeek3,week2BarLowChangeLT0,chisDownTrend-Risky-nearHigh,##DOWNTREND:sellYear2HighReversal(InDownTrend),",3.4512208568651803,1,1,0
"PCTChangeLT-1,_HTGT1.5__LTGT1.5_,,,checkCupDown-2dayDown-mayReversalBuy,",-2.75723945500384,2,0,2
"PCTChangeGT0.5,year2High,_HTGT1.5__HTGTPCTDayChange_,,,(Test)(check-chart-2-3MidCapCross)MaySellCheckChart-Risky,weekBarHighChangeGT0,brokenToday,",1.8002992625824765,1,1,0
"PCDCGT0PCTDayChangeLT0,_LTGT1.5_,,,%%:checkSell:Super2,",-0.84235462750947,2,1,1
"PCTChangeGT8,_HTGT1.5_,,,volBuyContinueLast2DayUp-VolUp,##MAPositive_Uptrend(GT4.5),##MA-SMA200GT0SMA100GT0,",-2.4318684473381933,2,0,2
"PCTChangeLT-5,_LTGT1.5_,,,volBuyRevarsalVolCrossed,chisSellDayLowVolLow-03-checkMorningTrend(.5SL),",-0.09615384615385303,1,0,1
"PCTChangeGT5,,,,volBuyContinueLast2DayUp-VolUp,checkBuyConsolidationBreakUp-2week,week2BarHighChangeGT2,brokenToday,",-2.3778920308483316,1,0,1
"PCTChangeGT3,,,,chisCheckConsolidationBreakoutLT(4.5),chis-breakoutup-2week,chisSell-2week-breakoutup,",-0.7991127843811526,1,0,1
"PCTChangeLT-3,_LTGT1.5_,,,volumeUpsergedLast2n3n4DayUp,",-0.41693669791668864,5,3,2
"PCTChangeGT0,PCDayChange-0.5to0.5,,,,shortUpTrendBuyContinue-Doji-Last2DayGTToday,##MAPositive_Uptrend(GT0),##MA-SMA200GT0SMA100GT0,",0.8512806772708076,1,1,0
"PCDCGT0PCTDayChangeLT0,_HTGT1.5__HTGTPCTDayChange__LTGTPCTDayChange_,,,chisBuyYearHigh-3,",-4.688705380491639,1,0,1
"PCTChangeGT0,_HTGT3.0__LTGT1.5__HTGTPCTDayChange__LTGTPCTDayChange_,,,%%HLTF-Last2LowTail:(DOWNTREND)sellHighLowerTailPre-1,",-2.303921568627442,1,0,1
"PCTChangeGT2,,,,checkCupDown-lastDayUp-near2WeekHigh-mayReveresalSell,##RisingMA(Test)(check-chart-buy)-1DayUp,",1.1697634082202315,1,1,0
"PCTChangeGT5,_HTGT3.0__LTGT1.5__HTGTPCTDayChange_,,,weekBarHighChangeGT2,brokenToday,",-2.7323442763998633,1,0,1
"PCTChangeLT-0.5,_HTGT1.5__LTGT1.5_,,,##MAPositive_Uptrend(LT0),##MA-SMA200GT0SMA100GT0,",-1.9417453354799157,1,0,1
"PCTChangeGT1,year2High,_HTGT1.5__HTGTPCTDayChange_,,,(Test)(check-chart-2-3MidCapCross)MaySellCheckChart-Risky,MaySellCheckChart-(IndexNotDownInSecondHalf),shortUpTrendSellReversal-MonthHigh,weekBarHighChangeGT0,brokenToday,",-0.9356128004966118,1,0,1
"PCTChangeLT-5,,,,##MAPositive_Uptrend(LT-4.5),##MA-SMA200LT0SMA100LT0,",2.5412960609911055,1,1,0
"PCTChangeLT-2,_LTGT1.5_,,,weekBarLowChangeLT-2,##DOWNTREND:sellYearHighReversal(InDownTrend),$$MayBuy-CheckChart-baseLine(inuptrend-monthlow)-PCTDayChangeLT0,##(Check-chart-buy):month3High-InMinus,ReversalHighMonth3,",2.03562467753837,1,1,0
"PCTChangeGT2,_HTGT1.5_,,,weekBarHighChangeGT2,",-0.32703084908766833,19,8,11
"PCTChangeLT-2,,,,volSellContinueLast2DayDown-VolUp,##DOWNTREND:sellYearHigh(InDownTrend),##(Check-chart-buy):month3High-InMinus,NearHighMonth3,",0.34966311118513405,1,1,0
"PCTChangeGT3,year2High,_HTGT1.5_,,,chisBuyConsolidationBreakUp-2week-(Risky)-year2High,week2BarHighChangeGT0,brokenToday,",-1.8551378524093252,1,0,1
"PCTChangeGT1,_HTGT1.5__LTGT1.5_,,,chisSellDowningMA-(check5MinuteDownTrendAndSellDowntrend)-Already10DayDown,%%HLTF-Last2LowTail:(DOWNTREND)sellHighLowerTailPre-1,",4.979250866246108,1,1,0
"PCTDayChangeLT0,PCDayChange-0.5to0.5,_HTGT1.5_,,,chisBuyYearHigh-1,",0.13087620057933033,12,7,5
"PCTChangeLT-1,PCDayChange-0.5to0.5,_HTGT1.5_,,,%%:checkSell:CupDownDoji-lastDayLT(-2)TodayDoji,%%HLTF-Last2HighTail:(DOWNTREND)sell(UPTREND)buy:HighUpperTailPre,",2.410520963392509,1,1,0
"PCTChangeLT-1,_LTGT1.5_,,,volBuyReversalLast2DayDown-VolDown,chisDownTrend-Risky-nearHigh,",-1.7479784887994647,1,0,1
"PCTChangeLT-2,_LTGT3.0_,,,volSellContinueLast2DayDown-VolUp,(GLOBALFUTDOWN-DOWNTRENDMARKET)checkSellConsolidationBreakDown-week2-lowNotReachedWeek3,week2BarLowChangeLT0,weekLowLTweek2Low,",-2.1598763538008696,1,0,1
"PCTChangeGT8,year2High,,,,##last2DayHighGT3-M3HGT0,",-2.3686399298199126,1,0,1
"PCTChangeGT3,year2High,_HTGT1.5_,,,volSellVolumeUpsergedLast2n3DayDown,volBuyContinueLast2DayUp-VolUp,chisCheckConsolidationBreakoutLT(4.5),",-1.6570927996288332,1,0,1
"PCTChangeLT-1,_LTGT1.5_,,,checkSellConsolidationBreakDown-month3HighGTMonth3Low,chisDownTrend-Risky-nearHigh,",0.6123448716022301,1,1,0
"PCTChangeLT-1,,,,%%:checkSell:Flag2Week,%%HLTF-Last2DayMarketDown:(GLOBAL-UP)buyHighUpperTailPre1-Reversal-LastDayMarketDown,volBuyVolumeUpsergedLast2n3DayUp,chisDownTrend-Risky-nearHigh,##(Check-chart-buy):YearHigh-InMinus,ReversalHighYear,",-0.33869731672059533,1,0,1
"PCDCLT0PCTChangeGT0,_HTGT3.0__LTGT3.0__HTGTPCTDayChange__LTGTPCTDayChange_,,,%%HLTF:(GLOBAL-DOWN)sellHighLowerTail-Reversal-LastDayMarketUp,",-5.242913744227598,1,0,1
"PCTChangeGT5,,,,chisSellDayHighVolLow-01-checkMorningTrend(.5SL),volSellReversalLast2DayUp-VolDown,chisBuyFinalContinueReversal-2,",-5.095823996518665,1,0,1
"PCTChangeGT3,,,,chisBuyUpTrend-1-YearHigh,(GLOBALFUTUP-UPTRENDMARKET)checkBuyConsolidationBreakUp-week2-highNotReachedWeek3,week2BarHighChangeGT0,brokenToday,",-1.144703254626675,1,0,1
"PCDCGT0PCTChangeLT-16,,,,##MA-SMA200LT0SMA100LT0,",-0.054648143997603385,1,0,1
"PCTChangeGT3,_HTGT3.0__HTGTPCTDayChange_,,,##(Check-chart):year2High-InPlus,",1.518829355657085,2,2,0
"PCTChangeGT1,year2High,,,,volSellVolumeUpsergedLast2n3DayDown,chisCheckConsolidationBreakoutLT(4.5),",-0.8415546964403662,1,0,1
"PCTChangeLT-3,_HTGT1.5_,,,chisBuyFinalContinue-2,",4.493612517391001,1,1,0
"PCTChangeGT5,year2High,,,,week2BarHighChangeGT0,brokenToday,",0.9785679408482119,1,1,0
"PCTChangeLT-3,,,,##ML:sellRisingMA-down-(Risky),",1.442281383675329,3,2,1
"PCTChangeLT-3,,,,checkCupDown-upTrendLastDayDown-mayReversalBuy,chisSellDownTrend-nearHigh,##(Check-chart-buy):month3High-InMinus,ReversalHighMonth3,",-0.5656961223991154,1,0,1
"PCTChangeGT3,,,,volumeUpsergedLast2n3n4DayDown,chisBuyConsolidationBreakUp-2week-(Risky)-year2High,week2BarHighChangeGT2,brokenToday,##(Check-chart):year2High-InPlus,",-0.9496041631711668,1,0,1
"PCTChangeLT-5,_LTGT1.5_,,,##MANegative_Downtrend_(LT-4.5),##MA-SMA200GT0SMA100LT0,##last2DayLow(LT-3)-M3LLT0,",-0.1860927391245111,1,0,1
"PCTChangeLT-3,,,,chisSellFlag2Week-Risky,##(check-chart)maySell-EMA6-MT-May-LT-EMA14,",3.1374678313059263,1,1,0
"PCDCLT0PCTChangeGT3,_HTGT3.0__LTGT1.5__HTGTPCTDayChange__LTGTPCTDayChange_,,,chisSellLastDayHighUpReversal,",4.997530642683323,1,1,0
"PCTChangeGT3,,,,(GLOBALFUTUP-UPTRENDMARKET)checkBuyConsolidationBreakUp-week2-highNotReachedWeek3,week2BarHighChangeGT0,weekHighGTweek2High,chis-breakoutup-2week,",1.6091954022988453,1,1,0
"PCTChangeLT-1,_HTGT1.5__LTGT3.0_,,,(SMA9LT0),",1.2169328316178791,1,1,0
"PCTChangeGT3,year2High,,,,volumeUpsergedLast2n3n4DayDown,chisCheckConsolidationBreakoutLT(4.5),",-0.38936961704097306,4,2,2
"PCTChangeGT2,,,,chisBuy-2week-breakoutup(check-chart)(|-|-| or --|),##(Check-chart)sellMonth3High-Continue,",-0.27850323438633123,1,0,1
"PCTChangeGT3,_HTGT1.5_,,,volumeUpsergedLast2n3n4DayDown,##last2DayHighGT3-M3HGT0,",0.2993994094378498,1,1,0
"PCTChangeGT0.5,_HTGT3.0__LTGT1.5_,,,##MA-SMA200LT0SMA100LT0,",-1.0192458415175334,1,0,1
"PCTChangeGT0,PCDayChange-0.5to0.5,_LTGT1.5_,,,%%HLTF:(SGXNIFTYUP)buyHighLowerTail-Continue,shortUpTrendBuyContinue-Doji-Last2DayGTToday,",-1.5444805104537467,1,0,1
"PCTChangeGT5,_HTGT1.5__LTGT1.5__HTGTPCTDayChange__LTGTPCTDayChange_,,,chisUpTrend-Risky-nearLow,volSellReversalLast2DayUp-VolUp,##UPTREND:buyYear2LowReversal(Confirm),",-0.033114603813134656,1,0,1
"PCTChangeGT3,year2High,,,,volSellVolumeUpsergedLast2n3DayDown,checkBuyConsolidationBreakout-allPreLT0,weekBarHighChangeGT2,brokenToday,",1.3859820693532447,2,2,0
"PCTChangeLT-5,_LTGT3.0_,,,volBuyReversalLast2DayDown-VolUp,##MANegative_Downtrend_(LT-4.5),##MA-SMA200LT0SMA100LT0,",-5.727275501598,1,0,1
"PCDCGT0PCTChangeLT-1,_HTGT1.5__LTGT3.0_,,,%%HLTF-Last2LowTail:(DOWNTREND)sellHighLowerTailPre-1,##MA-SMA200LT0SMA100LT0,",9.702764104505869,1,1,0
"PCTChangeGT1,,,,chisBuyUpTrend-nearLow,chisSellFinalContinue-(lastDayUp)-1,",-1.6375350594370932,1,0,1
"PCTChangeGT3,_LTGT1.5_,,,chisBuyDownTrend-Risky-1,",-2.0782178816158328,2,0,2
"PCTChangeLT-16,year2Low,_LTGT3.0_,,,chisBuyDayLowVolLow-01,chisBuyYear2Low,BreakLowYear2,",11.103569510027588,1,1,0
"PCTChangeGT1,,,,%%:checkSell:CupDownDoji-last2lastDayLT0orTodayGT0,",0.6838147636808599,1,1,0
"PCTChangeGT3,_HTGT1.5_,,,chisSellYear2LowContinue,",-1.7417839216560798,1,0,1
"PCTChangeLT-3,_HTGT1.5__LTGT1.5_,,,chisDownTrend-Risky-nearHigh,##(Check-chart-buy):month3High-InMinus,ReversalHighMonth3,",0.6081999084849812,2,2,0
"PCDCLT0PCTChangeGT0,year2High,_LTGT3.0_,,,%%HLTF:(SGXNIFTYUP)buyHighLowerTail-Continue,(Test)MayBuy-CheckChart(upTrend-lastDayDown),",3.662498474121097,1,1,0
"PCTChangeLT-1,_HTGT1.5_,,,weekBarLowChangeLT0,chisDownTrend-Risky-nearHigh,",-1.492329794849499,2,0,2
"PCTChangeGT2,,,,chisBuyUpTrend-nearLow,##UPTREND:buyMonth3LowReversal(Confirm),",-1.2156147701661804,9,2,7
"PCDCGT0PCTChangeLT-1,_HTGT3.0_,,,%%:checkSell:CupDownDoji,",-1.586044079712813,2,0,2
"PCTChangeLT-0.5,PCDayChange-0.5to0.5,_HTGT1.5_,,,%%:checkSell:Super01-monthLow,%%HLTF-LastDayUp:(DOWNTREND-OR-GLOBALDOWN)MaySellHighTail-LastDayMarketUp,",-1.4975279905634207,1,0,1
"PCDCLT0PCTChangeGT0,_LTGT1.5_,,,chisSell-smallUptrendReversal,",-1.593954651953033,1,0,1
"PCTChangeGT3,,,,chisUpTrend-Risky-nearLow,chis-breakoutup-2week,",0.38505931799135695,5,3,2
"PCTChangeLT-2,,,,##MANegative_Downtrend_(LT-2),##MA-SMA200LT0SMA100LT0,##DOWNTREND:sellYearLowBreak,",-0.3329487250872564,14,6,8
"PCTChangeLT-1,,,,volSellContinueLast2DayDown-VolUp,##(Check-chart-buy):month6High-InMinus,NearHighMonth6,",1.0958868905461427,1,1,0
"PCDCLT0PCTChangeGT3,_HTGT3.0__HTGTPCTDayChange_,,,chisSellLastDayHighUpReversal,",-0.9732269863929734,1,0,1
"PCTChangeGT1,_HTGT1.5_,,,##(Test)(check-chart)-sellSMADownTrend,",-2.6185790309186197,1,0,1
"PCTChangeLT-2,_LTGT1.5_,,,weekBarLowChangeLT-2,brokenToday,chisDownTrend-Risky-nearHigh,##DOWNTREND:sellYear2HighReversal(InDownTrend),##(Check-chart-buy):YearHigh-InMinus,ReversalHighYear,",-0.2771513595214613,1,0,1
"PCTChangeLT-3,_HTGT3.0_,,,VOL:sell(GLOBALFUTUP-GLOBALMARKETUP)Buy-UpVol-3dayDown-Week2High,##longDownTrend-1-IndexNotDownLastDay(checkBase),",1.5828215531259435,1,1,0
"PCTChangeLT-3,_HTGT1.5_,,,%%HLTF:maySellTail-tailGT2-7,10thDayGT0,",3.4606095157068917,2,2,0
"PCDCLT0PCTChangeGT0,PCDayChange-0.5to0.5,_HTGT1.5__LTGT1.5_,,,##MAPositive_Uptrend(LT0),##MA-SMA200GT0SMA100GT0,",-0.6826780747997248,2,0,2
"PCDCLT0PCTChangeGT1,_HTGT1.5__LTGT3.0_,,,##MANegative_Downtrend_(LT0),##MA-SMA200GT0SMA100LT0,",-1.233666131284352,1,0,1
"PCTChangeGT1,_HTGT1.5__LTGT3.0__LTGTPCTDayChange_,,,%%HLTF:(SGXNIFTYUP)buyHighLowerTail-Continue,volSellVolumeUpsergedLast2n3DayDown,volSellReversalLast2DayUp-VolUp,(GLOBALFUTUP-UPTRENDMARKET)checkBuyConsolidationBreakUp-week2-highNotReachedWeek3,week2BarHighChangeGT2,",0.8910891089108866,1,1,0
"PCDCLT0PCTChangeGT0,PCDayChange-0.5to0.5,_LTGT1.5_,,,chisBuyYearHigh-3,",-0.03761037882481412,60,27,33
"PCTChangeLT-1,_HTGT1.5__HTGTPCTDayChange_,,,%%HLTF-Last2HighTail:(DOWNTREND)sell(UPTREND)buy:HighUpperTailPre,##ML:BuyRisingMA-Risky-1,",-7.602037702287958,1,0,1
"PCTChangeLT-3,_LTGT1.5_,,,(GLOBALFUTDOWN-DOWNTRENDMARKET)checkSellConsolidationBreakDown-week2-lowNotReachedWeek3,week2BarLowChangeLT-2,weekLowLTweek2Low,##(Check-chart-buy):YearHigh-InMinus,ReversalHighYear,",0.8166854882037866,1,1,0
"PCTChangeGT3,year2High,,,,zigZagVolCrossedFromDown,",-0.7056143931445343,13,5,8
"PCTChangeGT5,,,,volBuyContinueLast2DayUp-VolUp,chisSell-2week-breakoutup,##last2DayHighGT3-M3HLT0,",-0.3962218086674475,1,0,1
"PCTChangeGT2,,,,chisUpTrend-Risky-nearLow,week2BarHighChangeGT0,weekHighGTweek2High,brokenToday,",-0.4153380632654419,1,0,1
"PCTChangeGT0.5,_LTGT3.0_,,,%%:checkSell:Super2,-+,chisSellDowningMA-(check5MinuteDownTrendAndSellDowntrend)-Already10DayDown,",4.794524941705585,1,1,0
"PCTDayChangeLT0,_LTGT3.0_,,,%%HLTF:(SGXNIFTYUP)buyHighLowerTail-Continue,(Test)MayBuy-CheckChart(upTrend-lastDayDown),",1.9116812245649337,1,1,0
"PCTChangeLT-0.5,_HTGT1.5__HTGTPCTDayChange_,,,(GLOBALFUTDOWN-DOWNTRENDMARKET)checkSellConsolidationBreakDown-week2-lowNotReachedWeek3,week2BarLowChangeLT0,weekLowLTweek2Low,",1.2813286549555967,2,2,0
"PCTChangeLT-3,,,,chisSell-smallUptrendReversal,chisSellDownTrend-nearHigh,",0.2830188679245232,1,1,0
"PCTChangeLT-3,_LTGT3.0_,,,volSellContinueLast2DayDown-VolUp,chisDownTrend-Risky-nearHigh,##DOWNTREND:sellYear2HighReversal(InDownTrend),",0.3073194550304834,1,1,0
"PCTChangeLT-3,year2High,,,,volSellContinueLast2DayDown-VolUp,",0.21085561488356452,16,9,7
"PCTChangeLT-5,,,,%%:checkSell:Super0,##MANegative_Downtrend_(LT-2),##MA-SMA200LT0SMA100LT0,(SMA9LT0),maySellFromBuyPattern-LT-1.8,",10.75150789860971,1,1,0
"PCTChangeLT-3,_HTGT1.5_,,,(GLOBALFUTDOWN-DOWNTRENDMARKET)checkSellConsolidationBreakDown-week2-lowNotReachedWeek3,week2BarLowChangeLT-2,weekLowLTweek2Low,",-1.6300403298822612,7,2,5
"PCTChangeGT1,,,,%%:checkSell:Super2,chisSellDowningMA-(check5MinuteDownTrendAndSellDowntrend)-Already10DayDown,",-1.2451672449804851,2,0,2
"PCTChangeLT-3,,,,(GLOBALFUTDOWN-DOWNTRENDMARKET)checkSellConsolidationBreakDown-week2-lowNotReachedWeek3,week2BarLowChangeLT0,##DOWNTREND:sellYearHighReversal(InDownTrend),",-1.9642845032707017,1,0,1
"PCTChangeLT-2,_LTGT1.5_,,,%%HLTF:(GLOBAL-DOWN)sellHighLowerTail-Reversal-LastDayMarketUp,##(Check-chart-buy):month3High-InMinus,ReversalHighMonth3,",0.11106624132797477,2,1,1
"PCTChangeLT-1,,,,chisSell-smallUptrendReversal,%%HLTF-Last2DayMarketDown:(GLOBAL-UP)buyHighUpperTailPre1-Reversal-LastDayMarketDown,",2.3235276166130614,1,1,0
"PCTChangeLT-5,_HTGT1.5_,,,##MANegative_Downtrend_(LT-4.5),##MA-SMA200LT0SMA100LT0,##last3DayLow(LT-3)-M3LLT0,chisBuyDayLowVolLow-01,",-0.6803253695708481,1,0,1
"PCDCLT0PCTChangeGT0,PCDayChange-0.5to0.5,,,,(SMA9GT0),",0.6066259089869259,3,2,1
"PCTChangeGT8,_HTGT3.0_,,,%%HLTF-Last2HighTail:(UPTREND)buy(DOWNTREND)sell:HighUpperTailPre-last2DayUp,##MAPositive_Uptrend(GT4.5),##MA-SMA200LT0SMA100LT0,",3.6812464396158875,1,1,0
"PCTChangeLT-1,_HTGT3.0__HTGTPCTDayChange_,,,%%HLTF:maySellTail-tailGT2-allDayGT0,",0.5157030238910726,4,2,2
"PCTChangeLT-1,_LTGT1.5_,,,##MANegative_Downtrend_(LT-2),##MA-SMA200GT0SMA100LT0,$$MayBuy-CheckChart(monthLow-minimumLast4DayDown),",-3.0293762207031243,1,0,1
"PCTChangeGT0,PCDayChange-0.5to0.5,_HTGT1.5__LTGT1.5_,,,$$MayBuyContinue-CheckChart(inUpTrend-monthHigh)-lowTail,",-0.5860941730050602,1,0,1
"PCTChangeGT2,year2High,,,,weekBarHighChangeGT0,",-0.3840914078220366,7,2,5
"PCTChangeGT3,_HTGT1.5__HTGTPCTDayChange_,,,zigZagVolCrossedFromDown,##MAPositive_Uptrend(GT2),##MA-SMA200LT0SMA100LT0,",-4.108311473918548,1,0,1
"PCTChangeLT-0.5,,,,shortDownTrendBuyReversal-Month3Low-Doji-Last2DayLTToday,",0.16649941557613884,20,11,9
"PCTChangeLT-8,year2Low,,,,maySellAfter10:30HighVolatileDownContinueLT-8-Risky,chisBuyYear2Low,BreakLowYear2,",3.783662667692611,1,1,0
"PCTChangeGT2,,,,checkBuyConsolidationBreakUp-month3HighLTMonth3Low,chisBuy-2week-breakoutup(check-chart)(|-|-| or --|),",-0.33837625077501543,2,0,2
"PCTChangeLT-2,,,,%%:checkSell:Super0,weekBarLowChangeLT-2,brokenToday,",1.9116281908611834,1,1,0
"PCTChangeGT5,year2High,_HTGT1.5_,,,zigZagVolCrossedFromDown,",-0.9392042175894708,2,0,2
"PCTChangeGT5,_LTGT1.5_,,,chisUpTrend-Risky-nearLow,(GLOBALFUTUP-UPTRENDMARKET)checkBuyConsolidationBreakUp-week2-highNotReachedWeek3,week2BarHighChangeGT0,brokenToday,##last2DayHighGT3-M3HLT0,",3.2803180914512806,1,1,0
"PCTChangeLT-2,,,,(GLOBALFUTDOWN-DOWNTRENDMARKET)checkSellConsolidationBreakDown-week2-lowNotReachedWeek3,week2BarLowChangeLT-2,##DOWNTREND:sellYear2HighReversal(InDownTrend),$$MayBuy-CheckChart(monthLow-minimumLast4DayDown),##(Check-chart-buy):YearHigh-InMinus,ReversalHighYear,",-1.7226916401326156,1,0,1
"PCTChangeGT0.5,_LTGT3.0_,,,##MAPositive_Uptrend(GT1),##MA-SMA200LT0SMA100LT0,",5.850018499620952,1,1,0
"PCTChangeGT1,_HTGT1.5_,,,##MAPositive_Uptrend(GT1),##MA-SMA200LT0SMA100GT0,",-1.1679813896243383,1,0,1
"PCTChangeLT-1,_LTGT1.5_,,,chisBuyMorningStar-1(NotUpSecondHalfAndUp2to3),",1.0490429106002164,2,2,0
"PCTChangeLT-3,,,,(GLOBALFUTDOWN-DOWNTRENDMARKET)checkSellConsolidationBreakDown-week2-lowNotReachedWeek3,week2BarLowChangeLT-2,##DOWNTREND:sellMonth6HighReversal(InDownTrend),",-1.1838862063230595,1,0,1
"PCTChangeLT-3,_HTGT3.0__HTGTPCTDayChange_,,,chisSellFinalCandidate-4,",-0.2245229348823375,1,0,1
"PCTChangeGT0.5,,,,volSellReversalLast2DayUp-VolUp,",-1.1517207704741306,1,0,1
"PCTChangeGT2,_HTGT1.5__HTGTPCTDayChange_,,,##buyTenDaysLessThanMinusTen,",0.6536014344370156,1,1,0
"PCTChangeGT3,_HTGT3.0__HTGTPCTDayChange_,,,(Test)MaySell-CheckChart(downTrend-lastDayUp),sellEveningStar-0,",4.713853583278426,1,1,0
"PCTChangeGT2,_LTGT3.0_,,,chisBuyYearHigh-3,##(Check-chart)buyMonth3High-Continue,",1.5827104382048922,1,1,0
"PCTChangeGT3,year2Low,_HTGT1.5_,,,chisSellYear2LowLT-40-last4DayDown(triggerAfter-9:15),",7.191444778822093,2,1,1
"PCTChangeLT-3,,,,VOL:buy-UpVol-3dayDown-Week2Low,weekBarLowChangeLT-2,",-0.23045913420628208,7,3,4
"PCTChangeLT-2,year2High,,,,volBuyReversalLast2DayDown-VolUp,",2.3623477652111977,1,1,0
"PCTChangeGT1,year2Low,,,,volSellReversalLast2DayUp-VolDown,",0.9631683409565208,1,1,0
"PCTChangeGT3,_HTGT3.0__HTGTPCTDayChange_,,,%%HLTF:(DOWNTREND-OR-GLOBALDOWN)maySellTail-tailGT2-2,3,4thDayGT0,sellEveningStar-0,##(Check-chart-sell):month3Low-InPlus,ReversalLowMonth3,chisUpTrend-Risky-nearLow,##UPTREND:buyMonth3LowReversal(Confirm),##last2DayHighGT3-M3HLT0,",1.5559960937499941,1,1,0
"PCTChangeLT-1,,,,volBuyReversalLast2DayDown-VolDown,(GLOBALFUTDOWN-DOWNTRENDMARKET)checkSellConsolidationBreakDown-week2-lowNotReachedWeek3,week2BarLowChangeLT0,",-2.6571858318654114,2,0,2
"PCTChangeLT-2,,,,volumeUpsergedLast2n3n4DayUp,chisDownTrend-Risky-nearHigh,##(Check-chart-buy):YearHigh-InMinus,NearHighYear,",-1.857147216796882,1,0,1
"PCTChangeLT-1,_HTGT3.0_,,,##MANegative_Downtrend_(LT-2),##MA-SMA200LT0SMA100LT0,",2.6923043387276784,1,1,0
"PCTChangeGT2,_HTGT1.5__HTGTPCTDayChange_,,,sellEveningStar-0,##RisingMA(check-chart-sell)-MaySellCheckChart,",3.338752064278463,1,1,0
"PCTChangeGT0.5,_LTGT1.5_,,,%%:checkSell:Flag2Week-doji,",1.094236867647408,1,1,0
"PCTChangeLT-3,,,,chisSellFinalCandidate-1-(lastDayUp),sellFinal1,",-0.13997759879980146,1,0,1
"PCDCLT0PCTChangeGT0,year2Low,_LTGT1.5_,,,chisBuyYear2Low,BreakLowYear2,",2.346156193659858,1,1,0
"PCTChangeLT-1,PCDayChange-0.5to0.5,,,,shortDownTrendBuyReversal-Month3Low-Doji-Last2DayLTToday,",-0.20774141156544235,2,1,1
"PCTChangeGT2,,,,(Test)MaySell-CheckChart(downTrend-lastDayUp),",-0.1602603421325194,13,9,4
"PCTChangeGT0,year2High,_LTGT1.5_,,,%%HLTF:(SGXNIFTYUP)buyHighLowerTail-Continue,",-0.13973127900421947,1,0,1
"PCTChangeGT1,_HTGT3.0__LTGT1.5__HTGTPCTDayChange_,,,##(Check-chart-sell):month3Low-InPlus,NearLowMonth3,",0.8491927262870503,1,1,0
"PCTChangeGT1,,,,##(Check-chart-sell):month3Low-InPlus,ReversalLowMonth3,##RisingMA(Test)(check-chart-buy)-2DayUp,",-1.673456190934825,1,0,1
"PCTChangeGT1,PCDayChange-0.5to0.5,year2High,_HTGT1.5__LTGT1.5_,,,%%HLTF:(UPTREND-MorningTrend-UP)mayBuyTail-highTailGT2-7,10thDayGT10-Last2DayStockDown,",2.989632742745537,1,1,0
"PCDCLT0PCTChangeGT3,_LTGT3.0_,,,##MA-SMA200LT0SMA100LT0,",-7.676530025742856,1,0,1
"PCTChangeGT5,_LTGT1.5_,,,(GLOBALFUTUP-UPTRENDMARKET)checkBuyConsolidationBreakUp-week2-highNotReachedWeek3,week2BarHighChangeGT0,weekHighGTweek2High,brokenToday,",2.088808279658489,1,1,0
"PCTChangeGT2,,,,chisSell-2week-breakoutup,BuyYearLow,",3.4246574447669147,1,1,0
"PCTChangeLT-1,_HTGT1.5__HTGTPCTDayChange_,,,volSellContinueLast2DayDown-VolUp,##(Check-chart-buy):month3High-InMinus,ReversalHighMonth3,",1.783330816971614,1,1,0
"PCTChangeGT5,,,,chisCheckConsolidationBreakout2WeekGT(4.5),",-0.7604400305486725,4,1,3
"PCTChangeGT1,_HTGT1.5_,,,$$MaySell-CheckChart(monthHigh-minimumLast4DayUp),$$MaySell-CheckChart(downTrend-mayReverseLast4DaysUp),##MAPositive_Uptrend(GT1),##MA-SMA200GT0SMA100GT0,",-4.867164169155283,1,0,1
"PCTChangeLT-5,_LTGT3.0_,,,chisDownTrend-Risky-nearHigh,zigZagVolCrossedFromUp,",-0.26243896389123617,1,0,1
"PCDCLT0PCTChangeGT3,PCDayChange-0.5to0.5,year2High,_LTGT3.0_,,,%%HLTF:(SGXNIFTYUP)buyHighLowerTail-Continue,",-0.6431242857424303,1,0,1
"PCTChangeGT3,_HTGT1.5_,,,%%HLTF-Last2HighTail:(UPTREND)buy(DOWNTREND)sell:HighUpperTailPre-last2DayUp,volumeUpsergedLast2n3n4DayDown,(GLOBALFUTUP-UPTRENDMARKET)checkBuyConsolidationBreakUp-week2-highNotReachedWeek3,week2BarHighChangeGT2,brokenToday,",6.099995930989583,1,1,0
"PCTChangeGT5,,,,vol-sell-DownVol-3dayUp-Week2High,##MAPositive_Uptrend(GT4.5),##MA-SMA200GT0SMA100GT0,##last2DayHighGT3-M3HGT0,",-4.378454724728075,1,0,1
"PCTChangeLT-2,_LTGT1.5_,,,weekBarLowChangeLT-2,brokenToday,",1.1773022909625868,6,5,1
"PCTChangeGT1,_HTGT3.0_,,,chisSellEveningStar-2(Check2-3MidCapCross),",1.8855910941775966,5,4,1
"PCTChangeLT-1,,,,%%:checkSell:ConsolidationBreakDown(NotShapeA)-2week,checkSellConsolidationBreakDown-2week,week2BarLowChangeLT0,weekLowLTweek2Low,brokenToday,",-3.2255629071177294,1,0,1
"PCTChangeLT-3,,,,##DOWNTREND:sellMonth6HighReversal(InDownTrend),##last2DayLow(LT-3)-M3LGT0,",-1.8236266989311765,2,1,1
"PCTChangeGT3,_HTGT3.0_,,,volumeUpsergedLast2n3n4DayDown,",-1.241911460017781,1,0,1
"PCTChangeGT3,,,,volumeUpsergedLast2n3n4DayDown,volBuyContinueLast2DayUp-VolUp,chisCheckConsolidationBreakoutLT(4.5),weekBarHighChangeGT2,brokenToday,",-2.5788735443690975,1,0,1
"PCTChangeGT1,PCDayChange-0.5to0.5,,,,%%:checkSell:Super2,-+,chisSellDowningMA-(check5MinuteDownTrendAndSellDowntrend)-Already10DayDown,",0.0,1,0,0
"PCTChangeGT5,_HTGT1.5__LTGT1.5_,,,##UPTREND:buyYearLowReversal(Confirm),##last2DayHighGT3-M3HLT0,",-6.255706369060356,1,0,1
"PCTChangeLT-2,_LTGT1.5_,,,%%:checkSell:Super01-monthLow,%%HLTF:(GLOBAL-DOWN)sellHighLowerTail-Reversal-LastDayMarketUp,##ML:buyRisingMA-down-Risky,",1.8010946976126967,1,1,0
"PCTChangeGT3,,,,volumeUpsergedLast2n3n4DayDown,##MAPositive_Uptrend(GT4.5),##MA-SMA200GT0SMA100GT0,",-0.8171527259173753,1,0,1
"PCTChangeLT-0.5,_HTGT3.0__HTGTPCTDayChange_,,,##MAPositive_Uptrend(LT-1),##MA-SMA200LT0SMA100GT0,",-1.8325069809161365,1,0,1
"PCTChangeGT0,PCDayChange-0.5to0.5,_HTGT1.5__LTGT1.5_,,,chisBuyYearHigh-3,",0.5106588874724212,3,2,1
"PCTChangeLT-0.5,_HTGT1.5__HTGTPCTDayChange_,,,%%HLTF-Last2HighTail:(DOWNTREND)sellHighUpperTailPre-1,volBuyReversalLast2DayDown-VolUp,",-0.8862980567665765,1,0,1
"PCTChangeGT3,,,,sellHeavyUpTrend-Reversal,VOL:sell-UpVol-3dayUp-Week2High,",-2.4722676704246114,1,0,1
"PCTChangeGT3,year2High,,,,chisCheckConsolidationBreakout2WeekGT(4.5),",-0.7008467766466565,1,0,1
"PCTDayChangeLT0,PCDayChange-0.5to0.5,_LTGT1.5_,,,%%HLTF:sellStockInUptrendReversal,",0.05642698655905365,2,1,1
"PCTChangeLT-3,,,,volumeUpsergedLast2n3n4DayUp,volSellContinueLast2DayDown-VolUp,chisDownTrend-Risky-nearHigh,##DOWNTREND:sellYearHigh(InDownTrend),##(Check-chart-buy):month3High-InMinus,NearHighMonth3,",-2.0222868427924934,1,0,1
"PCTDayChangeLT0,_LTGT3.0_,,,%%HLTF:(GLOBAL-UP)buyHighLowerTail-StockInUptrend,##RisingMA(check-chart-buy)-MayBuyCheckChart,",7.361328138365124,1,1,0
"PCTChangeGT1,PCDayChange-0.5to0.5,_LTGT1.5_,,,%%:checkSell:CupDownDoji-last2lastDayLT0orTodayGT0,",-0.00590860362943135,1,0,1
"PCTChangeLT-5,,,,volBuyReversalLast2DayDown-VolDown,(GLOBALFUTDOWN-DOWNTRENDMARKET)checkSellConsolidationBreakDown-week2-lowNotReachedWeek3,week2BarLowChangeLT-2,chisDownTrend-Risky-nearHigh,##DOWNTREND:sellYear2HighReversal(InDownTrend),",1.8604229333699258,1,1,0
"PCTChangeLT-5,_LTGT3.0_,,,volBuyReversalLast2DayDown-VolDown,chisSellDayLowVolLow-0,",-4.66883680562323,1,0,1
"PCTChangeGT3,_HTGT3.0__HTGTPCTDayChange_,,,%%HLTF-Last2HighTail:(UPTREND)buy(DOWNTREND)sell:HighUpperTailPre-last2DayUp,volBuyContinueLast2DayUp-VolUp,##MAPositive_Uptrend(GT2),##MA-SMA200GT0SMA100GT0,",-0.1948051948051941,1,0,1
"PCTChangeLT-5,year2Low,,,,##last3DayLow(LT-3)-M3LLT0,chisBuyYear2Low,BreakLowYear2,",3.8548732850609757,1,1,0
"PCDCLT0PCTChangeGT0,,,,MayBuyCheckChart-(|`|_|),",-0.3004272345867354,12,4,8
"PCTChangeGT3,,,,chisBuyUpTrend-0,chisUpTrend-Risky-nearLow,",-0.6979882157088916,1,0,1
"PCTChangeGT0,_HTGT1.5_,,,%%HLTF-Last2HighTail:(UPTREND)buy(DOWNTREND)sell:HighUpperTailPre-last2DayUp,##MA-SMA200GT0SMA100GT0,",-0.2625064829241994,2,1,1
"PCTChangeGT2,,,,##UPTREND:buyMonth6Low,",2.2587507530151822,4,3,1
"PCTChangeLT-3,,,,checkSellConsolidationBreakDown-month3HighGTMonth3Low,chisSellDownTrend-nearHigh,##(Check-chart-buy):month3High-InMinus,NearHighMonth3,",0.15456220279642288,1,1,0
"PCTChangeGT5,,,,zigZagVolCrossedFromDown,chisBuyUpTrend-nearLow,",3.3203108535547114,1,1,0
"PCTChangeLT-1,_HTGT1.5_,,,%%:checkBuyRevarsalLast3DayDownAtMonth3High,",0.9178714475769928,1,1,0
"PCTChangeLT-5,_HTGT3.0__LTGT3.0__HTGTPCTDayChange__LTGTPCTDayChange_,,,zigZagVolCrossedFromUp,",2.4170645040358463,1,1,0
"PCTChangeGT1,,,,##(check-chart)mayBuy-EMA6-LT-May-MT-EMA14,",-3.5882364758856835,2,0,2
"PCTChangeGT3,,,,(GLOBALFUTUP-UPTRENDMARKET)checkBuyConsolidationBreakUp-week2-highNotReachedWeek3,week2BarHighChangeGT5,weekHighGTweek2High,##lastDayHighGT5TodayGT1,",-0.8125885358413122,1,0,1
"PCDCLT0PCTChangeGT5,PCDayChange-0.5to0.5,_LTGT3.0_,,,%%HLTF-Last2DayMarketUp:(GLOBAL-DOWN)sellHighLowerTail-Reversal-LastDayMarketUp,##MA-SMA200GT0SMA100GT0,",-0.5217378035835517,1,0,1
"PCTChangeLT-8,_HTGT1.5__LTGT1.5_,,,##MANegative_Downtrend_(LT-4.5),##MA-SMA200LT0SMA100LT0,",-5.089620822865087,3,0,3
"PCTChangeGT3,_HTGT3.0__LTGT3.0_,,,VOL:buy(GLOBALFUTDOWN-GLOBALMARKETDOWN)Sell-UpVol-3dayUp-Week2Low,",-4.314457854997199,1,0,1
"PCTChangeLT-1,,,,##sellSMA25GT10,##(Test):buyRisingMA-uptrend-SMA25gt0,",0.3278701031794389,1,1,0
"PCTChangeLT-2,,,,chisSellFlagWeek-Risky,##(check-chart)maySell-EMA6-MT-May-LT-EMA14,",-2.7791002867057597,1,0,1
"PCTChangeLT-0.5,_HTGT1.5__LTGT1.5_,,,%%:checkSell:Super01-monthLow,",-2.17299382276001,2,1,1
"PCTChangeLT-5,,,,vol-buy-DownVol-3dayDown-Week2Low,##MANegative_Downtrend_(LT-4.5),##MA-SMA200GT0SMA100LT0,chisSellDayLowVolLow-01,",2.3982071104802305,1,1,0
"PCTChangeGT3,,,,VOL:sell-UpVol-3dayUp-Week2High,##MAPositive_Uptrend(GT2),##MA-SMA200GT0SMA100GT0,##last2DayHighGT3-M3HGT0,",-0.6030297013997057,4,2,2
"PCTChangeLT-0.5,_LTGT3.0_,,,volBuyReversalLast2DayDown-VolUp,",-3.7736328283955776,1,0,1
"PCTChangeLT-2,,,,(Test)MayBuy-CheckChart(upTrend-lastDayDown),",-0.6060950157107854,17,7,10
"PCTChangeGT3,_LTGT1.5_,,,##MAPositive_Uptrend(GT2),##MA-SMA200LT0SMA100LT0,",-0.008101219881403754,5,2,3
"PCTChangeGT3,_HTGT1.5_,,,chisCheckConsolidationBreakoutLT(4.5),",1.704246302626654,8,7,1
"PCTChangeLT-3,,,,volBuyVolumeUpsergedLast2n3DayUp,##MANegative_Downtrend_(LT-2),##MA-SMA200LT0SMA100LT0,##last2DayLow(LT-3)-M3LLT0,",-8.254804408712705,1,0,1
"PCTChangeGT5,,,,volBuyContinueLast2DayUp-VolUp,chisSell-2week-breakoutup,",0.34109599462771717,3,2,1
"PCTChangeGT8,_HTGT3.0__LTGT1.5_,,,%%HLTF-Last2HighTail:(UPTREND)buy(DOWNTREND)sell:HighUpperTailPre-last2DayUp,",-5.504154734764242,1,0,1
"PCTChangeLT-2,,,,checkSellConsolidationBreakDown-2week,week2BarLowChangeLT0,weekLowLTweek2Low,brokenToday,chisDownTrend-Risky-nearHigh,##(Check-chart-buy):month6High-InMinus,ReversalHighMonth6,",-1.3161853430606432,1,0,1
"PCTChangeGT3,year2Low,,,,chisSellYear2LowLT-40-last3DayDown(triggerAfter-9:15),",0.07900131025838524,5,2,3
"PCTChangeLT-1,,,,volumeUpsergedLast2n3n4DayUp,##(Check-chart-buy):YearHigh-InMinus,ReversalHighYear,",-3.3231396534148874,1,0,1
"PCTChangeGT2,_HTGT1.5__LTGT3.0__LTGTPCTDayChange_,,,##MAPositive_Uptrend(GT2),##MA-SMA200GT0SMA100GT0,",-1.0907089219886332,1,0,1
"PCDCLT0PCTChangeGT1,_HTGT1.5__LTGT1.5_,,,##MA-SMA200LT0SMA100LT0,",-4.214661283642824,1,0,1
"PCDCLT0PCTChangeGT1,_HTGT3.0__LTGT3.0__HTGTPCTDayChange__LTGTPCTDayChange_,,,chisSell-smallUptrendReversal,",4.143767457291396,1,1,0
"PCTChangeGT3,_LTGT3.0_,,,%%HLTF:(GLOBAL-DOWN)sellHighLowerTail-Reversal-LastDayMarketUp,##MAPositive_Uptrend(GT2),##MA-SMA200GT0SMA100GT0,",0.21207546612383055,2,1,1
"PCTChangeLT-1,_HTGT3.0__HTGTPCTDayChange_,,,chisBuyFinalContinue-2,",0.3065750883715579,1,1,0
"PCTChangeLT-1,,,,shortDownTrendBuyReversal-Month3Low-Doji-Last2DayLTToday,%%:buyDownTrend-month3Low,",-1.5062744481127976,1,0,1
"PCTChangeLT-3,_LTGT1.5_,,,##DOWNTREND:sellYear2HighReversal(InDownTrend),##last2DayLow(LT-3)-M3LGT0,##(Check-chart-buy):month3High-InMinus,ReversalHighMonth3,",0.3617958955436197,2,2,0
"PCTChangeLT-3,_LTGT1.5_,,,chisDownTrend-Risky-nearHigh,##DOWNTREND:sellYearHighReversal(InDownTrend),##(Check-chart-buy):month3High-InMinus,ReversalHighMonth3,",-0.9138156107482176,1,0,1
"PCTChangeGT0,PCDayChange-0.5to0.5,_HTGT1.5__LTGT3.0_,,,%%:checkSell:Super2,-+,%%HLTF-Last2LowTail:(DOWNTREND)sellHighLowerTailPre-1,",1.0869565217391304,1,1,0
"PCTChangeLT-3,,,,(GLOBALFUTDOWN-DOWNTRENDMARKET)checkSellConsolidationBreakDown-week2-lowNotReachedWeek3,week2BarLowChangeLT0,##(Check-chart-buy):month6High-InMinus,ReversalHighMonth6,",2.428759242038825,2,2,0
"PCTChangeLT-3,,,,zigZagVolCrossedFromUp,##ML:BuyRisingMA-Risky-1,",-5.999997456868485,1,0,1
"PCTChangeGT1,year2High,_HTGT3.0__HTGTPCTDayChange_,,,%%:sellUpTrend-month3High,chisSellEveningStar-2(Check2-3MidCapCross),",-1.6496036619958652,1,0,1
"PCTChangeLT-3,,,,##MANegative_Downtrend_(LT-4.5),##MA-SMA200LT0SMA100LT0,",-0.44881289131991203,53,22,31
"PCTChangeGT3,_LTGT1.5_,,,VOL:sell-UpVol-3dayUp-Week2High,##MAPositive_Uptrend(GT2),##MA-SMA200GT0SMA100GT0,",-1.3495232539243707,2,0,2
"PCTChangeLT-2,_LTGT1.5_,,,##(Test)(Check-chart):year2Low-InMinus,",-4.52449919510987,1,0,1
"PCTChangeLT-0.5,PCDayChange-0.5to0.5,_HTGT1.5_,,,##(Test)buyBottomReversal-0,",1.0494519643739737,1,1,0
"PCTChangeGT5,_LTGT1.5_,,,chisUpTrend-Risky-nearLow,BuyYearLow,",1.2924208913511483,1,1,0
"PCTChangeGT3,year2High,_LTGT1.5_,,,volumeUpsergedLast2n3n4DayDown,volBuyContinueLast2DayUp-VolUp,",-0.19999812199519695,1,0,1
"PCTChangeGT1,_HTGT3.0__HTGTPCTDayChange_,,,volSellReversalLast2DayUp-VolDown,",5.528937802233265,2,2,0
"PCTChangeLT-3,,,,checkCupDown-near2WeekDown-mayReveresalBuy,chisDownTrend-Risky-nearHigh,##(Check-chart-buy):YearHigh-InMinus,ReversalHighYear,",1.4599653104998314,1,1,0
"PCTChangeLT-2,,,,(GLOBALFUTDOWN-DOWNTRENDMARKET)checkSellConsolidationBreakDown-week2-lowNotReachedWeek3,week2BarLowChangeLT-2,weekLowLTweek2Low,##DOWNTREND:sellYearHighReversal(InDownTrend),##(Check-chart-buy):month3High-InMinus,ReversalHighMonth3,",0.34146192597178954,1,1,0
"PCTChangeGT1,PCDayChange-0.5to0.5,_HTGT3.0_,,,%%HLTF-Last2HighTail:(UPTREND)buy(DOWNTREND)sell:HighUpperTailPre-last2DayUp,shortUpTrendBuyContinue-Doji-Last2DayGTToday,",-3.745524088541678,1,0,1
"PCTChangeGT8,,,,volBuyContinueLast2DayUp-VolUp,",-0.5157487436926276,13,2,10
"PCTChangeLT-3,,,,volSellVolumeUpsergedLast2n3DayUp,volSellContinueLast2DayDown-VolUp,##(Check-chart-buy):YearHigh-InMinus,NearHighYear,",-0.37088886672901705,1,0,1
"PCTChangeGT2,_HTGT1.5__LTGT3.0__LTGTPCTDayChange_,,,%%HLTF:(GLOBAL-DOWN)sellHighLowerTail-Reversal-LastDayMarketUp,",-0.7871028977055156,3,1,2
"PCTChangeLT-3,,,,##sellTenDaysMoreThanTen,##MAPositive_Uptrend(LT-2),##MA-SMA200LT0SMA100GT0,",-4.3816064999215225,1,0,1
"PCTChangeLT-2,,,,volSellVolumeUpsergedLast2n3DayUp,chisDownTrend-Risky-nearHigh,##DOWNTREND:sellMonth3HighReversal(InDownTrend),##(Check-chart-buy):month3High-InMinus,ReversalHighMonth3,",1.29578081133671,1,1,0
"PCTChangeLT-2,,,,volSellContinueLast2DayDown-VolUp,chisDownTrend-Risky-nearHigh,##(Check-chart-buy):month3High-InMinus,ReversalHighMonth3,",-0.42725662610222376,4,0,4
"PCTChangeGT0.5,_HTGT3.0__HTGTPCTDayChange_,,,%%HLTF-Last2HighTail:(UPTREND)buy(DOWNTREND)sell:HighUpperTailPre-last2DayUp,##RisingMA(check-chart-sell)-MaySellCheckChart,",3.4135637414884514,2,2,0
"PCTChangeGT3,_LTGT1.5_,,,weekBarHighChangeGT2,##last2DayHighGT3-M3HGT0,",2.382673683579654,1,1,0
"PCTChangeLT-5,_HTGT1.5__LTGT1.5_,,,##MANegative_Downtrend_(LT-4.5),##MA-SMA200GT0SMA100GT0,",-8.880460434916357,2,0,2
"PCTChangeLT-2,,,,checkCupDown-3dayDown,##DOWNTREND:sellMonth3HighReversal(InDownTrend),volBuyRevarsalVolCrossed,##(Check-chart-buy):month3High-InMinus,ReversalHighMonth3,",3.405169782967416,1,1,0
"PCTChangeLT-2,,,,checkCupDown-inDownTrend-month3HighLTmonth3Low,bar_low,##(Check-chart-buy):YearHigh-InMinus,NearHighYear,",0.5872517405827377,1,1,0
"PCTChangeLT-0.5,_HTGT3.0__LTGT3.0__HTGTPCTDayChange__LTGTPCTDayChange_,,,volBuyReversalLast2DayDown-VolDown,##MA-SMA200GT0SMA100LT0,",2.3039419665719674,1,1,0
"PCTChangeLT-0.5,_HTGT1.5__LTGT3.0_,,,shortDownTrendSellContinue-Doji-Last2DayLTToday,",0.6279098155886542,1,1,0
"PCTChangeLT-1,_HTGT1.5__HTGTPCTDayChange__LTGTPCTDayChange_,,,%%:sellDowntrend-lastDayDown-ReversalHighTail,",2.6255409098237306,1,1,0
"PCTChangeLT-5,_HTGT1.5__LTGT1.5_,,,##MANegative_Downtrend_(LT-2),##MA-SMA200LT0SMA100LT0,##last2DayLow(LT-3)-M3LGT0,",3.137651821862343,1,1,0
"PCTChangeLT-0.5,PCDayChange-0.5to0.5,_HTGT1.5_,,,%%:check(UPTREND-UPMARKET)Buy(DOWNTRENDTREND-DOWNMARKET)Sell:Super01-monthLow,",-0.8033626503065621,2,1,1
"PCTChangeLT-1,year2High,,,,%%:checkBuyRevarsalLast3DayDownAtMonth3High,",-0.5580514106098109,1,0,1
"PCTChangeGT0,_HTGT1.5__HTGTPCTDayChange_,,,maySellFromBuyPattern-LT-1.8,",-4.4560931499434435,1,0,1
"PCTChangeGT2,,,,chisUpTrend-Risky-nearLow,weekBarHighChangeGT0,brokenToday,##UPTREND:buyYear2LowReversal(Confirm),",2.9079146893203394,1,1,0
"PCTChangeGT2,,,,volSellVolumeUpsergedLast2n3DayDown,chisCheckConsolidationBreakoutLT(4.5),checkBuyConsolidationBreakUp-2week,week2BarHighChangeGT2,weekHighGTweek2High,",-2.6315810134244533,1,0,1
"PCTChangeGT5,_HTGT1.5__LTGT1.5_,,,volSellReversalLast2DayUp-VolUp,##lastDayHighGT5TodayGT1,",3.3466111141372092,1,1,0
"PCTChangeLT-3,_HTGT3.0__LTGT3.0__HTGTPCTDayChange__LTGTPCTDayChange_,,,chisDownTrend-Risky-nearHigh,",4.344063721454138,1,1,0
"PCTChangeLT-3,_HTGT1.5_,,,(GLOBALFUTDOWN-DOWNTRENDMARKET)checkSellConsolidationBreakDown-week2-lowNotReachedWeek3,week2BarLowChangeLT0,chisDownTrend-Risky-nearHigh,##DOWNTREND:sellMonth3HighReversal(InDownTrend),##(Check-chart-buy):month3High-InMinus,ReversalHighMonth3,##(check-chart)maySell-EMA6-MT-May-LT-EMA14,",-0.6232037457912072,1,0,1
"PCTChangeGT5,,,,chisSellYear2LowLT-40-last3DayDown(triggerAfter-9:15),buyPatternsML,",4.390427840643922,1,1,0
"PCTChangeGT5,_HTGT3.0__LTGT3.0__HTGTPCTDayChange__LTGTPCTDayChange_,,,%%HLTF:(UPTREND-GLOBAL/SGX-UP)BuyHighUpperTail-Reversal-7,10thDayGT15-LastDayMarketDown,##MAPositive_Uptrend(GT2),##MA-SMA200GT0SMA100GT0,##last3DayHighGT3-M3HGT0,",-4.97286490184936,1,0,1
"PCDCLT0PCTChangeGT1,year2High,_LTGT1.5_,,,(Test)MayBuy-CheckChart(upTrend-lastDayDown),",-0.6331393758678919,2,1,1
"PCTChangeLT-2,_HTGT1.5__HTGTPCTDayChange_,,,chisSell-smallUptrendReversal,",-2.065111712276398,1,0,1
"PCTChangeLT-2,,,,checkCupDown-3dayDown-mayReversalBuy,##DOWNTREND:sellYear2HighReversal(InDownTrend),volBuyRevarsalVolCrossed,##(Check-chart-buy):month3High-InMinus,ReversalHighMonth3,",-1.379848746366277,1,0,1
"PCDCLT0PCTChangeGT1,_LTGT3.0_,,,%%HLTF:(SGXNIFTYUP)buyHighLowerTail-Continue,##(Test)(check-chart)-buySMAUpTrend,",-1.8073572958519741,1,0,1
"PCTChangeLT-3,_HTGT1.5__LTGT1.5_,,,(GLOBALFUTDOWN-DOWNTRENDMARKET)checkSellConsolidationBreakDown-week2-lowNotReachedWeek3,week2BarLowChangeLT0,chisDownTrend-Risky-nearHigh,##(Check-chart-buy):month3High-InMinus,ReversalHighMonth3,",-2.9662285392806806,1,0,1
"PCTChangeLT-1,_LTGT3.0_,,,buyMorningStar-HighLowerTail-(checkChart),##buyYear2LowMovingSMA,",2.6298949737213966,1,1,0
"PCTChangeLT-3,,,,%%:checkSell:Flag2Week,##longDownTrend-2-IndexNotDownLastDay(checkBase),",-3.4578913895685055,1,0,1
"PCDCLT0PCTChangeGT0,_HTGT1.5__LTGT1.5__HTGTPCTDayChange__LTGTPCTDayChange_,,,$$(UPTREND-OR-GLOBALUP)MayBuyContinue-CheckChart(inUpTrend-monthHigh)-lowTail,",5.298820944393382,1,1,0
"PCTChangeGT3,_HTGT1.5_,,,chisSelldowntrendReversalMayFail,chisSellYear2LowLT-40-last4DayDown(triggerAfter-9:15),",-7.554886360948151,1,0,1
"PCTChangeGT1,_HTGT1.5__HTGTPCTDayChange__LTGTPCTDayChange_,,,chisSellDowningMA-(check5MinuteDownTrendAndSellDowntrend)-Already10DayDown,",0.8078607421102514,1,1,0
"PCTChangeLT-1,,,,%%:checkSell:FlagWeek,checkCupDown-2dayDown,",1.4894311088165662,1,1,0
"PCTChangeGT0,PCDayChange-0.5to0.5,_HTGT1.5_,,,%%:checkSell:CupDownDoji,",-0.5234768982403948,5,1,4
"PCTChangeLT-2,_HTGT1.5__LTGT1.5_,,,(GLOBALFUTDOWN-DOWNTRENDMARKET)checkSellConsolidationBreakDown-week2-lowNotReachedWeek3,week2BarLowChangeLT-2,weekLowLTweek2Low,chisDownTrend-Risky-nearHigh,##(Check-chart-buy):month3High-InMinus,ReversalHighMonth3,",-0.14007309175906588,1,0,1
"PCTChangeGT3,_LTGT1.5_,,,chisBuy-2week-breakoutup(check-chart)(|-|-| or --|),",-0.6595804114476896,5,2,3
"PCTChangeGT2,,,,%%:sellUpTrend-month3High,chisCheckConsolidationBreakoutLT(4.5),##MAPositive_Uptrend(GT2),##MA-SMA200GT0SMA100GT0,",1.243781094527362,1,1,0
"PCTChangeLT-0.5,PCDayChange-0.5to0.5,,,,chisBuyYearHigh-1,",0.061759094315996126,23,11,12
"PCTChangeGT0,_HTGT1.5__LTGT1.5_,,,%%:checkSell:Super2,-+,",1.3218408343435704,1,1,0
"PCTChangeGT2,year2High,_HTGT1.5__LTGT1.5__LTGTPCTDayChange_,,,vol-sell-DownVol-3dayUp-Week2High,",-0.07541656494139899,1,0,1
"PCTChangeGT16,year2High,_HTGT1.5_,,,volumeUpsergedLast2n3n4DayDown,volBuyContinueLast2DayUp-VolUp,",-1.1683964220017298,1,0,1
"PCTChangeLT-8,_LTGT3.0_,,,(GLOBAL-DOWN)maySellContinueHighVolatileLastDayDOWN-month6LowGT0-(LT-8),",-5.476187833975919,1,0,1
"PCTChangeLT-1,_HTGT1.5__LTGT1.5__HTGTPCTDayChange__LTGTPCTDayChange_,,,volBuyReversalLast2DayDown-VolUp,chisDownTrend-Risky-nearHigh,",-0.2501973807969663,1,0,1
"PCTChangeGT3,_HTGT1.5_,,,chisSellYear2LowLT-40-last4DayDown(triggerAfter-9:15),chisSellFinalContinue-(lastDayDown)-1,##buyTenDaysLessThanMinusTen,",-1.0159717882934907,1,0,1
"PCTChangeGT3,_HTGT3.0__HTGTPCTDayChange_,,,volBuyContinueLast2DayUp-VolUp,chisCheckConsolidationBreakoutLT(4.5),",-0.04739625759034429,1,0,1
"PCTChangeGT5,_HTGT3.0__HTGTPCTDayChange_,,,weekBarHighChangeGT5,",-3.0955501624252686,1,0,1
"PCTChangeGT2,,,,vol-sell-DownVol-3dayUp-Week2High,week2BarHighChangeGT0,##MAPositive_Uptrend(GT1),##MA-SMA200LT0SMA100LT0,",2.6632774441155314,1,1,0
"PCTChangeLT-2,_LTGT1.5_,,,volBuyVolumeUpsergedLast2n3DayUp,volSellContinueLast2DayDown-VolUp,",-0.11447210642274191,1,0,1
"PCTChangeLT-2,_HTGT3.0__HTGTPCTDayChange_,,,##(Check-chart-buy):month3High-InMinus,ReversalHighMonth3,",-0.35975616771492047,4,3,1
"PCTChangeGT2,,,,VOL:sell-UpVol-3dayUp-Week2High,week2BarHighChangeGT2,weekHighGTweek2High,##(Check-chart):year2High-InPlus,",1.3463462271341458,1,1,0
"PCDCLT0PCTChangeGT3,_HTGT3.0__HTGTPCTDayChange_,,,chisSellLastDayHighUpReversal,%%HLTF:maySellTail-tailGT2-allDayGT0,",1.5201885516827058,1,1,0
"PCDCGT0PCTDayChangeLT0,PCDayChange-0.5to0.5,_HTGT3.0__LTGT1.5_,,,buyYearHigh-0,",-1.5299307219590212,1,0,1
"PCTChangeLT-3,,,,volSellVolumeUpsergedLast2n3DayUp,##DOWNTREND:sellMonth3HighReversal(InDownTrend),##(Check-chart-buy):month3High-InMinus,ReversalHighMonth3,",-1.2770110154085872,1,0,1
"PCTChangeGT1,_HTGT1.5__LTGT1.5__LTGTPCTDayChange_,,,checkCupDown-lastDayUp,##MAPositive_Uptrend(GT2),##MA-SMA200LT0SMA100GT0,",-7.480435036236193,1,0,1
"PCTDayChangeLT0,_LTGT1.5_,,,##MAPositive_Uptrend(LT0),##MA-SMA200LT0SMA100GT0,",-2.037134448744249,2,0,2
"PCTChangeLT-3,_HTGT1.5__LTGT1.5_,,,##longDownTrend-1-IndexNotDownLastDay(checkBase),",1.9281217321211377,1,1,0
"PCTChangeLT-3,year2High,_HTGT1.5__LTGT1.5_,,,chisSellUpTrend-Risky-2,",-3.2671402332512622,1,0,1
"PCTChangeGT0.5,PCDayChange-0.5to0.5,_LTGT3.0_,,,sellPattern-LT-1.5-SMALT0,(SMA9LT0),maySellFromBuyPattern-LT-1.8,",-0.6019538130788126,1,0,1
"PCTChangeLT-3,,,,volumeUpsergedLast2n3n4DayUp,##DOWNTREND:sellYear2HighReversal(InDownTrend),##last2DayLow(LT-3)-M3LGT0,##(Check-chart-buy):month3High-InMinus,ReversalHighMonth3,",-0.3277399108557044,1,0,1
"PCTChangeLT-1,year2High,_LTGT1.5_,,,volumeUpsergedLast2n3n4DayUp,volBuyReversalLast2DayDown-VolUp,",-5.096770255796378,1,0,1
"PCTChangeLT-1,_LTGT1.5_,,,%%HLTF:(GLOBAL-DOWN)sellHighLowerTail-Reversal-LastDayMarketUp,chisSellFinalCandidate-3,(Test)(check-chart-2-3MidCapCross)MayBuyCheckChart-Risky,",-1.2102874432677668,1,0,1
"PCTDayChangeLT0,,,,$$(DOWNTREND-OR-GLOBALDOWN)MaySell-CheckChart-baseLine(inDownTrend-monthHigh)-MLCGT10,",-3.2660700454919436,1,0,1
"PCTChangeGT2,,,,shortUpTrendSellReversal-MonthHigh,buyYearHigh-0,",0.5002211331788745,1,1,0
"PCTChangeLT-2,,,,weekBarLowChangeLT-2,(SMA9LT0),chisDownTrend-Risky-nearHigh,##DOWNTREND:sellMonth3HighReversal(InDownTrend),##(Check-chart-buy):month3High-InMinus,ReversalHighMonth3,",-4.791668483189161,1,0,1
"PCTChangeLT-3,_LTGT1.5_,,,checkCupDown-3dayDown,##DOWNTREND:sellYear2HighReversal(InDownTrend),##(Check-chart-buy):month3High-InMinus,ReversalHighMonth3,",-2.089636528001755,1,0,1
"PCTChangeGT3,_HTGT1.5_,,,%%HLTF:(DOWNTREND-OR-GLOBALDOWN)maySellTail-tailGT2-2,3,4thDayGT0,##(Check-chart-sell):month3Low-InPlus,ReversalLowMonth3,chisUpTrend-Risky-nearLow,checkBuyConsolidationBreakout-allPreLT0,",0.16085954517845313,1,1,0
"PCTChangeLT-3,,,,weekBarLowChangeLT0,brokenToday,##DOWNTREND:sellYearLowBreak,",0.9981350654859478,2,2,0
"PCTChangeLT-3,,,,vol-buy-DownVol-3dayDown-Week2Low,(GLOBALFUTDOWN-DOWNTRENDMARKET)checkSellConsolidationBreakDown-week2-lowNotReachedWeek3,week2BarLowChangeLT0,",-3.609670924055623,1,0,1
"PCTChangeGT16,_LTGT1.5_,,,volBuyContinueLast2DayUp-VolUp,chisSell-2week-breakoutup,",0.3629513843250826,1,1,0
"PCDCLT0PCTChangeGT1,_HTGT1.5__LTGT1.5_,,,%%:checkSell:CupDownDoji-lastDayLT(-2)TodayDoji,",-3.095502390982188,1,0,1
"PCTChangeGT1,_HTGT1.5__LTGT1.5_,,,##MAPositive_Uptrend(GT0),##MA-SMA200GT0SMA100GT0,",-2.7444228045615406,1,0,1
"PCTChangeGT2,year2High,_HTGT1.5_,,,weekBarHighChangeGT0,brokenToday,",0.16799004574912801,4,1,3
"PCTChangeLT-2,_HTGT1.5__LTGT1.5_,,,chisBuyMay5DayFloorReversal,(GLOBALFUTDOWN-DOWNTRENDMARKET)checkSellConsolidationBreakDown-week2-lowNotReachedWeek3,week2BarLowChangeLT0,weekLowLTweek2Low,##DOWNTREND:sellMonth6HighReversal(InDownTrend),volBuyRevarsalVolCrossed,##(Check-chart-buy):month3High-InMinus,ReversalHighMonth3,",0.28625516567507625,1,1,0
"PCTChangeLT-2,_HTGT1.5_,,,##sellTenDaysMoreThanTen,",0.6548332513949628,10,5,5
"PCTChangeGT1,,,,buyYearHigh-0,",-0.027780272383268474,252,109,142
"PCTChangeGT3,_HTGT1.5_,,,$$MaySell-CheckChart(monthHigh-minimumLast4DayUp),##MAPositive_Uptrend(GT2),##MA-SMA200GT0SMA100GT0,##lastDayHighGT5TodayGT1,",-2.0357754066333262,1,0,1
"PCTChangeLT-3,,,,checkSellConsolidationBreakDown-month3HighGTMonth3Low,chisDownTrend-Risky-nearHigh,##DOWNTREND:sellMonth3HighReversal(InDownTrend),##(Check-chart-buy):month3High-InMinus,ReversalHighMonth3,",1.6463773973014155,1,1,0
"PCTChangeGT3,,,,##buyRisingMAuptrend-(Risky),",3.140798630697202,1,1,0
"PCDCGT0PCTChangeLT-5,PCDayChange-0.5to0.5,_HTGT1.5_,,,%%HLTF:maySellTail-tailGT2-7,10thDayGT20,",-6.214002202335565,1,0,1
"PCTChangeGT2,_HTGT1.5__HTGTPCTDayChange_,,,%%HLTF:(DOWNTREND-OR-GLOBALDOWN)maySellTail-tailGT2-2,3,4thDayGT0,chisCheckConsolidationBreakoutLT(4.5),week2BarHighChangeGT0,brokenToday,",-2.085598876685696,1,0,1
"PCTChangeGT5,_LTGT3.0_,,,%%HLTF:(GLOBAL-DOWN)sellHighLowerTail-Reversal-LastDayMarketUp,",-10.107015641166264,1,0,1
"PCTChangeGT1,_LTGT1.5_,,,%%:sellUpTrend-month3High,##MAPositive_Uptrend(GT1),##MA-SMA200LT0SMA100GT0,",-3.7057477743182488,1,0,1
"PCTChangeGT3,,,,chisBuyUpTrend-nearLow,volBuyContinueLast2DayUp-VolUp,##UPTREND:buyYear2LowReversal(Confirm),",-3.932270998677249,1,0,1
"PCTDayChangeLT0,PCDayChange-0.5to0.5,,,,%%:checkBuyContinue:CupDownDoji,",-0.8563533298244886,3,1,2
"PCTChangeLT-0.5,_HTGT1.5_,,,sellPatternsML,sellPatterns-LT-1.5-SMALT0,(SMA9LT0),",-2.1917481797224787,1,0,1
"PCTChangeLT-1,,,,##(Test)buyBottomReversal-0,",-0.019448700300503052,3,2,1
"PCTChangeLT-3,,,,(GLOBALFUTDOWN-DOWNTRENDMARKET)checkSellConsolidationBreakDown-week2-lowNotReachedWeek3,week2BarLowChangeLT0,chisDownTrend-Risky-nearHigh,##DOWNTREND:sellYear2HighReversal(InDownTrend),##(Check-chart-buy):YearHigh-InMinus,ReversalHighYear,",0.2941176470588268,1,1,0
"PCTChangeLT-1,_LTGT1.5_,,,chisDownTrend-Risky-nearHigh,##(check-chart)buyEMA6<EMA14,##(Check-chart-buy):month3High-InMinus,ReversalHighMonth3,",-0.44167106621607644,1,0,1
"PCTChangeLT-8,_HTGT1.5__LTGT1.5_,,,chisSellDownTrend-nearHigh,",-0.8207905657202847,2,1,1
"PCTChangeGT5,year2High,_HTGT1.5_,,,%%HLTF-Last2HighTail:(UPTREND)buy(DOWNTREND)sell:HighUpperTailPre-last2DayUp,",-2.385254589857096,9,1,8
"PCTChangeGT2,,,,volumeUpsergedLast2n3n4DayDown,week2BarHighChangeGT0,brokenToday,",0.18980026999308275,1,1,0
"PCTChangeLT-3,,,,weekBarLowChangeLT-2,brokenToday,##(Check-chart-buy):month3High-InMinus,ReversalHighMonth3,",0.7198066359282361,11,5,6
"PCTChangeGT3,,,,volSellVolumeUpsergedLast2n3DayDown,",-0.21332264146636107,61,27,34
"PCTChangeGT1,_HTGT1.5_,,,volSellRevarsalVolCrossed,chisBuyFinalContinueReversal-2,",1.9388562135778422,1,1,0
"PCTChangeGT2,_HTGT1.5__HTGTPCTDayChange_,,,MaySellCheckChart-(IndexNotDownInSecondHalf),week2BarHighChangeGT0,",-0.012900075604852608,1,0,1
"PCDCLT0PCTChangeGT0,_HTGT3.0__HTGTPCTDayChange_,,,(GLOBALFUTDOWN-DOWNTRENDMARKET)checkSellConsolidationBreakDown-week2-lowNotReachedWeek3,week2BarLowChangeLT0,weekLowLTweek2Low,",-0.7617665451669674,1,0,1
"PCTChangeGT1,_HTGT3.0__HTGTPCTDayChange_,,,weekBarHighChangeGT0,",0.5106468135651843,1,1,0
"PCTChangeLT-2,,,,%%:checkSell:CupDownDoji-last2lastDayLT0orTodayGT0,%%:checkBuyRevarsalLast3DayDownAtMonth3High,",-1.980558109584773,1,0,1
"PCTChangeLT-8,year2Low,_LTGT1.5_,,,chisBuyDayLowVolLow-01,chisBuyYear2Low,BreakLowYear2,",3.105443907883002,1,1,0
"PCDCGT0PCTChangeLT-5,PCDayChange-0.5to0.5,_HTGT1.5__LTGT1.5_,,,##MA-SMA200GT0SMA100GT0,",-0.5103609053981664,1,0,1
"PCTChangeLT-3,,,,checkCupDown-2dayDown,chisDownTrend-Risky-nearHigh,##(Check-chart-buy):month3High-InMinus,BreakHighMonth3,",1.1020144255493973,1,1,0
"PCTChangeGT1,PCDayChange-0.5to0.5,_HTGT1.5__LTGT1.5_,,,%%:checkSell:FlagWeek-doji,",1.9808569433791914,2,2,0
"PCTChangeLT-1,_HTGT1.5__HTGTPCTDayChange_,,,%%HLTF:(UPTREND-MorningTrend-UP)mayBuyTail-highTailGT2-7,10thDayGT10-Last2DayStockDown,",2.5040337419611856,3,2,1
"PCTChangeLT-0.5,,,,##MA-SMA200GT0SMA100LT0,",-0.4880793705935208,2,1,1
"PCTChangeGT1,,,,brokenToday,",-0.5224679454703386,8,3,5
"PCTChangeLT-3,_LTGT1.5_,,,volSellContinueLast2DayDown-VolUp,##MANegative_Downtrend_(LT-4.5),##MA-SMA200LT0SMA100LT0,",-2.1302955897872353,2,0,2
"PCTChangeLT-2,_HTGT1.5__LTGT1.5_,,,weekBarLowChangeLT0,brokenToday,",0.45510264318768917,1,1,0
"PCDCGT0PCTChangeLT-1,_HTGT3.0__LTGT1.5__HTGTPCTDayChange_,,,##MA-SMA200LT0SMA100LT0,",2.7868439828797547,1,1,0
"PCTChangeLT-5,_HTGT1.5__LTGT3.0__LTGTPCTDayChange_,,,volBuyReversalLast2DayDown-VolDown,##MANegative_Downtrend_(LT-4.5),##MA-SMA200LT0SMA100LT0,",-1.4023128377084593,1,0,1
"PCTChangeLT-3,_HTGT1.5_,,,(GLOBALFUTDOWN-DOWNTRENDMARKET)checkSellConsolidationBreakDown-week2-lowNotReachedWeek3,week2BarLowChangeLT0,##DOWNTREND:sellYear2HighReversal(InDownTrend),##(Check-chart-buy):month3High-InMinus,ReversalHighMonth3,",0.36036402613551427,1,1,0
"PCTChangeLT-2,,,,(GLOBALFUTDOWN-DOWNTRENDMARKET)checkSellConsolidationBreakDown-week2-lowNotReachedWeek3,week2BarLowChangeLT0,(SMA9LT0),chisDownTrend-Risky-nearHigh,",-0.6910780373228054,1,0,1
"PCTChangeLT-1,_HTGT3.0__LTGT1.5__HTGTPCTDayChange_,,,%%HLTF:maySellTail-tailGT2-allDayGT0,chisSellFinalCandidate-3,",0.9836040559362204,1,1,0
"PCDCLT0PCTChangeGT0,PCDayChange-0.5to0.5,_HTGT1.5__LTGT1.5_,,,%%HLTF-LastDayUp:(DOWNTREND-OR-GLOBALDOWN)MaySellHighTail-LastDayMarketUp,$$MaySellContinue-CheckChart(inuptrend-monthlow)-highTail,",0.2593744584314702,1,1,0
"PCTChangeGT0.5,_HTGT1.5__LTGT3.0__LTGTPCTDayChange_,,,checkCupDown-lastDayUp,%%HLTF:(GLOBAL-DOWN)sellHighLowerTail-Reversal-LastDayMarketUp,##MA-SMA200GT0SMA100GT0,",-1.967314033098113,1,0,1
"PCTChangeGT3,_HTGT1.5__LTGT1.5_,,,%%HLTF-Last2HighTail:(UPTREND)buy(DOWNTREND)sell:HighUpperTailPre-last2DayUp,vol-sell-DownVol-3dayUp-Week2High,",3.341195048714759,1,1,0
"PCTChangeLT-2,,,,weekBarLowChangeLT0,brokenToday,##DOWNTREND:sellYear2HighReversal(InDownTrend),",0.8146538857070236,1,1,0
"PCTChangeGT0.5,_LTGT1.5_,,,shortUpTrendBuyContinue-Doji-Last2DayGTToday,##MAPositive_Uptrend(GT0),##MA-SMA200GT0SMA100GT0,",2.9695263858275163,1,1,0
"PCTChangeGT3,,,,volSellVolumeUpsergedLast2n3DayDown,chisBuyConsolidationBreakUp-2week-(Risky)-year2High,week2BarHighChangeGT2,weekHighGTweek2High,brokenToday,",-0.4965343871788451,1,0,1
"PCTChangeGT5,,,,volumeUpsergedLast2n3n4DayDown,volBuyContinueLast2DayUp-VolUp,chisCheckConsolidationBreakoutGT(4.5),chisBuyConsolidationBreakUp-2week-(Risky)-year2High,week2BarHighChangeGT2,brokenToday,",-2.7129898506072223,1,0,1
"PCTChangeLT-3,_LTGT1.5_,,,%%HLTF:(GLOBAL-DOWN)sellHighLowerTail-Reversal-LastDayMarketUp,VOL:sell(GLOBALFUTUP-GLOBALMARKETUP)Buy-UpVol-3dayDown-Week2High,",-3.9832114467072945,1,0,1
"PCTChangeGT1,_HTGT3.0__LTGT1.5_,,,(SMA9GT0),",4.272584865360368,1,1,0
"PCTChangeGT3,,,,(GLOBALFUTUP-UPTRENDMARKET)checkBuyConsolidationBreakUp-week2-highNotReachedWeek3,week2BarHighChangeGT2,brokenToday,chisBuy-2week-breakoutup(check-chart)(|-|-| or --|),",1.509799747091412,2,2,0
"PCTChangeGT8,,,,##MAPositive_Uptrend(GT4.5),##MA-SMA200LT0SMA100GT0,##last3DayHighGT3-M3HLT0,",-5.083439033254857,1,0,1
"PCTChangeLT-1,_HTGT1.5_,,,##longDownTrend-2-IndexNotDownLastDay(checkBase),chisDownTrend-Risky-nearHigh,",-0.4455064589965258,1,0,1
"PCTChangeLT-2,_HTGT3.0__LTGT1.5__HTGTPCTDayChange_,,,volSellVolumeUpsergedLast2n3DayUp,",-3.6565406300197196,1,0,1
"PCTChangeGT2,year2High,,,,buyPatternsML,buyPattern-GT1.5-SMAGT0,(SMA9GT0),",1.3272283279104695,1,1,0
"PCTChangeLT-1,_LTGT1.5_,,,checkCupDown-near2WeekDown-mayReveresalBuy,(GLOBALFUTDOWN-DOWNTRENDMARKET)checkSellConsolidationBreakDown-week2-lowNotReachedWeek3,week2BarLowChangeLT-2,weekLowLTweek2Low,",1.7276422764227644,1,1,0
"PCTDayChangeLT0,_HTGT1.5__LTGT1.5_,,,##MANegative_Downtrend_(LT0),##MA-SMA200LT0SMA100LT0,",-2.3083292643229156,1,0,1
"PCTChangeLT-3,_HTGT1.5_,,,volBuyReversalLast2DayDown-VolDown,##ML:BuyRisingMA-Risky-0,",-1.0396019460344401,1,0,1
"PCTChangeGT3,,,,chisCheckConsolidationBreakoutGT(4.5),chis-breakoutup-2week,",1.0060362173038133,1,1,0
"PCTChangeLT-2,,,,$$(UPTREND-OR-GLOBALUP)$$MayBuyContinue-CheckChart-baseLine(inDownTrend-monthHigh)-PCTDayChangeLT(-2),",1.1925704233396506,1,1,0
"PCTChangeGT3,,,,volSellVolumeUpsergedLast2n3DayDown,chisCheckConsolidationBreakout2WeekLT(4.5),##MAPositive_Uptrend(GT2),##MA-SMA200GT0SMA100GT0,",-0.4627981765215088,2,1,1
"PCTChangeLT-2,_HTGT1.5__LTGT3.0__HTGTPCTDayChange__LTGTPCTDayChange_,,,(GLOBALFUTDOWN-DOWNTRENDMARKET)checkSellConsolidationBreakDown-week2-lowNotReachedWeek3,week2BarLowChangeLT-2,weekLowLTweek2Low,chisDownTrend-Risky-nearHigh,",0.9877152597519303,1,1,0
"PCTChangeLT-12,,,,maySellHighVolatileDownContinueLT-8,##MANegative_Downtrend_(LT-4.5),##MA-SMA200LT0SMA100LT0,",-0.10102865045715503,8,4,4
"PCTChangeGT3,,,,(GLOBALFUTUP-UPTRENDMARKET)checkBuyConsolidationBreakUp-week2-highNotReachedWeek3,week2BarHighChangeGT0,brokenToday,chisBuy-2week-breakoutup(check-chart)(|-|-| or --|),",0.7400015269369584,6,3,3
"PCTChangeGT0.5,PCDayChange-0.5to0.5,_HTGT1.5__LTGT1.5_,,,%%:checkSell:Super2,-+,",-1.9222030348010775,2,0,2
"PCTDayChangeLT0,PCDayChange-0.5to0.5,_LTGT1.5_,,,buyMorningStar-HighLowerTail-(checkChart),",0.05638230896403109,5,2,3
"PCTChangeGT0,PCDayChange-0.5to0.5,,,,(SMA9GT0),",0.35209554070546467,6,4,2
"PCTChangeGT2,,,,(GLOBALFUTUP-UPTRENDMARKET)checkBuyConsolidationBreakUp-week2-highNotReachedWeek3,week2BarHighChangeGT0,##UPTREND:buyMonth6LowReversal(Confirm),",-0.11496895999474556,1,0,1
"PCTChangeGT2,,,,##(Check-chart-sell):month3Low-InPlus,ReversalLowMonth3,chisUpTrend-Risky-nearLow,chisCheckConsolidationBreakoutLT(4.5),##UPTREND:buyYear2LowReversal(Confirm),",1.864514885668845,1,1,0
"PCTChangeLT-1,_HTGT3.0__LTGT3.0__HTGTPCTDayChange__LTGTPCTDayChange_,,,##MANegative_Downtrend_(LT-1),##MA-SMA200GT0SMA100LT0,%%:buyDownTrend-month3Low,",-11.65560102870874,1,0,1
"PCTChangeLT-5,_LTGT3.0_,,,checkCupDown-3dayDown-mayReversalBuy,%%HLTF:(GLOBAL-DOWN)sellHighLowerTail-Reversal-LastDayMarketUp,",2.709182427853954,1,1,0
"PCTChangeGT2,_HTGT1.5_,,,%%HLTF-Risky9:30:maySellTail-tailGT2-7,10thDayGT15,weekBarHighChangeGT2,##MAPositive_Uptrend(GT2),##MA-SMA200GT0SMA100GT0,",-1.813330078124988,1,0,1
"PCTChangeLT-3,,,,checkCupDown-near2WeekDown-mayReveresalBuy,(GLOBALFUTDOWN-DOWNTRENDMARKET)checkSellConsolidationBreakDown-week2-lowNotReachedWeek3,week2BarLowChangeLT0,##(check-chart)maySell-EMA6-MT-May-LT-EMA14,",-1.3512512996107973,1,0,1
"PCTChangeGT3,,,,chisSellYear2LowLT-40-last3DayDown(triggerAfter-9:15),chisBuyUpTrend-nearLow,",0.5606152446314236,1,1,0
"PCTChangeGT8,_LTGT1.5_,,,##MAPositive_Uptrend(GT4.5),##MA-SMA200LT0SMA100GT0,##last2DayHighGT3-M3HLT0,",-5.378973540226423,1,0,1
"PCTChangeGT3,,,,sellHeavyUpTrend-Reversal,##last2DayHighGT3-M3HLT0,",-2.837212141170049,1,0,1
"PCTChangeLT-2,_HTGT1.5__LTGT1.5__HTGTPCTDayChange__LTGTPCTDayChange_,,,chisSell-smallUptrendReversal,",0.5862111058728448,1,1,0
"PCTChangeGT2,,,,chisBuyUpTrend-1-YearHigh,checkBuyConsolidationBreakUp-2week,week2BarHighChangeGT0,brokenToday,",1.4702611117829254,1,1,0
"PCTChangeGT2,,,,volumeUpsergedLast2n3n4DayDown,chisSell-2week-breakoutup,##UPTREND:buyYear2LowReversal(Confirm),",2.935949581290526,1,1,0
"PCTChangeLT-0.5,_HTGT1.5__HTGTPCTDayChange_,,,%%:checkSell:Super01-monthLow,%%HLTF-Last2HighTail:(DOWNTREND)sellHighUpperTailPre,",-2.379263713153922,1,0,1
"PCTChangeLT-1,_HTGT1.5__HTGTPCTDayChange_,,,%%:checkSell:CupDownDoji-last2lastDayLT0orTodayGT0,",-2.97058823529413,1,0,1
"PCTChangeLT-0.5,_HTGT1.5_,,,%%HLTF-Last2HighTail:(DOWNTREND)sellHighUpperTailPre,%%HLTF-LastDayUp:(DOWNTREND-OR-GLOBALDOWN)MaySellHighTail-LastDayMarketUp,chisDownTrend-Risky-nearHigh,",-0.6285749162946446,1,0,1
"PCTChangeLT-3,_LTGT3.0_,,,(GLOBALFUTDOWN-DOWNTRENDMARKET)checkSellConsolidationBreakDown-week2-lowNotReachedWeek3,week2BarLowChangeLT-2,##DOWNTREND:sellYearLowBreak,",0.9310987115801349,1,1,0
"PCTChangeLT-2,,,,%%:checkSell:Flag2Week,##ML:BuyRisingMA-Risky-0,",0.044665523109329065,1,1,0
"PCTChangeGT8,,,,##MAPositive_Uptrend(GT4.5),##MA-SMA200GT0SMA100GT0,",0.2165455921625827,45,24,21
"PCTChangeGT2,_HTGT1.5_,,,%%:sellDowntrend-lastDayUp-ReversalHighTail,volBuyVolumeUpsergedLast2n3DayDown,",-2.3552223765753264,2,0,2
"PCTChangeLT-2,_LTGT1.5_,,,checkCupDown-3dayDown,%%HLTF:(GLOBAL-DOWN)sellHighLowerTail-Reversal-LastDayMarketUp,VOL:sell(GLOBALFUTUP-GLOBALMARKETUP)Buy-UpVol-3dayDown-Week2High,",2.464009388212767,1,1,0
"PCTChangeGT2,_HTGT3.0__LTGT1.5__HTGTPCTDayChange_,,,volBuyContinueLast2DayUp-VolUp,(GLOBALFUTUP-UPTRENDMARKET)checkBuyConsolidationBreakUp-week2-highNotReachedWeek3,week2BarHighChangeGT0,",-0.6427957463989327,1,0,1
"PCTChangeLT-0.5,,,,%%HLTF-Last2DayMarketDown:(GLOBAL-UP)buyHighUpperTailPre1-Reversal-LastDayMarketDown,",-1.6364862241772,1,0,1
"PCTChangeGT3,_HTGT3.0__HTGTPCTDayChange_,,,(GLOBALFUTUP-UPTRENDMARKET)checkBuyConsolidationBreakUp-week2-highNotReachedWeek3,week2BarHighChangeGT0,brokenToday,",3.240378314398664,2,2,0
"PCTChangeLT-3,year2High,,,,VOL:buy-DownVol-3dayDown-Week2High,",0.5301425953282208,4,3,1
"PCTChangeGT0.5,PCDayChange-0.5to0.5,_HTGT1.5_,,,%%:checkSell:FlagWeek-doji,chisSellDowningMA-(check5MinuteDownTrendAndSellDowntrend),",1.112362293714882,1,1,0
"PCDCGT0PCTDayChangeLT0,_LTGT1.5_,,,%%:checkSell:CupDownDoji,",-1.0308571475986428,3,1,2
"PCTChangeLT-5,,,,(GLOBALFUTDOWN-DOWNTRENDMARKET)checkSellConsolidationBreakDown-week2-lowNotReachedWeek3,week2BarLowChangeLT-2,##DOWNTREND:sellYear2HighReversal(InDownTrend),##last2DayLow(LT-3)-M3LGT0,",0.6050906999167786,1,1,0
"PCTChangeGT2,,,,chisSellYear2LowLT-40-last4DayDown(triggerAfter-9:15),chisUpTrend-Risky-nearLow,",1.3024269087162033,1,1,0
"PCTChangeGT5,_LTGT1.5_,,,chisSelldowntrendReversalMayFail,%%HLTF-Risky:(GLOBAL-DOWN)sellHighLowerTail-Reversal-LastDayMarketUp,",8.917500347806289,1,1,0
"PCTChangeLT-2,_LTGT1.5_,,,chisSell-smallUptrendReversal,##sellTenDaysMoreThanTen,",4.180246293141276,1,1,0
"PCTChangeLT-1,,,,##MANegative_Downtrend_(LT-2),##MA-SMA200LT0SMA100LT0,zigZagVolCrossedFromUp,",0.1321931374403431,2,1,1
"PCTChangeLT-5,_HTGT1.5_,,,VOL:sell(GLOBALFUTUP-GLOBALMARKETUP)Buy-UpVol-3dayDown-Week2High,",1.6364827639167168,2,2,0
"PCTChangeLT-0.5,_HTGT1.5__LTGT3.0__HTGTPCTDayChange__LTGTPCTDayChange_,,,%%HLTF:(GLOBAL-DOWN)sellHighLowerTail-Reversal-LastDayMarketUp,",-4.692363070781534,1,0,1
"PCTChangeLT-1,,,,%%:checkSell:Super01-monthLow,sellPatternsML,",-1.504412810425333,1,0,1
"PCTChangeLT-16,_LTGT3.0_,,,##MANegative_Downtrend_(LT-4.5),##MA-SMA200GT0SMA100LT0,",-4.194769645319068,3,1,2
"PCTChangeGT0,PCDayChange-0.5to0.5,_LTGT3.0_,,,chisSellDowningMA-(check5MinuteDownTrendAndSellDowntrend),%%HLTF:(GLOBAL-DOWN)sellHighLowerTail-Reversal-LastDayMarketUp,",0.691348382183807,1,1,0
"PCTChangeGT0.5,_HTGT1.5_,,,%%:sellDowntrend-lastDayUp-ReversalHighTail,checkCupDown-lastDayUp,",-3.8788324811635375,1,0,1
"PCTChangeLT-3,,,,checkCupDown-2dayDown,",-0.01915919662373433,7,3,4
"PCTChangeGT2,year2High,,,,checkCupDown-lastDayUp,",1.4059762517574708,2,2,0
"PCTChangeLT-3,,,,volBuyVolumeUpsergedLast2n3DayUp,weekBarLowChangeLT-2,brokenToday,chisDownTrend-Risky-nearHigh,##DOWNTREND:sellYear2HighReversal(InDownTrend),##last2DayLow(LT-3)-M3LGT0,##(Check-chart-buy):YearHigh-InMinus,ReversalHighYear,",0.4270851046767059,1,1,0
"PCTChangeGT2,year2High,,,,chisCheckConsolidationBreakoutLT(4.5),weekBarHighChangeGT2,",0.07321156728572031,3,1,2
"PCTChangeLT-2,_LTGT1.5_,,,volBuyReversalLast2DayDown-VolDown,##DOWNTREND:sellYear2HighReversal(InDownTrend),MayBuyCheckChart-(IndexNotUpInSecondHalf),##(Check-chart-buy):month3High-InMinus,ReversalHighMonth3,",1.0725607597724611,1,1,0
"PCTChangeLT-3,,,,%%checkCupDown-2dayDown-continue,chisDownTrend-Risky-nearHigh,##(Check-chart-buy):month3High-InMinus,ReversalHighMonth3,",0.18544608531360152,2,1,1
"PCTChangeGT2,PCDayChange-0.5to0.5,_LTGT1.5_,,,chisSellSuper-Risky,-+,chisBuyDownTrend-Risky-1,",-1.6718521112528533,1,0,1
"PCTChangeGT1,_HTGT1.5_,,,%%HLTF:(DOWNTREND-OR-GLOBALDOWN)maySellTail-tailGT2-2,3,4thDayGT0,volumeUpsergedLast2n3n4DayDown,##(Check-chart):year2High-InPlus,",2.5299980412447507,1,1,0
"PCTChangeGT3,,,,checkBuyConsolidationBreakout-allPreLT0,checkBuyConsolidationBreakUp-2week,week2BarHighChangeGT0,brokenToday,",-1.5276256582354908,1,0,1
"PCTChangeLT-3,_LTGT3.0_,,,checkCupDown-3dayDown-mayReversalBuy,%%HLTF:(GLOBAL-DOWN)sellHighLowerTail-Reversal-LastDayMarketUp,##DOWNTREND:sellYearHighReversal(InDownTrend),volBuyRevarsalVolCrossed,##(Check-chart-buy):month3High-InMinus,ReversalHighMonth3,",2.6074787640444828,1,1,0
"PCTChangeLT-1,_HTGT1.5__HTGTPCTDayChange_,,,##(Check-chart-buy):month3High-InMinus,NearHighMonth3,",-0.5764000495633442,2,1,1
"PCTChangeLT-2,year2High,,,,chisSellUpTrend-Risky-0,",-0.9601473907720004,4,1,3
"PCTChangeLT-2,,,,##MA-SMA200LT0SMA100LT0,##DOWNTREND:sellYearLowBreak,",-5.332350943390441,2,0,2
"PCDCGT0PCTDayChangeLT0,PCDayChange-0.5to0.5,year2High,_HTGT3.0_,,,%%HLTF:maySellTail-tailGT2-7,10thDayGT20,",2.193765279179426,1,1,0
"PCTChangeLT-0.5,year2Low,_LTGT1.5_,,,(Test)MayBuyCheckChart-last3DayDown,",0.8644961822615457,1,1,0
"PCTChangeGT0.5,_HTGT3.0_,,,%%HLTF:maySellTail-tailGT2-7,10thDayGT20,%%HLTF:(UPTREND-GLOBAL/SGX-UP)BuyHighUpperTail-Reversal-7,10thDayGT15-LastDayMarketDown,chisSellEveningStar-2(Check2-3MidCapCross),",7.737932657602426,1,1,0
"PCDCGT0PCTChangeLT-1,,,,(SMA9LT0),##(Test):buyRisingMA-uptrend-SMA25gt0,",-1.678683208124912,1,0,1
"PCTChangeLT-5,,,,volBuyReversalLast2DayDown-VolDown,chisDownTrend-Risky-nearHigh,",-1.2141282447244688,5,0,5
"PCTChangeGT3,_HTGT1.5_,,,##(Check-chart-sell):month3Low-InPlus,ReversalLowMonth3,chisBuyUpTrend-nearLow,volumeUpsergedLast2n3n4DayDown,volBuyContinueLast2DayUp-VolUp,##UPTREND:buyYearLowReversal(Confirm),",-2.547166932303949,1,0,1
"PCTChangeGT5,_HTGT3.0__LTGT3.0_,,,##(check-chart)sellEMA6>EMA14,##UPTREND:buyYear2LowReversal(Confirm),",-2.222218232996333,1,0,1
"PCTChangeLT-2,_LTGT1.5_,,,##RisingMA(check-chart-buy)-MayBuyCheckChart,",-2.972971794688103,1,0,1
"PCTChangeLT-12,_LTGT3.0_,,,##MANegative_Downtrend_(LT-4.5),##MA-SMA200LT0SMA100LT0,",-0.9189298359283518,5,3,2
"PCTChangeGT1,_HTGT1.5__HTGTPCTDayChange_,,,MaySellCheckChart-(IndexNotDownInSecondHalf),chisBuyYearHigh-3,",-1.854760698924482,1,0,1
"PCTDayChangeLT0,PCDayChange-0.5to0.5,_LTGT1.5_,,,##MANegative_Downtrend_(LT0),##MA-SMA200LT0SMA100LT0,",-0.5598165795558968,3,1,2
"PCTChangeLT-1,,,,chisSellDownTrend-nearHigh,chisSellUpTrend-Risky-2,",0.07602624725875773,1,1,0
"PCTChangeLT-5,_LTGT3.0_,,,##MANegative_Downtrend_(LT-4.5),##MA-SMA200LT0SMA100LT0,",-0.5713882286880937,21,11,10
"PCTChangeGT1,PCDayChange-0.5to0.5,,,,%%:checkSell:CupDownDoji,",1.4060042237442327,2,2,0
"PCTChangeLT-2,_HTGT1.5_,,,##MAPositive_Uptrend(LT-2),##MA-SMA200GT0SMA100GT0,",-1.0855234607180009,1,0,1
"PCTChangeGT2,_LTGT1.5_,,,(GLOBALFUTUP-UPTRENDMARKET)checkBuyConsolidationBreakUp-week2-highNotReachedWeek3,week2BarHighChangeGT0,brokenToday,",0.5518879860645871,3,1,2
"PCDCGT0PCTDayChangeLT0,PCDayChange-0.5to0.5,_HTGT1.5_,,,##MAPositive_Uptrend(GT0),##MA-SMA200GT0SMA100GT0,",-1.7756191121011486,2,0,2
"PCTChangeLT-2,,,,checkCupDown-3dayDown,##DOWNTREND:sellYearHighReversal(InDownTrend),##(Check-chart-buy):YearHigh-InMinus,ReversalHighYear,",2.8409825014912977,1,1,0
"PCTChangeGT2,,,,chisCheckConsolidationBreakoutLT(4.5),##(Check-chart):year2High-InPlus,",-0.38869801005419385,3,1,2
"PCTChangeLT-1,,,,volumeUpsergedLast2n3n4DayUp,weekBarLowChangeLT0,brokenToday,",-1.1144237747540942,1,0,1
"PCTChangeLT-3,_HTGT1.5_,,,chisDownTrend-Risky-nearHigh,zigZagVolCrossedFromUp,##(Check-chart-buy):month3High-InMinus,ReversalHighMonth3,",-1.002595777549816,1,0,1
"PCTChangeLT-5,_LTGT1.5_,,,volumeUpsergedLast2n3n4DayUp,##DOWNTREND:sellMonth3LowBreak,",6.25,1,1,0
"PCTChangeGT5,,,,zigZagVolCrossedFromDown,chisUpTrend-Risky-nearLow,",0.3265339338860434,1,1,0
"PCTChangeGT0.5,PCDayChange-0.5to0.5,year2High,_HTGT3.0__LTGT1.5_,,,%%HLTF-Last2HighTail:(UPTREND)buy(DOWNTREND)sell:HighUpperTailPre-last2DayUp,",-0.4462042191876315,1,0,1
"PCTChangeGT3,,,,vol-sell-DownVol-3dayUp-Week2High,(GLOBALFUTUP-UPTRENDMARKET)checkBuyConsolidationBreakUp-week2-highNotReachedWeek3,week2BarHighChangeGT0,##MAPositive_Uptrend(GT2),##MA-SMA200LT0SMA100LT0,",-5.212054933820452,1,0,1
"PCTChangeLT-1,_LTGT3.0_,,,%%HLTF:(GLOBAL-UP)buyHighLowerTail-LastDayMarketUp,chisDownTrend-Risky-nearHigh,",-0.3521480947808044,1,0,1
"PCTChangeGT5,,,,volSellRevarsalVolCrossed,chisSell-2week-breakoutup,##last2DayHighGT3-M3HLT0,",2.2041763341067324,1,1,0
"PCTChangeLT-5,_HTGT1.5__LTGT1.5_,,,volBuyReversalLast2DayDown-VolDown,",-0.506480657500483,1,0,1
"PCTChangeLT-1,,,,$$MayBuy-CheckChart(downTrend-mayReverseLast4DaysDown)-Risky,",-0.328599985381272,13,6,7
"PCTChangeGT2,year2High,,,,volSellVolumeUpsergedLast2n3DayDown,volBuyContinueLast2DayUp-VolUp,",0.21810250817884574,1,1,0
"PCTChangeLT-3,_LTGT1.5_,,,checkCupDown-3dayDown-mayReversalBuy,##DOWNTREND:sellYear2HighReversal(InDownTrend),volBuyRevarsalVolCrossed,##(Check-chart-buy):month3High-InMinus,ReversalHighMonth3,",-0.947867298578212,1,0,1
"PCDCGT0PCTDayChangeLT0,_HTGT1.5_,,,%%HLTF:(UPTREND-MorningTrend-UP)mayBuyTail-highTailGT2-7,10thDayGT10-Last2DayStockDown,",-0.7831471758259316,1,0,1
"PCTChangeLT-3,_HTGT1.5_,,,volBuyReversalLast2DayDown-VolDown,chisSellDownTrend-nearHigh,##(Check-chart-buy):month3High-InMinus,BreakHighMonth3,",1.7099056603773735,1,1,0
"PCTChangeLT-3,_LTGT3.0_,,,checkCupDown-inDownTrend-month3HighLTmonth3Low,bar_low,%%HLTF:(GLOBAL-DOWN)sellHighLowerTail-Reversal-LastDayMarketUp,chisBuyFinalContinue-(lastDayUp)-(highChange),",4.642857142857143,1,1,0
"PCTChangeGT2,,,,volBuyVolumeUpsergedLast2n3DayDown,chisCheckConsolidationBreakoutLT(4.5),(GLOBALFUTUP-UPTRENDMARKET)checkBuyConsolidationBreakUp-week2-highNotReachedWeek3,week2BarHighChangeGT0,brokenToday,",0.24161093468749265,1,1,0
"PCTChangeGT3,year2High,_HTGT1.5_,,,weekBarHighChangeGT0,brokenToday,",-0.8147124931202034,4,2,2
"PCTChangeLT-2,,,,(GLOBALFUTDOWN-DOWNTRENDMARKET)checkSellConsolidationBreakDown-week2-lowNotReachedWeek3,week2BarLowChangeLT0,chisDownTrend-Risky-nearHigh,##(Check-chart-buy):month3High-InMinus,ReversalHighMonth3,",-0.2763956135928985,37,21,16
"PCTChangeGT2,,,,volBuyContinueLast2DayUp-VolUp,maySellFromBuyPattern-LT-1.8,",-3.1074153187939677,1,0,1
"PCTChangeLT-2,,,,chisBuyFinalContinue-2,##(Check-chart-buy):month3High-InMinus,BreakHighMonth3,",2.9499969482421875,1,1,0
"PCTChangeLT-3,year2High,,,,checkCupDown-3dayDown,",3.4099741602242273,1,1,0
"PCTChangeLT-1,_LTGT1.5_,,,%%HLTF:(SGXNIFTYUP)buyHighLowerTail-Continue,",-1.897177618526922,4,1,3
"PCTChangeGT3,_HTGT3.0__LTGT3.0__HTGTPCTDayChange__LTGTPCTDayChange_,,,##buyTenDaysLessThanMinusTen,",-1.0540486478599138,1,0,1
"PCTChangeGT2,,,,checkBuyConsolidationBreakout-allPreLT0,",-0.17044228972119163,21,10,11
"PCTChangeGT3,,,,volumeUpsergedLast2n3n4DayDown,chisBuyConsolidationBreakUp-2week-(Risky)-year2High,week2BarHighChangeGT0,chisBuy-2week-breakoutup(check-chart)(|-|-| or --|),",-1.3187236003257548,1,0,1
"PCTChangeGT3,_HTGT1.5_,,,%%HLTF:(DOWNTREND-OR-GLOBALDOWN)maySellTail-tailGT2-2,3,4thDayGT0,volSellRevarsalVolCrossed,##(Check-chart-sell):month3Low-InPlus,ReversalLowMonth3,",1.9892268491357767,1,1,0
"PCTChangeGT1,_HTGT1.5__LTGT3.0_,,,chisSellYear2LowLT-40-last3DayDown(triggerAfter-9:15),",-5.117368026518481,1,0,1
"PCTChangeGT3,,,,(Test)MaySell-CheckChart(downTrend-lastDayUp),zigZagVolCrossedFromDown,",3.744314622562643,1,1,0
"PCTChangeLT-0.5,,,,%%:checkSell:Super0,##MA-SMA200LT0SMA100LT0,",0.12176895901983589,2,2,0
"PCTChangeLT-3,_LTGT3.0_,,,##(check-chart)buyEMA6<EMA14,zigZagVolCrossedFromUp,",-5.759497533870643,1,0,1
"PCTChangeLT-2,,,,$$(DOWNTREND-OR-GLOBALDOWN)MaySell-CheckChart-baseLine(inDownTrend-monthHigh)-MLCGT10,",1.4924946071681517,2,1,1
"PCTChangeLT-3,_HTGT1.5_,,,##MAPositive_Uptrend(LT-2),##MA-SMA200GT0SMA100LT0,",5.463182897862235,1,1,0
"PCTChangeGT3,_LTGT1.5_,,,%%HLTF-Risky:(GLOBAL-DOWN)sellHighLowerTail-Reversal-LastDayMarketUp,volBuyContinueLast2DayUp-VolUp,",0.47451884130601873,1,1,0
"PCDCGT0PCTDayChangeLT0,PCDayChange-0.5to0.5,_LTGT1.5_,,,chisBuyYearHigh-3,",-0.2708030482841578,34,13,21
"PCTChangeLT-3,,,,chisSellFinalCandidate-1-(lastDayUp),",-3.427436890245658,2,0,2
"PCTChangeGT2,,,,chisBuyUpTrend-nearLow,volumeUpsergedLast2n3n4DayDown,VOL:buy(GLOBALFUTDOWN-GLOBALMARKETDOWN)Sell-UpVol-3dayUp-Week2Low,",1.5791917137710874,1,1,0
"PCTChangeLT-3,_LTGT1.5_,,,weekBarLowChangeLT-2,##last2DayLow(LT-3)-M3LLT0,",-2.36544082252567,1,0,1
"PCTChangeLT-5,,,,VOL:buy-DownVol-3dayDown-Week2High,##last2DayLow(LT-3)-M3LGT0,",0.5084732831534693,1,1,0
"PCTChangeGT3,,,,chisUpTrend-Risky-nearLow,volBuyVolumeUpsergedLast2n3DayDown,chisCheckConsolidationBreakoutLT(4.5),(GLOBALFUTUP-UPTRENDMARKET)checkBuyConsolidationBreakUp-week2-highNotReachedWeek3,week2BarHighChangeGT0,brokenToday,",26.118121929977907,1,1,0
"PCTChangeLT-3,,,,chisSellFinalCandidate-4,##(Check-chart-buy):month3High-InMinus,NearHighMonth3,",1.6278791557880607,2,1,1
"PCTChangeLT-3,_HTGT1.5__LTGT1.5_,,,chisDownTrend-Risky-nearHigh,##(Check-chart-buy):YearHigh-InMinus,NearHighYear,",0.0,1,0,0
"PCTChangeLT-2,year2Low,_LTGT1.5_,,,vol-buy-DownVol-3dayDown-Week2Low,",-3.4140955528088175,2,0,2
"PCTChangeLT-1,_HTGT1.5_,,,%%HLTF-Last2HighTail:(DOWNTREND)sell(UPTREND)buy:HighUpperTailPre,%%HLTF:maySellTail-tailGT2-7,10thDayGT0,",-0.029241550735565888,1,0,1
"PCTChangeLT-5,_HTGT3.0__HTGTPCTDayChange_,,,##(Test)(Check-chart):year2Low-InMinus,",-14.48351514208448,1,0,1
"PCTChangeLT-0.5,_HTGT3.0__HTGTPCTDayChange_,,,chisSell-smallUptrendReversal,",-0.06692547180222336,4,1,3
"PCTChangeGT8,_HTGT1.5_,,,##last2DayHighGT3-M3HLT0,",4.236377264005667,3,3,0
"PCTChangeLT-2,_LTGT1.5_,,,weekBarLowChangeLT-2,chisDownTrend-Risky-nearHigh,##DOWNTREND:sellYear2HighReversal(InDownTrend),",0.2640039062500029,1,1,0
"PCTChangeGT0.5,_LTGT1.5_,,,mayBuyFromSellPattern-GT1.8,",4.6436809671336325,1,1,0
"PCTChangeGT2,,,,chisBuyUpTrend-nearLow,VOL:buy-DownVol-3dayUp-Week2Low,##UPTREND:buyYearLowReversal(Confirm),",-0.06434417545289955,1,0,1
"PCTChangeLT-2,_LTGT1.5_,,,##DOWNTREND:sellYearHighReversal(InDownTrend),##(Check-chart-buy):month3High-InMinus,ReversalHighMonth3,",2.113271289525003,1,1,0
"PCTChangeLT-1,_LTGT1.5_,,,%%HLTF:(SGXNIFTYUP)buyHighLowerTail-Continue,##RisingMA(check-chart-buy)-MayBuyCheckChart,",1.2472626666729996,1,1,0
"PCDCLT0PCTChangeGT0,PCDayChange-0.5to0.5,,,,buyMayYear2LowBreakingUp,",3.7240230380524326,6,6,0
"PCTChangeLT-2,,,,weekBarLowChangeLT-2,brokenToday,##DOWNTREND:sellMonth3LowBreak,",-3.607954545454539,1,0,1
"PCTChangeLT-2,year2High,_LTGT1.5_,,,volSellContinueLast2DayDown-VolUp,",-0.8654162808044364,3,1,2
"PCTChangeLT-5,_HTGT3.0__LTGT3.0__HTGTPCTDayChange__LTGTPCTDayChange_,,,##MANegative_Downtrend_(LT-2),##MA-SMA200LT0SMA100LT0,",-4.446530632406075,4,1,3
"PCTChangeLT-3,year2High,,,,VOL:buy-DownVol-3dayDown-Week2High,chisSellDayLowVolLow-03-checkMorningTrend(.5SL),",-0.10015862789412677,1,0,1
"PCTChangeLT-1,,,,chisSell:Super03-monthLow,sellPatternsML,sellPatterns-LT-1.5-SMALT0,(SMA9LT0),",-4.972126598209309,1,0,1
"PCTChangeLT-3,_LTGT3.0_,,,checkCupDown-2dayDown-mayReversalBuy,volumeUpsergedLast2n3n4DayUp,chisDownTrend-Risky-nearHigh,",4.0964863784100904,1,1,0
"PCTChangeLT-2,_LTGT3.0_,,,##MA-SMA200LT0SMA100LT0,##DOWNTREND:sellMonth6LowBreak,",1.151685393258426,1,1,0
"PCTChangeGT1,_HTGT1.5_,,,week2BarHighChangeGT0,##UPTREND:buyYearLowReversal(Confirm),",2.5538682125333723,1,1,0
"PCTChangeLT-2,,,,(GLOBALFUTDOWN-DOWNTRENDMARKET)checkSellConsolidationBreakDown-month,weekBarLowChangeLT0,brokenToday,",0.13190192770780848,5,3,2
"PCTChangeGT3,_HTGT1.5__LTGT1.5_,,,volSellReversalLast2DayUp-VolUp,##last2DayHighGT3-M3HLT0,",5.147747476833852,1,1,0
"PCTChangeGT2,_LTGT1.5_,,,chisBuy-2week-breakoutup(check-chart)(|-|-| or --|),##(Check-chart)ML:buyMonth3High-Continue,",0.6070407976311996,1,1,0
"PCTChangeGT12,year2Low,_HTGT3.0_,,,chisSellYear2LowLT-40-last3DayDown(triggerAfter-9:15),",10.21153376652645,1,1,0
"PCTChangeGT1,,,,$$MaySell-CheckChart(downTrend-mayReverseLast4DaysUp),",-1.063853145699949,6,1,5
"PCTChangeLT-2,,,,%%:checkSell:Super01-monthLow,checkCupDown-2dayDown,",1.1902725206936322,1,1,0
"PCTChangeGT5,year2High,_HTGT3.0__HTGTPCTDayChange_,,,volSellReversalLast2DayUp-VolUp,##lastDayHighGT5TodayGT1,",-0.6387112525201678,1,0,1
"PCTChangeLT-1,_LTGT3.0_,,,volBuyReversalLast2DayDown-VolUp,shortDownTrendBuyReversal-Month3Low-Doji-Last2DayLTToday,",-3.082116455146776,1,0,1
"PCTChangeGT2,_HTGT3.0__LTGT3.0__LTGTPCTDayChange_,,,(Test)sellHeavyUpTrend-Reversal-1,##MAPositive_Uptrend(GT2),##MA-SMA200GT0SMA100GT0,",5.216349088228666,1,1,0
"PCTChangeGT3,,,,(GLOBALFUTUP-UPTRENDMARKET)checkBuyConsolidationBreakUp-week2-highNotReachedWeek3,week2BarHighChangeGT2,##(check-chart)mayBuy-EMA6-LT-May-MT-EMA14,",-1.111325944934371,2,0,2
"PCTChangeGT2,,,,chisCheckConsolidationBreakout2WeekLT(4.5),",0.22251212249082153,36,18,18
"PCTChangeLT-2,_HTGT1.5_,,,chisDownTrend-Risky-nearHigh,",0.7139823266126588,37,20,17
"PCTChangeGT2,_LTGT1.5_,,,chisUpTrend-Risky-nearLow,##UPTREND:buyMonth3LowReversal(Confirm),",-1.9343607429733407,1,0,1
"PCTChangeLT-3,,,,%%:checkSell:FlagWeek,volSellContinueLast2DayDown-VolUp,",-0.20979234388659435,1,0,1
"PCTChangeGT5,_LTGT1.5_,,,##MAPositive_Uptrend(GT4.5),##MA-SMA200LT0SMA100LT0,",-0.7407625813403249,3,2,1
"PCDCGT0PCTChangeLT-3,PCDayChange-0.5to0.5,_HTGT1.5__LTGT1.5_,,,chisBuyYearHigh-3,",-2.7734398841857875,1,0,1
"PCTDayChangeLT0,_LTGT1.5_,,,chisDownTrend-Risky-nearHigh,",0.2375223598897002,72,36,36
"PCTChangeLT-5,_HTGT1.5__LTGT3.0_,,,##MANegative_Downtrend_(LT-2),##MA-SMA200LT0SMA100LT0,##last2DayLow(LT-3)-M3LLT0,",3.060500392710187,1,1,0
"PCTChangeGT3,year2High,_HTGT1.5_,,,shortUpTrendSellReversal-MonthHigh,weekBarHighChangeGT2,brokenToday,",-1.3673008473592823,1,0,1
"PCTChangeGT2,,,,zigZagVolCrossedFromDown,##(Check-chart)sellMonth3High-Continue,",0.7373253138200894,1,1,0
"PCTChangeLT-3,_LTGT3.0_,,,%%checkCupDown-2dayDown-continue,%%HLTF:(GLOBAL-DOWN)sellHighLowerTail-Reversal-LastDayMarketUp,chisDownTrend-Risky-nearHigh,##DOWNTREND:sellYear2HighReversal(InDownTrend),##(Check-chart-buy):month3High-InMinus,ReversalHighMonth3,",-0.5028909931195161,1,0,1
"PCTChangeGT3,,,,chisBuyDownTrend-Risky-0,",0.5798382335895015,4,2,2
"PCTChangeLT-1,,,,chisSellFlagWeek-Risky,##(Check-chart-buy):month3High-InMinus,NearHighMonth3,",-1.7675074319990918,2,0,2
"PCTChangeLT-2,,,,%%checkCupDown-2dayDown-continue,chisDownTrend-Risky-nearHigh,",-0.3003757004969244,7,3,4
"PCTChangeGT0,_HTGT3.0__LTGT1.5_,,,%%HLTF:maySellTail-tailGT2-7,10thDayGT20,%%HLTF:(UPTREND-GLOBAL/SGX-UP)BuyHighUpperTail-Reversal-7,10thDayGT15-LastDayMarketDown,##MAPositive_Uptrend(GT0),##MA-SMA200LT0SMA100LT0,",5.7809377949765,1,1,0
"PCTChangeLT-1,,,,##(Check-chart-buy):YearHigh-InMinus,ReversalHighYear,",-0.3600618330581855,68,30,36
"PCTChangeGT1,,,,chisCheckConsolidationBreakout2WeekLT(4.5),",0.4854553299022184,6,3,3
"PCTChangeGT0.5,year2High,_LTGT3.0_,,,%%HLTF:(SGXNIFTYUP)buyHighLowerTail-Continue,",0.7951167908058219,2,2,0
"PCTChangeLT-3,year2High,,,,volBuyReversalLast2DayDown-VolDown,##last2DayLow(LT-3)-M3LGT0,",1.921275793107352,3,2,1
"PCTChangeLT-3,,,,checkCupDown-inDownTrend,bar_low,",-0.36731365782740016,3,1,2
"PCTChangeGT2,,,,weekBarHighChangeGT2,##UPTREND:buyMonth3LowReversal(Confirm),",-0.21591186523437808,1,0,1
"PCTChangeLT-1,year2High,_HTGT3.0__HTGTPCTDayChange_,,,%%HLTF-Last2HighTail:(DOWNTREND)sellHighUpperTailPre,%%HLTF:maySellTail-tailGT2-7,10thDayGT20,",-3.646451850715201,1,0,1
"PCTChangeGT3,,,,##(Check-chart-sell):month3Low-InPlus,ReversalLowMonth3,weekBarHighChangeGT2,chis-breakoutup-2week,##UPTREND:buyYearLowReversal(Confirm),",3.151883547764583,1,1,0
"PCTChangeLT-3,,,,chisSellFlag2Week-Risky,##DOWNTREND:sellMonth6HighReversal(InDownTrend),##(Check-chart-buy):month3High-InMinus,ReversalHighMonth3,",-0.15665125796843035,1,0,1
"PCTChangeGT5,_HTGT3.0__HTGTPCTDayChange_,,,chisBuyDayHighVolLow-0,volSellReversalLast2DayUp-VolDown,",9.803685746560243,1,1,0
"PCTChangeGT2,,,,volumeUpsergedLast2n3n4DayDown,weekBarHighChangeGT2,brokenToday,",-0.8038453022051663,2,1,1
"PCTChangeGT1,_HTGT1.5__HTGTPCTDayChange_,,,(Test)(check-chart-2-3MidCapCross)MaySellCheckChart-Risky,(Test)MaySell-CheckChart(downTrend-lastDayUp),",0.9897905460464397,6,4,2
"PCTChangeLT-2,_LTGT1.5_,,,volBuyReversalLast2DayDown-VolDown,chisDownTrend-Risky-nearHigh,##DOWNTREND:sellMonth6HighReversal(InDownTrend),##(Check-chart-buy):month3High-InMinus,ReversalHighMonth3,",0.24989205725713617,1,1,0
"PCTChangeGT0.5,_HTGT3.0__HTGTPCTDayChange_,,,##MA-SMA200GT0SMA100GT0,",-2.3670997687908772,1,0,1
"PCTChangeGT3,,,,(GLOBALFUTUP-UPTRENDMARKET)checkBuyConsolidationBreakUp-week2-highNotReachedWeek3,week2BarHighChangeGT0,weekHighGTweek2High,brokenToday,(SMA9GT0),",-0.8680424738327556,1,0,1
"PCTChangeLT-1,,,,##MAPositive_Uptrend(LT0),##MA-SMA200GT0SMA100GT0,",0.877616669988747,2,2,0
"PCTDayChangeLT0,PCDayChange-0.5to0.5,_LTGT1.5_,,,$$MayBuy-CheckChart-baseLine(inuptrend-monthlow)-MHCLT(-10),",-0.1736111111111108,1,0,1
"PCTChangeLT-1,_HTGT1.5_,,,##MANegative_Downtrend_(LT-2),##MA-SMA200LT0SMA100LT0,",-1.0115407956735059,13,7,6
"PCTDayChangeLT0,_HTGT3.0__HTGTPCTDayChange_,,,%%HLTF-Last2HighTail:(DOWNTREND)sell(UPTREND)buy:HighUpperTailPre,%%HLTF:(UPTREND-MorningTrend-UP)mayBuyTail-highTailGT2-7,10thDayGT10-Last2DayStockDown,",-0.6973058637084113,1,0,1
"PCTChangeGT3,_LTGT3.0_,,,chisBuyUpTrend-nearLow,##UPTREND:buyYear2Low,",-6.768288429605832,1,0,1
"PCTChangeGT3,,,,chisUpTrend-Risky-nearLow,##ML:sellRisingMAuptrend-1,##UPTREND:buyYear2LowReversal(Confirm),",1.473873667581927,1,1,0
"PCTChangeLT-5,_HTGT1.5_,,,volSellContinueLast2DayDown-VolUp,##last2DayLow(LT-3)-M3LGT0,",-2.047622781497783,1,0,1
"PCTChangeGT1,,,,%%:checkSell:Super2,",0.05602330448447676,44,21,23
"PCTChangeLT-3,_LTGT3.0_,,,##MANegative_Downtrend_(LT-2),##MA-SMA200LT0SMA100LT0,##DOWNTREND:sellMonth6LowBreak,##last2DayLow(LT-3)-M3LLT0,",-4.184768935502427,1,0,1
"PCTChangeLT-1,PCDayChange-0.5to0.5,_HTGT3.0__LTGT1.5_,,,chisBuyYearHigh-3,",-1.6222195095486007,1,0,1
"PCTChangeLT-1,PCDayChange-0.5to0.5,_LTGT1.5_,,,chisSellSuper-Risky,--,",0.9311210288004751,1,1,0
"PCTChangeGT3,_LTGT1.5_,,,chisBuyYearHigh-3,",1.2215642643837448,2,2,0
"PCTChangeLT-3,_LTGT1.5_,,,(GLOBALFUTDOWN-DOWNTRENDMARKET)checkSellConsolidationBreakDown-week2-lowNotReachedWeek3,week2BarLowChangeLT0,",-1.248738754001136,16,7,9
"PCTChangeGT3,,,,volSellVolumeUpsergedLast2n3DayDown,checkBuyConsolidationBreakout-allPreLT0,",-0.16882179793847607,8,5,3
"PCTChangeLT-5,_HTGT3.0__LTGT1.5_,,,##last2DayLow(LT-3)-M3LLT0,chisBuyDayLowVolLow,",-1.8947400544819148,1,0,1
"PCTChangeLT-2,,,,chisSell-smallUptrendReversal,##sellTenDaysMoreThanTen,",-1.5666396075452147,3,1,2
"PCTDayChangeLT0,_LTGT1.5_,,,(Test)(check-chart-2-3MidCapCross)MayBuyCheckChart-Risky,",-0.06251331799828355,49,20,28
"PCTChangeGT2,,,,##RisingMA(Test)(check-chart-buy)-2DayUp,##UPTREND:buyYear2LowReversal(Confirm),",2.140754546073703,1,1,0
"PCTChangeGT3,_LTGT1.5_,,,vol-sell-DownVol-3dayUp-Week2High,##MAPositive_Uptrend(GT2),##MA-SMA200GT0SMA100LT0,##last3DayHighGT3-M3HLT0,",-4.205329411031798,1,0,1
"PCTChangeGT8,_HTGT1.5_,,,%%HLTF-Last2HighTail:(UPTREND)buy(DOWNTREND)sell:HighUpperTailPre-last2DayUp,##MAPositive_Uptrend(GT4.5),##MA-SMA200GT0SMA100GT0,",-3.0178911913776876,8,1,7
"PCTChangeLT-2,,,,VOL:buy-DownVol-3dayDown-Week2High,chisBuyDayLowVolLow-03-checkMorningTrend(.5SL)-after10:30,",2.5912431034728614,1,1,0
"PCDCGT0PCTChangeLT-1,_HTGT3.0__HTGTPCTDayChange_,,,##MA-SMA200GT0SMA100LT0,",-4.062165907352484,1,0,1
"PCTChangeLT-2,year2High,,,,volumeUpsergedLast2n3n4DayUp,volSellContinueLast2DayDown-VolUp,",0.16003401538378567,4,2,2
"PCTChangeLT-5,_HTGT1.5_,,,chisSellFlagWeek-Risky,volSellContinueLast2DayDown-VolUp,",3.331037988980323,1,1,0
"PCTChangeLT-2,year2High,_HTGT3.0_,,,%%HLTF:maySellTail-tailGT2-allDayGT0,",0.5900039433758907,3,2,1
"PCTChangeGT3,year2High,,,,volSellVolumeUpsergedLast2n3DayDown,chisCheckConsolidationBreakoutLT(4.5),weekBarHighChangeGT2,brokenToday,",2.0111139948319714,2,2,0
"PCTChangeLT-2,,,,(GLOBALFUTDOWN-DOWNTRENDMARKET)checkSellConsolidationBreakDown-week2-lowNotReachedWeek3,week2BarLowChangeLT0,sellPatternsML,sellPatterns-LT-1.5-SMALT0,(SMA9LT0),",0.15796600225888946,1,1,0
"PCTChangeGT8,,,,volBuyContinueLast2DayUp-VolUp,##MAPositive_Uptrend(GT2),##MA-SMA200GT0SMA100GT0,",2.540149549498174,1,1,0
"PCTChangeLT-2,,,,(GLOBALFUTDOWN-DOWNTRENDMARKET)checkSellConsolidationBreakDown-week2-lowNotReachedWeek3,week2BarLowChangeLT0,##(Check-chart-buy):month3High-InMinus,ReversalHighMonth3,",0.2831907376950987,33,17,16
"PCDCLT0PCTChangeGT3,year2High,_LTGT3.0_,,,%%HLTF:(SGXNIFTYUP)buyHighLowerTail-Continue,",-0.25978990684088565,5,3,2
"PCTChangeLT-1,_LTGT1.5_,,,(Test)MayBuyCheckChart-last3DayDown,MayBuyCheckChart-(IndexNotUpInSecondHalf),$$MayBuy-CheckChart(downTrend-mayReverseLast4DaysDown)-Risky,",1.372330521279696,3,2,1
"PCTChangeGT2,,,,chisUpTrend-Risky-nearLow,chis-breakoutup-2week,",0.34086859691493293,3,2,1
"PCTChangeLT-1,_LTGT3.0_,,,$$MayBuy-CheckChart(downTrend-mayReverseLast4DaysDown),buyMorningStar-(checkChart),",2.785284986768217,3,3,0
"PCTChangeGT1,PCDayChange-0.5to0.5,_HTGT1.5__LTGT1.5_,,,chisBuyYearHigh-3,",1.559870320072425,2,2,0
"PCTChangeGT1,_HTGT1.5__HTGTPCTDayChange_,,,%%HLTF-Last2HighTail:(UPTREND)buy(DOWNTREND)sell:HighUpperTailPre-last2DayUp,%%HLTF:(DOWNTREND-OR-GLOBALDOWN)maySellTail-tailGT2-2,3,4thDayGT0,(Test)MaySellCheckChart-last3DayUp,",4.0752714423722995,1,1,0
"PCTChangeGT3,,,,chisCheckConsolidationBreakoutLT(4.5),##MAPositive_Uptrend(GT2),##MA-SMA200GT0SMA100GT0,",-0.580712493660487,2,1,1
"PCTChangeGT5,,,,(GLOBALFUTUP-UPTRENDMARKET)checkBuyConsolidationBreakUp-week2-highNotReachedWeek3,week2BarHighChangeGT2,chisBuy-2week-breakoutup(check-chart)(|-|-| or --|),",-3.183194315813067,2,0,2
"PCTChangeGT5,_HTGT1.5__LTGT1.5_,,,##sellRisingMAuptrend-2,",1.300636001780074,1,1,0
"PCTChangeLT-2,,,,checkCupDown-3dayDown,VOL:buy-DownVol-3dayDown-Week2High,volBuyRevarsalVolCrossed,",7.433660273775251,1,1,0
"PCTChangeLT-1,,,,sellFinal,chisSellDownTrend-nearHigh,",0.4875664111114076,3,2,1
"PCTChangeLT-1,,,,%%:checkSell:Flag2Week,%%HLTF-Last2DayMarketDown:(GLOBAL-UP)buyHighUpperTailPre1-Reversal-LastDayMarketDown,volBuyReversalLast2DayDown-VolDown,",-1.9874236868612407,1,0,1
"PCTChangeGT3,_HTGT1.5_,,,chisUpTrend-Risky-nearLow,##UPTREND:buyMonth3LowReversal(Confirm),",-0.04038902853572124,2,1,1
"PCTChangeGT3,,,,chisCheckConsolidationBreakoutGT(4.5),weekBarHighChangeGT2,",-1.2826204892959117,2,0,2
"PCTChangeGT1,_HTGT1.5__HTGTPCTDayChange_,,,%%HLTF-Last2HighTail:(UPTREND)buy(DOWNTREND)sell:HighUpperTailPre-last2DayUp,(Test)MaySellCheckChart-last3DayUp,MaySellCheckChart-(IndexNotDownInSecondHalf),weekBarHighChangeGT0,",0.8531343859678757,1,1,0
"PCTChangeGT0,_HTGT3.0__HTGTPCTDayChange_,,,(Test)MaySell-CheckChart(downTrend-lastDayUp),",-5.292743858557759,1,0,1
"PCTChangeGT2,,,,chisCheckConsolidationBreakoutLT(4.5),weekBarHighChangeGT2,chis-breakoutup-2week,",-0.32498521736625036,2,1,1
"PCTChangeLT-2,,,,checkCupDown-2dayDown-mayReversalBuy,##DOWNTREND:sellMonth3HighReversal(InDownTrend),##(Check-chart-buy):month3High-InMinus,ReversalHighMonth3,",-0.14599078381438002,6,3,3
"PCTChangeGT5,_HTGT3.0__LTGT1.5__HTGTPCTDayChange_,,,volSellRevarsalVolCrossed,##last2DayHighGT3-M3HLT0,",-12.32876712328767,1,0,1
"PCTDayChangeLT0,PCDayChange-0.5to0.5,_HTGT1.5_,,,%%HLTF-Last2HighTail:(DOWNTREND)sellHighUpperTailPre,",0.21601998675807838,19,9,10
"PCTChangeGT0,PCDayChange-0.5to0.5,,,,buyPatternsML,",1.881883923810434,16,14,2
"PCDCGT0PCTChangeLT-1,_HTGT1.5__LTGT1.5_,,,##MANegative_Downtrend_(GT0),##MA-SMA200GT0SMA100LT0,",-0.10027615771212696,1,0,1
"PCTChangeLT-0.5,,,,##(check-chart)buyEMA6<EMA14,",0.7436145436387659,1,1,0
"PCTChangeGT0,PCDayChange-0.5to0.5,_HTGT1.5_,,,%%:checkSell:Super0,%%:sellDowntrend-lastDayUp-ReversalHighTail,",-0.5840664695518236,1,0,1
"PCTChangeGT3,_LTGT1.5_,,,chis-breakoutup-2week,chisBuy-2week-breakoutup,##lastDayHighGT5TodayGT1,",-0.041669209798181304,1,0,1
"PCTChangeLT-3,,,,checkCupDown-inDownTrend-month3HighLTmonth3Low,bar_low,volBuyReversalLast2DayDown-VolDown,chisSellDownTrend-nearHigh,##DOWNTREND:sellMonth6High(InDownTrend),",-2.943040550006593,1,0,1
"PCTChangeLT-2,,,,sellFinal1,chisSellDownTrend-nearHigh,##(Check-chart-buy):month3High-InMinus,NearHighMonth3,",2.126082710597834,1,1,0
"PCTChangeGT1,_LTGT1.5_,,,chisSellDowningMA-(check5MinuteDownTrendAndSellDowntrend)-Already10DayDown,sellPattern-LT-1.5-SMALT0,(SMA9LT0),buyYearHigh-0,",-2.389082891007018,1,0,1
"PCTChangeLT-5,_HTGT3.0_,,,chisFinalBreakOutSell-0,",2.788482314777753,1,1,0
"PCTChangeLT-3,,,,checkCupDown-near2WeekDown-mayReveresalBuy,volumeUpsergedLast2n3n4DayUp,(GLOBALFUTDOWN-DOWNTRENDMARKET)checkSellConsolidationBreakDown-week2-lowNotReachedWeek3,week2BarLowChangeLT0,",2.26777714010663,1,1,0
"PCTChangeLT-3,,,,VOL:buy-DownVol-3dayDown-Week2High,chisBuyFinalContinue-2,##DOWNTREND:sellMonth6High(InDownTrend),chisSellDayLowVolLow-03-checkMorningTrend(.5SL),##(Check-chart-buy):month3High-InMinus,BreakHighMonth3,",2.89385443895974,1,1,0
"PCTChangeGT1,_HTGT1.5__LTGT1.5__HTGTPCTDayChange__LTGTPCTDayChange_,,,%%HLTF-Last2HighTail:(UPTREND)buy(DOWNTREND)sell:HighUpperTailPre-last2DayUp,",-0.8978494672961184,4,1,3
"PCTChangeLT-2,,,,##DOWNTREND:sellYear2HighReversal(InDownTrend),%%:checkBuyRevarsalLast3DayDownAtMonth3High,##(Check-chart-buy):month3High-InMinus,ReversalHighMonth3,",1.38748738647831,1,1,0
"PCTChangeGT1,PCDayChange-0.5to0.5,_HTGT1.5_,,,##MANegative_Downtrend_(GT0),##MA-SMA200GT0SMA100GT0,",-0.1906597013796312,1,0,1
"PCTChangeLT-2,,,,(GLOBALFUTDOWN-DOWNTRENDMARKET)checkSellConsolidationBreakDown-week2,weekBarLowChangeLT0,brokenToday,",0.29982285891085153,4,1,3
"PCTChangeLT-5,_HTGT1.5_,,,chisBuy-smallUptrendContinue,",-0.8398475802399283,3,2,1
"PCTChangeGT2,_LTGT3.0_,,,week2BarHighChangeGT0,brokenToday,",-1.7000020345052054,1,0,1
"PCTChangeLT-1,,,,volBuyReversalLast2DayDown-VolDown,chisBuyFinalContinue-1,",-0.6141915478315956,2,1,1
"PCTChangeLT-2,,,,sellPatternsML,sellPatterns-LT-1.5-SMALT0,(SMA9LT0),",-4.301866692167936,5,1,4
"PCTChangeGT5,_HTGT1.5_,,,volumeUpsergedLast2n3n4DayDown,chisCheckConsolidationBreakoutGT(4.5),weekBarHighChangeGT2,",-0.11053576220382225,1,0,1
"PCTChangeLT-3,year2High,,,,volBuyReversalLast2DayDown-VolDown,##sellTenDaysMoreThanTen,",1.1721001276713112,1,1,0
"PCTChangeGT3,,,,##MANegative_Downtrend_(GT2),##MA-SMA200LT0SMA100LT0,chisBuyFinalCandidate-3,",-2.210027521306808,1,0,1
"PCTChangeLT-1,_HTGT1.5__HTGTPCTDayChange__LTGTPCTDayChange_,,,##(Test):buyRisingMA-uptrend-SMA25gt0,",-1.2686544389867052,1,0,1
"PCTChangeGT8,_HTGT1.5_,,,chisBuyUpTrend-nearLow,",4.782022841824659,2,2,0
"PCTChangeLT-2,year2Low,,,,volBuyVolumeUpsergedLast2n3DayUp,",2.4917784787360904,2,2,0
"PCTChangeLT-3,year2High,_HTGT1.5__LTGT3.0_,,,volSellContinueLast2DayDown-VolUp,",3.3277162072234567,2,2,0
"PCTChangeLT-5,,,,##(check-chart)buyEMA6<EMA14-Risky,zigZagVolCrossedFromUp,",0.5877449480227054,2,1,1
"PCTChangeLT-2,year2Low,_HTGT1.5_,,,weekBarLowChangeLT0,brokenToday,",1.6991473227269571,1,1,0
"PCTChangeLT-3,_LTGT3.0_,,,volSellContinueLast2DayDown-VolUp,##MANegative_Downtrend_(LT-2),##MA-SMA200LT0SMA100LT0,##DOWNTREND:sellMonth6LowBreak,buyMorningStar-HighLowerTail,",-0.7972665148063715,1,0,1
"PCTChangeLT-2,,,,volBuyReversalLast2DayDown-VolDown,chisDownTrend-Risky-nearHigh,##DOWNTREND:sellYear2HighReversal(InDownTrend),##(Check-chart-buy):month3High-InMinus,ReversalHighMonth3,",-3.448345089746918,1,0,1
"PCTChangeGT2,_HTGT3.0__HTGTPCTDayChange_,,,volumeUpsergedLast2n3n4DayDown,volBuyContinueLast2DayUp-VolUp,",-0.8663366336633649,1,0,1
"PCTChangeLT-3,,,,chisDownTrend-Risky-nearHigh,##(Check-chart-buy):month3High-InMinus,ReversalHighMonth3,##(check-chart)maySell-EMA6-MT-May-LT-EMA14,",-1.6719154702339116,1,0,1
"PCTChangeLT-0.5,_LTGT1.5_,,,(GLOBALFUTDOWN-DOWNTRENDMARKET)checkSellConsolidationBreakDown-week2-lowNotReachedWeek3,week2BarLowChangeLT0,weekLowLTweek2Low,",0.36772574702923916,7,3,4
"PCDCLT0PCTChangeGT0,_HTGT1.5_,,,%%:checkSell:FlagWeek,",-2.436517105013261,1,0,1
"PCTChangeLT-1,,,,chisSellUpTrend-Risky-1,",0.7124748077096594,1,1,0
"PCTChangeGT3,_LTGT1.5_,,,(SMA9LT0),maySellFromBuyPattern-LT-1.8,##buyTenDaysLessThanMinusTen,",0.8576051028608823,1,1,0
"PCTChangeGT3,,,,VOL:sell-UpVol-3dayUp-Week2High,##MAPositive_Uptrend(GT4.5),##MA-SMA200GT0SMA100GT0,##last2DayHighGT3-M3HLT0,",1.871922685594987,1,1,0
"PCTChangeLT-2,_LTGT1.5_,,,##DOWNTREND:sellMonth6HighReversal(InDownTrend),##(Check-chart-buy):month3High-InMinus,ReversalHighMonth3,",-0.6811192024473531,2,0,2
"PCTChangeGT5,_HTGT3.0__HTGTPCTDayChange_,,,%%HLTF-Last2HighTail:(UPTREND)buy(DOWNTREND)sell:HighUpperTailPre-last2DayUp,##MAPositive_Uptrend(GT1),##MA-SMA200GT0SMA100GT0,##lastDayHighGT5TodayGT1,",-7.78021843878778,1,0,1
"PCTChangeLT-1,,,,%%checkCupDown-2dayDown-continue,##(Check-chart-buy):month3High-InMinus,ReversalHighMonth3,",1.4195964564031114,1,1,0
"PCTChangeLT-3,_LTGT1.5_,,,(SMA9LT0),MayBuyCheckChart-(IndexNotUpInSecondHalf),",-5.266407278765601,1,0,1
"PCTChangeLT-2,,,,volBuyVolumeUpsergedLast2n3DayUp,chisDownTrend-Risky-nearHigh,##DOWNTREND:sellYear2HighReversal(InDownTrend),##(Check-chart-buy):month3High-InMinus,ReversalHighMonth3,",0.4663429220378237,3,1,2
"PCTChangeLT-3,,,,%%:checkSell:Super0,##MANegative_Downtrend_(LT-2),##MA-SMA200LT0SMA100LT0,##DOWNTREND:sellMonth6LowBreak,",-1.2922917265171707,1,0,1
"PCTChangeLT-1,,,,chisSell-smallUptrendReversal,",-0.34005060763987127,66,24,42
"PCDCGT0PCTDayChangeLT0,PCDayChange-0.5to0.5,year2High,_HTGT1.5_,,,%%HLTF-Last2HighTail:(UPTREND)buy(DOWNTREND)sell:HighUpperTailPre-last2DayUp,",0.030536214813943106,1,1,0
"PCTChangeLT-3,,,,volBuyReversalLast2DayDown-VolDown,(GLOBALFUTDOWN-DOWNTRENDMARKET)checkSellConsolidationBreakDown-week2-lowNotReachedWeek3,week2BarLowChangeLT-2,##(Check-chart-buy):month3High-InMinus,ReversalHighMonth3,",3.8591941069313345,1,1,0
"PCTChangeGT3,,,,(GLOBALFUTUP-UPTRENDMARKET)checkBuyConsolidationBreakUp-week2-highNotReachedWeek3,week2BarHighChangeGT5,weekHighGTweek2High,",-1.3834905821202745,2,0,2
"PCTChangeLT-1,_HTGT1.5__HTGTPCTDayChange_,,,%%HLTF-Last2HighTail:(DOWNTREND)sell(UPTREND)buy:HighUpperTailPre,",0.934748830655213,18,12,6
"PCTChangeLT-0.5,year2High,_HTGT1.5_,,,%%HLTF-Last2HighTail:(DOWNTREND)sellHighUpperTailPre,%%HLTF-LastDayUp:(DOWNTREND-OR-GLOBALDOWN)MaySellHighTail-LastDayMarketUp,",0.32432762352195466,1,1,0
"PCTChangeGT5,_HTGT3.0_,,,volBuyContinueLast2DayUp-VolUp,chisCheckConsolidationBreakoutGT(4.5),",2.3700892387095527,2,2,0
"PCTChangeGT1,_LTGT1.5_,,,##MANegative_Downtrend_(GT1),##MA-SMA200LT0SMA100LT0,sellPattern-LT-1.5-SMALT0,(SMA9LT0),maySellFromBuyPattern-LT-1.8,",-1.6705980065418649,1,0,1
"PCTChangeGT8,_HTGT3.0_,,,chisBuyUpTrend-nearLow,",-0.8131107466120604,1,0,1
"PCTChangeGT2,_HTGT3.0_,,,volBuyContinueLast2DayUp-VolUp,",1.5403573339445609,1,1,0
"PCTChangeLT-2,,,,volBuyRevarsalVolCrossed,##(Check-chart-buy):month3High-InMinus,ReversalHighMonth3,",1.0391398823892946,2,2,0
"PCTDayChangeLT0,PCDayChange-0.5to0.5,_HTGT1.5_,,,%%HLTF-LastDayUp:(DOWNTREND-OR-GLOBALDOWN)MaySellHighTail-LastDayMarketUp,buyYearHigh-0,",0.45536880721913386,4,1,2
"PCTChangeGT3,year2High,,,,volSellReversalLast2DayUp-VolDown,chisCheckConsolidationBreakoutLT(4.5),",-1.058415843505708,2,0,2
"PCTChangeGT3,_LTGT1.5_,,,chisUpTrend-Risky-nearLow,volBuyContinueLast2DayUp-VolUp,chisCheckConsolidationBreakoutLT(4.5),(GLOBALFUTUP-UPTRENDMARKET)checkBuyConsolidationBreakUp-week2-highNotReachedWeek3,week2BarHighChangeGT0,brokenToday,",1.035645610869362,1,1,0
"PCTChangeGT0.5,_LTGT3.0_,,,##MA-SMA200LT0SMA100LT0,",1.3199365182208807,2,1,1
"PCTChangeGT0,PCDayChange-0.5to0.5,,,,%%:checkSell:Super2,-+,buyPatternsML,",0.2557025864574713,1,1,0
"PCTChangeGT5,,,,chis-breakoutup-2week,",-0.6478773252583944,3,1,2
"PCTChangeLT-3,_HTGT1.5__LTGT3.0__LTGTPCTDayChange_,,,VOL:sell(GLOBALFUTUP-GLOBALMARKETUP)Buy-UpVol-3dayDown-Week2High,chisSellFinalCandidate-4,",3.531391965973582,1,1,0
"PCTChangeGT0,PCDayChange-0.5to0.5,_LTGT1.5_,,,##MANegative_Downtrend_(GT0),##MA-SMA200GT0SMA100LT0,",0.17793322555795882,1,1,0
"PCTChangeLT-1,,,,(GLOBALFUTDOWN-DOWNTRENDMARKET)checkSellConsolidationBreakDown-week2-lowNotReachedWeek3,week2BarLowChangeLT0,##(Check-chart-buy):month6High-InMinus,ReversalHighMonth6,",1.4407412698666326,2,2,0
"PCTChangeLT-2,_LTGT1.5_,,,checkCupDown-inDownTrend-month3HighLTmonth3Low,bar_low,",-1.1238173006517571,4,2,2
"PCTChangeGT5,_HTGT1.5_,,,##ML:sellRisingMAuptrend-1,",-0.05685894746973944,1,0,1
"PCTChangeGT3,_LTGT1.5_,,,chisCheckConsolidationBreakoutLT(4.5),",-0.36993862395984023,4,2,2
"PCTChangeGT5,year2High,,,,volBuyContinueLast2DayUp-VolUp,weekBarHighChangeGT2,",-0.364550499819885,1,0,1
"PCTChangeLT-3,,,,volBuyReversalLast2DayDown-VolDown,(GLOBALFUTDOWN-DOWNTRENDMARKET)checkSellConsolidationBreakDown-week2-lowNotReachedWeek3,week2BarLowChangeLT0,weekLowLTweek2Low,chisDownTrend-Risky-nearHigh,##(Check-chart-buy):YearHigh-InMinus,ReversalHighYear,",2.768841460721571,1,1,0
"PCTChangeGT0.5,_LTGT3.0_,,,chisBuyMorningStar-dayUp,",0.9011100801787184,2,2,0
"PCDCGT0PCTDayChangeLT0,PCDayChange-0.5to0.5,_HTGT1.5__LTGT3.0_,,,chisSellFlagWeek-doji-Risky,",1.0706638358991183,1,1,0
"PCTChangeGT1,,,,chisBuyUpTrend-1-YearHigh,checkBuyConsolidationBreakUp-2week,week2BarHighChangeGT2,weekHighGTweek2High,",1.2079006288109646,1,1,0
"PCTChangeGT3,_LTGT1.5_,,,$$(UPTREND-OR-GLOBALUP)MayBuy-CheckChart-baseLine(inuptrend-monthlow)-MHCLT(-10),volBuyVolumeUpsergedLast2n3DayDown,",-0.33181378328722155,1,0,1
"PCDCGT0PCTDayChangeLT0,,,,buyPatternsML,",1.72704020467948,2,2,0
"PCTChangeLT-2,,,,checkCupDown-3dayDown,VOL:buy-DownVol-3dayDown-Week2High,chisBuyFinalContinue-3,",0.7661265711630643,1,1,0
"PCDCGT0PCTChangeLT-1,_HTGT1.5__LTGT1.5_,,,%%HLTF-Last2LowTail:(DOWNTREND)sellHighLowerTailPre-1,",0.7953697043445859,4,2,2
"PCTChangeGT0,PCDayChange-0.5to0.5,_HTGT1.5__LTGT1.5_,,,%%:checkSell:FlagWeek-doji,chisSellSMA4Reversal,",-2.7437448346070346,1,0,1
"PCTChangeLT-5,_HTGT1.5_,,,chisSellUpTrend-Risky-2,",-1.6496861805657084,2,0,2
"PCTChangeGT3,,,,week2BarHighChangeGT0,brokenToday,##(check-chart)mayBuy-EMA6-LT-May-MT-EMA14,",-0.11857828132719518,1,0,1
"PCTChangeGT3,_HTGT3.0__HTGTPCTDayChange_,,,volumeUpsergedLast2n3n4DayDown,##lastDayHighGT5TodayGT1,",-3.997434958433508,1,0,1
"PCTChangeLT-2,_HTGT1.5_,,,chisDownTrend-Risky-nearHigh,##DOWNTREND:sellMonth3HighReversal(InDownTrend),##(Check-chart-buy):month3High-InMinus,ReversalHighMonth3,",4.5828906162905,1,1,0
"PCTChangeGT2,_HTGT1.5__HTGTPCTDayChange_,,,##UPTREND:buyYearLowReversal(Confirm),",1.491044327538771,1,1,0
"PCTChangeGT2,,,,sellHeavyUpTrend-Reversal,vol-sell-DownVol-3dayUp-Week2High,",2.8028203400087945,1,1,0
"PCTChangeLT-2,,,,VOL:buy-UpVol-3dayDown-Week2Low,weekBarLowChangeLT0,brokenToday,",4.924237388772061,1,1,0
"PCTChangeLT-2,_LTGT1.5_,,,(GLOBALFUTDOWN-DOWNTRENDMARKET)checkSellConsolidationBreakDown-week2-lowNotReachedWeek3,week2BarLowChangeLT0,chisDownTrend-Risky-nearHigh,##(Check-chart-buy):YearHigh-InMinus,ReversalHighYear,",-0.6563333579546672,2,0,2
"PCTChangeGT3,year2High,,,,volumeUpsergedLast2n3n4DayDown,volBuyContinueLast2DayUp-VolUp,weekBarHighChangeGT2,",2.722984956634696,2,2,0
"PCTChangeGT3,year2High,_HTGT1.5_,,,volumeUpsergedLast2n3n4DayDown,(GLOBALFUTUP-UPTRENDMARKET)checkBuyConsolidationBreakUp-week2,weekBarHighChangeGT2,",1.9531250716401989,1,1,0
"PCDCLT0PCTChangeGT0,PCDayChange-0.5to0.5,_HTGT3.0_,,,%%HLTF:(UPTREND-GLOBAL/SGX-UP)BuyHighUpperTail-Reversal-7,10thDayGT15-LastDayMarketDown,",-0.5524882837687902,1,0,1
"PCTChangeGT5,,,,brokenToday,",-5.738218617064791,1,0,1
"PCTChangeGT3,,,,(GLOBALFUTUP-UPTRENDMARKET)checkBuyConsolidationBreakUp-week2-highNotReachedWeek3,week2BarHighChangeGT0,chis-breakoutup-2week,",0.06960273618765066,1,1,0
"PCTChangeLT-0.5,year2High,_LTGT1.5_,,,##(Test)(check-chart)-buySMAUpTrend,",-0.24822063544482834,1,0,1
"PCTChangeLT-2,,,,%%checkCupDown-2dayDown-continue,##(check-chart)maySell-EMA6-MT-May-LT-EMA14,",-0.25609954585873757,1,0,1
"PCTChangeGT0.5,_HTGT1.5_,,,chisSellEveningStar-2(Check2-3MidCapCross),buyYearHigh-0,",0.23875652716857715,1,1,0
"PCTChangeLT-2,year2Low,,,,VOL:buy-UpVol-3dayDown-Week2Low,weekBarLowChangeLT-2,",-3.1785895459825473,1,0,1
"PCTChangeGT0.5,year2High,_HTGT3.0_,,,%%HLTF-Last2HighTail:(UPTREND)buy(DOWNTREND)sell:HighUpperTailPre-last2DayUp,",-4.722550063659352,1,0,1
"PCTChangeLT-3,,,,chisSellFinalCandidate-(lastDayUp),sellFinal,##longDownTrend-2-IndexNotDownLastDay(checkBase),",-0.4210542377672778,1,0,1
"PCTChangeGT3,,,,chisCheckConsolidationBreakoutGT(4.5),",0.05074741419106819,10,6,4
"PCTChangeGT3,PCDayChange-0.5to0.5,_HTGT3.0__LTGT3.0_,,,%%HLTF-Last2HighTail:(UPTREND)buy(DOWNTREND)sell:HighUpperTailPre-last2DayUp,",2.6293492654786093,1,1,0
"PCTDayChangeLT0,year2High,_LTGT1.5_,,,%%HLTF:(GLOBAL-UP)buyHighLowerTail-LastDayMarketUp,(Test)(check-chart-2-3MidCapCross)MayBuyCheckChart-Risky,",1.9772447322876179,1,1,0
"PCTChangeGT0,PCDayChange-0.5to0.5,,,,shortUpTrendSellReversal-MonthHigh,chisBuyYearHigh-3,",-0.6521739130434732,1,0,1
"PCTChangeGT1,_HTGT1.5_,,,%%HLTF:(DOWNTREND-OR-GLOBALDOWN)maySellTail-tailGT2-2,3,4thDayGT0,(GLOBALFUTUP-UPTRENDMARKET)checkBuyConsolidationBreakUp-week2-highNotReachedWeek3,week2BarHighChangeGT0,",-2.694235588972434,1,0,1
"PCTChangeGT8,_LTGT1.5_,,,##MAPositive_Uptrend(GT1),##MA-SMA200GT0SMA100GT0,",8.796601035557451,2,1,1
"PCTChangeLT-2,_HTGT3.0__HTGTPCTDayChange_,,,(GLOBALFUTDOWN-DOWNTRENDMARKET)checkSellConsolidationBreakDown-week2-lowNotReachedWeek3,week2BarLowChangeLT0,volBuyRevarsalVolCrossed,%%:checkBuyRevarsalLast3DayDownAtMonth3High,",-8.00944522644571,1,0,1
"PCTChangeGT1,,,,chisSellFinalContinue-(lastDayDown)-1,buyFinal,",0.7255974110174862,5,2,3
"PCTChangeGT3,_HTGT1.5__LTGT3.0__LTGTPCTDayChange_,,,##MAPositive_Uptrend(GT2),##MA-SMA200GT0SMA100GT0,",-3.374955903844614,4,0,4
"PCTChangeGT1,_HTGT1.5__LTGT1.5__HTGTPCTDayChange_,,,%%:sellDowntrend-lastDayUp-ReversalHighTail,",3.687160897616901,1,1,0
"PCTChangeLT-3,,,,vol-buy-DownVol-3dayDown-Week2Low,##MANegative_Downtrend_(LT-2),##MA-SMA200LT0SMA100LT0,##DOWNTREND:sellMonth6LowBreak,",1.8660736083984257,1,1,0
"PCTChangeGT5,_HTGT1.5__LTGT1.5_,,,chisBuyUpTrend-nearLow,BuyYearLow,",8.120325072769928,1,1,0
"PCTChangeGT3,year2High,,,,volBuyVolumeUpsergedLast2n3DayDown,volBuyContinueLast2DayUp-VolUp,weekBarHighChangeGT0,brokenToday,",-1.2504171246859328,1,0,1
"PCTChangeLT-0.5,PCDayChange-0.5to0.5,_HTGT1.5_,,,%%HLTF-LastDayUp:(DOWNTREND-OR-GLOBALDOWN)MaySellHighTail-LastDayMarketUp,",-0.32373554716986946,118,51,67
"PCDCGT0PCTChangeLT-3,PCDayChange-0.5to0.5,_LTGT1.5_,,,chisBuyYearHigh-3,",-2.7343749999999885,1,0,1
"PCTChangeLT-0.5,,,,checkSellConsolidationBreakDown-2week,week2BarLowChangeLT0,weekLowLTweek2Low,chisDownTrend-Risky-nearHigh,",-0.771464549195184,1,0,1
"PCTChangeLT-2,,,,chisSellUpTrend-Risky-2,##(Check-chart-buy):month3High-InMinus,NearHighMonth3,",-0.6227066987169944,3,1,2
"PCTChangeGT3,_HTGT3.0__HTGTPCTDayChange_,,,chisCheckConsolidationBreakoutLT(4.5),",-2.187658830794878,1,0,1
"PCDCGT0PCTDayChangeLT0,PCDayChange-0.5to0.5,_HTGT1.5__LTGT1.5_,,,chisSellFlag2Week-doji-Risky,",3.3300817351870675,2,2,0
"PCTChangeGT3,,,,##UPTREND:buyYearLowReversal(Confirm),",-1.2623953760559947,15,4,11
"PCTChangeGT2,,,,chisSellFinalContinue-(lastDayDown)-1,##buyTenDaysLessThanMinusTen,",2.5099552960034957,1,1,0
"PCTChangeLT-3,year2Low,,,,zigZagVolCrossedFromUp,",1.2411383814374433,1,1,0
"PCTChangeGT3,_HTGT1.5_,,,sellHeavyUpTrend-Reversal,volSellVolumeUpsergedLast2n3DayDown,volBuyContinueLast2DayUp-VolUp,chisCheckConsolidationBreakout2WeekLT(4.5),",-0.9090896480339749,1,0,1
"PCTChangeGT8,PCDayChange-0.5to0.5,year2High,_HTGT3.0_,,,%%HLTF-Last2HighTail:(UPTREND)buy(DOWNTREND)sell:HighUpperTailPre-last2DayUp,%%HLTF:maySellTail-tailGT2-7,10thDayGT20,",-0.15000237358942028,1,0,1
"PCTChangeGT5,_HTGT3.0_,,,chisBuyDownTrend-highTail,",1.2351572938316484,1,1,0
"PCTChangeLT-3,year2Low,_HTGT1.5_,,,VOL:buy-UpVol-3dayDown-Week2Low,",-1.058938619973782,1,0,1
"PCTDayChangeLT0,PCDayChange-0.5to0.5,,,,##(Test)(check-chart)-buySMAUpTrend,chisBuyYearHigh-3,",-1.0949852780254659,1,0,1
"PCTChangeGT3,_HTGT1.5_,,,chisBuyDownTrend-highTail,",5.684934729726564,2,2,0
"PCTChangeGT0,PCDayChange-0.5to0.5,_HTGT1.5__LTGT1.5_,,,%%:checkSell:lastDayLT(-4.5),",-1.0354622479283482,1,0,1
"PCTChangeGT1,year2High,_HTGT1.5__HTGTPCTDayChange_,,,(Test)MaySellCheckChart-last3DayUp,MaySellCheckChart-(IndexNotDownInSecondHalf),",-1.422155688622762,1,0,1
"PCTChangeGT5,,,,chisBuyUpTrend-nearLow,BuyYearLow,",-6.000003814697266,1,0,1
"PCTChangeLT-2,year2High,,,,%%HLTF-Last2DayMarketDown:(GLOBAL-UP)buyHighUpperTailPre1-Reversal-LastDayMarketDown,volBuyReversalLast2DayDown-VolDown,",0.09756776527108235,1,1,0
"PCTChangeLT-3,,,,weekBarLowChangeLT-2,brokenToday,chisDownTrend-Risky-nearHigh,##DOWNTREND:sellYear2HighReversal(InDownTrend),##(Check-chart-buy):month3High-InMinus,ReversalHighMonth3,",0.6985143931349608,1,1,0
"PCTChangeGT2,year2High,_HTGT1.5__LTGT3.0_,,,%%HLTF:(GLOBAL-DOWN)sellHighLowerTail-Reversal-LastDayMarketUp,",-0.9429122226440672,1,0,1
"PCTChangeGT3,year2High,_HTGT1.5_,,,%%HLTF-Last2HighTail:(UPTREND)buy(DOWNTREND)sell:HighUpperTailPre-last2DayUp,%%:sellUpTrend-month3High,##lastDayHighGT5TodayGT1,",-1.848897159144839,1,0,1
"PCTDayChangeLT0,_HTGT1.5_,,,%%:checkSell:Super0,%%HLTF-LastDayUp:(DOWNTREND-OR-GLOBALDOWN)MaySellHighTail-LastDayMarketUp,##MANegative_Downtrend_(LT0),##MA-SMA200LT0SMA100LT0,",-2.6272595139219557,1,0,1
"PCTDayChangeLT0,_LTGT3.0_,,,chisDownTrend-Risky-nearHigh,buyMorningStar-HighLowerTail-(checkChart),",-0.8179435629328871,1,0,1
"PCTChangeLT-2,,,,checkCupDown-month3HighLTmonth3Low,bar_low,chisDownTrend-Risky-nearHigh,##DOWNTREND:sellMonth6HighReversal(InDownTrend),##(Check-chart-buy):month6High-InMinus,ReversalHighMonth6,",-3.2320441988950273,1,0,1
"PCTChangeGT0,PCDayChange-0.5to0.5,_LTGT1.5_,,,chisSellFlagWeek-doji-Risky,chisSellSMA4Reversal,",-0.09584274535744466,1,0,1
"PCTChangeLT-1,_LTGT1.5_,,,chisSellFlagWeek-Risky,checkCupDown-2dayDown,volBuyReversalLast2DayDown-VolDown,##MAPositive_Uptrend(LT-2),##MA-SMA200GT0SMA100GT0,",0.06552479733108311,1,1,0
"PCTChangeLT-5,_LTGT1.5_,,,##last2DayLow(LT-3)-M3LGT0,chisBuyDayLowVolLow-0,",7.326278591820327,1,1,0
"PCTChangeGT3,PCDayChange-0.5to0.5,_HTGT1.5__LTGT1.5_,,,%%:checkBuyContinue:CupDownDoji-last2dayUp,",1.3925729442970918,1,1,0
"PCTChangeLT-3,_LTGT1.5_,,,##MANegative_Downtrend_(LT-4.5),##MA-SMA200LT0SMA100LT0,##last2DayLow(LT-3)-M3LGT0,",0.6316505867835341,1,1,0
"PCTChangeGT0,_LTGT1.5_,,,shortUpTrendBuyContinue-Doji-Last2DayGTToday,",-1.1518008540695748,1,0,1
"PCTChangeGT0,_HTGT1.5__LTGT3.0__HTGTPCTDayChange__LTGTPCTDayChange_,,,##MANegative_Downtrend_(GT1),##MA-SMA200LT0SMA100LT0,",-2.1506506189123353,1,0,1
"PCTChangeLT-2,_LTGT1.5_,,,volSellContinueLast2DayDown-VolUp,##DOWNTREND:sellMonth6HighReversal(InDownTrend),##(Check-chart-buy):month3High-InMinus,ReversalHighMonth3,",-1.8286999361014529,1,0,1
"PCTChangeLT-5,year2Low,_HTGT1.5_,,,##last2DayLow(LT-3)-M3LLT0,",-1.8104082035051754,3,0,3
"PCTChangeGT2,,,,chisBuyFinalCandidate-3,",-0.9195432636300114,1,0,1
"PCTDayChangeLT0,_LTGT1.5_,,,##buyYear2LowMovingSMA,",-0.30526664606636345,4,2,2
"PCTChangeEQ0,year2Low,_HTGT1.5_,,,%%HLTF-LastDayUp:(DOWNTREND-OR-GLOBALDOWN)MaySellHighTail-LastDayMarketUp,",0.1290510988001553,1,1,0
"PCDCLT0PCTChangeGT0,PCDayChange-0.5to0.5,,,,##(Test)(check-chart)-buySMAUpTrend,MayBuyCheckChart-(|`|_|),",4.973263664041601,1,1,0
"PCTChangeGT5,,,,##MAPositive_Uptrend(GT2),##MA-SMA200LT0SMA100GT0,",-0.6761907808663103,11,4,7
"PCTChangeLT-1,_HTGT3.0__LTGT1.5__HTGTPCTDayChange_,,,$$MayBuyContinue-CheckChart(inUpTrend-monthHigh)-lowTail,zigZagVolCrossedFromUp,##(Test):buyRisingMA-uptrend-SMA25gt0,",1.5771853043728985,1,1,0
"PCTChangeLT-3,year2Low,_HTGT3.0_,,,##last2DayLow(LT-3)-M3LLT0,",-8.601584723882754,1,0,1
"PCTChangeGT3,year2Low,_HTGT3.0__LTGT1.5__HTGTPCTDayChange_,,,##last2DayHighGT3-M3HLT0,",-1.480389763327206,1,0,1
"PCTChangeGT2,,,,volBuyContinueLast2DayUp-VolUp,chisBuyConsolidationBreakUp-2week-(Risky)-year2High,week2BarHighChangeGT2,",0.4143149165783773,1,1,0
"PCTChangeGT0.5,_HTGT1.5__LTGT1.5__HTGTPCTDayChange__LTGTPCTDayChange_,,,chisSellDowningMA-(check5MinuteDownTrendAndSellDowntrend),$$(DOWNTREND-OR-GLOBALDOWN)MaySellContinue-CheckChart(inuptrend-monthlow)-highTail,",3.0743237692043737,1,1,0
"PCTChangeGT1,year2High,_LTGT3.0_,,,%%HLTF:(SGXNIFTYUP)buyHighLowerTail-Continue,",-0.6285704405334119,8,2,6
"PCTChangeLT-2,_HTGT1.5__LTGT1.5_,,,volBuyReversalLast2DayDown-VolUp,##DOWNTREND:sellYear2HighReversal(InDownTrend),volBuyRevarsalVolCrossed,##(Check-chart-buy):YearHigh-InMinus,ReversalHighYear,",1.9343155426582554,1,1,0
"PCTChangeLT-1,year2Low,_HTGT3.0__LTGT1.5_,,,volSellContinueLast2DayDown-VolUp,",1.7682130353406822,1,1,0
"PCDCLT0PCTChangeGT3,_HTGT1.5__LTGT1.5__HTGTPCTDayChange__LTGTPCTDayChange_,,,chisSellLastDayHighUpReversal,##MA-SMA200GT0SMA100GT0,",-4.511782456728749,1,0,1
"PCDCGT0PCTDayChangeLT0,_LTGT1.5_,,,chisSellSuper-Risky,-+,",0.830772986778846,1,1,0
"PCTChangeGT2,,,,volSellVolumeUpsergedLast2n3DayDown,weekBarHighChangeGT0,brokenToday,##RisingMA(Test)(check-chart-buy)-2DayUp,",1.2333011917746914,1,1,0
"PCTChangeLT-5,_LTGT3.0_,,,chisBuyYear2Low,NearLowYear2,",-1.5151515151515105,1,0,1
"PCDCGT0PCTDayChangeLT0,,,,(Test)MaySell-CheckChart(downTrend-lastDayUp),##MA-SMA200LT0SMA100LT0,",-3.5858616684422433,1,0,1
"PCTChangeGT5,,,,chisUpTrend-Risky-nearLow,volBuyContinueLast2DayUp-VolUp,chisCheckConsolidationBreakoutLT(4.5),weekBarHighChangeGT2,brokenToday,",-0.6932747464220043,1,0,1
"PCTChangeGT2,,,,volSellReversalLast2DayUp-VolDown,chisBuy-2week-breakoutup(check-chart)(|-|-| or --|),",4.104277860306971,1,1,0
"PCTChangeLT-2,,,,checkCupDown-3dayDown,volBuyRevarsalVolCrossed,",3.2782566236412998,1,1,0
"PCTChangeLT-3,,,,(GLOBALFUTDOWN-DOWNTRENDMARKET)checkSellConsolidationBreakDown-week2,weekBarLowChangeLT-2,brokenToday,",-1.8655062716107378,2,0,2
"PCDCLT0PCTChangeGT0,PCDayChange-0.5to0.5,_LTGT3.0_,,,%%:checkSell:CupDownDoji-lastDayLT(-2)TodayDoji,%%HLTF-Last2DayMarketUp:(GLOBAL-DOWN)sellHighLowerTail-Reversal-LastDayMarketUp,",-0.16990587549301958,1,0,1
"PCTChangeGT3,,,,##MAPositive_Uptrend(GT2),##MA-SMA200GT0SMA100GT0,##last3DayHighGT3-M3HLT0,",-2.0852920223843814,2,1,1
"PCTChangeLT-2,,,,weekBarLowChangeLT0,",0.008212704180418277,15,8,7
"PCTChangeGT1,PCDayChange-0.5to0.5,_LTGT1.5_,,,buyPatternsML,buyPattern-GT1.5-SMAGT0,(SMA9GT0),",3.688137248411029,1,1,0
"PCTChangeLT-2,year2High,,,,checkCupDown-upTrendLastDayDown-mayReversalBuy,",-0.5502532201803546,1,0,1
"PCDCGT0PCTChangeLT-1,PCDayChange-0.5to0.5,_HTGT1.5__LTGT3.0_,,,%%HLTF-Last2LowTail:(DOWNTREND)sellHighLowerTailPre-1,##MANegative_Downtrend_(GT0),##MA-SMA200LT0SMA100LT0,",-0.06667073567708,1,0,1
"PCTChangeLT-2,_LTGT1.5_,,,weekBarLowChangeLT0,brokenToday,##(Check-chart-buy):YearHigh-InMinus,ReversalHighYear,",1.3007072853878139,1,1,0
"PCTChangeGT2,year2High,_HTGT1.5__LTGT1.5_,,,%%HLTF-Last2HighTail:(UPTREND)buy(DOWNTREND)sell:HighUpperTailPre-last2DayUp,%%:sellUpTrend-month3High,volumeUpsergedLast2n3n4DayDown,",-1.1585993820803295,1,0,1
"PCTChangeLT-2,year2High,_HTGT1.5__LTGT3.0__LTGTPCTDayChange_,,,%%HLTF:(GLOBAL-DOWN)sellHighLowerTail-Reversal-LastDayMarketUp,",-0.9304825889873041,1,0,1
"PCDCGT0PCTDayChangeLT0,PCDayChange-0.5to0.5,,,,##MANegative_Downtrend_(GT0),##MA-SMA200GT0SMA100LT0,",0.4163636105713747,2,2,0
"PCTChangeGT2,,,,volSellVolumeUpsergedLast2n3DayDown,volBuyContinueLast2DayUp-VolUp,chisCheckConsolidationBreakoutLT(4.5),",2.398687778435415,2,2,0
"PCTChangeLT-0.5,_HTGT1.5__HTGTPCTDayChange_,,,$$MaySell-CheckChart-baseLine(inDownTrend-monthHigh)-MLCGT10,",0.915495106871699,1,1,0
"PCTChangeGT0.5,_HTGT1.5_,,,%%HLTF-Last2HighTail:(UPTREND)buy(DOWNTREND)sell:HighUpperTailPre-last2DayUp,%%HLTF-Risky9:30:maySellTail-tailGT2-7,10thDayGT15,",-2.8969342330040044,1,0,1
"PCTChangeLT-0.5,PCDayChange-0.5to0.5,_LTGT3.0_,,,chisSell:Super03-monthLow,",1.5539539351635963,1,1,0
"PCTChangeLT-2,_HTGT3.0__LTGT1.5__HTGTPCTDayChange_,,,chisDownTrend-Risky-nearHigh,",0.8489864943452812,2,2,0
"PCDCGT0PCTDayChangeLT0,PCDayChange-0.5to0.5,_HTGT1.5_,,,chisBuyYearHigh-3,",-0.11642342590757482,59,29,30
"PCTChangeLT-1,PCDayChange-0.5to0.5,,,,%%:check(UPTREND-UPMARKET)Buy(DOWNTRENDTREND-DOWNMARKET)Sell:Super01-monthLow,",-0.8772622842611515,6,2,3
"PCDCLT0PCTChangeGT0,year2High,_HTGT1.5__HTGTPCTDayChange_,,,%%HLTF:(UPTREND-MorningTrend-UP)mayBuyTail-highTailGT2-7,10thDayGT10-Last2DayStockDown,",-3.333335845068159,1,0,1
"PCTChangeGT3,,,,week2BarHighChangeGT2,brokenToday,##UPTREND:buyMonth3LowReversal(Confirm),",-2.0248089964698948,1,0,1
"PCTChangeGT2,,,,volSellVolumeUpsergedLast2n3DayDown,chisCheckConsolidationBreakoutLT(4.5),week2BarHighChangeGT0,weekHighGTweek2High,brokenToday,",-0.5974987683120019,1,0,1
"PCTChangeGT0,PCDayChange-0.5to0.5,_LTGT1.5_,,,%%:checkSell:Super2,-+,buyMorningStar-(checkChart),",3.6086969790251477,1,1,0
"PCTChangeGT3,_HTGT1.5_,,,volSellReversalLast2DayUp-VolDown,chisCheckConsolidationBreakoutLT(4.5),weekBarHighChangeGT2,",2.520082504702694,1,1,0
"PCTChangeLT-3,_HTGT1.5_,,,##MANegative_Downtrend_(LT-4.5),##MA-SMA200LT0SMA100LT0,##last3DayLow(LT-3)-M3LLT0,",2.553540720887293,1,1,0
"PCTChangeGT3,,,,chisCheckConsolidationBreakoutLT(4.5),BuyYearLow,",3.0487286931818214,1,1,0
"PCTChangeLT-2,,,,%%:checkSell:Flag2Week,##(Check-chart-sell)Month3Low-Continue(InUpTrend),ReversalLowMonth3,##ML:sellRisingMA-down-(Risky),",1.5609741210937493,1,1,0
"PCTChangeGT1,_HTGT1.5_,,,$$MaySell-CheckChart(monthHigh-minimumLast4DayUp),volBuyContinueLast2DayUp-VolUp,(GLOBALFUTUP-UPTRENDMARKET)checkBuyConsolidationBreakUp-week2-highNotReachedWeek3,week2BarHighChangeGT0,weekHighGTweek2High,",-1.09677222467238,1,0,1
"PCTChangeLT-2,_LTGT3.0_,,,VOL:sell(GLOBALFUTUP-GLOBALMARKETUP)Buy-UpVol-3dayDown-Week2High,",-3.7395930669237334,1,0,1
"PCTChangeLT-2,year2High,_HTGT3.0__LTGT1.5__HTGTPCTDayChange__LTGTPCTDayChange_,,,%%HLTF:maySellTail-tailGT2-allDayGT0,",-1.5071690956181871,1,0,1
"PCTChangeLT-5,,,,##last2DayLow(LT-3)-M3LGT0,chisSellDayLowVolLow-03-checkMorningTrend(.5SL),",-2.832342220701074,1,0,1
"PCTChangeLT-3,,,,volSellContinueLast2DayDown-VolUp,chisSellFinalCandidate-4,sellPatternsML,chisSellDownTrend-nearHigh,##(Check-chart-buy):month3High-InMinus,NearHighMonth3,",0.07326454470009157,1,1,0
"PCTChangeGT3,,,,volBuyContinueLast2DayUp-VolUp,chisCheckConsolidationBreakoutLT(4.5),weekBarHighChangeGT2,brokenToday,chisBuy-2week-breakoutup(check-chart)(|-|-| or --|),",-2.632092977829859,1,0,1
"PCTChangeGT2,,,,shortUpTrendSellReversal-MonthHigh,volumeUpsergedLast2n3n4DayDown,",-0.4430956041448579,1,0,1
"PCTChangeGT5,year2High,_HTGT1.5_,,,shortUpTrendSellReversal-MonthHigh,weekBarHighChangeGT5,",2.295132751328866,1,1,0
"PCTChangeGT2,_LTGT1.5_,,,chisSellYear2LowLT-40-last3DayDown(triggerAfter-9:15),",1.7668886619759399,1,1,0
"PCTChangeLT-3,_HTGT1.5__LTGT3.0__LTGTPCTDayChange_,,,##(Test)(Check-chart-sell):year2Low-InMinus,##last3DayLow(LT-3)-M3LGT0,",-4.452957998549579,1,0,1
"PCTChangeGT2,_HTGT1.5_,,,volBuyVolumeUpsergedLast2n3DayDown,volBuyContinueLast2DayUp-VolUp,",0.3939202357000131,1,1,0
"PCTChangeGT0.5,PCDayChange-0.5to0.5,_LTGT1.5_,,,(SMA9GT0),chisBuyYearHigh-3,",-0.33203363418578496,1,0,1
"PCTChangeGT1,_HTGT1.5_,,,zigZagVolCrossedFromDown,",0.037356716025518974,10,5,5
"PCTChangeGT12,_HTGT1.5__LTGT1.5_,,,##MAPositive_Uptrend(GT4.5),##MA-SMA200LT0SMA100LT0,",-1.9026432799733408,2,0,2
"PCTChangeLT-3,,,,weekBarLowChangeLT0,brokenToday,chisDownTrend-Risky-nearHigh,##(Check-chart-buy):month3High-InMinus,ReversalHighMonth3,",-0.4072440434615634,9,3,6
"PCTChangeLT-5,,,,##DOWNTREND:sellMonth6HighReversal(InDownTrend),##last2DayLow(LT-3)-M3LGT0,",0.06674322513712123,3,1,2
"PCTChangeLT-2,,,,(GLOBALFUTDOWN-DOWNTRENDMARKET)checkSellConsolidationBreakDown-week2-lowNotReachedWeek3,week2BarLowChangeLT0,##DOWNTREND:sellMonth6HighReversal(InDownTrend),##(Check-chart-buy):month3High-InMinus,ReversalHighMonth3,##(check-chart)maySell-EMA6-MT-May-LT-EMA14,",3.24445653421766,1,1,0
"PCTChangeGT2,,,,VOL:sell-UpVol-3dayUp-Week2High,chisCheckConsolidationBreakoutLT(4.5),weekBarHighChangeGT2,",-1.8245931933896078,1,0,1
"PCTChangeLT-2,_HTGT1.5__LTGT3.0__LTGTPCTDayChange_,,,volSellContinueLast2DayDown-VolUp,##(Check-chart-buy):month3High-InMinus,ReversalHighMonth3,",4.781943493445544,1,1,0
"PCTChangeGT2,,,,%%:sellUpTrend-month3High,chisCheckConsolidationBreakout2WeekLT(4.5),##MAPositive_Uptrend(GT2),##MA-SMA200GT0SMA100GT0,",0.21696682479787918,2,1,1
"PCTChangeLT-1,,,,chisSellFinalCandidate-3,sellFinal,",-0.41813070278648334,4,2,2
"PCTChangeGT2,_HTGT1.5_,,,volSellRevarsalVolCrossed,",0.3320773142688663,1,1,0
"PCTChangeLT-1,,,,weekBarLowChangeLT0,$$MayBuy-CheckChart(monthLow-minimumLast4DayDown),$$MayBuy-CheckChart(downTrend-mayReverseLast4DaysDown)-Risky,",2.8088171032663114,2,2,0
"PCTChangeGT3,_LTGT1.5_,,,##(Check-chart-sell):month3Low-InPlus,NearLowMonth3,##buyTenDaysLessThanMinusTen,",-4.3259695485152,1,0,1
"PCTChangeGT2,year2High,,,,%%:sellUpTrend-month3High,weekBarHighChangeGT0,brokenToday,",0.4787536597834179,3,2,1
"PCTDayChangeLT0,_LTGT1.5_,,,(SMA9LT0),",0.5200559726660433,2,2,0
"PCTChangeLT-5,_HTGT1.5_,,,##last2DayLow(LT-3)-M3LLT0,",0.6976726443268686,1,1,0
"PCTChangeGT0,,,,chisSellFlag2Week-doji-Risky,chisSellSMA4Reversal,",-0.2625738154486419,1,0,1
"PCTChangeGT2,_LTGT3.0_,,,%%HLTF:(SGXNIFTYUP)buyHighLowerTail-Continue,",0.3209720850378066,11,6,5
"PCDCLT0PCTChangeGT5,_HTGT3.0__HTGTPCTDayChange_,,,chisSellLastDayHighUpReversal,",4.387462648571051,1,1,0
"PCTChangeLT-3,_HTGT1.5__HTGTPCTDayChange_,,,chisDownTrend-Risky-nearHigh,##(Check-chart-buy):month3High-InMinus,NearHighMonth3,",-3.045192544777725,1,0,1
"PCTChangeLT-2,PCDayChange-0.5to0.5,_HTGT3.0_,,,%%HLTF-Last2HighTail:(DOWNTREND)sellHighUpperTailPre,%%HLTF:maySellTail-tailGT2-allDayGT0,%%HLTF:(UPTREND-GLOBAL/SGX-UP)BuyHighUpperTail-Reversal-7,10thDayGT15-LastDayMarketDown,chisSellUpTrend-highTail,",-0.40000406901041663,1,0,1
"PCTChangeLT-0.5,,,,##MAPositive_Uptrend(LT-1),##MA-SMA200LT0SMA100GT0,",-2.5921658074808382,1,0,1
"PCTChangeLT-3,_HTGT1.5_,,,(GLOBALFUTDOWN-DOWNTRENDMARKET)checkSellConsolidationBreakDown-week2-lowNotReachedWeek3,week2BarLowChangeLT0,##(Check-chart-buy):YearHigh-InMinus,ReversalHighYear,",1.338459895207328,1,1,0
"PCTChangeGT5,_HTGT1.5__LTGT3.0_,,,%%HLTF:(GLOBAL-DOWN)sellHighLowerTail-Reversal-LastDayMarketUp,",-3.929095359813513,1,0,1
"PCTChangeLT-2,,,,checkCupDown-2dayDown,sellFinal1,",2.1272518206209274,1,1,0
"PCTChangeGT1,_LTGT1.5_,,,(GLOBALFUTUP-UPTRENDMARKET)checkBuyConsolidationBreakUp-week2-highNotReachedWeek3,week2BarHighChangeGT0,",2.7785954693231094,1,1,0
"PCTChangeGT3,,,,##(Check-chart-sell):month3Low-InPlus,ReversalLowMonth3,chisUpTrend-Risky-nearLow,(GLOBALFUTUP-UPTRENDMARKET)checkBuyConsolidationBreakUp-week2-highNotReachedWeek3,week2BarHighChangeGT0,weekHighGTweek2High,brokenToday,##UPTREND:buyMonth3LowReversal(Confirm),",-0.19253917864139464,1,0,1
"PCTChangeGT5,_HTGT3.0__LTGT1.5__HTGTPCTDayChange_,,,##MAPositive_Uptrend(GT2),##MA-SMA200GT0SMA100GT0,",0.87472738509044,1,1,0
"PCTChangeLT-3,PCDayChange-0.5to0.5,_HTGT1.5_,,,%%HLTF-Last2HighTail:(DOWNTREND)sellHighUpperTailPre,chisBuyYearHigh-3,",-0.13568521031209077,1,0,1
"PCTChangeLT-2,,,,zigZagVolCrossedFromUp,",-0.18218528800148023,43,18,25
"PCTChangeGT2,,,,##(Check-chart-sell):month3Low-InPlus,NearLowMonth3,",0.18995949612522453,7,4,3
"PCDCGT0PCTDayChangeLT0,_HTGT1.5__HTGTPCTDayChange_,,,%%:checkSell:Super2,",-0.050124073729396645,2,1,1
"PCTChangeLT-2,,,,(GLOBALFUTDOWN-DOWNTRENDMARKET)checkSellConsolidationBreakDown-week2-lowNotReachedWeek3,week2BarLowChangeLT-2,##DOWNTREND:sellYear2HighReversal(InDownTrend),##(Check-chart-buy):YearHigh-InMinus,ReversalHighYear,",-1.2259630056527866,1,0,1
"PCTChangeLT-2,_LTGT1.5_,,,chisSellDownTrend-00,",0.9213028393413958,1,1,0
"PCTChangeGT0.5,_LTGT3.0_,,,%%:checkSell:CupDownDoji,%%HLTF:(GLOBAL-DOWN)sellHighLowerTail-Reversal-LastDayMarketUp,",4.733726398697573,1,1,0
"PCTChangeGT3,,,,chisUpTrend-Risky-nearLow,chisBuy-2week-breakoutup(check-chart)(|-|-| or --|),##(check-chart)mayBuy-EMA6-LT-May-MT-EMA14,",0.6912034917628694,1,1,0
"PCTChangeLT-2,,,,##(Check-chart-buy):month3High-InMinus,NearHighMonth3,##(check-chart)maySell-EMA6-MT-May-LT-EMA14,",-2.6134717692451335,1,0,1
"PCTChangeGT3,_LTGT1.5_,,,volSellVolumeUpsergedLast2n3DayDown,chisCheckConsolidationBreakoutLT(4.5),",-1.8057128906249917,1,0,1
"PCTChangeLT-0.5,_LTGT1.5_,,,##MAPositive_Uptrend(LT-1),##MA-SMA200LT0SMA100GT0,",-1.2392387303521273,1,0,1
"PCTChangeGT3,_HTGT1.5__HTGTPCTDayChange_,,,MaySellCheckChart-(IndexNotDownInSecondHalf),week2BarHighChangeGT0,weekHighGTweek2High,brokenToday,",-1.2465408472468251,1,0,1
"PCTChangeLT-2,,,,weekBarLowChangeLT0,brokenToday,chisDownTrend-Risky-nearHigh,##DOWNTREND:sellMonth6HighReversal(InDownTrend),##(Check-chart-buy):month6High-InMinus,ReversalHighMonth6,",-1.45802098950526,1,0,1
"PCTChangeGT3,,,,volSellReversalLast2DayUp-VolDown,chisCheckConsolidationBreakoutGT(4.5),(GLOBALFUTUP-UPTRENDMARKET)checkBuyConsolidationBreakUp-week2-highNotReachedWeek3,week2BarHighChangeGT0,brokenToday,",0.21834284212839955,1,1,0
"PCTChangeEQ0,PCDayChange-0.5to0.5,_HTGT1.5_,,,%%HLTF-Last2HighTail:(UPTREND)buy(DOWNTREND)sell:HighUpperTailPre-last2DayUp,",-0.45454237196181496,1,0,1
"PCTChangeGT3,,,,checkBuyConsolidationBreakUp-2week,week2BarHighChangeGT2,chis-breakoutup-2week,chisBuy-2week-breakoutup,",-4.20091324200914,1,0,1
"PCTChangeGT2,_HTGT3.0__HTGTPCTDayChange_,,,##MAPositive_Uptrend(GT2),##MA-SMA200LT0SMA100GT0,",-2.230772360777243,1,0,1
"PCTChangeGT2,_HTGT1.5__LTGT1.5_,,,weekBarHighChangeGT0,brokenToday,",-0.9850709829757464,1,0,1
"PCTChangeLT-3,_HTGT3.0__HTGTPCTDayChange_,,,%%HLTF:maySellTail-tailGT2-7,10thDayGT0,chisDownTrend-Risky-nearHigh,",6.067705154418929,1,1,0
"PCTChangeGT1,_HTGT3.0_,,,volBuyContinueLast2DayUp-VolUp,",0.5813067892323412,1,1,0
"PCTChangeLT-3,_HTGT1.5__LTGT1.5_,,,chisSellDayLowVolLow-02-checkMorningTrend(.5SL),",-3.639823953468577,1,0,1
"PCTChangeLT-2,,,,%%HLTF-Last2DayMarketDown:(GLOBAL-UP)buyHighUpperTailPre1-Reversal-LastDayMarketDown,checkSellConsolidationBreakDown-month3HighGTMonth3Low,",2.492755392323374,1,1,0
"PCTChangeLT-2,year2High,,,,##sellTenDaysMoreThanTen,",0.4820588740707037,49,29,20
"PCTChangeGT5,_HTGT3.0_,,,##sellRisingMAuptrend-2,",9.580624120253182,1,1,0
"PCTChangeLT-2,,,,volSellVolumeUpsergedLast2n3DayUp,##ML:BuyRisingMA-Risky-1,",-1.2130201667354799,1,0,1
"PCTChangeLT-1,_HTGT1.5__HTGTPCTDayChange_,,,%%:checkSell:CupDownDoji-last2lastDayLT0orTodayGT0,%%HLTF-Last2HighTail:(DOWNTREND)sell(UPTREND)buy:HighUpperTailPre,",-2.048254754524135,1,0,1
"PCTChangeLT-2,,,,checkSellConsolidationBreakDown-2week,week2BarLowChangeLT0,brokenToday,##(Check-chart-buy):YearHigh-InMinus,NearHighYear,",-1.0336130173971039,1,0,1
"PCTChangeLT-0.5,year2High,_LTGT1.5_,,,(Test)(check-chart-2-3MidCapCross)MayBuyCheckChart-Risky,(Test)MayBuy-CheckChart(upTrend-lastDayDown),",2.094465983392265,2,1,1
"PCTChangeGT8,_LTGT1.5_,,,zigZagVolCrossedFromDown,",5.477811533436426,1,1,0
"PCTChangeLT-1,_LTGT1.5_,,,(GLOBALFUTDOWN-DOWNTRENDMARKET)checkSellConsolidationBreakDown-week2-lowNotReachedWeek3,week2BarLowChangeLT0,(Test)(check-chart-2-3MidCapCross)MayBuyCheckChart-Risky,MayBuyCheckChart-(IndexNotUpInSecondHalf),",-1.83337481564856,3,1,2
"PCDCLT0PCTChangeGT0,year2High,_LTGT1.5_,,,(Test)MayBuy-CheckChart(upTrend-lastDayDown),",0.1071554015167105,3,2,1
"PCTChangeLT-0.5,PCDayChange-0.5to0.5,,,,%%:checkSell:Super01-monthLow,",-0.3106306711883516,42,16,26
"PCTChangeGT3,year2High,,,,volBuyContinueLast2DayUp-VolUp,weekBarHighChangeGT2,brokenToday,",0.4397217519185722,9,3,6
"PCTChangeGT0,PCDayChange-0.5to0.5,_HTGT1.5_,,,%%:checkSell:Super2,-+,##MANegative_Downtrend_(GT0),##MA-SMA200LT0SMA100LT0,",-0.8134346577658689,1,0,1
"PCTChangeLT-5,_HTGT1.5_,,,##MANegative_Downtrend_(LT-4.5),##MA-SMA200LT0SMA100LT0,",1.3165790645824729,11,8,3
"PCTChangeLT-5,_HTGT1.5__LTGT1.5_,,,##MANegative_Downtrend_(LT-2),##MA-SMA200LT0SMA100LT0,",2.5769964208854135,3,2,1
"PCTChangeGT3,_LTGT3.0_,,,%%HLTF:(SGXNIFTYUP)buyHighLowerTail-Continue,weekBarHighChangeGT2,",-4.318933364074344,1,0,1
"PCTChangeGT8,,,,volumeUpsergedLast2n3n4DayDown,volBuyContinueLast2DayUp-VolUp,",0.35764550412004975,4,2,2
"PCTChangeGT0.5,,,,sellPattern-LT-1.5-SMALT0,(SMA9LT0),",0.9922415760877765,2,2,0
"PCTChangeLT-3,_HTGT1.5_,,,sellFinal,",3.954841001187901,1,1,0
"PCTChangeGT1,,,,$$MaySell-CheckChart(monthHigh-minimumLast4DayUp),weekBarHighChangeGT0,",0.3419812561710187,1,1,0
"PCTChangeGT2,_LTGT3.0_,,,weekBarHighChangeGT0,",-0.36796801017992653,1,0,1
"PCTChangeLT-3,_HTGT3.0__LTGT1.5__HTGTPCTDayChange_,,,(GLOBALFUTDOWN-DOWNTRENDMARKET)checkSellConsolidationBreakDown-week2-lowNotReachedWeek3,week2BarLowChangeLT0,##MANegative_Downtrend_(LT-2),##MA-SMA200GT0SMA100LT0,",-7.630595833297884,1,0,1
"PCTChangeLT-0.5,_LTGT1.5_,,,##MAPositive_Uptrend(LT-1),##MA-SMA200LT0SMA100LT0,",4.783863430407961,1,1,0
"PCTChangeGT3,,,,volSellVolumeUpsergedLast2n3DayDown,volBuyContinueLast2DayUp-VolUp,##MAPositive_Uptrend(GT4.5),##MA-SMA200GT0SMA100GT0,",0.7386845797049094,1,1,0
"PCTChangeGT0.5,,,,(SMA9GT0),mayBuyFromSellPattern-GT1.8,##MAPositive_Uptrend(GT0),##MA-SMA200GT0SMA100GT0,",4.339607680394116,1,1,0
"PCTDayChangeLT0,_HTGT1.5__HTGTPCTDayChange_,,,%%HLTF-Last2HighTail:(DOWNTREND)sellHighUpperTailPre,chisDownTrend-Risky-nearHigh,",0.6793437319700313,2,1,1
"PCTChangeLT-1,_HTGT3.0__HTGTPCTDayChange_,,,##MANegative_Downtrend_(LT-2),##MA-SMA200LT0SMA100LT0,",3.8627802058925687,1,1,0
"PCTChangeGT1,,,,##(check-chart)sellEMA6>EMA14,",0.4485523219448011,4,3,1
"PCDCGT0PCTChangeLT-1,PCDayChange-0.5to0.5,_HTGT1.5__LTGT1.5_,,,##MAPositive_Uptrend(GT0),##MA-SMA200GT0SMA100GT0,",-2.086453588868952,1,0,1
"PCTChangeLT-2,_LTGT1.5_,,,volBuyReversalLast2DayDown-VolDown,",-1.0123270850351085,11,6,5
"PCTChangeGT0,_HTGT3.0_,,,%%:sellDowntrend-lastDayUp-ReversalHighTail,",-2.8762562219115893,1,0,1
"PCTChangeGT2,,,,volBuyVolumeUpsergedLast2n3DayDown,chisBuyDownTrend-Risky-2,##(Check-chart)sellMonth3High-Continue,",-1.6301458857624886,1,0,1
"PCTChangeGT3,_HTGT1.5__LTGT1.5_,,,##MAPositive_Uptrend(GT2),##MA-SMA200LT0SMA100GT0,##lastDayHighGT5TodayGT1,",1.8474709033222756,1,1,0
"PCTChangeGT8,_HTGT1.5_,,,##MAPositive_Uptrend(GT4.5),##MA-SMA200LT0SMA100GT0,",-3.554433982803775,8,2,6
"PCTChangeLT-5,_LTGT1.5_,,,chisSellDownTrend-nearHigh,",-0.72472714015597,9,3,6
"PCTChangeGT8,_HTGT1.5__LTGT3.0_,,,%%HLTF-Risky:(GLOBAL-DOWN)sellHighLowerTail-Reversal-LastDayMarketUp,##last2DayHighGT3-M3HLT0,",-3.909577714635971,1,0,1
"PCTChangeGT0.5,_HTGT1.5__LTGT1.5__HTGTPCTDayChange__LTGTPCTDayChange_,,,%%HLTF-Last2HighTail:(UPTREND)buy(DOWNTREND)sell:HighUpperTailPre-last2DayUp,",-2.085758856787413,2,0,2
"PCDCGT0PCTDayChangeLT0,_HTGT1.5__LTGT1.5_,,,%%:sellDowntrend-lastDayUp-ReversalHighTail,##MANegative_Downtrend_(GT0),##MA-SMA200GT0SMA100LT0,",-0.8711232392576653,1,0,1
"PCDCLT0PCTChangeGT0,_HTGT1.5__LTGT1.5__HTGTPCTDayChange__LTGTPCTDayChange_,,,chisSell-smallUptrendReversal,",-3.0115407488701593,2,0,2
"PCTChangeGT8,_HTGT1.5_,,,%%HLTF-Last2HighTail:(UPTREND)buy(DOWNTREND)sell:HighUpperTailPre-last2DayUp,chisBuyDayHighVolLow-0,",-3.092789992045226,1,0,1
"PCDCLT0PCTChangeGT1,_LTGT3.0_,,,%%HLTF-Last2DayMarketUp:(GLOBAL-DOWN)sellHighLowerTail-Reversal-LastDayMarketUp,##RisingMA(check-chart-buy)-MayBuyCheckChart,##MA-SMA200LT0SMA100LT0,",-3.4166653951009116,1,0,1
"PCTChangeGT5,_LTGT3.0_,,,%%HLTF-Risky:(GLOBAL-DOWN)sellHighLowerTail-Reversal-LastDayMarketUp,##MAPositive_Uptrend(GT2),##MA-SMA200LT0SMA100LT0,",-0.4082221869176065,1,0,1
"PCTChangeLT-2,,,,VOL:sell(GLOBALFUTUP-GLOBALMARKETUP)Buy-UpVol-3dayDown-Week2High,chisSellDownTrend-nearHigh,##(Check-chart-buy):month3High-InMinus,BreakHighMonth3,",-0.7142844320345412,1,0,1
"PCTChangeGT5,,,,##MAPositive_Uptrend(GT4.5),##MA-SMA200GT0SMA100LT0,##last2DayHighGT3-M3HLT0,",-2.7104207156548084,2,0,2
"PCTChangeGT1,_HTGT1.5__HTGTPCTDayChange_,,,(Test)(check-chart-2-3MidCapCross)MaySellCheckChart-Risky,week2BarHighChangeGT0,brokenToday,buyYearHigh-0,",-2.7387640449438133,1,0,1
"PCTChangeLT-3,_LTGT1.5_,,,volBuyVolumeUpsergedLast2n3DayUp,chisDownTrend-Risky-nearHigh,##DOWNTREND:sellYear2HighReversal(InDownTrend),##last2DayLow(LT-3)-M3LGT0,##(Check-chart-buy):YearHigh-InMinus,ReversalHighYear,",-0.461881939426945,1,0,1
"PCTChangeLT-1,_HTGT1.5_,,,checkCupDown-2dayDown-mayReversalBuy,chisDownTrend-Risky-nearHigh,##(Check-chart-buy):month3High-InMinus,ReversalHighMonth3,",-1.076926206931078,1,0,1
"PCTChangeGT2,_HTGT1.5__LTGT1.5_,,,chisBuyUpTrend-1-YearHigh,",-2.873700488067535,1,0,1
"PCTChangeLT-3,_HTGT1.5__LTGT1.5_,,,##MANegative_Downtrend_(LT-4.5),##MA-SMA200GT0SMA100LT0,##DOWNTREND:sellMonth3LowBreak,",5.244445800781251,1,1,0
"PCDCLT0PCTChangeGT5,year2High,_HTGT1.5__LTGT3.0_,,,chisSellLastDayHighUpReversal,",7.134212516733314,1,1,0
"PCTChangeGT3,,,,##(Check-chart-sell):month3Low-InPlus,ReversalLowMonth3,volSellReversalLast2DayUp-VolDown,##UPTREND:buyMonth3LowReversal(Confirm),",5.117544438120815,1,1,0
"PCTChangeGT2,_HTGT1.5__HTGTPCTDayChange_,,,chisCheckConsolidationBreakout2WeekLT(4.5),",-1.139353804583274,2,0,2
"PCTChangeGT2,_LTGT1.5_,,,VOL:sell-UpVol-3dayUp-Week2High,(GLOBALFUTUP-UPTRENDMARKET)checkBuyConsolidationBreakUp-week2,weekBarHighChangeGT2,brokenToday,",-2.55473632027591,1,0,1
"PCTChangeGT2,,,,%%:sellDowntrend-lastDayUp-ReversalHighTail,##buyTenDaysLessThanMinusTen,",-0.268299095867037,1,0,1
"PCTChangeGT2,PCDayChange-0.5to0.5,_LTGT1.5_,,,maySellFromBuyPattern-LT-1.8,",-1.9703042570135467,1,0,1
"PCTChangeGT12,year2Low,_HTGT3.0__LTGT3.0_,,,volSellRevarsalVolCrossed,",6.427940449610691,1,1,0
"PCTChangeLT-0.5,_LTGT1.5_,,,volBuyRevarsalVolCrossed,",1.3414634146341464,1,1,0
"PCTChangeGT2,,,,week2BarHighChangeGT2,weekHighGTweek2High,",-0.3613218246431981,20,8,11
"PCTChangeGT2,,,,volSellVolumeUpsergedLast2n3DayDown,(GLOBALFUTUP-UPTRENDMARKET)checkBuyConsolidationBreakUp-week2-highNotReachedWeek3,week2BarHighChangeGT0,brokenToday,",-0.8204137844315643,1,0,1
"PCTChangeGT3,,,,volSellReversalLast2DayUp-VolDown,weekBarHighChangeGT2,",1.028187234295104,4,4,0
"PCTChangeLT-2,_LTGT3.0_,,,%%:checkSell:Super01-monthLow,weekBarLowChangeLT0,brokenToday,",-2.4164482306684114,1,0,1
"PCTChangeGT3,_HTGT1.5__HTGTPCTDayChange_,,,weekBarHighChangeGT0,brokenToday,",4.297295647698482,1,1,0
"PCTChangeLT-2,year2High,_HTGT1.5__HTGTPCTDayChange__LTGTPCTDayChange_,,,chisSellUpTrend-highTail,",2.611683103316787,1,1,0
"PCTChangeGT2,year2High,,,,volSellVolumeUpsergedLast2n3DayDown,chisCheckConsolidationBreakoutLT(4.5),(GLOBALFUTUP-UPTRENDMARKET)checkBuyConsolidationBreakUp-week2,weekBarHighChangeGT2,",-1.9107770388011178,1,0,1
"PCTChangeGT8,,,,volumeUpsergedLast2n3n4DayDown,",-0.4202287838645243,8,3,5
"PCTChangeGT3,_HTGT1.5_,,,volSellVolumeUpsergedLast2n3DayDown,(GLOBALFUTUP-UPTRENDMARKET)checkBuyConsolidationBreakUp-week2-highNotReachedWeek3,week2BarHighChangeGT0,##(check-chart)sellEMA6>EMA14,",7.746478873239441,1,1,0
"PCTChangeLT-3,,,,weekBarLowChangeLT0,brokenToday,chisDownTrend-Risky-nearHigh,##(Check-chart-buy):month3High-InMinus,ReversalHighMonth3,##(check-chart)maySell-EMA6-MT-May-LT-EMA14,",1.6633810258869948,1,1,0
"PCTChangeGT3,year2High,_HTGT1.5__LTGT1.5_,,,##last2DayHighGT3-M3HGT0,",-2.847992911349477,2,0,2
"PCTChangeGT2,,,,volSellReversalLast2DayUp-VolDown,weekBarHighChangeGT2,brokenToday,",-1.403930572478723,3,0,3
"PCTChangeGT2,year2High,,,,volBuyContinueLast2DayUp-VolUp,chisBuyConsolidationBreakUp-2week-(Risky)-year2High,week2BarHighChangeGT2,weekHighGTweek2High,brokenToday,",0.7975927062857759,1,1,0
"PCTChangeLT-5,_LTGT1.5_,,,(GLOBALFUTDOWN-DOWNTRENDMARKET)checkSellConsolidationBreakDown-week2-lowNotReachedWeek3,week2BarLowChangeLT0,chisDownTrend-Risky-nearHigh,##DOWNTREND:sellYearHighReversal(InDownTrend),",1.633664877107821,1,1,0
"PCTChangeGT0.5,,,,shortUpTrendBuyContinue-Doji-Last2DayGTToday,",0.12382725893563665,32,19,13
"PCDCGT0PCTDayChangeLT0,_HTGT1.5__LTGT1.5__HTGTPCTDayChange__LTGTPCTDayChange_,,,chisBuyYearHigh-3,",-4.204547766483192,1,0,1
"PCTChangeGT2,_HTGT3.0__HTGTPCTDayChange_,,,%%:checkSellRevarsalLast3DayUpAtMonth3Low,##(Check-chart-sell):month3Low-InPlus,ReversalLowMonth3,##UPTREND:buyYearLowReversal(Confirm),",2.750848737889683,1,1,0
"PCTChangeGT3,,,,volSellReversalLast2DayUp-VolDown,chisBuyFinalCandidate-(lastDayUp),buyFinal,##UPTREND:buyMonth3Low,",1.4216242609797232,1,1,0
"PCTChangeLT-1,,,,volumeUpsergedLast2n3n4DayUp,(GLOBALFUTDOWN-DOWNTRENDMARKET)checkSellConsolidationBreakDown-week2-lowNotReachedWeek3,week2BarLowChangeLT-2,weekLowLTweek2Low,(SMA9LT0),",0.9928746924893123,1,1,0
"PCTChangeLT-3,,,,checkCupDown-2dayDown-mayReversalBuy,##last2DayLow(LT-3)-M3LGT0,##ML:sellRisingMA-down-(Risky),",0.6845724557876796,1,1,0
"PCTChangeLT-3,_HTGT3.0_,,,##MANegative_Downtrend_(LT-4.5),##MA-SMA200GT0SMA100LT0,",0.5437710276881323,1,1,0
"PCTChangeGT3,,,,chisSellYear2LowLT-40-last4DayDown(triggerAfter-9:15),##(Check-chart-sell):month3Low-InPlus,ReversalLowMonth3,chisUpTrend-Risky-nearLow,checkBuyConsolidationBreakout-allPreLT0,##UPTREND:buyMonth3LowReversal(Confirm),",0.6248419031651292,1,1,0
"PCTChangeLT-2,_LTGT3.0_,,,##MA-SMA200LT0SMA100GT0,",-5.867014575028782,1,0,1
"PCTChangeLT-2,,,,checkCupDown-inDownTrend-month3HighLTmonth3Low,bar_low,volSellContinueLast2DayDown-VolUp,",-2.314411812994677,1,0,1
"PCTChangeGT5,,,,chisUpTrend-Risky-nearLow,chisCheckConsolidationBreakoutGT(4.5),##UPTREND:buyYearLowReversal(Confirm),",1.6518853170205319,1,1,0
"PCTChangeLT-5,year2Low,_HTGT3.0_,,,##last3DayLow(LT-3)-M3LLT0,",-5.679998779296878,1,0,1
"PCTChangeGT5,year2High,,,,volSellReversalLast2DayUp-VolDown,",-1.2073445166566392,2,0,2
"PCTChangeLT-5,,,,##DOWNTREND:sellYearHighReversal(InDownTrend),",0.3095406645776562,3,2,1
"PCTChangeLT-2,_HTGT1.5_,,,volBuyReversalLast2DayDown-VolUp,(GLOBALFUTDOWN-DOWNTRENDMARKET)checkSellConsolidationBreakDown-week2-lowNotReachedWeek3,week2BarLowChangeLT0,",-0.7816362026015943,1,0,1
"PCTChangeGT1,PCDayChange-0.5to0.5,,,,(SMA9LT0),",-0.9194720627446519,1,0,1
"PCTChangeLT-1,_LTGT1.5_,,,shortDownTrendSellContinue-Doji-Last2DayLTToday,(Test)MayBuyCheckChart-last3DayDown,MayBuyCheckChart-(IndexNotUpInSecondHalf),$$MayBuy-CheckChart(monthLow-minimumLast4DayDown),$$MayBuy-CheckChart(downTrend-mayReverseLast4DaysDown)-Risky,",-1.2821406025323727,1,0,1
"PCTChangeGT8,_LTGT1.5_,,,##MAPositive_Uptrend(GT4.5),##MA-SMA200LT0SMA100GT0,",-1.0198214977029307,4,1,3
"PCTChangeLT-3,_LTGT1.5_,,,chisSellDownTrend-nearHigh,",-1.5005158421169715,8,1,7
"PCTChangeLT-1,,,,%%:checkSell:Flag2Week,volBuyReversalLast2DayDown-VolDown,",-5.403695310600066,1,0,1
"PCTChangeGT2,_HTGT3.0__LTGT3.0__HTGTPCTDayChange__LTGTPCTDayChange_,,,%%HLTF-Risky:(GLOBAL-DOWN)sellHighLowerTail-Reversal-LastDayMarketUp,",-4.204687595896385,1,0,1
"PCTChangeGT5,,,,chisCheckConsolidationBreakout2WeekGT(4.5),##MAPositive_Uptrend(GT4.5),##MA-SMA200GT0SMA100GT0,",2.2687774713806417,1,1,0
"PCTChangeLT-1,,,,volSellVolumeUpsergedLast2n3DayUp,##ML:BuyRisingMA-Risky-1,",1.693177606516754,1,1,0
"PCTChangeGT3,,,,##(Check-chart-sell):month3Low-InPlus,ReversalLowMonth3,chisUpTrend-Risky-nearLow,",-0.04482128491356563,11,6,5
"PCTChangeGT3,,,,chisUpTrend-Risky-nearLow,volumeUpsergedLast2n3n4DayDown,chisSell-2week-breakoutup,BuyYearLow,##RisingMA(Test)(check-chart-buy)-2DayUp,##UPTREND:buyYear2LowReversal(Confirm),",1.2530398774901208,1,1,0
"PCTChangeLT-1,,,,##MAPositive_Uptrend(LT-2),##MA-SMA200GT0SMA100GT0,",-0.4393801538071825,25,10,15
"PCTChangeGT1,_HTGT1.5__HTGTPCTDayChange_,,,MaySellCheckChart-(IndexNotDownInSecondHalf),chisUpTrend-Risky-nearLow,",-0.06062748721083296,3,1,2
"PCTChangeLT-3,,,,(GLOBALFUTDOWN-DOWNTRENDMARKET)checkSellConsolidationBreakDown-week2,weekBarLowChangeLT0,brokenToday,",3.344402277039851,1,1,0
"PCTChangeLT-1,PCDayChange-0.5to0.5,_LTGT1.5_,,,##ML:BuyRisingMA-Risky-0,",0.8982310168233507,1,1,0
"PCTChangeGT5,_HTGT1.5_,,,%%HLTF-Last2HighTail:(UPTREND)buy(DOWNTREND)sell:HighUpperTailPre-last2DayUp,##last2DayHighGT3-M3HLT0,",-0.16403147189704836,4,2,2
"PCTChangeGT1,_HTGT1.5__LTGT1.5_,,,%%:checkSell:Super2,",-0.9041141036272696,2,0,2
"PCTChangeLT-3,,,,weekBarLowChangeLT-5,##MANegative_Downtrend_(LT-4.5),##MA-SMA200LT0SMA100LT0,",3.774508307961861,1,1,0
"PCTChangeLT-1,,,,chisSellFlagWeek-Risky,checkCupDown-inDownTrend-month3HighLTmonth3Low,bar_low,volBuyReversalLast2DayDown-VolDown,",-3.169015894088872,1,0,1
"PCTChangeLT-3,_HTGT3.0__LTGT1.5_,,,checkCupDown-3dayDown-mayReversalBuy,##last2DayLow(LT-3)-M3LGT0,",4.080118601991593,1,1,0
"PCTChangeGT2,_HTGT1.5__HTGTPCTDayChange_,,,(GLOBALFUTUP-UPTRENDMARKET)checkBuyConsolidationBreakUp-week2-highNotReachedWeek3,week2BarHighChangeGT0,brokenToday,",-0.8654492284976648,1,0,1
"PCTChangeGT2,,,,##(Check-chart-sell):month3Low-InPlus,ReversalLowMonth3,(GLOBALFUTUP-UPTRENDMARKET)checkBuyConsolidationBreakUp-week2-highNotReachedWeek3,week2BarHighChangeGT0,brokenToday,##UPTREND:buyMonth3LowReversal(Confirm),",1.2223462208518676,1,1,0
"PCTChangeGT3,_HTGT3.0__LTGT3.0__HTGTPCTDayChange_,,,%%HLTF-Last2HighTail:(UPTREND)buy(DOWNTREND)sell:HighUpperTailPre-last2DayUp,(GLOBALFUTUP-UPTRENDMARKET)checkBuyConsolidationBreakUp-week2-highNotReachedWeek3,week2BarHighChangeGT0,weekHighGTweek2High,brokenToday,##lastDayHighGT5TodayGT1,",-3.4782608695652257,1,0,1
"PCTChangeLT-2,year2High,,,,(Test)MayBuy-CheckChart(upTrend-lastDayDown),",-1.3643029486304836,7,1,6
"PCDCGT0PCTDayChangeLT0,_HTGT1.5__LTGT1.5_,,,%%HLTF-Last2LowTail:(DOWNTREND)sellHighLowerTailPre-1,##MANegative_Downtrend_(GT0),##MA-SMA200LT0SMA100LT0,",-2.1350757523659003,1,0,1
"PCTChangeGT2,_LTGT1.5_,,,volBuyContinueLast2DayUp-VolUp,weekBarHighChangeGT2,brokenToday,",-0.9899482549020041,1,0,1
"PCTChangeLT-3,,,,volBuyVolumeUpsergedLast2n3DayUp,volSellContinueLast2DayDown-VolUp,weekBarLowChangeLT-2,brokenToday,",-1.218359748446466,1,0,1
"PCTChangeGT3,,,,(GLOBALFUTUP-UPTRENDMARKET)checkBuyConsolidationBreakUp-week2-highNotReachedWeek3,week2BarHighChangeGT0,##MAPositive_Uptrend(GT2),##MA-SMA200GT0SMA100GT0,",3.086263150833667,1,1,0
"PCTChangeGT5,_HTGT3.0__HTGTPCTDayChange_,,,%%HLTF-Last2HighTail:(UPTREND)buy(DOWNTREND)sell:HighUpperTailPre-last2DayUp,%%HLTF:(UPTREND-GLOBAL/SGX-UP)BuyHighUpperTail-Reversal-7,10thDayGT15-LastDayMarketDown,##MAPositive_Uptrend(GT4.5),##MA-SMA200GT0SMA100GT0,##last2DayHighGT3-M3HGT0,",-0.2272715210443378,1,0,1
"PCTChangeGT3,_HTGT1.5_,,,%%HLTF:(DOWNTREND-OR-GLOBALDOWN)maySellTail-tailGT2-2,3,4thDayGT0,volumeUpsergedLast2n3n4DayDown,##last2DayHighGT3-M3HGT0,",2.816017542750279,1,1,0
"PCTChangeGT0,_LTGT1.5_,,,buyYearHigh-0,",-3.7983761577193356,2,0,2
"PCTChangeGT0.5,_HTGT1.5__LTGT1.5__HTGTPCTDayChange__LTGTPCTDayChange_,,,shortUpTrendBuyContinue-Doji-Last2DayGTToday,",-5.066579744627898,1,0,1
"PCTChangeGT5,_HTGT3.0__HTGTPCTDayChange_,,,%%HLTF-Last2HighTail:(UPTREND)buy(DOWNTREND)sell:HighUpperTailPre-last2DayUp,##MAPositive_Uptrend(GT2),##MA-SMA200LT0SMA100GT0,##lastDayHighGT5TodayGT1,",4.029883932214641,1,1,0
"PCTChangeLT-1,_HTGT1.5__HTGTPCTDayChange_,,,(GLOBALFUTDOWN-DOWNTRENDMARKET)checkSellConsolidationBreakDown-week2-lowNotReachedWeek3,week2BarLowChangeLT0,",0.22071475108354185,11,5,6
"PCTChangeGT16,_HTGT1.5__LTGT1.5_,,,%%HLTF-Last2HighTail:(UPTREND)buy(DOWNTREND)sell:HighUpperTailPre-last2DayUp,chisBuyDayHighVolLow-0,",1.30635697028541,1,1,0
"PCTChangeLT-3,,,,volSellContinueLast2DayDown-VolUp,##ML:buyRisingMA-down-Risky,",-1.522256547676874,2,1,1
"PCTChangeGT0,,,,chisSellDowningMA-(check5MinuteDownTrendAndSellDowntrend)-Already10DayDown,MaySellCheckChart-(|_|`|),",0.5971682610201583,3,3,0
"PCTChangeLT-3,_LTGT1.5_,,,##DOWNTREND:sellYearLowBreak,##last2DayLow(LT-3)-M3LLT0,",-5.107989130285958,1,0,1
"PCTChangeGT3,,,,##(Test)buyBottomReversal-1,",-0.8018556951576654,2,1,1
"PCTChangeGT1,_HTGT1.5__HTGTPCTDayChange_,,,chisSellFinalContinue-(lastDayUp)-1,",-3.40304190652413,1,0,1
"PCTChangeGT0.5,_HTGT1.5_,,,chisSellFlag2Week-doji-Risky,%%HLTF-Last2HighTail:(UPTREND)buy(DOWNTREND)sell:HighUpperTailPre-last2DayUp,%%HLTF:maySellTail-tailGT2-7,10thDayGT20,shortUpTrendBuyContinue-Doji-Last2DayGTToday,chisSellEveningStar-2(Check2-3MidCapCross),",-5.681445506090959,1,0,1
"PCTChangeGT8,_LTGT1.5_,,,chisCheckConsolidationBreakout2WeekLT(4.5),##MAPositive_Uptrend(GT2),##MA-SMA200GT0SMA100GT0,",-0.2650807791552427,1,0,1
"PCTChangeLT-3,_HTGT1.5__HTGTPCTDayChange_,,,%%:checkSell:Super0,##MANegative_Downtrend_(LT-1),##MA-SMA200LT0SMA100LT0,",-1.6674164263241171,1,0,1
"PCTChangeLT-3,,,,##MANegative_Downtrend_(LT-4.5),##MA-SMA200GT0SMA100GT0,##last2DayLow(LT-3)-M3LGT0,",0.6994725373767698,3,1,2
"PCTChangeGT2,_HTGT3.0__LTGT3.0_,,,%%HLTF:(SGXNIFTYUP)buyHighLowerTail-Continue,",5.411288353704629,1,1,0
"PCTChangeGT2,year2High,_HTGT1.5__LTGT3.0__LTGTPCTDayChange_,,,%%HLTF-Risky:(GLOBAL-DOWN)sellHighLowerTail-Reversal-LastDayMarketUp,%%:sellUpTrend-month3High,",-0.07868268163070569,1,0,1
"PCTChangeLT-2,_LTGT1.5_,,,##ML:BuyRisingMA-Risky-1,",3.272898428738813,1,1,0
"PCTChangeLT-3,,,,checkCupDown-near2WeekDown-mayReveresalBuy,##last2DayLow(LT-3)-M3LGT0,##(check-chart)maySell-EMA6-MT-May-LT-EMA14,",2.530612509544275,1,1,0
"PCTChangeLT-3,,,,%%:checkSell:Super01-monthLow,vol-buy-DownVol-3dayDown-Week2Low,",1.4925373134328335,1,1,0
"PCTDayChangeLT0,PCDayChange-0.5to0.5,year2High,_HTGT1.5_,,,%%HLTF-LastDayUp:(DOWNTREND-OR-GLOBALDOWN)MaySellHighTail-LastDayMarketUp,",-0.23088363208546042,31,14,17
"PCTChangeGT0.5,PCDayChange-0.5to0.5,,,,chisSellDowningMA-(check5MinuteDownTrendAndSellDowntrend),",-0.44342557069269317,22,7,15
"PCTChangeGT3,year2High,_HTGT1.5__LTGT3.0_,,,%%HLTF:(GLOBAL-DOWN)sellHighLowerTail-Reversal-LastDayMarketUp,",1.5453571523816538,1,1,0
"PCTChangeGT2,_HTGT1.5__LTGT3.0_,,,%%HLTF-Last2LowTail:(DOWNTREND)sellHighLowerTailPre-1,",2.253562211056261,1,1,0
"PCDCLT0PCTChangeGT0,_LTGT1.5_,,,(SMA9LT0),",-2.1410297585369036,5,0,5
"PCTChangeGT1,year2High,_HTGT1.5__LTGT1.5__HTGTPCTDayChange__LTGTPCTDayChange_,,,%%HLTF-Last2HighTail:(UPTREND)buy(DOWNTREND)sell:HighUpperTailPre-last2DayUp,%%:sellUpTrend-month3High,",-0.7308777281377802,1,0,1
"PCTChangeLT-2,_LTGT1.5_,,,checkCupDown-inDownTrend,bar_low,chisSellDownTrend-nearHigh,",0.9866274720822662,1,1,0
"PCTChangeGT1,PCDayChange-0.5to0.5,_HTGT1.5__LTGT1.5_,,,buyYearHigh-0,",1.0854858625375776,2,1,1
"PCTChangeLT-2,_HTGT3.0__LTGT1.5__HTGTPCTDayChange_,,,##MANegative_Downtrend_(LT-1),##MA-SMA200LT0SMA100LT0,",6.310522794557881,1,1,0
"PCTChangeGT5,_LTGT3.0_,,,(GLOBALFUTUP-UPTRENDMARKET)checkBuyConsolidationBreakUp-week2-highNotReachedWeek3,week2BarHighChangeGT0,brokenToday,",1.5844741689227593,2,2,0
"PCTChangeLT-3,_LTGT3.0_,,,volSellContinueLast2DayDown-VolUp,(GLOBALFUTDOWN-DOWNTRENDMARKET)checkSellConsolidationBreakDown-week2-lowNotReachedWeek3,week2BarLowChangeLT0,",0.9295813008784287,2,1,1
"PCTChangeLT-3,_LTGT3.0_,,,checkCupDown-near2WeekDown-mayReveresalBuy,(GLOBALFUTDOWN-DOWNTRENDMARKET)checkSellConsolidationBreakDown-week2-lowNotReachedWeek3,week2BarLowChangeLT0,##MANegative_Downtrend_(LT-4.5),##MA-SMA200LT0SMA100LT0,",3.6167698726010484,1,1,0
"PCTChangeGT3,_LTGT1.5_,,,checkCupDown-lastDayUp,%%HLTF-Risky:(GLOBAL-DOWN)sellHighLowerTail-Reversal-LastDayMarketUp,",0.016224534884289286,1,1,0
"PCTChangeGT2,,,,volSellReversalLast2DayUp-VolDown,chisCheckConsolidationBreakoutLT(4.5),##UPTREND:buyYear2LowReversal(Confirm),",1.0415539516966692,1,1,0
"PCTChangeLT-2,,,,(GLOBALFUTDOWN-DOWNTRENDMARKET)checkSellConsolidationBreakDown-week2-lowNotReachedWeek3,week2BarLowChangeLT0,##DOWNTREND:sellYear2HighReversal(InDownTrend),##(Check-chart-buy):month3High-InMinus,ReversalHighMonth3,##(check-chart)maySell-EMA6-MT-May-LT-EMA14,",0.4767959891926286,3,1,2
"PCTChangeLT-1,PCDayChange-0.5to0.5,_HTGT1.5__LTGT1.5_,,,chisSell:Super03-monthLow,",-6.176988172884695,1,0,1
"PCTChangeGT3,,,,##(Check-chart-sell):month3Low-InPlus,ReversalLowMonth3,chisUpTrend-Risky-nearLow,chis-breakoutup-2week,chisBuy-2week-breakoutup,",0.9227037726841936,2,1,1
"PCTChangeLT-2,_HTGT1.5__LTGT1.5__HTGTPCTDayChange__LTGTPCTDayChange_,,,weekBarLowChangeLT-2,chisDownTrend-Risky-nearHigh,##DOWNTREND:sellYear2HighReversal(InDownTrend),##(Check-chart-buy):YearHigh-InMinus,ReversalHighYear,",-1.1193367106200305,1,0,1
"PCTChangeLT-1,PCDayChange-0.5to0.5,_LTGT3.0_,,,%%HLTF:(GLOBAL-DOWN)sellHighLowerTail-Reversal-LastDayMarketUp,",0.26736304166808783,5,4,1
"PCTChangeLT-2,_LTGT1.5_,,,%%HLTF:(GLOBAL-DOWN)sellHighLowerTail-Reversal-LastDayMarketUp,chisSellDownTrend-nearHigh,##DOWNTREND:sellMonth3High(InDownTrend),##(Check-chart-buy):month3High-InMinus,NearHighMonth3,",-1.818181818181831,1,0,1
"PCTChangeLT-1,_LTGT1.5_,,,weekBarLowChangeLT0,(Test)MayBuyCheckChart-last3DayDown,",-0.6253257992942837,1,0,1
"PCTChangeLT-3,,,,##DOWNTREND:sellYearHighReversal(InDownTrend),",2.356513393208893,7,5,2
"PCTChangeGT0.5,_LTGT1.5_,,,volSellReversalLast2DayUp-VolUp,",0.03785845075215745,1,1,0
"PCDCGT0PCTDayChangeLT0,PCDayChange-0.5to0.5,_HTGT1.5__LTGT1.5_,,,%%:checkSell:Super2,-+,",0.7402407456167888,2,1,1
"PCTChangeGT3,,,,chisUpTrend-Risky-nearLow,(GLOBALFUTUP-UPTRENDMARKET)checkBuyConsolidationBreakUp-week2-highNotReachedWeek3,week2BarHighChangeGT0,brokenToday,chis-breakoutup-2week,##last2DayHighGT3-M3HLT0,",0.9889271866351458,1,1,0
"PCTChangeGT3,,,,volSellVolumeUpsergedLast2n3DayDown,chisCheckConsolidationBreakoutLT(4.5),weekBarHighChangeGT2,brokenToday,chisBuy-2week-breakoutup(check-chart)(|-|-| or --|),",-1.6409022345979531,1,0,1
"PCTChangeGT0.5,year2Low,_LTGT3.0_,,,buyMorningStar-(checkChart),",-0.8663738667206398,2,0,2
"PCTChangeLT-3,_HTGT3.0_,,,(GLOBALFUTDOWN-DOWNTRENDMARKET)checkSellConsolidationBreakDown-week2-lowNotReachedWeek3,week2BarLowChangeLT0,weekLowLTweek2Low,##(check-chart)maySell-EMA6-MT-May-LT-EMA14,",-3.2347013692096644,1,0,1
"PCTChangeLT-2,,,,volumeUpsergedLast2n3n4DayUp,chisDownTrend-Risky-nearHigh,##DOWNTREND:sellYear2HighReversal(InDownTrend),",-1.9385979189510265,1,0,1
"PCTChangeLT-3,_HTGT3.0__HTGTPCTDayChange_,,,volumeUpsergedLast2n3n4DayUp,",-2.7005363913143383,1,0,1
"PCTChangeLT-3,_HTGT1.5_,,,volSellVolumeUpsergedLast2n3DayUp,chisSellFinalCandidate-(lastDayUp)-(highChange),chisSellDownTrend-nearHigh,",-1.5578437097293794,1,0,1
"PCTChangeGT3,year2High,,,,volSellVolumeUpsergedLast2n3DayDown,weekBarHighChangeGT2,brokenToday,##last2DayHighGT3-M3HGT0,",-3.607235239469095,1,0,1
"PCTChangeGT5,,,,chisCheckConsolidationBreakoutLT(4.5),##MAPositive_Uptrend(GT2),##MA-SMA200GT0SMA100GT0,",2.290338451512839,1,1,0
"PCTChangeLT-3,,,,sellFinal1,chisDownTrend-Risky-nearHigh,##(Check-chart-buy):month3High-InMinus,NearHighMonth3,",2.739859318387669,1,1,0
"PCTChangeLT-3,_HTGT1.5__HTGTPCTDayChange_,,,checkCupDown-2dayDown-mayReversalBuy,##DOWNTREND:sellMonth3HighReversal(InDownTrend),##(Check-chart-buy):month3High-InMinus,ReversalHighMonth3,",1.1257327788057474,1,1,0
"PCTChangeLT-2,_LTGT3.0_,,,volSellContinueLast2DayDown-VolUp,##MANegative_Downtrend_(LT-2),##MA-SMA200LT0SMA100LT0,buyMorningStar-HighLowerTail,%%:buyDownTrend-month3Low,",-0.6754584026602344,1,0,1
"PCTChangeGT2,_LTGT3.0_,,,%%HLTF:(SGXNIFTYUP)buyHighLowerTail-Continue,weekBarHighChangeGT0,brokenToday,##MAPositive_Uptrend(GT2),##MA-SMA200LT0SMA100LT0,",1.2002137284809387,1,1,0
"PCTChangeGT3,_HTGT1.5__LTGT1.5_,,,chisUpTrend-Risky-nearLow,",1.1020984667753924,4,2,2
"PCTChangeLT-3,,,,VOL:buy-UpVol-3dayDown-Week2Low,(GLOBALFUTDOWN-DOWNTRENDMARKET)checkSellConsolidationBreakDown-week2-lowNotReachedWeek3,week2BarLowChangeLT0,##DOWNTREND:sellYear2HighReversal(InDownTrend),##(Check-chart-buy):YearHigh-InMinus,ReversalHighYear,",-1.8123715589845626,1,0,1
"PCTChangeGT5,_LTGT1.5_,,,chisSellYear2LowLT-40-last3DayDown(triggerAfter-9:15),",0.7562685149013302,2,2,0
"PCTChangeGT3,_HTGT3.0_,,,weekBarHighChangeGT2,brokenToday,##MAPositive_Uptrend(GT4.5),##MA-SMA200LT0SMA100GT0,##last2DayHighGT3-M3HLT0,",-2.7083290947808067,1,0,1
"PCTChangeGT3,_HTGT1.5_,,,MaySellCheckChart-(IndexNotDownInSecondHalf),$$MaySell-CheckChart(monthHigh-minimumLast4DayUp),##MAPositive_Uptrend(GT1),##MA-SMA200LT0SMA100GT0,",-1.0900878906249958,1,0,1
"PCDCLT0PCTChangeGT1,year2High,_LTGT3.0_,,,%%HLTF:(GLOBAL-DOWN)sellHighLowerTail-Reversal-LastDayMarketUp,",-1.5110613261879338,4,1,3
"PCTChangeGT2,_HTGT1.5_,,,##(check-chart)sellEMA6>EMA14,",1.888774790774472,3,3,0
"PCTChangeGT8,_HTGT1.5__LTGT3.0_,,,chisSellYear2LowLT-40-last4DayDown(triggerAfter-9:15),",-0.9354248046875082,1,0,1
"PCTChangeLT-2,_HTGT1.5_,,,chisSellDownTrend-nearHigh,",0.15052960465466328,5,3,1
"PCTChangeGT8,_HTGT3.0_,,,$$MaySell-CheckChart-baseLine(inDownTrend-monthHigh)-MLCGT10,##MAPositive_Uptrend(GT4.5),##MA-SMA200LT0SMA100LT0,",1.530221917902576,1,1,0
"PCTChangeLT-0.5,PCDayChange-0.5to0.5,_LTGT1.5_,,,%%HLTF:(GLOBAL-DOWN)sellHighLowerTail-Reversal-LastDayMarketUp,##MAPositive_Uptrend(LT0),##MA-SMA200GT0SMA100GT0,",-3.7054452348352385,1,0,1
"PCTChangeGT1,,,,(SMA9GT0),chisBuyYearHigh-3,",1.0742580728971374,1,1,0
"PCTChangeGT8,_HTGT1.5_,,,volumeUpsergedLast2n3n4DayDown,volBuyContinueLast2DayUp-VolUp,##MAPositive_Uptrend(GT4.5),##MA-SMA200LT0SMA100LT0,",-2.33957219251337,1,0,1
"PCTChangeLT-5,_HTGT1.5__LTGT1.5_,,,chisRSISellCandidate(yearLow)-lessThanMinus5,##MANegative_Downtrend_(LT-4.5),##MA-SMA200LT0SMA100LT0,",7.207771105927724,1,1,0
"PCTChangeGT3,,,,chisSellYear2LowLT-40-last3DayDown(triggerAfter-9:15),volBuyVolumeUpsergedLast2n3DayDown,",1.2763426505444069,1,1,0
"PCTChangeGT5,_HTGT3.0_,,,chisSellYear2LowLT-40-last4DayDown(triggerAfter-9:15),",-2.0652817760219584,1,0,1
"PCTChangeGT3,_HTGT1.5_,,,volBuyContinueLast2DayUp-VolUp,##UPTREND:buyYearLowReversal(Confirm),",1.172530576203939,1,1,0
"PCTChangeGT3,,,,checkBuyConsolidationBreakUp-month3HighLTMonth3Low,",-0.36646782905328107,11,4,7
"PCTChangeGT5,_HTGT1.5_,,,volBuyContinueLast2DayUp-VolUp,week2BarHighChangeGT2,brokenToday,",0.021419055584409118,1,1,0
"PCTChangeLT-2,,,,checkCupDown-month3HighLTmonth3Low,bar_low,##DOWNTREND:sellYearHighReversal(InDownTrend),##(Check-chart-buy):month3High-InMinus,ReversalHighMonth3,",-0.7795447161960537,1,0,1
"PCTChangeLT-1,_LTGT3.0_,,,%%:checkBuyRevarsalLast3DayDownAtMonth3High,",-0.5896790900453073,1,0,1
"PCTChangeLT-2,_LTGT1.5_,,,chisDownTrend-Risky-nearHigh,##DOWNTREND:sellMonth3HighReversal(InDownTrend),MayBuyCheckChart-(IndexNotUpInSecondHalf),##(Check-chart-buy):month3High-InMinus,ReversalHighMonth3,",-0.8362348071374133,1,0,1
"PCTChangeGT3,_LTGT1.5_,,,volumeUpsergedLast2n3n4DayDown,weekBarHighChangeGT2,",-1.0495443832549405,1,0,1
"PCTChangeLT-2,,,,%%:checkSell:ConsolidationBreakDown(NotShapeA)-2week,checkSellConsolidationBreakDown-2week,week2BarLowChangeLT-2,weekLowLTweek2Low,",0.16234468084161513,3,1,2
"PCTChangeGT5,year2Low,_HTGT1.5__LTGT1.5_,,,chisBuyDayHighVolLow-0,##(Test)buyBottomReversal-1,",0.8645820617675654,1,1,0
"PCTChangeLT-5,,,,(GLOBALFUTDOWN-DOWNTRENDMARKET)checkSellConsolidationBreakDown-week2-lowNotReachedWeek3,week2BarLowChangeLT-2,",0.8130615321268359,12,8,4
"PCTChangeLT-1,_LTGT1.5_,,,(GLOBALFUTDOWN-DOWNTRENDMARKET)checkSellConsolidationBreakDown-week2-lowNotReachedWeek3,week2BarLowChangeLT0,MayBuyCheckChart-(IndexNotUpInSecondHalf),",-0.9712206756117236,5,3,2
"PCTChangeLT-2,_HTGT3.0__HTGTPCTDayChange_,,,checkCupDown-inDownTrend-month3HighLTmonth3Low,bar_low,volumeUpsergedLast2n3n4DayUp,volBuyReversalLast2DayDown-VolUp,##longDownTrend-1-IndexNotDownLastDay(checkBase),",1.8792837120063564,1,1,0
"PCTChangeGT3,_LTGT3.0_,,,chisBuyUpTrend-1-YearHigh,(GLOBALFUTUP-UPTRENDMARKET)checkBuyConsolidationBreakUp-week2-highNotReachedWeek3,week2BarHighChangeGT0,brokenToday,chisSell-2week-breakoutup,",-0.8542966672182554,1,0,1
"PCTChangeGT5,,,,chisCheckConsolidationBreakoutGT(4.5),weekBarHighChangeGT5,chisBuy-2week-breakoutup(check-chart)(|-|-| or --|),",6.208472236359917,1,1,0
"PCDCLT0PCTChangeGT1,_LTGT3.0_,,,buyMorningStar-(checkChart),",-1.6830684631828272,1,0,1
"PCTChangeLT-1,PCDayChange-0.5to0.5,,,,##(Test):buyRisingMA-uptrend-SMA25gt0,",-1.9976689629373767,2,1,1
"PCTChangeLT-3,_HTGT1.5_,,,##MAPositive_Uptrend(LT-2),##MA-SMA200LT0SMA100GT0,",2.936630602782071,1,1,0
"PCTChangeLT-5,,,,checkCupDown-near2WeekDown-mayReveresalBuy,(GLOBALFUTDOWN-DOWNTRENDMARKET)checkSellConsolidationBreakDown-week2-lowNotReachedWeek3,week2BarLowChangeLT-2,",1.608960381869607,1,1,0
"PCTChangeLT-0.5,,,,weekBarLowChangeLT0,brokenToday,chisDownTrend-Risky-nearHigh,",-0.4250239637630305,1,0,1
"PCTChangeLT-3,_HTGT1.5__LTGT1.5_,,,chisDownTrend-Risky-nearHigh,##(Check-chart-buy):YearHigh-InMinus,ReversalHighYear,",-0.6334152950012333,2,0,2
"PCTDayChangeLT0,_HTGT1.5__LTGT3.0_,,,$$MayBuyContinue-CheckChart(inUpTrend-monthHigh)-lowTail,",1.6970573874080968,1,1,0
"PCTChangeLT-2,_LTGT1.5_,,,checkSellConsolidationBreakDown-2week,week2BarLowChangeLT0,weekLowLTweek2Low,brokenToday,##DOWNTREND:sellMonth6LowBreak,MayBuyCheckChart-(IndexNotUpInSecondHalf),",-1.3606499530933207,1,0,1
"PCTChangeGT1,_HTGT3.0__LTGT1.5__HTGTPCTDayChange__LTGTPCTDayChange_,,,$$MaySell-CheckChart(downTrend-mayReverseLast4DaysUp),",-0.8043482683706988,1,0,1
"PCTChangeLT-2,,,,sellFinal1,##ML:buyRisingMA-down-Risky,",-0.8725722410792108,1,0,1
"PCTChangeLT-3,,,,checkCupDown-near2WeekDown-mayReveresalBuy,weekBarLowChangeLT0,brokenToday,",2.3023790711718854,1,1,0
"PCTChangeLT-2,,,,checkCupDown-near2WeekDown-mayReveresalBuy,(GLOBALFUTDOWN-DOWNTRENDMARKET)checkSellConsolidationBreakDown-week2-lowNotReachedWeek3,week2BarLowChangeLT-2,##(Check-chart-buy):month3High-InMinus,ReversalHighMonth3,",1.145251396648031,1,1,0
"PCTChangeGT3,_HTGT1.5_,,,%%HLTF-Last2HighTail:(UPTREND)buy(DOWNTREND)sell:HighUpperTailPre-last2DayUp,vol-sell-DownVol-3dayUp-Week2High,##MAPositive_Uptrend(GT4.5),##MA-SMA200GT0SMA100GT0,##last2DayHighGT3-M3HGT0,",-9.263274939398809,1,0,1
"PCTChangeLT-5,_LTGT3.0_,,,chisSellFlag2Week-Risky,volSellContinueLast2DayDown-VolUp,",-0.519482501141433,1,0,1
"PCTChangeLT-3,_LTGT1.5_,,,volSellContinueLast2DayDown-VolUp,chisDownTrend-Risky-nearHigh,##DOWNTREND:sellYearHighReversal(InDownTrend),##(Check-chart-buy):YearHigh-InMinus,ReversalHighYear,",-0.709831744029791,1,0,1
"PCTChangeLT-8,year2Low,_HTGT1.5__LTGT3.0_,,,chisSellDayLowVolLow-0,",7.053939500486778,1,1,0
"PCTChangeGT0,,,,buyPatternsML,",2.9452399254022112,4,3,1
"PCTChangeLT-2,_HTGT1.5_,,,checkCupDown-3dayDown,",2.455920857731027,1,1,0
"PCTChangeGT2,year2Low,,,,chisSellYear2LowLT-40-last4DayDown(triggerAfter-9:15),",-0.056467554998702894,5,2,3
"PCDCLT0PCTChangeGT0,PCDayChange-0.5to0.5,_LTGT1.5_,,,mayBuyFromSellPattern-GT1.8,",3.034874539151648,1,1,0
"PCTChangeGT1,year2High,_HTGT1.5__HTGTPCTDayChange_,,,(Test)(check-chart-2-3MidCapCross)MaySellCheckChart-Risky,MaySellCheckChart-(IndexNotDownInSecondHalf),(GLOBALFUTUP-UPTRENDMARKET)checkBuyConsolidationBreakUp-week2,weekBarHighChangeGT0,",0.34235950717831526,1,1,0
"PCTChangeLT-5,,,,volumeUpsergedLast2n3n4DayUp,",-0.5755637666590305,8,2,6
"PCTChangeEQ0,_HTGT3.0__LTGT1.5__HTGTPCTDayChange_,,,##MA-SMA200LT0SMA100LT0,",-2.9861096982602713,1,0,1
"PCTChangeGT3,_LTGT1.5_,,,chisBuyConsolidationBreakUp-2week-(Risky)-year2High,week2BarHighChangeGT2,",3.2913903527174964,1,1,0
"PCTChangeLT-3,,,,checkCupDown-near2WeekDown-mayReveresalBuy,chisDownTrend-Risky-nearHigh,##(Check-chart-buy):month3High-InMinus,ReversalHighMonth3,",4.137933665308456,1,1,0
"PCTChangeLT-3,,,,weekBarLowChangeLT-2,brokenToday,##MANegative_Downtrend_(LT-2),##MA-SMA200GT0SMA100LT0,##DOWNTREND:sellMonth3LowBreak,",-0.7964281859508368,1,0,1
"PCTChangeGT1,_HTGT1.5__HTGTPCTDayChange_,,,MaySellCheckChart-(IndexNotDownInSecondHalf),##MAPositive_Uptrend(GT1),##MA-SMA200GT0SMA100GT0,",-0.8078200324017352,1,0,1
"PCTChangeLT-2,_LTGT1.5_,,,weekBarLowChangeLT-2,##DOWNTREND:sellYear2HighReversal(InDownTrend),$$MayBuy-CheckChart-baseLine(inuptrend-monthlow)-PCTDayChangeLT0,##(Check-chart-buy):month3High-InMinus,ReversalHighMonth3,",-4.687544061647771,1,0,1
"PCTChangeGT8,year2Low,_HTGT3.0_,,,zigZagVolCrossedFromDown,",3.6708027193915145,1,1,0
"PCTChangeGT2,_HTGT3.0__HTGTPCTDayChange_,,,##MAPositive_Uptrend(GT1),##MA-SMA200GT0SMA100GT0,",-1.8191573130315246,2,0,2
"PCTChangeLT-3,year2High,_LTGT1.5_,,,VOL:buy-DownVol-3dayDown-Week2High,",0.4901960784313707,1,1,0
"PCTChangeLT-3,_HTGT1.5_,,,%%:checkSell:Flag2Week,sellPatternsML,",-4.82068874464455,1,0,1
"PCTChangeLT-3,_HTGT1.5__LTGT1.5_,,,##MANegative_Downtrend_(LT-2),##MA-SMA200LT0SMA100LT0,##DOWNTREND:sellMonth3LowBreak,##last2DayLow(LT-3)-M3LLT0,",4.526119264170923,1,1,0
"PCTChangeGT3,,,,chisCheckConsolidationBreakoutLT(4.5),week2BarHighChangeGT0,brokenToday,",-1.0968921503837974,7,0,7
"PCTChangeGT3,_HTGT1.5__HTGTPCTDayChange_,,,sellEveningStar-0,week2BarHighChangeGT2,",-3.197212257866153,1,0,1
"PCTChangeGT2,year2Low,,,,chisSellYear2LowLT-40-last3DayDown(triggerAfter-9:15),volBuyVolumeUpsergedLast2n3DayDown,##buyTenDaysLessThanMinusTen,",4.022083238122641,1,1,0
"PCTChangeLT-2,_HTGT1.5_,,,%%HLTF-Last2HighTail:(DOWNTREND)sell(UPTREND)buy:HighUpperTailPre,chisDownTrend-Risky-nearHigh,",1.9586223733836214,1,1,0
"PCTChangeLT-3,,,,chisSellFlagWeek-Risky,volBuyReversalLast2DayDown-VolDown,chisDownTrend-Risky-nearHigh,",-0.5744706823470812,1,0,1
"PCTChangeGT2,,,,vol-sell-DownVol-3dayUp-Week2High,week2BarHighChangeGT0,",0.20090088810858756,3,2,1
"PCTChangeGT1,year2High,_HTGT1.5__HTGTPCTDayChange_,,,(Test)MaySellCheckChart-last3DayUp,MaySellCheckChart-(IndexNotDownInSecondHalf),$$MaySell-CheckChart(downTrend-mayReverseLast4DaysUp)-Risky,shortUpTrendSellReversal-MonthHigh,",1.4191378854682282,1,1,0
"PCTChangeLT-2,_LTGT3.0_,,,volBuyReversalLast2DayDown-VolUp,",-1.1836377659794544,2,0,2
"PCTChangeLT-3,,,,weekBarLowChangeLT0,brokenToday,chisDownTrend-Risky-nearHigh,##DOWNTREND:sellYear2HighReversal(InDownTrend),##(Check-chart-buy):month3High-InMinus,ReversalHighMonth3,",3.369191060888295,2,2,0
"PCTChangeGT12,_HTGT3.0_,,,volumeUpsergedLast2n3n4DayDown,volBuyContinueLast2DayUp-VolUp,",0.4605298850968567,1,1,0
"PCTChangeLT-2,_LTGT3.0_,,,volSellContinueLast2DayDown-VolUp,",-1.1516400584407285,4,1,3
"PCTChangeLT-0.5,PCDayChange-0.5to0.5,,,,##buyYear2LowMovingSMA,",0.06529632556005278,3,1,2
"PCTChangeGT2,_HTGT1.5_,,,##(Check-chart-sell):month3Low-InPlus,NearLowMonth3,chisBuyUpTrend-1-YearHigh,chisUpTrend-Risky-nearLow,",-1.8790164804410154,1,0,1
"PCTChangeGT3,,,,week2BarHighChangeGT2,weekHighGTweek2High,",-0.006676617296139509,10,4,6
"PCTChangeLT-3,year2High,_LTGT3.0_,,,checkCupDown-inDownTrend-month3HighLTmonth3Low,bar_low,%%HLTF:(GLOBAL-UP)buyHighLowerTail-StockInUptrend,",0.5816338986766602,1,1,0
"PCTChangeLT-2,,,,chisSellConsolidationBreakDown-forecastDayPCT7LT0,chisSellDownTrend-nearHigh,##(Check-chart-buy):month3High-InMinus,ReversalHighMonth3,",1.0080468020932751,2,1,1
"PCTChangeLT-5,year2Low,,,,vol-buy-DownVol-3dayDown-Week2Low,##last2DayLow(LT-3)-M3LLT0,chisBuyDayLowVolLow-01,chisBuyYear2Low,BreakLowYear2,",-3.9710630557928077,1,0,1
"PCTChangeLT-1,,,,chisSellFlagWeek-Risky,##(Check-chart-buy):month3High-InMinus,BreakHighMonth3,",-0.33524680885402514,2,1,1
"PCTChangeLT-2,_HTGT3.0__LTGT3.0__HTGTPCTDayChange_,,,volSellContinueLast2DayDown-VolUp,",5.372343672082783,1,1,0
"PCTChangeLT-1,_LTGT1.5_,,,chisSellFinalCandidate-3,(Test)(check-chart-2-3MidCapCross)MayBuyCheckChart-Risky,",1.6136062101903632,2,1,1
"PCTChangeLT-2,,,,checkCupDown-2dayDown-mayReversalBuy,##DOWNTREND:sellYear2HighReversal(InDownTrend),volBuyRevarsalVolCrossed,##(Check-chart-buy):month3High-InMinus,ReversalHighMonth3,",-0.601202404809615,1,0,1
"PCTChangeLT-0.5,_HTGT1.5__LTGT3.0_,,,(SMA9LT0),",-3.163407565898979,1,0,1
"PCTChangeLT-2,_LTGT1.5_,,,zigZagVolCrossedFromUp,",1.7915935060357073,4,3,0
"PCTChangeGT3,_HTGT1.5_,,,sellHeavyUpTrend-Reversal,##MAPositive_Uptrend(GT2),##MA-SMA200GT0SMA100GT0,",1.1078681612153722,1,1,0
"PCTChangeGT2,_LTGT1.5_,,,$$(DOWNTREND-OR-GLOBALDOWN)MaySellContinue-CheckChart(inuptrend-monthlow)-PCTDayChangeGT2,",-0.021982266028426456,2,1,1
"PCTChangeGT2,year2High,_HTGT1.5__LTGT1.5_,,,%%HLTF-Last2HighTail:(UPTREND)buy(DOWNTREND)sell:HighUpperTailPre-last2DayUp,%%:sellUpTrend-month3High,",0.4776331001426064,1,1,0
"PCTChangeGT1,_HTGT1.5_,,,MaySellCheckChart-(IndexNotDownInSecondHalf),chisBuyUpTrend-1-YearHigh,weekBarHighChangeGT0,",2.736976476101915,1,1,0
"PCTChangeLT-1,_HTGT1.5__LTGT1.5_,,,chisSellDownTrend-nearHigh,",0.4297475608578849,1,1,0
"PCTChangeGT1,,,,##(Check-chart-sell):month3Low-InPlus,BreakLowMonth3,volBuyContinueLast2DayUp-VolUp,",0.12723013373531966,2,1,1
"PCTChangeGT5,_HTGT1.5__LTGT1.5_,,,(GLOBALFUTUP-UPTRENDMARKET)checkBuyConsolidationBreakUp-week2-highNotReachedWeek3,week2BarHighChangeGT2,##(check-chart)sellEMA6>EMA14,",11.185818187244744,1,1,0
"PCTChangeLT-8,_HTGT3.0_,,,(GLOBAL-DOWN)maySellContinueHighVolatileLastDayDOWN-PCT10GT0-(LT-8),volSellContinueLast2DayDown-VolUp,",3.118959082111695,1,1,0
"PCTChangeGT3,,,,weekBarHighChangeGT2,##UPTREND:buyMonth6LowReversal(Confirm),",-1.3495696548875111,2,0,2
"PCTChangeGT3,_HTGT3.0__HTGTPCTDayChange_,,,weekBarHighChangeGT2,##MAPositive_Uptrend(GT4.5),##MA-SMA200LT0SMA100LT0,",-5.615384615384622,1,0,1
"PCTChangeLT-5,_LTGT1.5_,,,(GLOBALFUTDOWN-DOWNTRENDMARKET)checkSellConsolidationBreakDown-week2-lowNotReachedWeek3,week2BarLowChangeLT-2,weekLowLTweek2Low,",-4.811335504074267,1,0,1
"PCTChangeLT-1,,,,volBuyRevarsalVolCrossed,",-1.3355194222976245,8,1,7
"PCTChangeLT-0.5,_LTGT1.5_,,,weekBarLowChangeLT0,brokenToday,(Test)MayBuyCheckChart-last3DayDown,",0.4833360129696963,1,1,0
"PCTChangeLT-2,_LTGT1.5_,,,##MANegative_Downtrend_(LT-2),##MA-SMA200GT0SMA100LT0,MayBuyCheckChart-(IndexNotUpInSecondHalf),$$MayBuy-CheckChart(monthLow-minimumLast4DayDown),",-2.696767469655059,1,0,1
"PCTChangeLT-1,_HTGT1.5__HTGTPCTDayChange_,,,$$(DOWNTREND-OR-GLOBALDOWN)MaySell-CheckChart-baseLine(inDownTrend-monthHigh)-MLCGT10,",-0.09099545521044468,4,3,1
"PCTChangeLT-1,,,,weekBarLowChangeLT-2,chisDownTrend-Risky-nearHigh,##(Check-chart-buy):YearHigh-InMinus,ReversalHighYear,",-1.484464382580764,1,0,1
"PCTChangeLT-2,,,,%%:checkSell:Super0,##MANegative_Downtrend_(LT-2),##MA-SMA200LT0SMA100LT0,##DOWNTREND:sellMonth3LowBreak,",-1.8574223485996595,1,0,1
"PCTChangeLT-3,_HTGT1.5_,,,chisSellFlag2Week-Risky,",-2.3916269620743833,1,0,1
"PCDCLT0PCTChangeGT0,PCDayChange-0.5to0.5,_HTGT3.0__LTGT1.5_,,,chisBuyYearHigh-3,",-1.3015133139558437,1,0,1
"PCTChangeGT3,_HTGT3.0__HTGTPCTDayChange_,,,%%HLTF:(DOWNTREND-OR-GLOBALDOWN)maySellTail-tailGT2-2,3,4thDayGT0,sellEveningStar-0,##last2DayHighGT3-M3HLT0,",-5.485540571753309,1,0,1
"PCTChangeGT2,_HTGT1.5__LTGT1.5_,,,##UPTREND:buyYearLow,",-3.372958723184432,1,0,1
"PCTChangeGT3,,,,volSellVolumeUpsergedLast2n3DayDown,volBuyContinueLast2DayUp-VolUp,",-0.42844874144180234,4,2,2
"PCTChangeLT-1,,,,volumeUpsergedLast2n3n4DayUp,volSellContinueLast2DayDown-VolUp,",-1.7110457291978363,9,2,7
"PCTChangeGT3,,,,volSellRevarsalVolCrossed,##UPTREND:buyYearLowReversal(Confirm),##last2DayHighGT3-M3HLT0,",2.533570639129562,1,1,0
"PCTChangeGT0.5,_HTGT1.5_,,,checkCupDown-lastDayUp,",-0.6344598821478638,4,1,3
"PCTChangeLT-3,_LTGT3.0_,,,volSellContinueLast2DayDown-VolUp,##(Test)(Check-chart-sell):year2Low-InMinus,",-2.3354022103066754,1,0,1
"PCTChangeGT5,,,,(GLOBALFUTUP-UPTRENDMARKET)checkBuyConsolidationBreakUp-week2-highNotReachedWeek3,week2BarHighChangeGT2,chisBuy-2week-breakoutup(check-chart)(|-|-| or --|),##(check-chart)sellEMA6>EMA14,",2.202379135858431,1,1,0
"PCTChangeGT3,_HTGT1.5_,,,chisUpTrend-Risky-nearLow,volumeUpsergedLast2n3n4DayDown,VOL:buy(GLOBALFUTDOWN-GLOBALMARKETDOWN)Sell-UpVol-3dayUp-Week2Low,##last2DayHighGT3-M3HLT0,",-3.7333374023437544,1,0,1
"PCTChangeLT-1,_LTGT1.5_,,,(Test)MayBuy-CheckChart(upTrend-lastDayDown),",-0.1927447106928841,32,15,17
"PCTChangeLT-3,,,,volSellContinueLast2DayDown-VolUp,weekBarLowChangeLT0,brokenToday,chisDownTrend-Risky-nearHigh,##(Check-chart-buy):month3High-InMinus,ReversalHighMonth3,",-2.768575421311042,1,0,1
"PCTChangeGT0.5,PCDayChange-0.5to0.5,,,,(SMA9LT0),maySellFromBuyPattern-LT-1.8,",-0.8737851602420826,1,0,1
"PCTChangeLT-1,_LTGT1.5_,,,volBuyVolumeUpsergedLast2n3DayUp,(GLOBALFUTDOWN-DOWNTRENDMARKET)checkSellConsolidationBreakDown-week2-lowNotReachedWeek3,week2BarLowChangeLT0,",0.6070416685346471,1,1,0
"PCTChangeLT-3,,,,weekBarLowChangeLT-2,##DOWNTREND:sellMonth3HighReversal(InDownTrend),##last2DayLow(LT-3)-M3LGT0,##(Check-chart-buy):month3High-InMinus,ReversalHighMonth3,",-0.526396980793974,4,1,3
"PCTChangeLT-3,,,,chisDownTrend-Risky-nearHigh,##(Check-chart-buy):month6High-InMinus,ReversalHighMonth6,",0.8290343829128384,10,6,4
"PCTChangeLT-8,_HTGT1.5_,,,maySellHighVolatileDownContinueLT-8,volSellContinueLast2DayDown-VolUp,##MANegative_Downtrend_(LT-4.5),##MA-SMA200LT0SMA100LT0,",-1.3128525717964385,1,0,1
"PCTChangeGT5,,,,##(Check-chart):year2High-InPlus,",-1.9591800695411812,5,2,3
"PCTDayChangeLT0,_LTGT1.5_,,,$$(UPTREND-OR-GLOBALUP)MayBuyContinue-CheckChart(inUpTrend-monthHigh)-lowTail,",2.139875956256859,2,2,0
"PCTChangeGT5,_HTGT1.5_,,,(GLOBALFUTUP-UPTRENDMARKET)checkBuyConsolidationBreakUp-week2-highNotReachedWeek3,week2BarHighChangeGT0,brokenToday,##UPTREND:buyMonth3LowReversal(Confirm),##last2DayHighGT3-M3HLT0,",-0.739772378444794,1,0,1
"PCTChangeGT3,_HTGT3.0__LTGT1.5_,,,(GLOBALFUTUP-UPTRENDMARKET)checkBuyConsolidationBreakUp-week2-highNotReachedWeek3,week2BarHighChangeGT5,##last2DayHighGT3-M3HLT0,",6.320386096130673,1,1,0
"PCTChangeGT5,,,,VOL:sell-UpVol-3dayUp-Week2High,(GLOBALFUTUP-UPTRENDMARKET)checkBuyConsolidationBreakUp-week2-highNotReachedWeek3,week2BarHighChangeGT5,",-6.875458656525282,1,0,1
"PCTChangeGT5,year2High,,,,volSellReversalLast2DayUp-VolDown,weekBarHighChangeGT5,",1.480771578275248,1,1,0
"PCTChangeLT-2,_LTGT3.0_,,,chisSell-smallUptrendReversal,buyMorningStar-HighLowerTail,",-1.0494403283828213,1,0,1
"PCTChangeLT-1,,,,chisSellFlag2Week-Risky,checkCupDown-3dayDown,",1.357176656491439,1,1,0
"PCTChangeGT5,_LTGT1.5_,,,week2BarHighChangeGT0,brokenToday,",0.5911914501756466,2,1,1
"PCTChangeGT3,_LTGT1.5_,,,##MAPositive_Uptrend(GT4.5),##MA-SMA200GT0SMA100GT0,",-1.421386243358945,7,1,6
"PCTChangeGT3,_LTGT1.5_,,,chisBuyUpTrend-nearLow,##UPTREND:buyYearLowReversal(Confirm),",3.1488549618320634,1,1,0
"PCTChangeGT0,PCDayChange-0.5to0.5,_HTGT1.5_,,,%%:sellDowntrend-lastDayUp-ReversalHighTail,",-0.603599930616829,15,7,8
"PCTChangeLT-3,_LTGT3.0_,,,checkCupDown-2dayDown,%%HLTF:(GLOBAL-UP)buyHighLowerTail-StockInUptrend,chisSellDownTrend-nearHigh,##DOWNTREND:sellYear2HighReversal(InDownTrend),##(Check-chart-buy):month3High-InMinus,ReversalHighMonth3,",2.523810977027522,1,1,0
"PCTChangeGT5,,,,checkBuyConsolidationBreakout-allPreLT0,weekBarHighChangeGT2,",-0.12129709084399791,1,0,1
"PCTChangeGT0.5,PCDayChange-0.5to0.5,_HTGT1.5_,,,%%:checkSell:Super2,-+,##MANegative_Downtrend_(GT0),##MA-SMA200LT0SMA100LT0,",1.7524455696504175,1,1,0
"PCTChangeLT-5,_LTGT1.5_,,,volBuyReversalLast2DayDown-VolUp,##last2DayLow(LT-3)-M3LGT0,",1.8836000188367445,1,1,0
"PCTChangeLT-3,_HTGT1.5__LTGT1.5_,,,vol-buy-DownVol-3dayDown-Week2Low,##MANegative_Downtrend_(LT-2),##MA-SMA200GT0SMA100LT0,##last2DayLow(LT-3)-M3LGT0,",-1.5970553162022998,1,0,1
"PCTChangeLT-2,,,,chisDownTrend-Risky-nearHigh,##(check-chart)buyEMA6<EMA14,##(Check-chart-buy):YearHigh-InMinus,ReversalHighYear,",0.8944470495615315,2,1,1
"PCTChangeGT2,,,,chisSellUpTrend-1,",2.3947994546235343,3,2,1
"PCTChangeLT-5,_HTGT3.0__LTGT1.5__HTGTPCTDayChange_,,,volSellContinueLast2DayDown-VolUp,##MANegative_Downtrend_(LT-2),##MA-SMA200GT0SMA100LT0,",1.5230143984849176,1,1,0
"PCTChangeGT1,,,,chisUpTrend-Risky-nearLow,weekBarHighChangeGT0,##UPTREND:buyYear2LowReversal(Confirm),",0.5061566103030765,1,1,0
"PCTChangeLT-2,,,,(GLOBALFUTDOWN-DOWNTRENDMARKET)checkSellConsolidationBreakDown-week2-lowNotReachedWeek3,week2BarLowChangeLT-2,chisDownTrend-Risky-nearHigh,##DOWNTREND:sellYear2HighReversal(InDownTrend),##(Check-chart-buy):YearHigh-InMinus,ReversalHighYear,##(check-chart)maySell-EMA6-MT-May-LT-EMA14,",-2.1638966221103066,1,0,1
"PCTChangeGT1,_HTGT1.5_,,,$$MaySell-CheckChart(monthHigh-minimumLast4DayUp),shortUpTrendSellReversal-MonthHigh,chisCheckConsolidationBreakoutLT(4.5),weekBarHighChangeGT0,",-1.712133365825966,1,0,1
"PCTChangeLT-0.5,,,,%%:checkSell:Super0,##MA-SMA200GT0SMA100LT0,",6.943519566938325,1,1,0
"PCTChangeGT2,_HTGT3.0__LTGT3.0__HTGTPCTDayChange__LTGTPCTDayChange_,,,volSellReversalLast2DayUp-VolUp,##MAPositive_Uptrend(GT1),##MA-SMA200GT0SMA100GT0,",3.099321999577096,1,1,0
"PCTChangeLT-1,,,,sellFinal,chisDownTrend-Risky-nearHigh,",0.39473416512472825,1,1,0
"PCTChangeGT0.5,_HTGT1.5_,,,chisSellDowningMA-(check5MinuteDownTrendAndSellDowntrend)-Already10DayDown,",-0.3303651250700815,10,6,4
"PCTChangeLT-2,,,,VOL:sell(GLOBALFUTUP-GLOBALMARKETUP)Buy-UpVol-3dayDown-Week2High,##DOWNTREND:sellYear2HighReversal(InDownTrend),##(Check-chart-buy):month3High-InMinus,ReversalHighMonth3,",-0.008682618657981866,2,1,1
"PCTChangeGT5,_HTGT1.5__LTGT1.5_,,,chisUpTrend-Risky-nearLow,##UPTREND:buyMonth6LowReversal(Confirm),",1.518731078431312,1,1,0
"PCTChangeLT-3,_LTGT3.0_,,,checkCupDown-2dayDown-mayReversalBuy,%%HLTF:(GLOBAL-UP)buyHighLowerTail-LastDayMarketUp,chisSellDownTrend-nearHigh,##(Check-chart-buy):month3High-InMinus,NearHighMonth3,",-1.2474048276685896,1,0,1
"PCTChangeLT-2,_HTGT1.5_,,,checkCupDown-3dayDown,##(Check-chart-buy):month3High-InMinus,ReversalHighMonth3,",0.4441045150342028,2,1,1
"PCTChangeGT2,,,,##(Check-chart-sell):month3Low-InPlus,NearLowMonth3,chisUpTrend-Risky-nearLow,",-0.22062461967588318,2,1,1
"PCTChangeGT3,,,,(Test)sellHeavyUpTrend-Reversal-1,weekBarHighChangeGT2,##MAPositive_Uptrend(GT2),##MA-SMA200LT0SMA100GT0,##last2DayHighGT3-M3HGT0,",-0.029241550735558005,1,0,1
"PCTChangeLT-1,,,,##MANegative_Downtrend_(LT-2),##MA-SMA200GT0SMA100GT0,$$MayBuy-CheckChart(monthLow-minimumLast4DayDown),",-2.060989751170472,1,0,1
"PCTChangeGT1,_HTGT3.0__HTGTPCTDayChange_,,,##(Check-chart)sellMonth3High-Continue,",2.476558685302738,1,1,0
"PCTChangeLT-3,,,,chisSellFinalCandidate-4,##sellTenDaysMoreThanTen,",-0.49978255259899484,1,0,1
"PCDCGT0PCTDayChangeLT0,_HTGT1.5__LTGT1.5_,,,##MANegative_Downtrend_(GT0),##MA-SMA200LT0SMA100LT0,",-2.9133883151271056,1,0,1
"PCTChangeLT-3,,,,volSellContinueLast2DayDown-VolUp,weekBarLowChangeLT-2,brokenToday,chisDownTrend-Risky-nearHigh,##DOWNTREND:sellMonth6HighReversal(InDownTrend),##(Check-chart-buy):month3High-InMinus,ReversalHighMonth3,",-0.7861635220125828,1,0,1
"PCTChangeGT0.5,,,,(SMA9GT0),mayBuyFromSellPattern-GT1.8,",2.10205391527599,1,1,0
"PCTChangeLT-2,,,,chisSellFinalCandidate-4,##buyRisingMA-1,",0.67446129352333,1,1,0
"PCTChangeGT0.5,_HTGT1.5__HTGTPCTDayChange_,,,weekBarHighChangeGT0,",-2.5738396624472575,1,0,1
"PCTChangeLT-1,_LTGT1.5_,,,mayBuyFromSellPattern-GT1.8,",1.010461231176013,1,1,0
"PCTChangeLT-2,,,,volBuyReversalLast2DayDown-VolDown,##(Check-chart-buy):month3High-InMinus,BreakHighMonth3,",0.3291169379185832,4,2,2
"PCTChangeGT2,_HTGT1.5_,,,%%HLTF:(DOWNTREND-OR-GLOBALDOWN)maySellTail-tailGT2-2,3,4thDayGT0,chisUpTrend-Risky-nearLow,volumeUpsergedLast2n3n4DayDown,",1.6854580965909065,1,1,0
"PCTChangeLT-3,year2Low,_HTGT1.5_,,,##last2DayLow(LT-3)-M3LLT0,chisBuyDayLowVolLow-01,",0.7945568555740092,1,1,0
"PCTChangeLT-2,_HTGT1.5_,,,chisSellFinalCandidate-(lastDayUp),sellFinal,",2.2862904881215025,1,1,0
"PCTChangeLT-3,_HTGT1.5__HTGTPCTDayChange_,,,weekBarLowChangeLT-2,chisDownTrend-Risky-nearHigh,",-6.954002380371086,1,0,1
"PCTChangeGT2,_HTGT1.5__HTGTPCTDayChange_,,,%%HLTF-Last2HighTail:(UPTREND)buy(DOWNTREND)sell:HighUpperTailPre-last2DayUp,MaySellCheckChart-(IndexNotDownInSecondHalf),chisBuyUpTrend-1-YearHigh,",-3.232482132638353,1,0,1
"PCTChangeLT-3,_HTGT1.5__LTGT1.5_,,,mayBuyFromSellPattern-GT1.8,",3.3567607688829137,1,1,0
"PCTChangeGT2,,,,chisSellFlag2Week-doji-Risky,%%HLTF:(GLOBAL-SGX-DOWN)maySellTail-2,3,4thDayGT0,",2.5946080563154754,1,1,0
"PCTChangeGT5,_LTGT1.5_,,,##MAPositive_Uptrend(GT2),##MA-SMA200GT0SMA100GT0,##last2DayHighGT3-M3HGT0,",-2.7925548060378973,1,0,1
"PCTChangeGT5,,,,%%ACU:sellReversalLast2DayHighGT4,volumeUpsergedLast2n3n4DayDown,volBuyContinueLast2DayUp-VolUp,##MAPositive_Uptrend(GT4.5),##MA-SMA200GT0SMA100GT0,##last2DayHighGT3-M3HGT0,",-0.3037441557754023,1,0,1
"PCTChangeLT-3,,,,volBuyReversalLast2DayDown-VolDown,##(Check-chart-buy):YearHigh-InMinus,ReversalHighYear,",0.9587726071169317,4,3,1
"PCTChangeGT2,year2High,_LTGT3.0_,,,%%HLTF-Risky:(GLOBAL-DOWN)sellHighLowerTail-Reversal-LastDayMarketUp,",-0.7195809474684693,1,0,1
"PCTChangeGT1,PCDayChange-0.5to0.5,,,,%%:checkSell:Super2,-+,##MANegative_Downtrend_(GT0),##MA-SMA200GT0SMA100LT0,buyPatternsML,",3.6298398226062747,1,1,0
"PCTChangeLT-2,,,,weekBarLowChangeLT-2,brokenToday,##DOWNTREND:sellMonth3HighReversal(InDownTrend),##(Check-chart-buy):month3High-InMinus,ReversalHighMonth3,##(check-chart)maySell-EMA6-MT-May-LT-EMA14,",-2.1502123901830834,1,0,1
"PCTChangeGT5,_HTGT3.0_,,,%%HLTF-Last2HighTail:(UPTREND)buy(DOWNTREND)sell:HighUpperTailPre-last2DayUp,weekBarHighChangeGT2,brokenToday,",1.4805337556399207,1,1,0
"PCDCLT0PCTChangeGT0,_HTGT1.5_,,,%%HLTF-LastDayUp:(DOWNTREND-OR-GLOBALDOWN)MaySellHighTail-LastDayMarketUp,",-0.34760581451462136,55,22,33
"PCTChangeGT5,_LTGT1.5_,,,##MANegative_Downtrend_(GT4.5),##MA-SMA200LT0SMA100LT0,",-0.482709116189918,3,1,2
"PCTChangeGT2,year2High,_LTGT1.5_,,,weekBarHighChangeGT0,brokenToday,",0.6556696665722276,1,1,0
"PCTChangeGT3,,,,weekBarHighChangeGT2,brokenToday,chis-breakoutup-2week,",-0.09764586345408414,3,1,2
"PCTChangeLT-3,_HTGT3.0__HTGTPCTDayChange_,,,%%HLTF:maySellTail-tailGT2-allDayGT0,",1.3119284488853713,3,3,0
"PCTChangeGT2,,,,volSellVolumeUpsergedLast2n3DayDown,chisCheckConsolidationBreakoutLT(4.5),(GLOBALFUTUP-UPTRENDMARKET)checkBuyConsolidationBreakUp-week2-highNotReachedWeek3,week2BarHighChangeGT2,weekHighGTweek2High,",-4.132962636340025,1,0,1
"PCTChangeLT-3,_HTGT1.5_,,,volBuyVolumeUpsergedLast2n3DayUp,(GLOBALFUTDOWN-DOWNTRENDMARKET)checkSellConsolidationBreakDown-week2-lowNotReachedWeek3,week2BarLowChangeLT0,weekLowLTweek2Low,",-1.33313475381651,1,0,1
"PCTChangeGT5,,,,chisCheckConsolidationBreakoutGT(4.5),(GLOBALFUTUP-UPTRENDMARKET)checkBuyConsolidationBreakUp-week2-highNotReachedWeek3,week2BarHighChangeGT0,brokenToday,",0.056022541983338725,2,1,1
"PCTChangeLT-0.5,,,,chisBuyMay5DayFloorReversal,",-0.3552838462684115,1,0,1
"PCDCGT0PCTChangeLT-1,PCDayChange-0.5to0.5,_HTGT1.5_,,,%%:checkSell:Flag2Week-doji,",5.5565408977252835,1,1,0
"PCTChangeLT-3,,,,%%:checkSell:Super01-monthLow,",-0.32318406825540774,21,8,13
"PCTChangeLT-3,_LTGT1.5_,,,$$MayBuy-CheckChart-baseLine(inuptrend-monthlow)-MHCLT(-10),",-0.12292692709878417,4,2,2
"PCTChangeGT3,,,,weekBarHighChangeGT2,chisSell-2week-breakoutup,",-0.4035694018367196,4,1,3
"PCTChangeGT3,,,,volBuyContinueLast2DayUp-VolUp,chisCheckConsolidationBreakoutLT(4.5),(GLOBALFUTUP-UPTRENDMARKET)checkBuyConsolidationBreakUp-week2,weekBarHighChangeGT2,brokenToday,",-1.7213416055281057,1,0,1
"PCDCGT0PCTDayChangeLT0,_HTGT3.0__HTGTPCTDayChange_,,,%%HLTF-Last2HighTail:(UPTREND)buy(DOWNTREND)sell:HighUpperTailPre-last2DayUp,",1.567907344981262,3,3,0
"PCDCLT0PCTChangeGT1,_HTGT1.5__HTGTPCTDayChange_,,,##MA-SMA200LT0SMA100LT0,",2.291992347697261,2,1,1
"PCTChangeGT5,_HTGT3.0_,,,%%ACU:sellReversalLast2DayHighGT4,%%HLTF-Last2HighTail:(UPTREND)buy(DOWNTREND)sell:HighUpperTailPre-last2DayUp,##last2DayHighGT3-M3HLT0,",4.875075991742211,1,1,0
"PCTChangeLT-0.5,_HTGT1.5__LTGT1.5_,,,(SMA9LT0),",3.157757738030007,1,1,0
"PCTChangeGT1,_HTGT3.0__HTGTPCTDayChange_,,,volBuyContinueLast2DayUp-VolUp,(GLOBALFUTUP-UPTRENDMARKET)checkBuyConsolidationBreakUp-week2-highNotReachedWeek3,week2BarHighChangeGT0,",-0.016415591907771702,1,0,1
"PCTChangeGT3,year2High,,,,volSellVolumeUpsergedLast2n3DayDown,weekBarHighChangeGT0,brokenToday,",1.0545989433293785,2,2,0
"PCDCLT0PCTChangeGT0,_HTGT1.5_,,,##MANegative_Downtrend_(LT0),##MA-SMA200LT0SMA100LT0,",0.3982187190817113,3,1,2
"PCTDayChangeLT0,PCDayChange-0.5to0.5,_LTGT1.5_,,,%%HLTF:(GLOBAL-UP)buyHighLowerTail-StockInUptrend,",-0.172262662248679,1,0,1
"PCTChangeLT-1,,,,chisBuyMay5DayFloorReversal,",-0.5131949874048587,14,7,7
"PCTChangeGT2,,,,volSellVolumeUpsergedLast2n3DayDown,weekBarHighChangeGT0,brokenToday,maySellFromBuyPattern-LT-1.8,",-1.8641259791951976,1,0,1
"PCTChangeGT5,_LTGT1.5_,,,##MAPositive_Uptrend(GT2),##MA-SMA200GT0SMA100GT0,",3.808666736733931,1,1,0
"PCTChangeLT-3,year2Low,,,,##last2DayLow(LT-3)-M3LLT0,chisBuyDayLowVolLow-01,",2.3607555601984664,2,2,0
"PCTChangeGT3,_LTGT1.5_,,,##(Check-chart-sell):month3Low-InPlus,ReversalLowMonth3,checkBuyConsolidationBreakUp-2week,week2BarHighChangeGT2,weekHighGTweek2High,chis-breakoutup-2week,chisBuy-2week-breakoutup,##UPTREND:buyMonth3LowReversal(Confirm),",-0.27554222672487433,1,0,1
"PCTChangeGT1,,,,week2BarHighChangeGT0,weekHighGTweek2High,brokenToday,",0.11591524319650813,47,24,23
"PCTChangeLT-8,_HTGT1.5__LTGT1.5_,,,(GLOBAL-DOWN)maySellContinueHighVolatileLastDayDOWN-month3LowGT0-(LT-8),volumeUpsergedLast2n3n4DayUp,volSellContinueLast2DayDown-VolUp,",3.5042418982361045,1,1,0
"PCTChangeLT-2,,,,%%:checkSell:ConsolidationBreakDown(NotShapeA)-2week,volSellContinueLast2DayDown-VolUp,checkSellConsolidationBreakDown-2week,week2BarLowChangeLT0,brokenToday,",0.39569595504503136,2,1,1
"PCTChangeLT-3,year2High,_HTGT1.5__LTGT1.5_,,,volBuyReversalLast2DayDown-VolDown,",-1.7037059642650338,1,0,1
"PCTChangeGT2,,,,volumeUpsergedLast2n3n4DayDown,",-0.006586321383975452,74,34,40
"PCTChangeLT-1,_LTGT1.5_,,,%%checkCupDown-2dayDown-continue,volBuyReversalLast2DayDown-VolDown,chisBuyFinalContinue-2,chisDownTrend-Risky-nearHigh,",0.0,1,0,0
"PCTChangeGT0,_LTGT1.5_,,,chisBuyDownTrend-Risky-2,",1.8330189308586347,1,1,0
"PCTChangeGT1,_HTGT1.5__LTGT1.5__HTGTPCTDayChange__LTGTPCTDayChange_,,,%%:sellUpTrend-month3High,",-0.7132026956398267,2,1,1
"PCDCGT0PCTDayChangeLT0,PCDayChange-0.5to0.5,_HTGT1.5_,,,%%HLTF-Risky9:30:maySellTail-tailGT2-7,10thDayGT15,",-2.0876516093190642,2,1,1
"PCTChangeLT-0.5,_LTGT1.5_,,,%%:checkSell:Super01-monthLow,##(Test)(check-chart)-buySMAUpTrend,",2.6032034047230344,1,1,0
"PCTChangeGT5,_HTGT1.5_,,,%%HLTF-Last2HighTail:(UPTREND)buy(DOWNTREND)sell:HighUpperTailPre-last2DayUp,VOL:buyBelowTail-SellAtClose:upVol3dayUpWeek2High-highUpperTail,##last2DayHighGT3-M3HLT0,",-2.2715496194773594,1,0,1
"PCTChangeGT1,PCDayChange-0.5to0.5,year2High,_HTGT1.5_,,,shortUpTrendSellReversal-MonthHigh,",0.5338221169436564,1,1,0
"PCTChangeLT-2,_LTGT3.0_,,,chisBuyFinalContinue-(lastDayUp),",-5.02446140890744,1,0,1
"PCTChangeLT-5,,,,VOL:sell(GLOBALFUTUP-GLOBALMARKETUP)Buy-UpVol-3dayDown-Week2High,chisDownTrend-Risky-nearHigh,",-1.73355929820442,1,0,1
"PCTChangeGT1,_HTGT1.5__LTGT1.5_,,,volBuyVolumeUpsergedLast2n3DayDown,",-1.8390271031757845,1,0,1
"PCTChangeGT0.5,_LTGT1.5_,,,%%HLTF:(SGXNIFTYUP)buyHighLowerTail-Continue,",-0.47549128927297585,14,7,7
"PCTChangeLT-8,_HTGT1.5_,,,maySellHighVolatileDownContinueLT-8,volumeUpsergedLast2n3n4DayUp,volSellContinueLast2DayDown-VolUp,chisSellDownTrend-nearHigh,##ML:buyRisingMA-down-0,",0.2758578596443966,1,1,0
"PCTChangeGT2,,,,volSellVolumeUpsergedLast2n3DayDown,weekBarHighChangeGT2,",0.5157955424100436,8,5,3
"PCTChangeGT3,year2High,,,,chisCheckConsolidationBreakoutLT(4.5),chisBuyConsolidationBreakUp-2week-(Risky)-year2High,week2BarHighChangeGT2,",0.10060168305401374,3,1,2
"PCTChangeGT2,,,,volBuyContinueLast2DayUp-VolUp,weekBarHighChangeGT0,brokenToday,",3.940125499342633,1,1,0
"PCTChangeGT3,,,,weekBarHighChangeGT2,##MAPositive_Uptrend(GT1),##MA-SMA200GT0SMA100GT0,",-0.8090953058309664,2,0,2
"PCTChangeLT-2,,,,weekBarLowChangeLT-2,",-0.3874655374849208,379,168,211
"PCTChangeGT3,year2High,,,,volSellVolumeUpsergedLast2n3DayDown,chisCheckConsolidationBreakoutLT(4.5),",1.072387498222759,3,1,2
"PCTDayChangeLT0,PCDayChange-0.5to0.5,_HTGT1.5_,,,%%:check(UPTREND-UPMARKET)Buy(DOWNTRENDTREND-DOWNMARKET)Sell:Super01-monthLow,%%HLTF-LastDayUp:(DOWNTREND-OR-GLOBALDOWN)MaySellHighTail-LastDayMarketUp,",1.5915936403172464,2,1,1
"PCTChangeLT-0.5,_HTGT1.5__LTGT3.0_,,,%%HLTF:(SGXNIFTYUP)buyHighLowerTail-Continue,",2.330280759669152,1,1,0
"PCTChangeGT1,PCDayChange-0.5to0.5,_HTGT1.5__LTGT1.5_,,,chisSellFlagWeek-doji-Risky,",-1.4464442588765132,1,0,1
"PCTChangeLT-2,_LTGT1.5_,,,checkCupDown-month3HighLTmonth3Low,bar_low,chisDownTrend-Risky-nearHigh,##DOWNTREND:sellMonth3HighReversal(InDownTrend),##(Check-chart-buy):month3High-InMinus,ReversalHighMonth3,",-2.4808299845326616,1,0,1
"PCTChangeGT2,,,,volBuyContinueLast2DayUp-VolUp,(GLOBALFUTUP-UPTRENDMARKET)checkBuyConsolidationBreakUp-week2-highNotReachedWeek3,week2BarHighChangeGT0,brokenToday,",-1.3958958802672836,3,0,3
"PCTChangeLT-1,_LTGT3.0_,,,chisSell-smallUptrendReversal,",-4.322698448034765,2,0,2
"PCTChangeGT3,_LTGT1.5_,,,volSellRevarsalVolCrossed,",5.025056050188266,1,1,0
"PCTChangeGT2,_HTGT1.5__LTGT1.5_,,,volBuyContinueLast2DayUp-VolUp,##UPTREND:buyYear2LowReversal(Confirm),",4.6902681873963035,1,1,0
"PCTChangeGT2,year2Low,,,,chisBuyDownTrend-Risky-0,",-1.4956874502454462,2,0,2
"PCTChangeGT3,_LTGT3.0_,,,%%HLTF-Risky:(GLOBAL-DOWN)sellHighLowerTail-Reversal-LastDayMarketUp,(GLOBALFUTUP-UPTRENDMARKET)checkBuyConsolidationBreakUp-week2-highNotReachedWeek3,week2BarHighChangeGT2,weekHighGTweek2High,",-3.9822991298186206,1,0,1
"PCTChangeLT-2,year2Low,,,,checkSellConsolidationBreakDown-month3HighGTMonth3Low,",0.8058701099899739,2,1,1
"PCTChangeLT-3,,,,(GLOBALFUTDOWN-DOWNTRENDMARKET)checkSellConsolidationBreakDown-week2-lowNotReachedWeek3,week2BarLowChangeLT-2,chisDownTrend-Risky-nearHigh,##last2DayLow(LT-3)-M3LGT0,",2.2843547514091758,1,1,0
"PCTChangeGT1,,,,zigZagVolCrossedFromDown,%%:sellUpTrend-month3High,",-1.3075314016227493,1,0,1
"PCTChangeGT3,_HTGT3.0__LTGT1.5__HTGTPCTDayChange__LTGTPCTDayChange_,,,##buyTenDaysLessThanMinusTen,",-0.13964403856980878,1,0,1
"PCTChangeLT-5,_HTGT1.5_,,,checkCupDown-inDownTrend,bar_low,chisSell-smallUptrendReversal,",-6.714285714285727,1,0,1
"PCTChangeLT-2,_LTGT3.0_,,,%%HLTF:(SGXNIFTYUP)buyHighLowerTail-Continue,",3.086959175441569,1,1,0
"PCTChangeGT0.5,PCDayChange-0.5to0.5,_HTGT1.5_,,,shortUpTrendBuyContinue-Doji-Last2DayGTToday,##MAPositive_Uptrend(GT0),##MA-SMA200GT0SMA100GT0,",-3.81420909655839,1,0,1
"PCTChangeLT-2,,,,volBuyReversalLast2DayDown-VolDown,##DOWNTREND:sellMonth3High(InDownTrend),##(Check-chart-buy):month3High-InMinus,NearHighMonth3,",0.9834972956771447,1,1,0
"PCTChangeGT5,,,,volBuyContinueLast2DayUp-VolUp,(GLOBALFUTUP-UPTRENDMARKET)checkBuyConsolidationBreakUp-week2-highNotReachedWeek3,week2BarHighChangeGT0,brokenToday,",4.184534334554643,2,2,0
"PCTChangeGT12,_HTGT3.0_,,,%%HLTF-Last2HighTail:(UPTREND)buy(DOWNTREND)sell:HighUpperTailPre-last2DayUp,##MAPositive_Uptrend(GT4.5),##MA-SMA200LT0SMA100LT0,",6.025179856115128,1,1,0
"PCTChangeLT-3,,,,%%checkCupDown-2dayDown-continue,chisDownTrend-Risky-nearHigh,##DOWNTREND:sellYear2HighReversal(InDownTrend),##(Check-chart-buy):month3High-InMinus,ReversalHighMonth3,",3.5357974395409277,4,4,0
"PCTChangeLT-1,PCDayChange-0.5to0.5,,,,%%:checkSell:Super0,shortDownTrendSellContinue-Doji-Last2DayLTToday,",-5.211143659233,1,0,1
"PCTChangeGT2,,,,chisCheckConsolidationBreakoutLT(4.5),(GLOBALFUTUP-UPTRENDMARKET)checkBuyConsolidationBreakUp-week2-highNotReachedWeek3,week2BarHighChangeGT0,chisSell-2week-breakoutup,",0.8794026895709033,2,2,0
"PCTChangeGT3,,,,chisUpTrend-Risky-nearLow,chisCheckConsolidationBreakoutLT(4.5),(GLOBALFUTUP-UPTRENDMARKET)checkBuyConsolidationBreakUp-week2-highNotReachedWeek3,week2BarHighChangeGT0,weekHighGTweek2High,brokenToday,##UPTREND:buyYear2LowReversal(Confirm),",-1.7274326748317963,1,0,1
"PCTChangeGT2,_HTGT1.5_,,,chisBuyYearHigh-1,",1.7804154302670614,1,1,0
"PCTChangeGT12,_HTGT1.5_,,,##MAPositive_Uptrend(GT4.5),##MA-SMA200LT0SMA100LT0,",2.559112391527769,3,3,0
"PCTChangeGT2,,,,##(Check-chart-sell):month3Low-InPlus,ReversalLowMonth3,(GLOBALFUTUP-UPTRENDMARKET)checkBuyConsolidationBreakUp-week2-highNotReachedWeek3,week2BarHighChangeGT0,weekHighGTweek2High,brokenToday,##UPTREND:buyMonth3LowReversal(Confirm),",-1.707619706887276,1,0,1
"PCDCGT0PCTChangeLT-1,PCDayChange-0.5to0.5,_HTGT3.0__LTGT3.0_,,,%%:checkSell:CupDownDoji,",-4.978382841137899,1,0,1
"PCTChangeGT2,_HTGT3.0__HTGTPCTDayChange_,,,zigZagVolCrossedFromDown,##MANegative_Downtrend_(GT2),##MA-SMA200LT0SMA100LT0,",-5.639533109443132,1,0,1
"PCTChangeLT-2,,,,weekBarLowChangeLT-2,brokenToday,##DOWNTREND:sellMonth6HighReversal(InDownTrend),##(Check-chart-buy):month6High-InMinus,ReversalHighMonth6,",1.7160078655665891,1,1,0
"PCTChangeLT-2,,,,volumeUpsergedLast2n3n4DayUp,volBuyReversalLast2DayDown-VolUp,",-0.657052917792319,1,0,1
"PCTChangeGT2,year2High,_HTGT3.0__HTGTPCTDayChange_,,,volSellVolumeUpsergedLast2n3DayDown,volBuyContinueLast2DayUp-VolUp,chisBuyConsolidationBreakUp-2week-(Risky)-year2High,week2BarHighChangeGT2,weekHighGTweek2High,",0.07593014426726295,1,1,0
"PCTChangeGT0,,,,(Test)MaySell-CheckChart(downTrend-lastDayUp),",0.1789000233999482,17,9,8
"PCDCGT0PCTChangeLT-3,_HTGT3.0_,,,%%:checkSell:CupDownDoji,",-2.099150175268763,1,0,1
"PCTChangeGT5,_HTGT1.5_,,,%%HLTF-Last2HighTail:(UPTREND)buy(DOWNTREND)sell:HighUpperTailPre-last2DayUp,##MAPositive_Uptrend(GT4.5),##MA-SMA200LT0SMA100GT0,##lastDayHighGT5TodayGT1,",1.1095283704860242,1,1,0
"PCTChangeLT-3,,,,volSellContinueLast2DayDown-VolUp,(GLOBALFUTDOWN-DOWNTRENDMARKET)checkSellConsolidationBreakDown-week2-lowNotReachedWeek3,week2BarLowChangeLT-2,chisDownTrend-Risky-nearHigh,##DOWNTREND:sellYearHighReversal(InDownTrend),##(Check-chart-buy):month3High-InMinus,ReversalHighMonth3,##(check-chart)maySell-EMA6-MT-May-LT-EMA14,",1.66807488021273,1,1,0
"PCTChangeLT-2,,,,chisSellFinalCandidate-(lastDayUp),##sellTenDaysMoreThanTen,",0.9960326204209915,6,2,4
"PCTChangeGT3,_LTGT3.0_,,,##MANegative_Downtrend_(GT2),##MA-SMA200LT0SMA100LT0,##buyTenDaysLessThanMinusTen,",-3.813559322033884,1,0,1
"PCTChangeGT2,,,,volumeUpsergedLast2n3n4DayDown,chisCheckConsolidationBreakoutLT(4.5),",0.049178914559574766,9,3,6
"PCTChangeGT5,,,,volBuyContinueLast2DayUp-VolUp,weekBarHighChangeGT5,brokenToday,",-3.981968444778366,1,0,1
"PCTChangeLT-2,,,,VOL:buy-UpVol-3dayDown-Week2Low,(GLOBALFUTDOWN-DOWNTRENDMARKET)checkSellConsolidationBreakDown-week2-lowNotReachedWeek3,week2BarLowChangeLT0,##MANegative_Downtrend_(LT-2),##MA-SMA200GT0SMA100LT0,",-6.950615776909721,1,0,1
"PCTChangeGT0,PCDayChange-0.5to0.5,_HTGT1.5_,,,chisSellFlagWeek-doji-Risky,chisSellSMA4Reversal,",-1.6228056790535954,1,0,1
"PCTChangeGT3,,,,volBuyContinueLast2DayUp-VolUp,chisBuy-2week-breakoutup(check-chart)(|-|-| or --|),",0.5574972950408688,4,3,1
"PCDCGT0PCTDayChangeLT0,PCDayChange-0.5to0.5,_LTGT1.5_,,,buyPatternsML,buyPattern-GT1.5-SMAGT0,(SMA9GT0),",0.5555555555555616,1,1,0
"PCTChangeGT0.5,_HTGT3.0__HTGTPCTDayChange_,,,%%HLTF-Last2HighTail:(UPTREND)buy(DOWNTREND)sell:HighUpperTailPre-last2DayUp,chisSellEveningStar-2(Check2-3MidCapCross),",-1.5617916218104064,1,0,1
"PCTChangeLT-2,_LTGT1.5_,,,chisFinalBreakOutSell-0,",3.692983526410384,2,2,0
"PCTChangeGT0,_HTGT1.5__LTGT1.5_,,,%%:checkSell:Super2,-+,$$MaySellContinue-CheckChart(inuptrend-monthlow)-highTail,",-0.37839878115310144,1,0,1
"PCTChangeGT3,,,,checkBuyConsolidationBreakUp-2week,week2BarHighChangeGT2,weekHighGTweek2High,chis-breakoutup-2week,chisSell-2week-breakoutup,",0.7500017193001769,1,1,0
"PCTChangeGT3,,,,zigZagVolCrossedFromDown,(GLOBALFUTUP-UPTRENDMARKET)checkBuyConsolidationBreakUp-week2-highNotReachedWeek3,week2BarHighChangeGT2,weekHighGTweek2High,",4.084785059832597,2,2,0
"PCTChangeGT0,_LTGT1.5_,,,##MANegative_Downtrend_(GT1),##MA-SMA200LT0SMA100LT0,",-2.7117588125197547,1,0,1
"PCTChangeGT2,_HTGT1.5__HTGTPCTDayChange_,,,%%:checkSell:Super2,",-0.6834547685189927,2,1,1
"PCTChangeGT3,,,,checkBuyConsolidationBreakout-allPreLT0,BuyYearLow,",2.6408050569540262,1,1,0
"PCTChangeLT-2,_LTGT1.5_,,,%%:check(UPTREND-UPMARKET)Buy(DOWNTRENDTREND-DOWNMARKET)Sell:Super01-monthLow,",0.2222244827835648,1,1,0
"PCTChangeGT0.5,,,,weekBarHighChangeGT0,brokenToday,",1.1111145216552127,6,4,2
"PCTChangeGT0.5,_HTGT1.5__HTGTPCTDayChange_,,,%%HLTF:(GLOBAL-SGX-DOWN)maySellTail-2,3,4thDayGT0,",-0.04982902059498693,19,7,11
"PCTChangeLT-3,,,,volSellContinueLast2DayDown-VolUp,weekBarLowChangeLT0,brokenToday,chisDownTrend-Risky-nearHigh,##(Check-chart-buy):YearHigh-InMinus,ReversalHighYear,",-0.10478920089508606,1,0,1
"PCDCGT0PCTDayChangeLT0,PCDayChange-0.5to0.5,_HTGT1.5__LTGT1.5_,,,chisBuyYearHigh-1,",2.651931774738558,1,1,0
"PCTChangeGT2,_HTGT1.5__LTGT1.5__HTGTPCTDayChange__LTGTPCTDayChange_,,,##MANegative_Downtrend_(GT1),##MA-SMA200LT0SMA100LT0,",9.341767952880826,1,1,0
"PCTChangeGT3,_LTGT1.5_,,,chisBuyUpTrend-1-YearHigh,##(check-chart)mayBuy-EMA6-LT-May-MT-EMA14,",-3.9639346706631535,1,0,1
"PCDCGT0PCTChangeLT-1,PCDayChange-0.5to0.5,,,,%%:sellDowntrend-lastDayUp-ReversalHighTail,",-0.17555812970965937,2,0,2
"PCTChangeLT-2,,,,%%:checkSell:Flag2Week,##ML:buyRisingMA-down-Risky,",1.3218437574832373,1,1,0
"PCTChangeLT-1,,,,mayBuyFromSellPattern-GT1.8,chisDownTrend-Risky-nearHigh,",0.6978627143636069,1,1,0
"PCTChangeLT-3,,,,##DOWNTREND:sellYearHighReversal(InDownTrend),##last2DayLow(LT-3)-M3LGT0,",-2.156133828996276,1,0,1
"PCTChangeGT3,,,,zigZagVolCrossedFromDown,##(Check-chart-sell):month3Low-InPlus,ReversalLowMonth3,chisUpTrend-Risky-nearLow,##UPTREND:buyMonth3LowReversal(Confirm),",-0.46582685188167944,1,0,1
"PCTChangeLT-3,,,,checkCupDown-2dayDown-mayReversalBuy,chisDownTrend-Risky-nearHigh,##DOWNTREND:sellMonth3HighReversal(InDownTrend),##(Check-chart-buy):month3High-InMinus,ReversalHighMonth3,",0.30626099246732086,3,1,2
"PCTChangeLT-2,_HTGT1.5__LTGT1.5__LTGTPCTDayChange_,,,(GLOBALFUTDOWN-DOWNTRENDMARKET)checkSellConsolidationBreakDown-week2-lowNotReachedWeek3,week2BarLowChangeLT0,weekLowLTweek2Low,",3.2129941864564575,1,1,0
"PCTChangeGT0.5,_HTGT3.0__HTGTPCTDayChange_,,,%%:sellDowntrend-lastDayUp-ReversalHighTail,",-0.2325594299187488,1,0,1
"PCTChangeGT1,_HTGT3.0__LTGT1.5__HTGTPCTDayChange_,,,volBuyVolumeUpsergedLast2n3DayDown,volBuyContinueLast2DayUp-VolUp,",-1.2025023921267255,1,0,1
"PCTChangeGT0,PCDayChange-0.5to0.5,_HTGT3.0_,,,##MAPositive_Uptrend(GT0),##MA-SMA200GT0SMA100GT0,",3.979997154914644,1,1,0
"PCTChangeLT-3,_LTGT1.5_,,,chisDownTrend-Risky-nearHigh,##DOWNTREND:sellYear2HighReversal(InDownTrend),##(Check-chart-buy):YearHigh-InMinus,ReversalHighYear,",0.5318721248454366,3,2,1
"PCTChangeGT3,year2High,,,,volSellVolumeUpsergedLast2n3DayDown,volBuyContinueLast2DayUp-VolUp,(GLOBALFUTUP-UPTRENDMARKET)checkBuyConsolidationBreakUp-week2,weekBarHighChangeGT2,",-4.119079515681944,1,0,1
"PCTChangeLT-3,,,,volBuyReversalLast2DayDown-VolDown,weekBarLowChangeLT-2,brokenToday,##longDownTrend-2-IndexNotDownLastDay(checkBase),",1.3213872108587468,1,1,0
"PCTChangeLT-2,year2Low,_LTGT1.5_,,,weekBarLowChangeLT-2,MayBuyCheckChart-(IndexNotUpInSecondHalf),",0.6550053187779125,1,1,0
"PCTChangeLT-5,_HTGT1.5_,,,VOL:buy-UpVol-3dayDown-Week2Low,##MANegative_Downtrend_(LT-2),##MA-SMA200LT0SMA100LT0,",-1.678575788225443,1,0,1
"PCTChangeGT2,,,,volSellReversalLast2DayUp-VolDown,chisCheckConsolidationBreakoutLT(4.5),chisSell-2week-breakoutup,",-0.5978704025038277,1,0,1
"PCTChangeLT-2,,,,weekBarLowChangeLT-2,chisDownTrend-Risky-nearHigh,##(Check-chart-buy):YearHigh-InMinus,ReversalHighYear,",0.8036632736817925,3,3,0
"PCTChangeGT5,year2Low,_HTGT1.5_,,,chisBuyDayHighVolLow-0,volSellReversalLast2DayUp-VolDown,##last2DayHighGT3-M3HLT0,",-8.723137369131999,1,0,1
"PCTChangeLT-5,_HTGT1.5_,,,##MANegative_Downtrend_(LT-2),##MA-SMA200LT0SMA100LT0,##last2DayLow(LT-3)-M3LLT0,chisSellDayLowVolLow-0,",1.8105654372382423,1,1,0
"PCTChangeLT-2,_HTGT3.0__LTGT3.0__HTGTPCTDayChange__LTGTPCTDayChange_,,,##MANegative_Downtrend_(LT-2),##MA-SMA200LT0SMA100LT0,",6.180368114845815,1,1,0
"PCTChangeGT1,,,,volBuyVolumeUpsergedLast2n3DayDown,(GLOBALFUTUP-UPTRENDMARKET)checkBuyConsolidationBreakUp-week2-highNotReachedWeek3,week2BarHighChangeGT0,weekHighGTweek2High,brokenToday,",0.6574786372050987,1,1,0
"PCTChangeGT3,,,,volSellVolumeUpsergedLast2n3DayDown,weekBarHighChangeGT2,brokenToday,",-0.33280829457306654,16,3,13
"PCTChangeLT-1,,,,%%:checkBuyRevarsalLast3DayDownAtMonth3High,",1.9655518384586281,9,8,1
"PCTChangeLT-1,_HTGT3.0__LTGT1.5__HTGTPCTDayChange__LTGTPCTDayChange_,,,##MAPositive_Uptrend(LT-1),##MA-SMA200LT0SMA100LT0,",-0.07984411718126452,1,0,1
"PCTChangeLT-2,_HTGT1.5_,,,(GLOBALFUTDOWN-DOWNTRENDMARKET)checkSellConsolidationBreakDown-week2-lowNotReachedWeek3,week2BarLowChangeLT0,chisDownTrend-Risky-nearHigh,##DOWNTREND:sellYear2HighReversal(InDownTrend),##(Check-chart-buy):month3High-InMinus,ReversalHighMonth3,",-4.569892473118269,1,0,1
"PCTChangeGT2,,,,weekBarHighChangeGT2,brokenToday,##(Check-chart):year2High-InPlus,",0.054777149423926336,2,1,1
"PCTChangeLT-3,,,,VOL:buy-UpVol-3dayDown-Week2Low,##MANegative_Downtrend_(LT-2),##MA-SMA200LT0SMA100LT0,##last2DayLow(LT-3)-M3LGT0,",-2.7496672350246127,2,0,2
"PCTChangeLT-3,_LTGT1.5_,,,%%checkCupDown-2dayDown-continue,chisDownTrend-Risky-nearHigh,",0.9913185505612588,1,1,0
"PCTChangeLT-5,_HTGT3.0__LTGT1.5_,,,volBuyReversalLast2DayDown-VolDown,chisBuyDayLowVolLow-0,",-4.828569684709831,1,0,1
"PCTChangeGT1,,,,chisUpTrend-Risky-nearLow,(SMA9GT0),",2.973353745726683,1,1,0
"PCTChangeGT0.5,_LTGT3.0_,,,chisBuyYearHigh-3,",1.9654501735700391,3,3,0
"PCTChangeLT-3,_HTGT1.5__LTGT3.0__HTGTPCTDayChange__LTGTPCTDayChange_,,,chisSellDownTrend-nearHigh,",0.14875411987305293,1,1,0
"PCTChangeGT0.5,PCDayChange-0.5to0.5,_LTGT1.5_,,,buyPatternsML,chisBuyYearHigh-3,",1.723713345184158,1,1,0
"PCTChangeLT-2,_HTGT3.0_,,,%%HLTF:(UPTREND-MorningTrend-UP)mayBuyTail-highTailGT2-7,10thDayGT10-Last2DayStockDown,volSellContinueLast2DayDown-VolUp,chisSellFinalCandidate-4,##sellTenDaysMoreThanTen,",0.15236261064914164,1,1,0
"PCTChangeGT5,_LTGT1.5_,,,chisSellYear2LowLT-40-last4DayDown(triggerAfter-9:15),##UPTREND:buyYear2LowReversal(Confirm),",-1.2689072338577423,1,0,1
"PCTChangeGT5,year2Low,,,,volumeUpsergedLast2n3n4DayDown,chisFinalBreakOutBuy-1test-atYearLow,",-0.9654099341711542,1,0,1
"PCTChangeGT3,,,,chisBuyUpTrend-nearLow,##buyTenDaysLessThanMinusTen,",-2.5490196078431415,1,0,1
"PCTChangeGT1,,,,week2BarHighChangeGT0,weekHighGTweek2High,",0.3991135765911714,44,22,22
"PCTChangeGT3,,,,(GLOBALFUTUP-UPTRENDMARKET)checkBuyConsolidationBreakUp-week2-highNotReachedWeek3,week2BarHighChangeGT2,##MAPositive_Uptrend(GT4.5),##MA-SMA200GT0SMA100GT0,",-1.849444648147086,1,0,1
"PCDCGT0PCTChangeLT-1,_HTGT3.0__LTGT3.0__HTGTPCTDayChange_,,,##MA-SMA200LT0SMA100LT0,",9.606745001975085,1,1,0
"PCTChangeGT1,,,,%%:checkSell:lastDayLT(-4.5),",-0.37633971074148687,1,0,1
"PCTChangeGT0,_HTGT1.5_,,,%%:checkSell:Super0,",0.06397366780181879,1,1,0
"PCTChangeGT3,,,,volumeUpsergedLast2n3n4DayDown,volBuyContinueLast2DayUp-VolUp,chisCheckConsolidationBreakoutLT(4.5),week2BarHighChangeGT2,brokenToday,",0.320243709700069,1,1,0
"PCTChangeGT0.5,_HTGT1.5__LTGT3.0_,,,%%HLTF-Last2LowTail:(DOWNTREND)sellHighLowerTailPre-1,##MANegative_Downtrend_(GT0),##MA-SMA200LT0SMA100LT0,",1.4127999390636505,1,1,0
"PCTChangeGT12,_HTGT3.0_,,,##MAPositive_Uptrend(GT4.5),##MA-SMA200GT0SMA100GT0,",-0.5088936958206374,4,1,3
"PCTChangeLT-0.5,_LTGT3.0_,,,volBuyReversalLast2DayDown-VolUp,chisDownTrend-Risky-nearHigh,",-5.82857142857143,1,0,1
"PCTChangeLT-0.5,_LTGT1.5_,,,##ML:buyRisingMA-down-0,",-0.9221937196055475,1,0,1
"PCTChangeLT-3,,,,checkCupDown-month3HighLTmonth3Low,bar_low,##DOWNTREND:sellMonth3High(InDownTrend),##(Check-chart-buy):month3High-InMinus,NearHighMonth3,",-0.6569258730707279,1,0,1
"PCTChangeLT-0.5,PCDayChange-0.5to0.5,_LTGT1.5_,,,##ML:BuyRisingMA-Risky-2,",4.809535304759805,1,1,0
"PCTChangeLT-3,_HTGT1.5_,,,(GLOBALFUTDOWN-DOWNTRENDMARKET)checkSellConsolidationBreakDown-week2-lowNotReachedWeek3,week2BarLowChangeLT0,(SMA9LT0),##(Check-chart-buy):month3High-InMinus,ReversalHighMonth3,",-3.679356072929072,1,0,1
"PCDCGT0PCTDayChangeLT0,PCDayChange-0.5to0.5,year2Low,_LTGT1.5_,,,buyMorningStar-(checkChart),",-0.61001961684132,1,0,1
"PCTChangeGT1,year2High,_LTGT1.5_,,,volSellReversalLast2DayUp-VolUp,",-0.21296532481526062,1,0,1
"PCTDayChangeLT0,,,,(SMA9GT0),mayBuyFromSellPattern-GT1.8,##MA-SMA200LT0SMA100GT0,",6.811418280238475,1,1,0
"PCTChangeLT-3,_HTGT1.5_,,,weekBarLowChangeLT-2,chisDownTrend-Risky-nearHigh,##DOWNTREND:sellYear2HighReversal(InDownTrend),##last2DayLow(LT-3)-M3LGT0,##(Check-chart-buy):YearHigh-InMinus,ReversalHighYear,",2.4834417527721855,1,1,0
"PCTChangeLT-0.5,_LTGT1.5_,,,chisSell:Super03-monthLow,chisBuyMorningStar-1(NotUpSecondHalfAndUp2to3),",-3.3625730994151914,1,0,1
"PCDCGT0PCTDayChangeLT0,,,,##RisingMA(Test)(check-chart-buy)-1DayUp,",0.11193502590396709,4,3,1
"PCTChangeLT-3,,,,checkSellConsolidationBreakDown-month3HighGTMonth3Low,chisDownTrend-Risky-nearHigh,##(Check-chart-buy):YearHigh-InMinus,ReversalHighYear,",1.8633580649760058,1,1,0
"PCTChangeLT-2,_LTGT1.5_,,,##MA-SMA200LT0SMA100LT0,",-5.508980208528253,1,0,1
"PCTChangeGT3,_HTGT1.5_,,,volSellVolumeUpsergedLast2n3DayDown,",-0.09428947882581928,8,2,6
"PCTChangeLT-3,,,,VOL:buy-UpVol-3dayDown-Week2Low,##DOWNTREND:sellYear2HighReversal(InDownTrend),##last2DayLow(LT-3)-M3LGT0,",1.60266481215024,2,2,0
"PCTChangeLT-2,_HTGT1.5__LTGT1.5_,,,zigZagVolCrossedFromUp,",-1.0981734588230434,3,1,2
"PCTChangeGT0,_LTGT1.5_,,,%%:checkSell:lastDayLT(-4.5),",-0.346520710675778,3,2,1
"PCTChangeLT-5,year2High,,,,volBuyReversalLast2DayDown-VolDown,",0.4893819744181808,1,1,0
"PCTChangeLT-3,_LTGT1.5_,,,##ML:buyRisingMA-down-Risky,",-4.12594543423731,3,0,3
"PCTChangeGT0.5,_LTGT3.0_,,,chisSellDowningMA-(check5MinuteDownTrendAndSellDowntrend)-Already10DayDown,buyMorningStar-(checkChart),",1.4102564102564097,1,1,0
"PCTDayChangeLT0,_LTGT1.5_,,,%%HLTF:(GLOBAL-UP)buyHighLowerTail-LastDayMarketUp,(Test)(check-chart-2-3MidCapCross)MayBuyCheckChart-Risky,",-3.373799357768968,1,0,1
"PCTChangeGT2,,,,%%:checkSell:CupDownDoji,",0.3325610760084424,5,2,3
"PCTChangeLT-1,,,,volBuyReversalLast2DayDown-VolDown,##(Check-chart-buy):YearHigh-InMinus,ReversalHighYear,",0.8163989394619022,2,1,1
"PCTChangeLT-3,_HTGT1.5__HTGTPCTDayChange_,,,chisDownTrend-Risky-nearHigh,##(Check-chart-buy):month3High-InMinus,ReversalHighMonth3,",0.7689672009698265,1,1,0
"PCTChangeGT3,_HTGT3.0__HTGTPCTDayChange_,,,sellEveningStar-0,volumeUpsergedLast2n3n4DayDown,chisBuyEveningStar-0,",2.117082221155932,1,1,0
"PCTChangeGT1,PCDayChange-0.5to0.5,_LTGT1.5_,,,%%:checkSell:FlagWeek-doji,",-1.1452431739360436,1,0,1
"PCTChangeGT3,,,,volumeUpsergedLast2n3n4DayDown,chisCheckConsolidationBreakoutLT(4.5),(GLOBALFUTUP-UPTRENDMARKET)checkBuyConsolidationBreakUp-week2-highNotReachedWeek3,week2BarHighChangeGT2,weekHighGTweek2High,",-7.713575843029508,1,0,1
"PCTChangeLT-2,,,,volBuyReversalLast2DayDown-VolDown,##(check-chart)maySell-EMA6-MT-May-LT-EMA14,",-0.3107477432572421,2,1,1
"PCTChangeGT3,,,,##(Check-chart-sell):month3Low-InPlus,ReversalLowMonth3,chisUpTrend-Risky-nearLow,chisCheckConsolidationBreakoutLT(4.5),weekBarHighChangeGT2,##UPTREND:buyMonth3LowReversal(Confirm),",-0.12711864406778714,1,0,1
"PCTChangeLT-2,,,,checkCupDown-2dayDown,##DOWNTREND:sellYear2HighReversal(InDownTrend),",1.9989080158973356,1,1,0
"PCTChangeGT3,year2High,_LTGT3.0_,,,%%HLTF-Risky:(GLOBAL-DOWN)sellHighLowerTail-Reversal-LastDayMarketUp,VOL:sell-UpVol-3dayUp-Week2High,",0.9374987694525,1,1,0
"PCTChangeGT5,,,,weekBarHighChangeGT5,brokenToday,",3.449692841631489,3,2,1
"PCTChangeGT0.5,_HTGT1.5__LTGT3.0__HTGTPCTDayChange__LTGTPCTDayChange_,,,chisSellDowningMA-(check5MinuteDownTrendAndSellDowntrend)-Already10DayDown,%%HLTF-Last2LowTail:(DOWNTREND)sellHighLowerTailPre-1,",-1.6528973263071296,1,0,1
"PCTChangeGT3,,,,##(Check-chart-sell):month3Low-InPlus,ReversalLowMonth3,chisBuyUpTrend-nearLow,##UPTREND:buyYearLowReversal(Confirm),",7.548773203821797,1,1,0
"PCDCGT0PCTChangeLT-1,PCDayChange-0.5to0.5,_HTGT1.5_,,,chisSellFlagWeek-doji-Risky,",0.9219330513627918,3,3,0
"PCTChangeLT-1,,,,(Test)MayBuy-CheckChart(upTrend-lastDayDown),",-0.0853528655820627,70,31,39
"PCTChangeGT0.5,_HTGT1.5__HTGTPCTDayChange_,,,buyYearHigh-0,",-0.3726055538252948,5,3,2
"PCTChangeGT1,year2High,_HTGT1.5__LTGT3.0__LTGTPCTDayChange_,,,volSellReversalLast2DayUp-VolUp,",-0.23676052996827218,1,0,1
"PCTChangeLT-2,,,,checkCupDown-near2WeekDown-mayReveresalBuy,weekBarLowChangeLT-2,##DOWNTREND:sellYear2HighReversal(InDownTrend),##(Check-chart-buy):month3High-InMinus,ReversalHighMonth3,",-0.015760111098964268,1,0,1
"PCTChangeGT0.5,PCDayChange-0.5to0.5,_HTGT1.5_,,,##MAPositive_Uptrend(GT0),##MA-SMA200LT0SMA100GT0,",4.393952436457113,2,2,0
"PCTChangeLT-5,,,,%%:checkSell:FlagWeek,##last2DayLow(LT-3)-M3LGT0,chisSellDayLowVolLow-0,",-3.729156087566996,1,0,1
"PCTChangeGT2,,,,checkBuyConsolidationBreakUp-2week,week2BarHighChangeGT0,brokenToday,chis-breakoutup-2week,",1.292055933504379,1,1,0
"PCTChangeGT0,PCDayChange-0.5to0.5,,,,##MANegative_Downtrend_(GT0),##MA-SMA200LT0SMA100LT0,",-0.9221327253581251,1,0,1
"PCTChangeLT-2,_HTGT1.5_,,,##(Test)(Check-chart-sell):year2Low-InMinus,",1.2987012987012987,1,1,0
"PCTChangeGT2,_HTGT1.5__HTGTPCTDayChange_,,,%%HLTF-Risky9:30:maySellTail-tailGT2-7,10thDayGT15,%%:sellUpTrend-month3High,",0.6300671352392262,1,1,0
"PCTChangeGT5,year2High,,,,VOL:sell-UpVol-3dayUp-Week2High,",0.46891496728979826,11,7,4
"PCTChangeGT2,_HTGT1.5_,,,##buyTenDaysLessThanMinusTen,",4.336876004017797,2,1,1
"PCTChangeLT-1,,,,chisDownTrend-Risky-nearHigh,##(Check-chart-buy):YearHigh-InMinus,ReversalHighYear,",-0.07691134285732909,58,26,32
"PCTChangeGT0.5,,,,(Test)MaySell-CheckChart(downTrend-lastDayUp),",0.34573663434744073,14,9,5
"PCTDayChangeLT0,PCDayChange-0.5to0.5,_HTGT1.5_,,,%%HLTF-LastDayUp:(DOWNTREND-OR-GLOBALDOWN)MaySellHighTail-LastDayMarketUp,(SMA9LT0),",-0.2868405424327416,2,1,1
"PCTChangeGT2,_HTGT1.5_,,,(Test)MaySell-CheckChart(downTrend-lastDayUp),##MANegative_Downtrend_(GT2),##MA-SMA200GT0SMA100LT0,",-3.2179453472003057,1,0,1
"PCTChangeGT2,,,,chis-breakoutup-2week,chisBuy-2week-breakoutup,",2.388856122374073,1,1,0
"PCDCLT0PCTChangeGT1,_HTGT1.5__LTGT1.5__HTGTPCTDayChange__LTGTPCTDayChange_,,,%%HLTF-Risky9:30:maySellTail-tailGT2-7,10thDayGT15,",2.8331584470094437,1,1,0
"PCTChangeLT-1,_LTGT1.5_,,,(GLOBALFUTDOWN-DOWNTRENDMARKET)checkSellConsolidationBreakDown-week2-lowNotReachedWeek3,week2BarLowChangeLT-2,MayBuyCheckChart-(IndexNotUpInSecondHalf),",-2.017937219730939,1,0,1
"PCTChangeLT-2,_HTGT1.5_,,,##MANegative_Downtrend_(LT-1),##MA-SMA200GT0SMA100LT0,",-2.0873784993176305,2,1,1
"PCDCGT0PCTDayChangeLT0,PCDayChange-0.5to0.5,_LTGT1.5_,,,chisSellSuper-Risky,-+,",0.9040907350929084,4,2,2
"PCTChangeLT-2,PCDayChange-0.5to0.5,,,,%%:checkSell:Super01-monthLow,",-3.47794708609523,2,0,2
"PCDCGT0PCTChangeLT-3,_LTGT3.0_,,,buyYearHigh-0,",-5.030196185273261,1,0,1
"PCTChangeGT3,_LTGT1.5_,,,%%ACU:buyContinueLast2DayHighGT4,##MAPositive_Uptrend(GT4.5),##MA-SMA200GT0SMA100GT0,##last2DayHighGT3-M3HLT0,",2.705665044418408,1,1,0
"PCTChangeGT12,,,,volBuyContinueLast2DayUp-VolUp,##MAPositive_Uptrend(GT4.5),##MA-SMA200LT0SMA100GT0,",1.7988290462503331,1,1,0
"PCTChangeLT-0.5,PCDayChange-0.5to0.5,_HTGT1.5__LTGT3.0_,,,shortDownTrendBuyReversal-Month3Low-Doji-Last2DayLTToday,",-3.1355238313020277,1,0,1
"PCTChangeLT-8,PCDayChange-0.5to0.5,_HTGT3.0_,,,##MA-SMA200LT0SMA100LT0,",0.2370568274428094,1,1,0
"PCDCGT0PCTChangeLT-1,PCDayChange-0.5to0.5,_LTGT1.5_,,,chisBuyYearHigh-1,",-0.6504325333707679,1,0,1
"PCTChangeLT-8,_HTGT3.0__LTGT3.0__HTGTPCTDayChange__LTGTPCTDayChange_,,,##MANegative_Downtrend_(LT-1),##MA-SMA200LT0SMA100LT0,",3.955420687650838,2,2,0
"PCDCGT0PCTChangeLT-1,_HTGT1.5__LTGT3.0__LTGTPCTDayChange_,,,%%HLTF:(GLOBAL-DOWN)sellHighLowerTail-Reversal-LastDayMarketUp,##MA-SMA200LT0SMA100GT0,",-0.879996744791663,1,0,1
"PCTChangeGT3,_LTGT1.5_,,,VOL:sell-UpVol-3dayUp-Week2High,##MAPositive_Uptrend(GT4.5),##MA-SMA200GT0SMA100GT0,",-2.755699129644956,1,0,1
"PCTChangeGT2,_LTGT1.5_,,,chisBuyYearHigh-3,",-0.18873068611522778,16,7,9
"PCTChangeLT-3,_HTGT1.5_,,,(GLOBALFUTDOWN-DOWNTRENDMARKET)checkSellConsolidationBreakDown-week2-lowNotReachedWeek3,week2BarLowChangeLT0,chisDownTrend-Risky-nearHigh,##DOWNTREND:sellMonth6HighReversal(InDownTrend),##last2DayLow(LT-3)-M3LGT0,##(Check-chart-buy):month3High-InMinus,ReversalHighMonth3,",4.5628019414442305,1,1,0
"PCTChangeLT-2,,,,chisDownTrend-Risky-nearHigh,##DOWNTREND:sellMonth3HighReversal(InDownTrend),##(Check-chart-buy):month3High-InMinus,ReversalHighMonth3,##(check-chart)maySell-EMA6-MT-May-LT-EMA14,",0.1604942365613695,3,1,1
"PCTChangeLT-3,,,,checkCupDown-near2WeekDown-mayReveresalBuy,(GLOBALFUTDOWN-DOWNTRENDMARKET)checkSellConsolidationBreakDown-week2-lowNotReachedWeek3,week2BarLowChangeLT0,##DOWNTREND:sellYear2HighReversal(InDownTrend),##last3DayLow(LT-3)-M3LGT0,volBuyRevarsalVolCrossed,%%:checkBuyRevarsalLast3DayDownAtMonth3High,##(Check-chart-buy):month3High-InMinus,ReversalHighMonth3,",1.8295516612290093,1,1,0
"PCTChangeGT0.5,_LTGT1.5_,,,%%:checkSell:Super2,",-0.7529019690333966,6,2,4
"PCTChangeLT-2,_HTGT1.5_,,,##MA-SMA200LT0SMA100LT0,",2.5713307024951377,3,3,0
"PCTChangeLT-0.5,PCDayChange-0.5to0.5,_LTGT1.5_,,,##MANegative_Downtrend_(LT0),##MA-SMA200GT0SMA100LT0,",6.386553339597555,1,1,0
"PCDCGT0PCTDayChangeLT0,_HTGT1.5__LTGT1.5_,,,%%HLTF-Last2LowTail:(DOWNTREND)sellHighLowerTailPre-1,$$MaySellContinue-CheckChart(inuptrend-monthlow)-highTail,",-1.1156835708898778,1,0,1
"PCTChangeGT3,,,,shortUpTrendSellReversal-MonthHigh,checkBuyConsolidationBreakUp-2week,week2BarHighChangeGT0,brokenToday,",0.4060534530064204,1,1,0
"PCTChangeGT0.5,PCDayChange-0.5to0.5,_LTGT3.0_,,,##MAPositive_Uptrend(GT0),##MA-SMA200GT0SMA100GT0,",-0.5463830782340907,1,0,1
"PCTChangeGT1,_HTGT1.5__HTGTPCTDayChange_,,,volBuyVolumeUpsergedLast2n3DayDown,",0.2727281287270973,1,1,0
"PCTChangeGT2,,,,volSellReversalLast2DayUp-VolDown,",-0.052984688150196864,57,24,33
"PCTChangeGT1,year2High,_HTGT1.5_,,,volBuyContinueLast2DayUp-VolUp,weekBarHighChangeGT0,",0.9837390930671949,1,1,0
"PCTChangeGT1,,,,%%HLTF:(GLOBAL-SGX-DOWN)maySellTail-2,3,4thDayGT0,shortUpTrendSellReversal-MonthHigh,",-1.432997523669261,1,0,1
"PCTChangeLT-2,,,,##MANegative_Downtrend_(LT-2),##MA-SMA200LT0SMA100LT0,##DOWNTREND:sellMonth6LowBreak,%%:buyDownTrend-month3Low,",2.21854359189897,1,1,0
"PCTChangeGT0,PCDayChange-0.5to0.5,,,,shortUpTrendBuyContinue-Doji-Last2DayGTToday,##MAPositive_Uptrend(GT0),##MA-SMA200LT0SMA100LT0,",-2.1513430983001194,2,0,2
"PCTChangeGT0,PCDayChange-0.5to0.5,_HTGT3.0_,,,%%:checkBuyContinue:CupDownDoji-last2dayUp,",-1.1716321751657093,2,0,2
"PCTChangeLT-2,_LTGT1.5_,,,(GLOBALFUTDOWN-DOWNTRENDMARKET)checkSellConsolidationBreakDown-week2-lowNotReachedWeek3,week2BarLowChangeLT0,MayBuyCheckChart-(IndexNotUpInSecondHalf),$$MayBuy-CheckChart(monthLow-minimumLast4DayDown),",-1.0097684525425392,1,0,1
"PCTChangeLT-3,,,,volBuyReversalLast2DayDown-VolDown,##ML:BuyRisingMA-Risky-1,",5.568139048641836,1,1,0
"PCTChangeLT-12,_LTGT3.0_,,,volSellContinueLast2DayDown-VolUp,##MANegative_Downtrend_(LT-4.5),##MA-SMA200GT0SMA100GT0,",-1.791911042494581,1,0,1
"PCTChangeLT-1,_HTGT3.0__HTGTPCTDayChange_,,,##(Test):buyRisingMA-uptrend-SMA25gt0,",2.8640169207554234,2,1,1
"PCTChangeGT2,PCDayChange-0.5to0.5,_HTGT3.0_,,,%%HLTF-Last2HighTail:(UPTREND)buy(DOWNTREND)sell:HighUpperTailPre-last2DayUp,%%HLTF:maySellTail-tailGT2-7,10thDayGT20,%%HLTF:(UPTREND-GLOBAL/SGX-UP)BuyHighUpperTail-Reversal-7,10thDayGT15-LastDayMarketDown,",-0.39412614814048014,1,0,1
"PCTChangeGT2,_HTGT1.5_,,,MaySellCheckChart-(IndexNotDownInSecondHalf),chisCheckConsolidationBreakoutLT(4.5),",-1.2711864406779758,1,0,1
"PCTChangeGT3,,,,volSellRevarsalVolCrossed,##(check-chart)mayBuy-EMA6-LT-May-MT-EMA14,",0.29695187429044717,1,1,0
"PCTChangeGT1,_HTGT1.5__LTGT1.5_,,,%%:checkSell:FlagWeek-doji,chisBuyUpTrend-nearLow,",-3.6430816095155056,1,0,1
"PCTChangeGT0,_HTGT1.5__HTGTPCTDayChange_,,,buyYearHigh-0,",-1.177508463164145,5,0,5
"PCDCLT0PCTChangeGT0,PCDayChange-0.5to0.5,,,,%%:sellDowntrend-lastDayDown-ReversalHighTail,",2.5235877846771877,1,1,0
"PCTChangeLT-1,,,,volumeUpsergedLast2n3n4DayUp,",-0.9340886381757096,7,1,6
"PCTChangeLT-3,,,,%%HLTF-Last2DayMarketDown:(GLOBAL-UP)buyHighUpperTailPre1-Reversal-LastDayMarketDown,chisDownTrend-Risky-nearHigh,##(Check-chart-buy):month6High-InMinus,ReversalHighMonth6,",-0.36765060590160703,2,1,1
"PCTChangeGT0.5,,,,week2BarHighChangeGT0,weekHighGTweek2High,brokenToday,",1.4773454098954477,2,1,1
"PCTChangeLT-2,,,,weekBarLowChangeLT-2,brokenToday,chisDownTrend-Risky-nearHigh,##(Check-chart-buy):YearHigh-InMinus,ReversalHighYear,",0.40514236300131773,3,2,1
"PCTChangeGT3,_HTGT1.5_,,,##(Check-chart-sell):month3Low-InPlus,ReversalLowMonth3,chisUpTrend-Risky-nearLow,##UPTREND:buyMonth3LowReversal(Confirm),",0.6631070806945555,4,2,2
"PCTChangeGT2,,,,sellHeavyUpTrend-Reversal,",1.7332380159638796,2,1,1
"PCTChangeLT-3,,,,volSellContinueLast2DayDown-VolUp,chisDownTrend-Risky-nearHigh,##DOWNTREND:sellYear2HighReversal(InDownTrend),",0.2178534445672208,5,2,3
"PCTChangeGT2,,,,chisCheckConsolidationBreakout2WeekLT(4.5),(GLOBALFUTUP-UPTRENDMARKET)checkBuyConsolidationBreakUp-week2-highNotReachedWeek3,week2BarHighChangeGT0,brokenToday,",0.2791919482339336,1,1,0
"PCTChangeGT1,,,,##MANegative_Downtrend_(GT2),##MA-SMA200LT0SMA100LT0,chisBuyFinalCandidate-3,",-3.039103253433902,1,0,1
"PCTChangeGT0,PCDayChange-0.5to0.5,,,,%%:checkSell:Super2,-+,",0.8980460099440647,13,9,4
"PCTChangeGT1,_LTGT3.0_,,,%%HLTF:(SGXNIFTYUP)buyHighLowerTail-Continue,maySellFromBuyPattern-LT-1.8,",-6.770311140033587,1,0,1
"PCTChangeGT5,year2Low,_HTGT1.5_,,,chisSellYear2LowLT-40-last3DayDown(triggerAfter-9:15),chisSellYear2LowContinue,",-4.454549153645834,1,0,1
"PCTChangeLT-0.5,_HTGT1.5_,,,##MAPositive_Uptrend(LT-1),##MA-SMA200LT0SMA100GT0,",2.135448523695816,1,1,0
"PCTChangeGT2,year2High,_HTGT1.5__LTGT1.5__HTGTPCTDayChange__LTGTPCTDayChange_,,,%%:sellUpTrend-month3High,",-1.5405648109719954,3,0,3
"PCTChangeGT3,year2High,,,,volumeUpsergedLast2n3n4DayDown,weekBarHighChangeGT0,brokenToday,",-1.8931237137081403,2,1,1
"PCTChangeGT3,_LTGT1.5_,,,%%HLTF:(SGXNIFTYUP)buyHighLowerTail-Continue,vol-sell-DownVol-3dayUp-Week2High,##MAPositive_Uptrend(GT1),##MA-SMA200GT0SMA100GT0,",-0.9471338751032489,1,0,1
"PCTChangeGT0,_HTGT1.5_,,,shortUpTrendBuyContinue-Doji-Last2DayGTToday,##RisingMA(check-chart-sell)-MaySellCheckChart,",0.815791079872533,1,1,0
"PCTChangeGT3,_LTGT1.5_,,,##lastDayHighGT5TodayGT1,",-0.12105346358065724,8,5,3
"PCTChangeLT-3,_LTGT1.5_,,,volSellContinueLast2DayDown-VolUp,chisSellDownTrend-nearHigh,##(Check-chart-buy):YearHigh-InMinus,NearHighYear,",2.321724709784414,1,1,0
"PCTChangeLT-2,PCDayChange-0.5to0.5,_HTGT3.0_,,,%%HLTF-Last2HighTail:(DOWNTREND)sell(UPTREND)buy:HighUpperTailPre,",-1.3306845115505939,2,1,1
"PCTChangeLT-5,_HTGT1.5_,,,%%:checkSell:Flag2Week,volBuyReversalLast2DayDown-VolDown,",0.18364376122596776,1,1,0
"PCTChangeGT3,,,,weekBarHighChangeGT2,chisBuy-2week-breakoutup(check-chart)(|-|-| or --|),##last2DayHighGT3-M3HLT0,",0.4205277617155363,3,2,1
"PCTChangeLT-12,_HTGT1.5__LTGT1.5_,,,##MANegative_Downtrend_(LT-4.5),##MA-SMA200GT0SMA100LT0,",5.388127853881283,1,1,0
"PCTChangeLT-12,,,,maySellHighVolatileDownContinueLT-8,##MANegative_Downtrend_(LT-4.5),##MA-SMA200LT0SMA100LT0,zigZagVolCrossedFromUp,",-6.249999999999991,1,0,1
"PCTChangeLT-3,_LTGT1.5_,,,##sellTenDaysMoreThanTen,##MAPositive_Uptrend(LT-2),##MA-SMA200GT0SMA100GT0,",-1.07590197108644,5,1,4
"PCTChangeGT1,,,,weekBarHighChangeGT0,brokenToday,chisBuyYearHigh-3,",0.11318694419038675,10,6,4
"PCTChangeGT2,,,,volBuyContinueLast2DayUp-VolUp,chisCheckConsolidationBreakoutLT(4.5),(GLOBALFUTUP-UPTRENDMARKET)checkBuyConsolidationBreakUp-week2-highNotReachedWeek3,week2BarHighChangeGT0,brokenToday,chisSell-2week-breakoutup,",-0.7830348159327662,1,0,1
"PCDCGT0PCTDayChangeLT0,,,,(SMA9LT0),maySellFromBuyPattern-LT-1.8,",-4.233621755253409,1,0,1
"PCTChangeLT-3,,,,volBuyReversalLast2DayDown-VolDown,##ML:buyRisingMA-down-Risky,",-2.0214147355128156,1,0,1
"PCTChangeGT1,,,,volBuyVolumeUpsergedLast2n3DayDown,volBuyContinueLast2DayUp-VolUp,##(Check-chart)sellMonth3High-Continue,",-1.5689298134491503,1,0,1
"PCTChangeLT-1,PCDayChange-0.5to0.5,,,,chisSell:Super03-monthLow,(SMA9LT0),",-2.002616203268161,1,0,1
"PCTChangeLT-3,,,,(GLOBALFUTDOWN-DOWNTRENDMARKET)checkSellConsolidationBreakDown-week2-lowNotReachedWeek3,week2BarLowChangeLT-5,weekLowLTweek2Low,##last2DayLow(LT-3)-M3LGT0,",-2.4124861317817583,4,0,4
"PCTChangeLT-1,,,,volSellVolumeUpsergedLast2n3DayUp,volSellContinueLast2DayDown-VolUp,chisSellDownTrend-nearHigh,",0.4552075645361734,1,1,0
"PCTChangeLT-3,_LTGT1.5_,,,volSellContinueLast2DayDown-VolUp,weekBarLowChangeLT-2,brokenToday,chisDownTrend-Risky-nearHigh,##(Check-chart-buy):YearHigh-InMinus,ReversalHighYear,",1.9721425523506284,1,1,0
"PCTChangeLT-3,_HTGT1.5_,,,%%HLTF:(UPTREND-MorningTrend-UP)mayBuyTail-highTailGT2-7,10thDayGT10-Last2DayStockDown,volSellContinueLast2DayDown-VolUp,chisSellFinalCandidate-4,",3.3184243689033552,1,1,0
"PCTChangeLT-5,,,,chisDownTrend-Risky-nearHigh,chisSellDayLowVolLow-0,",-3.2785184817864006,1,0,1
"PCDCLT0PCTChangeGT0,_LTGT1.5_,,,##RisingMA(check-chart-buy)-MayBuyCheckChart,",3.360736759318498,5,4,1
"PCTChangeGT2,_HTGT1.5_,,,week2BarHighChangeGT0,weekHighGTweek2High,",-1.3612026408774103,2,0,2
"PCTChangeLT-2,_HTGT3.0__HTGTPCTDayChange_,,,##DOWNTREND:sellYear2HighReversal(InDownTrend),##(Check-chart-buy):YearHigh-InMinus,ReversalHighYear,",-0.09445375960484388,1,0,1
"PCTDayChangeLT0,PCDayChange-0.5to0.5,_HTGT1.5_,,,chisSellSuper-Risky,--,%%HLTF-LastDayUp:(DOWNTREND-OR-GLOBALDOWN)MaySellHighTail-LastDayMarketUp,",-0.7705230539887037,1,0,1
"PCTChangeGT0.5,_HTGT1.5_,,,chisBuyYearHigh-3,",-0.06253222369057522,22,10,12
"PCTChangeLT-2,_HTGT1.5_,,,volSellContinueLast2DayDown-VolUp,##ML:buyRisingMA-down-Risky,",-4.1895231403912,1,0,1
"PCTChangeLT-3,_LTGT1.5_,,,chisSellDownTrend-nearHigh,##(Check-chart-buy):YearHigh-InMinus,NearHighYear,",-1.336606628746708,6,1,5
"PCTChangeLT-5,_LTGT1.5_,,,##last2DayLow(LT-3)-M3LGT0,",0.40461380397802155,15,11,4
"PCTChangeGT1,PCDayChange-0.5to0.5,_HTGT1.5_,,,(SMA9GT0),",-0.12986814820919482,1,0,1
"PCTChangeLT-2,_LTGT1.5_,,,##longDownTrend-1-IndexNotDownLastDay(checkBase),zigZagVolCrossedFromUp,",4.883176144038399,1,1,0
"PCTChangeGT0.5,_HTGT3.0__LTGT1.5_,,,%%:checkSell:CupDownDoji,",-1.89873417721519,1,0,1
"PCDCLT0PCTChangeGT0,PCDayChange-0.5to0.5,_HTGT1.5_,,,%%HLTF-Last2HighTail:(DOWNTREND)sellHighUpperTailPre,%%HLTF:(UPTREND-MorningTrend-UP)mayBuyTail-highTailGT2-7,10thDayGT10-Last2DayStockDown,",0.49889644441444264,1,1,0
"PCTChangeLT-2,,,,weekBarLowChangeLT-2,chisDownTrend-Risky-nearHigh,",0.3193365624988888,14,8,6
"PCTChangeLT-5,,,,volSellContinueLast2DayDown-VolUp,chisSellDownTrend-nearHigh,",5.7748492107090295,1,1,0
"PCTChangeLT-5,_HTGT3.0__LTGT3.0_,,,##MANegative_Downtrend_(LT-4.5),##MA-SMA200GT0SMA100LT0,",6.795530547109192,1,1,0
"PCTChangeLT-8,_LTGT1.5_,,,(GLOBAL-DOWN)maySellContinueHighVolatileLastDayDOWN-PCT10GT0-(LT-8),volBuyReversalLast2DayDown-VolDown,",3.862066159303152,1,1,0
"PCTChangeGT2,_LTGT3.0_,,,##MANegative_Downtrend_(GT1),##MA-SMA200LT0SMA100LT0,",-2.3779735535856705,2,1,1
"PCTChangeLT-1,,,,checkCupDown-month3HighLTmonth3Low,bar_low,##(Check-chart-buy):month3High-InMinus,NearHighMonth3,",3.3775088601092538,1,1,0
"PCTChangeLT-5,,,,%%:checkSell:FlagWeek,",-2.5906735751295416,1,0,1
"PCTChangeGT5,_LTGT1.5_,,,##lastDayHighGT5TodayGT1,",0.3089845180511467,2,1,1
"PCDCGT0PCTChangeLT-1,_HTGT3.0__LTGT1.5_,,,%%HLTF-Last2LowTail:(DOWNTREND)sellHighLowerTailPre-1,##MANegative_Downtrend_(GT0),##MA-SMA200LT0SMA100LT0,",3.1666692097981874,1,1,0
"PCTChangeLT-3,,,,volumeUpsergedLast2n3n4DayUp,chisDownTrend-Risky-nearHigh,##DOWNTREND:sellMonth3HighReversal(InDownTrend),##last2DayLow(LT-3)-M3LGT0,",-0.5681818181818147,1,0,1
"PCTChangeGT1,,,,chisSellFlag2Week-doji-Risky,",-0.7311262507332857,6,1,5
"PCTChangeLT-3,,,,volBuyVolumeUpsergedLast2n3DayUp,weekBarLowChangeLT-2,chisDownTrend-Risky-nearHigh,##DOWNTREND:sellYear2HighReversal(InDownTrend),##last2DayLow(LT-3)-M3LGT0,##(Check-chart-buy):YearHigh-InMinus,ReversalHighYear,",-1.7054124779068753,1,0,1
"PCTChangeGT3,,,,volSellVolumeUpsergedLast2n3DayDown,weekBarHighChangeGT2,##MAPositive_Uptrend(GT2),##MA-SMA200LT0SMA100GT0,",-2.948486328125,1,0,1
"PCTChangeLT-2,,,,volSellVolumeUpsergedLast2n3DayUp,chisDownTrend-Risky-nearHigh,##(Check-chart-buy):YearHigh-InMinus,ReversalHighYear,",0.9667336573968656,1,1,0
"PCTChangeGT16,_HTGT3.0__LTGT3.0__LTGTPCTDayChange_,,,volumeUpsergedLast2n3n4DayDown,volBuyContinueLast2DayUp-VolUp,",1.7333314185049,1,1,0
"PCTChangeGT2,,,,##(Check-chart-sell):month3Low-InPlus,ReversalLowMonth3,chisUpTrend-Risky-nearLow,##(Test)buyBottomReversal-1,##UPTREND:buyYearLowReversal(Confirm),",-2.2950844686539495,1,0,1
"PCTChangeGT5,year2High,_HTGT1.5_,,,%%HLTF-Last2HighTail:(UPTREND)buy(DOWNTREND)sell:HighUpperTailPre-last2DayUp,chisBuyDayHighVolLow-0,##last3DayHighGT3-M3HGT0,",-2.0071365126016647,1,0,1
"PCTChangeGT2,,,,volumeUpsergedLast2n3n4DayDown,(GLOBALFUTUP-UPTRENDMARKET)checkBuyConsolidationBreakUp-week2-highNotReachedWeek3,week2BarHighChangeGT0,brokenToday,",-0.3338011283620375,5,1,4
"PCTChangeGT5,year2High,_LTGT1.5_,,,##lastDayHighGT5TodayGT1,",-0.13590172220059457,1,0,1
"PCTChangeGT3,_HTGT3.0__HTGTPCTDayChange_,,,sellEveningStar-0,volumeUpsergedLast2n3n4DayDown,",-1.9200404991157205,2,0,2
"PCDCGT0PCTChangeLT-1,PCDayChange-0.5to0.5,_HTGT1.5__LTGT3.0_,,,%%:checkSell:CupDownDoji,",-2.967389977496619,1,0,1
"PCTChangeLT-1,,,,volSellContinueLast2DayDown-VolUp,(GLOBALFUTDOWN-DOWNTRENDMARKET)checkSellConsolidationBreakDown-week2-lowNotReachedWeek3,week2BarLowChangeLT0,##(Check-chart-buy):month3High-InMinus,ReversalHighMonth3,",-0.027399880661907926,5,3,2
"PCTChangeLT-2,,,,sellFinal1,",0.7864244541624872,2,2,0
"PCTChangeGT2,year2High,_HTGT1.5__HTGTPCTDayChange_,,,weekBarHighChangeGT0,brokenToday,",0.19230769230768752,1,1,0
"PCTChangeLT-3,,,,vol-buy-DownVol-3dayDown-Week2Low,week2BarLowChangeLT-2,weekLowLTweek2Low,##(Test)(Check-chart-sell):year2Low-InMinus,",-3.4371611178185892,1,0,1
"PCTChangeGT1,_LTGT1.5_,,,volumeUpsergedLast2n3n4DayDown,volBuyContinueLast2DayUp-VolUp,",-0.257357429055612,1,0,1
"PCTChangeGT2,year2High,_HTGT1.5_,,,MaySellCheckChart-(IndexNotDownInSecondHalf),volSellVolumeUpsergedLast2n3DayDown,",0.2684879141781645,2,2,0
"PCTChangeGT3,,,,chisUpTrend-Risky-nearLow,##(check-chart)sellEMA6>EMA14,##UPTREND:buyYear2LowReversal(Confirm),",-2.136651532009305,1,0,1
"PCTChangeLT-5,,,,%%HLTF-Last2DayMarketDown:(GLOBAL-UP)buyHighUpperTailPre1-Reversal-LastDayMarketDown,(GLOBALFUTDOWN-DOWNTRENDMARKET)checkSellConsolidationBreakDown-week2-lowNotReachedWeek3,week2BarLowChangeLT0,chisDownTrend-Risky-nearHigh,",-1.0894953508785297,1,0,1
"PCTChangeGT1,_LTGT1.5_,,,week2BarHighChangeGT0,##UPTREND:buyYear2LowReversal(Confirm),",-2.0399140148628057,1,0,1
"PCTChangeGT0,_LTGT1.5_,,,checkCupDown-lastDayUp,",-0.3076954377003276,1,0,1
"PCTChangeGT3,,,,##(Check-chart-sell):month3Low-InPlus,ReversalLowMonth3,chisCheckConsolidationBreakoutLT(4.5),##UPTREND:buyMonth3LowReversal(Confirm),",0.2929183674917344,2,1,1
"PCTChangeLT-2,,,,%%:check(UPTREND-UPMARKET)Buy(DOWNTRENDTREND-DOWNMARKET)Sell:Super01-monthLow,checkSellConsolidationBreakDown-2week,week2BarLowChangeLT0,brokenToday,",0.6194419231724176,1,1,0
"PCTChangeGT3,year2High,,,,chisCheckConsolidationBreakoutLT(4.5),(GLOBALFUTUP-UPTRENDMARKET)checkBuyConsolidationBreakUp-month,weekBarHighChangeGT2,",-1.4558185966034158,1,0,1
"PCDCGT0PCTDayChangeLT0,_HTGT1.5__LTGT3.0_,,,%%HLTF-Last2LowTail:(DOWNTREND)sellHighLowerTailPre-1,",-1.3489613576385477,2,0,2
"PCTChangeGT3,,,,weekBarHighChangeGT2,brokenToday,chisBuy-2week-breakoutup(check-chart)(|-|-| or --|),##MAPositive_Uptrend(GT2),##MA-SMA200GT0SMA100GT0,",5.543894343810537,1,1,0
"PCTChangeLT-2,_LTGT1.5_,,,checkCupDown-3dayDown,",0.7405202578478375,1,1,0
"PCTChangeGT3,_HTGT1.5__HTGTPCTDayChange_,,,MaySellCheckChart-(IndexNotDownInSecondHalf),",-0.17423241653671107,4,2,2
"PCTChangeLT-2,,,,chisDownTrend-Risky-nearHigh,##DOWNTREND:sellMonth3HighReversal(InDownTrend),",0.5413673646659477,3,1,2
"PCTChangeLT-3,,,,volSellContinueLast2DayDown-VolUp,chisDownTrend-Risky-nearHigh,##DOWNTREND:sellYear2HighReversal(InDownTrend),##(Check-chart-buy):month3High-InMinus,ReversalHighMonth3,",-0.8243660321805987,5,1,4
"PCTChangeLT-2,,,,chisSellDayLowVolLow-03-checkMorningTrend(.5SL),##(Check-chart-buy):YearHigh-InMinus,ReversalHighYear,",-2.685013883228686,1,0,1
"PCTChangeGT1,year2High,_HTGT1.5__HTGTPCTDayChange_,,,%%HLTF:(GLOBAL-SGX-DOWN)maySellTail-2,3,4thDayGT0,(Test)(check-chart-2-3MidCapCross)MaySellCheckChart-Risky,MaySellCheckChart-(IndexNotDownInSecondHalf),",0.08691997197286827,4,2,2
"PCTChangeLT-2,,,,chisSellFlagWeek-Risky,volBuyReversalLast2DayDown-VolDown,##sellTenDaysMoreThanTen,",4.410776465830179,1,1,0
"PCTChangeGT3,,,,chisUpTrend-Risky-nearLow,(GLOBALFUTUP-UPTRENDMARKET)checkBuyConsolidationBreakUp-week2-highNotReachedWeek3,week2BarHighChangeGT0,",0.24739016377736323,2,1,1
"PCTChangeLT-3,,,,weekBarLowChangeLT0,brokenToday,chisDownTrend-Risky-nearHigh,##DOWNTREND:sellYear2HighReversal(InDownTrend),##last2DayLow(LT-3)-M3LGT0,##(Check-chart-buy):YearHigh-InMinus,ReversalHighYear,",-1.730771830596239,1,0,1
"PCTChangeLT-1,_LTGT3.0_,,,chisDownTrend-Risky-nearHigh,##(Check-chart-buy):month3High-InMinus,ReversalHighMonth3,",-0.7756924219826671,2,1,1
"PCTChangeGT2,,,,%%:sellUpTrend-month3High,weekBarHighChangeGT0,brokenToday,",0.4782482144157652,7,3,4
"PCTChangeGT3,,,,##MAPositive_Uptrend(GT2),##MA-SMA200LT0SMA100LT0,",-0.8129797950572226,33,10,23
"PCTChangeGT3,_HTGT1.5_,,,chisBuyUpTrend-nearLow,##(Test)buyBottomReversal-1,##UPTREND:buyYear2LowReversal(Confirm),",-1.9401330376940276,1,0,1
"PCTChangeGT2,,,,week2BarHighChangeGT2,##UPTREND:buyMonth3LowReversal(Confirm),",-0.8625358212336072,1,0,1
"PCDCGT0PCTDayChangeLT0,_HTGT1.5__LTGT3.0_,,,##MANegative_Downtrend_(GT0),##MA-SMA200LT0SMA100LT0,",-0.37348233347198395,1,0,1
"PCTChangeGT0,PCDayChange-0.5to0.5,_LTGT1.5_,,,%%HLTF:(SGXNIFTYUP)buyHighLowerTail-Continue,##MAPositive_Uptrend(GT0),##MA-SMA200LT0SMA100LT0,",-3.1188133919593137,1,0,1
"PCTChangeLT-3,_LTGT1.5_,,,chisSell-smallUptrendReversal,%%HLTF:(GLOBAL-DOWN)sellHighLowerTail-Reversal-LastDayMarketUp,",3.627569439174019,1,1,0
"PCTChangeLT-3,PCDayChange-0.5to0.5,_HTGT1.5__LTGT1.5_,,,%%HLTF:(UPTREND-MorningTrend-UP)mayBuyTail-highTailGT2-7,10thDayGT10-Last2DayStockDown,",6.87999584056712,1,1,0
"PCTChangeLT-5,_LTGT1.5_,,,##MANegative_Downtrend_(LT-2),##MA-SMA200LT0SMA100LT0,chisSellDayLowVolLow-0,",5.572584268632634,1,1,0
"PCTChangeGT5,_HTGT1.5_,,,checkBuyConsolidationBreakout-allPreLT0,",3.3333333333333472,1,1,0
"PCTChangeLT-2,_HTGT1.5__LTGT1.5_,,,volBuyReversalLast2DayDown-VolDown,(GLOBALFUTDOWN-DOWNTRENDMARKET)checkSellConsolidationBreakDown-week2-lowNotReachedWeek3,week2BarLowChangeLT0,weekLowLTweek2Low,##(Check-chart-buy):month3High-InMinus,ReversalHighMonth3,",3.8076949905563184,1,1,0
"PCTChangeGT3,_HTGT1.5_,,,##(Check-chart-sell):month3Low-InPlus,ReversalLowMonth3,chisUpTrend-Risky-nearLow,##UPTREND:buyYear2LowReversal(Confirm),",-3.4235265395220558,1,0,1
"PCTChangeLT-2,_LTGT3.0_,,,chisDownTrend-Risky-nearHigh,buyMorningStar-HighLowerTail-(checkChart),",-2.8378151533924076,1,0,1
"PCTChangeGT5,,,,chisBuyDayHighVolLow-0,##MAPositive_Uptrend(GT4.5),##MA-SMA200GT0SMA100GT0,##last2DayHighGT3-M3HLT0,",-0.15533731034489565,1,0,1
"PCTChangeLT-8,_LTGT3.0_,,,(GLOBAL-DOWN)maySellContinueHighVolatileLastDayDOWN-PCT10GT0-(LT-8),",2.626939057464585,1,1,0
"PCTChangeGT1,,,,$$MaySell-CheckChart(monthHigh-minimumLast4DayUp),$$MaySell-CheckChart(downTrend-mayReverseLast4DaysUp)-Risky,weekBarHighChangeGT0,",-1.209804657589955,1,0,1
"PCTChangeLT-3,_HTGT3.0__HTGTPCTDayChange_,,,%%HLTF-Last2HighTail:(DOWNTREND)sell(UPTREND)buy:HighUpperTailPre,%%HLTF:maySellTail-tailGT2-allDayGT0,",-1.3282340111429325,1,0,1
"PCTChangeGT2,_HTGT1.5__LTGT1.5__HTGTPCTDayChange__LTGTPCTDayChange_,,,chisUpTrend-Risky-nearLow,",0.14458111640449323,1,1,0
"PCTChangeGT0,,,,chisSellDowningMA-(check5MinuteDownTrendAndSellDowntrend)-Already10DayDown,(Test)MaySell-CheckChart(downTrend-lastDayUp),",0.39866839268411225,1,1,0
"PCTChangeLT-1,,,,volBuyReversalLast2DayDown-VolDown,##(Check-chart-buy):YearHigh-InMinus,NearHighYear,",1.1105953698545743,3,2,1
"PCTChangeGT3,,,,(GLOBALFUTUP-UPTRENDMARKET)checkBuyConsolidationBreakUp-week2-highNotReachedWeek3,week2BarHighChangeGT2,weekHighGTweek2High,##(check-chart)sellEMA6>EMA14,",-0.5677247042263818,1,0,1
"PCTChangeLT-0.5,,,,(GLOBALFUTDOWN-DOWNTRENDMARKET)checkSellConsolidationBreakDown-week2-lowNotReachedWeek3,week2BarLowChangeLT-2,chisDownTrend-Risky-nearHigh,",0.5186433000162352,2,2,0
"PCDCGT0PCTDayChangeLT0,PCDayChange-0.5to0.5,_HTGT1.5_,,,%%HLTF-Last2HighTail:(UPTREND)buy(DOWNTREND)sell:HighUpperTailPre-last2DayUp,chisBuyYearHigh-3,",3.332426495267903,1,1,0
"PCTChangeGT0.5,_LTGT3.0_,,,%%:checkSell:CupDownDoji,",-5.665777335947895,1,0,1
"PCTChangeLT-8,_LTGT1.5_,,,##MANegative_Downtrend_(LT-4.5),##MA-SMA200LT0SMA100LT0,",2.254188648701101,21,12,9
"PCTChangeLT-2,,,,%%:checkSell:FlagWeek,volumeUpsergedLast2n3n4DayUp,",2.496071641455878,1,1,0
"PCTChangeLT-3,_HTGT3.0__HTGTPCTDayChange_,,,chisDownTrend-Risky-nearHigh,##DOWNTREND:sellMonth6HighReversal(InDownTrend),##(Check-chart-buy):month3High-InMinus,ReversalHighMonth3,",-3.2853932048455943,1,0,1
"PCTChangeGT3,_LTGT1.5_,,,chisSellYear2LowLT-40-last4DayDown(triggerAfter-9:15),##UPTREND:buyYear2LowReversal(Confirm),",0.5725190839694656,1,1,0
"PCTChangeLT-3,_LTGT1.5_,,,volumeUpsergedLast2n3n4DayUp,chisDownTrend-Risky-nearHigh,",0.11224055769966224,2,1,1
"PCTChangeGT0.5,PCDayChange-0.5to0.5,year2High,,,,shortUpTrendSellReversal-MonthHigh,",-0.26867578784750423,8,4,4
"PCTChangeLT-3,_HTGT1.5__LTGT3.0__LTGTPCTDayChange_,,,##MANegative_Downtrend_(LT-2),##MA-SMA200GT0SMA100LT0,##last2DayLow(LT-3)-M3LGT0,",0.8499368411769517,1,1,0
"PCTChangeGT0,PCDayChange-0.5to0.5,,,,%%:checkSell:FlagWeek-doji,chisSellDowningMA-(check5MinuteDownTrendAndSellDowntrend),",-0.9366473028761597,2,1,1
"PCTChangeLT-1,_LTGT1.5_,,,%%:checkSell:Flag2Week,volSellContinueLast2DayDown-VolUp,",-0.9209361933916065,1,0,1
"PCTChangeGT1,_LTGT3.0_,,,(SMA9GT0),mayBuyFromSellPattern-GT1.8,",2.7160456151138024,1,1,0
"PCTChangeGT1,PCDayChange-0.5to0.5,_HTGT1.5__LTGT1.5_,,,%%:checkSell:CupDownDoji,",-1.8508321013898381,1,0,1
"PCTChangeLT-3,,,,%%:checkSell:Super01-monthLow,zigZagVolCrossedFromUp,",1.7259762016207276,1,1,0
"PCTChangeLT-2,,,,##longDownTrend-2-IndexNotDownLastDay(checkBase),##ML:BuyRisingMA-Risky-0,",-0.23191095057350322,1,0,1
"PCTChangeEQ0,PCDayChange-0.5to0.5,,,,%%:checkSell:CupDownDoji,",1.6481526692708348,1,1,0
"PCTChangeGT3,,,,(GLOBALFUTUP-UPTRENDMARKET)checkBuyConsolidationBreakUp-week2-highNotReachedWeek3,week2BarHighChangeGT0,brokenToday,chisBuy-2week-breakoutup(check-chart)(|-|-| or --|),##last2DayHighGT3-M3HLT0,",5.365853658536592,1,1,0
"PCTChangeLT-3,_HTGT3.0__LTGT1.5__HTGTPCTDayChange_,,,##MAPositive_Uptrend(LT-2),##MA-SMA200GT0SMA100GT0,",-0.6608831725849114,1,0,1
"PCTChangeLT-2,year2Low,,,,vol-buy-DownVol-3dayDown-Week2Low,",0.6517570779426886,3,2,1
"PCTChangeLT-2,,,,%%:checkSell:Super01-monthLow,checkCupDown-3dayDown,##ML:buyRisingMA-down-Risky,",3.6382664515319365,1,1,0
"PCTChangeLT-3,_LTGT1.5_,,,chisDownTrend-Risky-nearHigh,##DOWNTREND:sellYear2HighReversal(InDownTrend),",-2.64558128284163,1,0,1
"PCDCGT0PCTChangeLT-1,_HTGT1.5_,,,chisSellSuper-Risky,-+,%%:sellDowntrend-lastDayUp-ReversalHighTail,##(Test)(check-chart)-sellSMADownTrend,",-2.898009730248499,1,0,1
"PCTChangeGT3,year2High,_HTGT1.5__HTGTPCTDayChange_,,,weekBarHighChangeGT0,brokenToday,",-2.1203417174593047,1,0,1
"PCTChangeGT0.5,PCDayChange-0.5to0.5,_HTGT1.5_,,,%%:checkSell:Super2,-+,",0.41138854207871833,1,1,0
"PCTChangeLT-1,PCDayChange-0.5to0.5,_HTGT1.5_,,,chisBuyYearHigh-1,",-0.013238618053996454,4,2,2
"PCDCGT0PCTChangeLT-1,_LTGT1.5_,,,%%:checkSell:FlagWeek-doji,",1.7683567580171433,1,1,0
"PCTChangeGT3,_HTGT1.5__HTGTPCTDayChange__LTGTPCTDayChange_,,,chisSellFinalContinue-(lastDayDown)-1,",1.006713099013077,1,1,0
"PCTChangeLT-16,_LTGT3.0_,,,##MANegative_Downtrend_(LT-4.5),##MA-SMA200LT0SMA100LT0,",0.05398882054768528,2,1,1
"PCTChangeLT-0.5,PCDayChange-0.5to0.5,,,,mayBuyFromSellPattern-GT1.8,",4.304908532533101,2,2,0
"PCTChangeLT-3,,,,VOL:sell(GLOBALFUTUP-GLOBALMARKETUP)Buy-UpVol-3dayDown-Week2High,##(Check-chart-sell)Month3Low-Continue(InUpTrend),ReversalLowMonth3,##last2DayLow(LT-3)-M3LGT0,##ML:buyRisingMA-down-Risky,",-1.2957792326877864,1,0,1
"PCTChangeGT2,_LTGT1.5_,,,%%HLTF:(GLOBAL-DOWN)sellHighLowerTail-Reversal-LastDayMarketUp,##MAPositive_Uptrend(GT2),##MA-SMA200GT0SMA100GT0,",-1.1976047904191625,1,0,1
"PCDCLT0PCTChangeGT0,_LTGT3.0_,,,(GLOBALFUTDOWN-DOWNTRENDMARKET)checkSellConsolidationBreakDown-week2-lowNotReachedWeek3,week2BarLowChangeLT0,",-3.218170456786736,1,0,1
"PCTChangeGT2,,,,##(Check-chart-sell):month3Low-InPlus,ReversalLowMonth3,chisUpTrend-Risky-nearLow,chisCheckConsolidationBreakoutLT(4.5),##UPTREND:buyMonth6LowReversal(Confirm),",-2.4579314426014616,1,0,1
"PCTChangeLT-3,_HTGT1.5_,,,##DOWNTREND:sellYearHighReversal(InDownTrend),##last2DayLow(LT-3)-M3LGT0,##(Check-chart-buy):YearHigh-InMinus,ReversalHighYear,",-1.3281344322088153,1,0,1
"PCTChangeLT-1,_HTGT3.0__HTGTPCTDayChange_,,,##MANegative_Downtrend_(LT-1),##MA-SMA200LT0SMA100LT0,",3.565948583532523,3,3,0
"PCTChangeLT-2,_HTGT1.5__HTGTPCTDayChange_,,,%%HLTF-Last2HighTail:(DOWNTREND)sell(UPTREND)buy:HighUpperTailPre,chisSellUpTrend-highTail,",-0.17902966446360352,1,0,1
"PCTChangeLT-2,year2High,_HTGT1.5_,,,checkCupDown-3dayDown,VOL:buy-DownVol-3dayDown-Week2High,",-0.9952635561685427,1,0,1
"PCTChangeGT5,year2High,_LTGT1.5_,,,volBuyContinueLast2DayUp-VolUp,",-0.03468010010548178,2,1,1
"PCTChangeGT2,_HTGT3.0__HTGTPCTDayChange_,,,chisBuyUpTrend-nearLow,(SMA9LT0),maySellFromBuyPattern-LT-1.8,##UPTREND:buyYear2Low,",-2.1403037515121475,1,0,1
"PCTChangeGT3,,,,weekBarHighChangeGT2,brokenToday,##(Check-chart):year2High-InPlus,",0.4261950522888888,5,3,2
"PCTChangeLT-3,,,,volSellVolumeUpsergedLast2n3DayUp,",-0.8162683071318592,13,4,9
"PCTChangeGT3,,,,weekBarHighChangeGT2,##(check-chart)mayBuy-EMA6-LT-May-MT-EMA14,",-0.5702187479740853,1,0,1
"PCTChangeGT3,,,,##(Check-chart-sell):month3Low-InPlus,ReversalLowMonth3,##UPTREND:buyYearLowReversal(Confirm),",-3.76819972250685,2,0,2
"PCTChangeLT-0.5,PCDayChange-0.5to0.5,year2High,_HTGT1.5_,,,%%HLTF-LastDayUp:(DOWNTREND-OR-GLOBALDOWN)MaySellHighTail-LastDayMarketUp,",-0.18525771339620004,10,4,6
"PCTChangeLT-2,,,,weekBarLowChangeLT-2,##DOWNTREND:sellMonth3HighReversal(InDownTrend),##(Check-chart-buy):month3High-InMinus,ReversalHighMonth3,",-0.48868134854391343,8,2,6
"PCTChangeLT-3,,,,checkCupDown-near2WeekDown-mayReveresalBuy,##longDownTrend-2-IndexNotDownLastDay(checkBase),chisDownTrend-Risky-nearHigh,",2.788849880695721,1,1,0
"PCTChangeGT2,,,,chisCheckConsolidationBreakoutLT(4.5),week2BarHighChangeGT2,weekHighGTweek2High,",2.755496480332308,1,1,0
"PCTChangeLT-3,,,,checkCupDown-2dayDown-mayReversalBuy,chisDownTrend-Risky-nearHigh,##DOWNTREND:sellYear2HighReversal(InDownTrend),##last2DayLow(LT-3)-M3LGT0,##(Check-chart-buy):month3High-InMinus,ReversalHighMonth3,",4.152812395274808,1,1,0
"PCTChangeGT3,,,,##last3DayHighGT3-M3HLT0,",-0.055016994940301656,8,2,6
"PCDCGT0PCTChangeLT-1,PCDayChange-0.5to0.5,_HTGT1.5_,,,%%:checkSell:Super2,-+,%%:sellDowntrend-lastDayUp-ReversalHighTail,",2.1723425033244608,1,1,0
"PCTChangeLT-2,_HTGT1.5__LTGT3.0__LTGTPCTDayChange_,,,%%HLTF:(GLOBAL-DOWN)sellHighLowerTail-Reversal-LastDayMarketUp,chisSellFinalCandidate-4,",-2.149969014335822,1,0,1
"PCTChangeGT1,,,,$$MaySell-CheckChart(downTrend-mayReverseLast4DaysUp)-Risky,",0.17409068947177792,7,4,3
"PCTChangeLT-12,_HTGT1.5__LTGT3.0_,,,##MANegative_Downtrend_(LT-4.5),##MA-SMA200LT0SMA100LT0,",3.793331294396031,1,1,0
"PCDCLT0PCTChangeGT0,_HTGT3.0__HTGTPCTDayChange_,,,%%HLTF-Risky9:30:maySellTail-tailGT2-7,10thDayGT15,buyMayYear2LowBreakingUp,",-3.127932317226245,1,0,1
"PCTChangeLT-2,_LTGT1.5_,,,weekBarLowChangeLT-2,",-0.8122774924259271,19,5,14
"PCTChangeLT-5,_HTGT1.5_,,,volSellContinueLast2DayDown-VolUp,(GLOBALFUTDOWN-DOWNTRENDMARKET)checkSellConsolidationBreakDown-week2-lowNotReachedWeek3,week2BarLowChangeLT0,",0.06105657209429736,1,1,0
"PCTChangeGT2,_HTGT1.5_,,,chisBuyDownTrend-Risky-1,",-0.44444613986544707,1,0,1
"PCTDayChangeLT0,,,,##MANegative_Downtrend_(LT0),##MA-SMA200LT0SMA100LT0,",1.1046408287879534,5,4,1
"PCTChangeGT12,_HTGT1.5_,,,##MAPositive_Uptrend(GT4.5),##MA-SMA200GT0SMA100GT0,",0.338162898451163,5,2,3
"PCTChangeGT3,,,,chisUpTrend-Risky-nearLow,(GLOBALFUTUP-UPTRENDMARKET)checkBuyConsolidationBreakUp-week2-highNotReachedWeek3,week2BarHighChangeGT0,brokenToday,chisBuy-2week-breakoutup(check-chart)(|-|-| or --|),",-4.667492031771712,2,0,2
"PCTChangeGT5,,,,##MAPositive_Uptrend(GT2),##MA-SMA200GT0SMA100GT0,##lastDayHighGT5TodayGT1,",-2.692806763951572,1,0,1
"PCTChangeLT-3,,,,weekBarLowChangeLT-2,brokenToday,##(Check-chart-buy):YearHigh-InMinus,ReversalHighYear,",0.053953547965686716,8,4,4
"PCTChangeLT-1,_HTGT3.0__HTGTPCTDayChange_,,,chisSell-smallUptrendReversal,##MANegative_Downtrend_(LT-2),##MA-SMA200LT0SMA100LT0,",-6.41711229946523,1,0,1
"PCTChangeGT3,_HTGT3.0__HTGTPCTDayChange_,,,%%HLTF-Last2HighTail:(UPTREND)buy(DOWNTREND)sell:HighUpperTailPre-last2DayUp,%%HLTF:maySellTail-tailGT2-7,10thDayGT20,%%HLTF:(UPTREND-GLOBAL/SGX-UP)BuyHighUpperTail-Reversal-7,10thDayGT15-LastDayMarketDown,##MAPositive_Uptrend(GT2),##MA-SMA200GT0SMA100GT0,",5.931038692079736,1,1,0
"PCTChangeGT3,_HTGT1.5__LTGT1.5__HTGTPCTDayChange__LTGTPCTDayChange_,,,##MAPositive_Uptrend(GT1),##MA-SMA200LT0SMA100LT0,",-0.4262255058914047,1,0,1
"PCTChangeGT0.5,PCDayChange-0.5to0.5,_LTGT1.5_,,,%%:checkSell:lastDayLT(-4.5),",0.04619635154701485,2,1,1
"PCTChangeLT-3,,,,(GLOBALFUTDOWN-DOWNTRENDMARKET)checkSellConsolidationBreakDown-week2-lowNotReachedWeek3,week2BarLowChangeLT-2,chisDownTrend-Risky-nearHigh,##DOWNTREND:sellYear2HighReversal(InDownTrend),",1.1079692247562152,1,1,0
"PCTChangeLT-2,_HTGT1.5_,,,%%:checkSell:ConsolidationBreakDown(NotShapeA)-2week,checkSellConsolidationBreakDown-2week,week2BarLowChangeLT0,weekLowLTweek2Low,brokenToday,",2.070824711771434,1,1,0
"PCTChangeLT-1,,,,(Test)MayBuy-CheckChart(upTrend-lastDayDown),##ML:BuyRisingMA-Risky-1,",-1.4862390974332955,1,0,1
"PCTChangeGT3,year2High,,,,%%:sellUpTrend-month3High,##lastDayHighGT5TodayGT1,",-1.6165075861887115,5,1,4
"PCTChangeLT-2,,,,volBuyVolumeUpsergedLast2n3DayUp,weekBarLowChangeLT-2,chisDownTrend-Risky-nearHigh,##DOWNTREND:sellYear2HighReversal(InDownTrend),##(Check-chart-buy):YearHigh-InMinus,ReversalHighYear,",0.13643666683180788,1,1,0
"PCTChangeGT2,_HTGT3.0__LTGT3.0__HTGTPCTDayChange__LTGTPCTDayChange_,,,%%:sellDowntrend-lastDayUp-ReversalHighTail,volBuyVolumeUpsergedLast2n3DayDown,##buyTenDaysLessThanMinusTen,",-1.4039978027343705,1,0,1
"PCTChangeGT1,PCDayChange-0.5to0.5,_HTGT1.5__LTGT3.0_,,,%%HLTF-Last2DayMarketUp:(GLOBAL-DOWN)sellHighLowerTail-Reversal-LastDayMarketUp,##MAPositive_Uptrend(GT0),##MA-SMA200GT0SMA100GT0,",4.868248973831074,1,1,0
"PCTChangeGT3,_HTGT3.0__HTGTPCTDayChange_,,,%%HLTF:(DOWNTREND-OR-GLOBALDOWN)maySellTail-tailGT2-2,3,4thDayGT0,volBuyVolumeUpsergedLast2n3DayDown,volBuyContinueLast2DayUp-VolUp,(GLOBALFUTUP-UPTRENDMARKET)checkBuyConsolidationBreakUp-week2-highNotReachedWeek3,week2BarHighChangeGT0,brokenToday,",-1.1964735516372782,1,0,1
"PCTChangeLT-3,_LTGT1.5_,,,chisSellDownTrend-nearHigh,##(Check-chart-buy):month3High-InMinus,NearHighMonth3,",-0.84253777396699,7,2,5
"PCTChangeLT-8,,,,chisSellDayLowVolLow-01,",-2.013052820272846,1,0,1
"PCTChangeLT-1,,,,checkCupDown-inDownTrend-month3HighLTmonth3Low,bar_low,##(Check-chart-buy):YearHigh-InMinus,NearHighYear,",-0.11261261261261261,1,0,1
"PCDCGT0PCTDayChangeLT0,PCDayChange-0.5to0.5,_HTGT1.5_,,,$$MaySell-CheckChart-baseLine(inDownTrend-monthHigh)-MLCGT10,",-1.705674220412939,1,0,1
"PCTChangeGT0.5,PCDayChange-0.5to0.5,_LTGT3.0_,,,%%HLTF:(SGXNIFTYUP)buyHighLowerTail-Continue,",-0.9298451564707463,3,1,2
"PCTChangeLT-5,year2High,_LTGT1.5_,,,VOL:sell(GLOBALFUTUP-GLOBALMARKETUP)Buy-UpVol-3dayDown-Week2High,##last2DayLow(LT-3)-M3LGT0,",-0.43965306775323654,1,0,1
"PCTChangeLT-2,year2High,_HTGT1.5_,,,volSellVolumeUpsergedLast2n3DayUp,volSellContinueLast2DayDown-VolUp,",-5.238649499493065,1,0,1
"PCTDayChangeLT0,PCDayChange-0.5to0.5,year2High,_LTGT3.0_,,,%%HLTF:(SGXNIFTYUP)buyHighLowerTail-Continue,",2.7869449366409054,1,1,0
"PCTChangeGT0.5,_HTGT1.5__HTGTPCTDayChange_,,,%%HLTF-Last2HighTail:(UPTREND)buy(DOWNTREND)sell:HighUpperTailPre-last2DayUp,%%HLTF:(GLOBAL-SGX-DOWN)maySellTail-2,3,4thDayGT0,chisBuyYearHigh-3,",-1.2307620749846713,2,1,1
"PCTChangeGT16,_HTGT3.0__LTGT3.0__HTGTPCTDayChange__LTGTPCTDayChange_,,,##MAPositive_Uptrend(GT2),##MA-SMA200GT0SMA100GT0,",0.03179844308922589,1,1,0
"PCTChangeLT-2,,,,(GLOBALFUTDOWN-DOWNTRENDMARKET)checkSellConsolidationBreakDown-week2-lowNotReachedWeek3,week2BarLowChangeLT0,chisDownTrend-Risky-nearHigh,##DOWNTREND:sellYear2HighReversal(InDownTrend),",0.5606657445820116,1,1,0
"PCTChangeLT-1,year2High,_HTGT1.5__HTGTPCTDayChange_,,,%%HLTF-Last2HighTail:(DOWNTREND)sellHighUpperTailPre,",-0.5160583327895559,14,7,7
"PCTChangeLT-3,_LTGT1.5_,,,volumeUpsergedLast2n3n4DayUp,volSellContinueLast2DayDown-VolUp,",-0.395412693168764,5,2,3
"PCTChangeLT-2,,,,volBuyReversalLast2DayDown-VolDown,sellFinal,##(Check-chart-buy):month3High-InMinus,NearHighMonth3,##buyRisingMA-1,",-0.27156086013989056,1,0,1
"PCTChangeGT3,,,,VOL:sell-UpVol-3dayUp-Week2High,(GLOBALFUTUP-UPTRENDMARKET)checkBuyConsolidationBreakUp-week2-highNotReachedWeek3,week2BarHighChangeGT0,",1.9047904445870878,2,2,0
"PCTChangeGT5,,,,(GLOBALFUTUP-UPTRENDMARKET)checkBuyConsolidationBreakUp-month,weekBarHighChangeGT2,##MAPositive_Uptrend(GT4.5),##MA-SMA200GT0SMA100GT0,",-2.8455366079630613,1,0,1
"PCTChangeGT3,_HTGT1.5__HTGTPCTDayChange_,,,week2BarHighChangeGT0,weekHighGTweek2High,",0.2705403313979682,1,1,0
"PCTChangeLT-0.5,year2High,_LTGT3.0_,,,(Test)MayBuy-CheckChart(upTrend-lastDayDown),",0.9341812943703568,1,1,0
"PCTChangeGT3,,,,shortUpTrendSellReversal-MonthHigh,week2BarHighChangeGT0,weekHighGTweek2High,brokenToday,",1.6359595729880119,1,1,0
"PCDCLT0PCTChangeGT0,,,,%%:checkSell:CupDownDoji-lastDayLT(-2)TodayDoji,",-0.28119909835870377,9,4,5
"PCTChangeLT-2,_LTGT1.5_,,,chisBuyFinalContinue-0,",1.2311922635641732,1,1,0
"PCTChangeLT-2,year2High,,,,volBuyRevarsalVolCrossed,",1.023778587693002,1,1,0
"PCTChangeGT1,_LTGT1.5_,,,$$MaySellContinue-CheckChart(inuptrend-monthlow)-PCTDayChangeGT2,",-0.6245178009320842,2,0,2
"PCTDayChangeLT0,PCDayChange-0.5to0.5,_LTGT1.5_,,,shortDownTrendBuyReversal-Month3Low-Doji-Last2DayLTToday,",2.902544959116778,1,1,0
"PCTChangeGT3,,,,chisCheckConsolidationBreakout2WeekLT(4.5),(GLOBALFUTUP-UPTRENDMARKET)checkBuyConsolidationBreakUp-week2-highNotReachedWeek3,week2BarHighChangeGT0,brokenToday,",-6.299803331485312,2,0,2
"PCTChangeGT5,year2High,_HTGT3.0__HTGTPCTDayChange_,,,VOL:buyBelowTail-SellAtClose:upVol3dayUpWeek2High-highUpperTail,",-0.2568326066131077,2,1,1
"PCTDayChangeLT0,,,,##MANegative_Downtrend_(LT-1),##MA-SMA200LT0SMA100LT0,",-0.6448669110513674,10,3,7
"PCTChangeLT-2,_HTGT3.0__HTGTPCTDayChange_,,,vol-buy-DownVol-3dayDown-Week2Low,",-0.31249613701542733,1,0,1
"PCTChangeLT-5,,,,vol-buy-DownVol-3dayDown-Week2Low,##MANegative_Downtrend_(LT-4.5),##MA-SMA200LT0SMA100LT0,##last2DayLow(LT-3)-M3LLT0,chisSellDayLowVolLow-0,",-1.539755448418455,1,0,1
"PCTChangeGT3,_LTGT1.5_,,,%%:sellUpTrend-month3High,volSellVolumeUpsergedLast2n3DayDown,##lastDayHighGT5TodayGT1,",-0.4612829971941853,1,0,1
"PCTChangeLT-1,_HTGT1.5__LTGT1.5_,,,##MA-SMA200LT0SMA100LT0,",-1.670920293769054,1,0,1
"PCTChangeGT1,_HTGT1.5__LTGT1.5__HTGTPCTDayChange__LTGTPCTDayChange_,,,%%:sellDowntrend-lastDayUp-ReversalHighTail,",0.5535681365263149,2,1,1
"PCTChangeLT-3,,,,chisSellFlag2Week-Risky,chisDownTrend-Risky-nearHigh,",-1.3912861832731789,1,0,1
"PCTChangeLT-2,,,,chisSellDownTrend-nearHigh,##DOWNTREND:sellMonth6High(InDownTrend),##(Check-chart-buy):month3High-InMinus,NearHighMonth3,",-1.0584924214397684,1,0,1
"PCTChangeLT-3,_LTGT1.5_,,,chisSell:Super03-monthLow,##MANegative_Downtrend_(LT-1),##MA-SMA200LT0SMA100LT0,",11.294115851907163,1,1,0
"PCTChangeLT-1,,,,%%:check(UPTREND-UPMARKET)Buy(DOWNTRENDTREND-DOWNMARKET)Sell:Super01-monthLow,zigZagVolCrossedFromUp,",-1.0937367590274594,1,0,1
"PCTChangeGT1,PCDayChange-0.5to0.5,year2High,,,,shortUpTrendSellReversal-Month3High-Doji-Last2DayGTToday,",-1.5479435332833837,1,0,1
"PCTChangeLT-3,_HTGT3.0_,,,chisDownTrend-Risky-nearHigh,",0.6285185230688493,2,1,1
"PCTChangeLT-3,,,,(GLOBALFUTDOWN-DOWNTRENDMARKET)checkSellConsolidationBreakDown-week2-lowNotReachedWeek3,week2BarLowChangeLT0,##DOWNTREND:sellYear2HighReversal(InDownTrend),##last3DayLow(LT-3)-M3LGT0,##(Check-chart-buy):month3High-InMinus,ReversalHighMonth3,",1.232395204911518,1,1,0
"PCTChangeGT5,,,,##MAPositive_Uptrend(GT4.5),##MA-SMA200LT0SMA100LT0,##last2DayHighGT3-M3HLT0,",-0.41067289187690337,10,4,6
"PCTChangeLT-1,_LTGT1.5_,,,volSellContinueLast2DayDown-VolUp,(GLOBALFUTDOWN-DOWNTRENDMARKET)checkSellConsolidationBreakDown-week2-lowNotReachedWeek3,week2BarLowChangeLT-2,##(Check-chart-buy):month3High-InMinus,ReversalHighMonth3,",0.6651662248097504,1,1,0
"PCTChangeLT-5,_LTGT3.0_,,,##MANegative_Downtrend_(LT-4.5),##MA-SMA200LT0SMA100LT0,##last2DayLow(LT-3)-M3LLT0,",2.737224976392385,4,3,1
"PCTChangeLT-2,,,,%%:checkSell:Flag2Week,volBuyReversalLast2DayDown-VolDown,##longDownTrend-1-IndexNotDownLastDay(checkBase),chisSellDownTrend-nearHigh,",-4.788471466088602,1,0,1
"PCTChangeGT2,,,,chisSellYear2LowLT-40-last4DayDown(triggerAfter-9:15),##MA-SMA200LT0SMA100LT0,",-4.252450125558039,1,0,1
"PCTChangeGT3,_HTGT3.0__HTGTPCTDayChange_,,,sellEveningStar-0,sellPatternsML,##RisingMA(check-chart-sell)-MaySellCheckChart,",-9.046165120726263,1,0,1
"PCTChangeLT-3,,,,(GLOBALFUTDOWN-DOWNTRENDMARKET)checkSellConsolidationBreakDown-week2-lowNotReachedWeek3,week2BarLowChangeLT-2,weekLowLTweek2Low,chisDownTrend-Risky-nearHigh,##DOWNTREND:sellYearHighReversal(InDownTrend),##(Check-chart-buy):month3High-InMinus,ReversalHighMonth3,",0.021187733795685556,1,1,0
"PCTChangeGT2,_LTGT1.5_,,,vol-sell-DownVol-3dayUp-Week2High,weekBarHighChangeGT2,",0.2645502645502618,1,1,0
"PCTChangeGT3,_HTGT3.0__HTGTPCTDayChange_,,,volumeUpsergedLast2n3n4DayDown,volBuyContinueLast2DayUp-VolUp,checkBuyConsolidationBreakUp-2week,week2BarHighChangeGT0,brokenToday,",-0.9523809523809524,1,0,1
"PCTChangeGT3,year2High,_LTGT3.0_,,,volumeUpsergedLast2n3n4DayDown,##lastDayHighGT5TodayGT1,",5.472057064002491,1,1,0
"PCTChangeLT-3,,,,%%checkCupDown-2dayDown-continue,##last2DayLow(LT-3)-M3LGT0,",-0.29054271434149365,3,1,2
"PCTChangeGT2,_HTGT1.5_,,,MaySellCheckChart-(IndexNotDownInSecondHalf),chisBuyConsolidationBreakUp-2week-(Risky)-year2High,week2BarHighChangeGT0,weekHighGTweek2High,brokenToday,",0.16428300705861293,1,1,0
"PCTDayChangeLT0,,,,%%:checkSell:Super01-monthLow,MayBuyCheckChart-(|`|_|),",-0.3813598053072076,2,1,1
"PCTChangeGT2,,,,volSellReversalLast2DayUp-VolDown,chisBuyDownTrend-Risky-2,##(Check-chart)ML:buyMonth3High-Continue,",-1.6666682079584798,1,0,1
"PCTChangeLT-1,_LTGT1.5_,,,weekBarLowChangeLT-2,##(Check-chart-buy):YearHigh-InMinus,ReversalHighYear,",0.4166648501441656,1,1,0
"PCTChangeGT5,year2Low,,,,VOL:sell-DownVol-3dayUp-Week2Low,##last3DayHighGT3-M3HLT0,",1.99724094755537,1,1,0
"PCDCGT0PCTDayChangeLT0,PCDayChange-0.5to0.5,_HTGT1.5__LTGT1.5_,,,##MANegative_Downtrend_(GT0),##MA-SMA200LT0SMA100LT0,",0.8281501642261422,4,3,1
"PCTChangeGT3,year2High,_HTGT1.5_,,,%%HLTF-Last2HighTail:(UPTREND)buy(DOWNTREND)sell:HighUpperTailPre-last2DayUp,%%:sellUpTrend-month3High,",-0.30341369600918866,4,1,3
"PCTChangeGT3,,,,checkBuyConsolidationBreakUp-2week,week2BarHighChangeGT0,brokenToday,chis-breakoutup-2week,",0.32895072565415784,1,1,0
"PCTChangeLT-12,_HTGT1.5__LTGT3.0__LTGTPCTDayChange_,,,VOL:sellAboveTail-BuyAtClose:upVol3dayDownWeek2Low-highLowerTail,##MANegative_Downtrend_(LT-4.5),##MA-SMA200GT0SMA100LT0,",-0.7405415669575863,1,0,1
"PCTChangeGT1,_HTGT1.5_,,,chisCheckConsolidationBreakoutLT(4.5),chisBuyConsolidationBreakUp-2week-(Risky)-year2High,week2BarHighChangeGT0,",-0.1630451368248889,1,0,1
"PCTChangeLT-3,_LTGT1.5_,,,%%HLTF:(GLOBAL-DOWN)sellHighLowerTail-Reversal-LastDayMarketUp,chisSellDownTrend-nearHigh,##(Check-chart-buy):month3High-InMinus,ReversalHighMonth3,",0.8409118652343639,1,1,0
"PCTChangeLT-0.5,_LTGT1.5_,,,volBuyReversalLast2DayDown-VolUp,(Test)(check-chart-2-3MidCapCross)MayBuyCheckChart-Risky,",1.7187546414567563,1,1,0
"PCTChangeLT-0.5,PCDayChange-0.5to0.5,_HTGT1.5__LTGT1.5_,,,##MAPositive_Uptrend(LT0),##MA-SMA200GT0SMA100GT0,",-1.9314905020659574,1,0,1
"PCTChangeLT-5,PCDayChange-0.5to0.5,_HTGT3.0_,,,sellPatternsML,",-5.736154372103611,1,0,1
"PCTChangeLT-3,year2Low,,,,chisRSISellCandidate(yearLow)-lessThanMinus5,##last2DayLow(LT-3)-M3LLT0,",1.4311270125223614,1,1,0
"PCTChangeLT-1,,,,checkSellConsolidationBreakDown-2week,week2BarLowChangeLT0,weekLowLTweek2Low,",-0.9212781122518564,1,0,1
"PCDCGT0PCTDayChangeLT0,_HTGT1.5__HTGTPCTDayChange_,,,##MA-SMA200GT0SMA100GT0,",-1.631617186066725,1,0,1
"PCTChangeGT3,,,,##(Check-chart-sell):month3Low-InPlus,ReversalLowMonth3,##UPTREND:buyYear2LowReversal(Confirm),",-2.7931782736707063,1,0,1
"PCTChangeLT-1,,,,%%:checkSell:ConsolidationBreakDown(NotShapeA)-2week,volBuyVolumeUpsergedLast2n3DayUp,checkSellConsolidationBreakDown-2week,week2BarLowChangeLT0,weekLowLTweek2Low,brokenToday,",-1.3816641662221996,1,0,1
"PCTChangeGT3,_HTGT3.0__HTGTPCTDayChange_,,,sellEveningStar-0,##(Check-chart-sell):month3Low-InPlus,NearLowMonth3,chisBuyUpTrend-nearLow,chisBuyEveningStar-0,##UPTREND:buyMonth3Low,",4.497045971476437,1,1,0
"PCDCGT0PCTDayChangeLT0,_LTGT1.5_,,,buyMorningStar-(checkChart),",-0.49986600311034457,2,1,1
"PCTChangeLT-2,,,,chisSell-smallUptrendReversal,sellPatternsML,",-4.940425033508729,1,0,1
"PCTChangeLT-5,_HTGT1.5_,,,##(check-chart)buyEMA6<EMA14-Risky,",0.5349852983502994,2,1,1
"PCTChangeGT1,_HTGT1.5__LTGT1.5_,,,(SMA9GT0),chisBuyYearHigh-3,",1.9107278439698652,1,1,0
"PCDCGT0PCTDayChangeLT0,_HTGT1.5__HTGTPCTDayChange_,,,%%HLTF-Risky9:30:maySellTail-tailGT2-7,10thDayGT15,",-2.091295200578643,2,0,2
"PCTChangeLT-3,,,,(GLOBALFUTDOWN-DOWNTRENDMARKET)checkSellConsolidationBreakDown-week2-lowNotReachedWeek3,week2BarLowChangeLT-2,weekLowLTweek2Low,chisDownTrend-Risky-nearHigh,##(Check-chart-buy):month3High-InMinus,ReversalHighMonth3,##(check-chart)maySell-EMA6-MT-May-LT-EMA14,",-1.3909337638060524,2,0,2
"PCTChangeLT-2,_HTGT1.5_,,,(SMA9LT0),chisDownTrend-Risky-nearHigh,##(Check-chart-buy):YearHigh-InMinus,NearHighYear,",-5.180853985725565,1,0,1
"PCTChangeLT-2,_LTGT1.5_,,,checkCupDown-near2WeekDown-mayReveresalBuy,chisDownTrend-Risky-nearHigh,##(Check-chart-buy):month3High-InMinus,ReversalHighMonth3,",1.6859050031833571,1,1,0
"PCTChangeLT-1,,,,chisSellDownTrend-nearHigh,",-0.1904343740499285,485,226,256
"PCTChangeGT0,_HTGT1.5_,,,chisUpTrend-Risky-nearLow,",0.6859761899223757,6,3,3
"PCTChangeLT-2,,,,checkCupDown-2dayDown-mayReversalBuy,##DOWNTREND:sellYearHighReversal(InDownTrend),##(Check-chart-buy):month3High-InMinus,ReversalHighMonth3,",-0.029278253410533733,3,1,2
"PCTChangeGT3,year2Low,_HTGT3.0_,,,volSellReversalLast2DayUp-VolDown,",4.047620864141555,1,1,0
"PCTChangeLT-2,,,,(GLOBALFUTDOWN-DOWNTRENDMARKET)checkSellConsolidationBreakDown-week2-lowNotReachedWeek3,week2BarLowChangeLT-2,##DOWNTREND:sellMonth6HighReversal(InDownTrend),##(Check-chart-buy):month6High-InMinus,ReversalHighMonth6,",1.016605018604878,1,1,0
"PCTChangeGT0.5,_HTGT1.5_,,,shortUpTrendSellReversal-Month3High-Doji-Last2DayGTToday,",-0.37946701049805676,1,0,1
"PCTChangeGT2,year2High,_LTGT1.5_,,,weekBarHighChangeGT2,",-3.949228478839727,1,0,1
"PCTChangeLT-3,_HTGT1.5_,,,##last2DayLow(LT-3)-M3LGT0,##(Check-chart-buy):month3High-InMinus,BreakHighMonth3,",0.7340779174875545,1,1,0
"PCDCGT0PCTChangeLT-1,_LTGT1.5_,,,buyYearHigh-0,",-2.678174222768176,1,0,1
"PCTChangeLT-16,,,,maySellAfter10:30HighVolatileDownContinueLT-8-Risky,##MANegative_Downtrend_(LT-4.5),##MA-SMA200LT0SMA100LT0,",-5.84119693808027,1,0,1
"PCTChangeLT-1,_HTGT3.0__LTGT1.5__HTGTPCTDayChange_,,,##MA-SMA200GT0SMA100GT0,",-1.000002347506007,1,0,1
"PCDCGT0PCTChangeLT-1,_HTGT1.5_,,,%%:checkSell:Flag2Week-doji,",-1.6624244547790794,1,0,1
"PCTChangeLT-3,_LTGT3.0_,,,chisDownTrend-Risky-nearHigh,",0.05968138141511658,15,7,8
"PCTChangeGT2,_LTGT1.5_,,,##MANegative_Downtrend_(GT2),##MA-SMA200LT0SMA100LT0,",-2.2538499098557727,1,0,1
"PCTChangeLT-5,_HTGT1.5__HTGTPCTDayChange_,,,##MANegative_Downtrend_(LT-2),##MA-SMA200LT0SMA100LT0,",7.542536867317209,2,2,0
"PCDCLT0PCTChangeGT0,,,,%%HLTF-Last2DayMarketDown:(GLOBAL-UP)buyHighUpperTailPre1-Reversal-LastDayMarketDown,",-3.2066770225319816,2,0,2
"PCTChangeGT3,_LTGT1.5_,,,%%HLTF-Risky:(GLOBAL-DOWN)sellHighLowerTail-Reversal-LastDayMarketUp,volSellVolumeUpsergedLast2n3DayDown,##RisingMA(Test)(check-chart-buy)-2DayUp,",3.956834532374093,1,1,0
"PCTDayChangeLT0,PCDayChange-0.5to0.5,_LTGT3.0_,,,%%HLTF:(GLOBAL-DOWN)sellHighLowerTail-Reversal-LastDayMarketUp,",0.29978880184376194,11,5,6
"PCTChangeLT-3,,,,volSellContinueLast2DayDown-VolUp,(GLOBALFUTDOWN-DOWNTRENDMARKET)checkSellConsolidationBreakDown-week2-lowNotReachedWeek3,week2BarLowChangeLT-2,weekLowLTweek2Low,",-3.3864829852583505,1,0,1
"PCTChangeLT-3,,,,checkSellConsolidationBreakDown-month3HighGTMonth3Low,##DOWNTREND:sellMonth6LowBreak,",0.0,1,0,0
"PCTChangeGT2,,,,volumeUpsergedLast2n3n4DayDown,chisCheckConsolidationBreakoutLT(4.5),chisBuy-2week-breakoutup(check-chart)(|-|-| or --|),",-3.5568548708545924,1,0,1
"PCTChangeGT1,_HTGT1.5__LTGT1.5_,,,checkCupDown-lastDayUp,",0.401730159056318,1,1,0
"PCTChangeLT-0.5,_HTGT1.5_,,,volBuyReversalLast2DayDown-VolUp,chisDownTrend-Risky-nearHigh,",-1.338353162568801,1,0,1
"PCTChangeGT5,_LTGT3.0_,,,%%HLTF-Risky:(GLOBAL-DOWN)sellHighLowerTail-Reversal-LastDayMarketUp,##lastDayHighGT5TodayGT1,",2.0149230957031157,1,1,0
"PCTChangeLT-2,,,,weekBarLowChangeLT0,brokenToday,##DOWNTREND:sellYear2HighReversal(InDownTrend),##(Check-chart-buy):YearHigh-InMinus,ReversalHighYear,",-0.22018346480620085,3,1,2
"PCTChangeGT0,,,,checkCupDown-lastDayUp-near2WeekHigh-mayReveresalSell,",-1.2181665301345515,1,0,1
"PCTChangeGT2,,,,chisBuyUpTrend-nearLow,BuyYearLow,",-1.5605762019539215,1,0,1
"PCDCGT0PCTDayChangeLT0,_HTGT1.5_,,,##RisingMA(check-chart-sell)-MaySellCheckChart,",-1.0417771929782629,3,1,2
"PCTChangeLT-3,,,,(GLOBALFUTDOWN-DOWNTRENDMARKET)checkSellConsolidationBreakDown-week2-lowNotReachedWeek3,week2BarLowChangeLT-2,sellPatternsML,",-3.681647625399451,1,0,1
"PCDCLT0PCTChangeGT1,_HTGT1.5_,,,##MAPositive_Uptrend(LT0),##MA-SMA200GT0SMA100GT0,",4.852178158967387,1,1,0
"PCTChangeGT3,,,,chisUpTrend-Risky-nearLow,(GLOBALFUTUP-UPTRENDMARKET)checkBuyConsolidationBreakUp-week2-highNotReachedWeek3,week2BarHighChangeGT0,weekHighGTweek2High,brokenToday,##(Test)buyBottomReversal-1,##UPTREND:buyYearLowReversal(Confirm),",-2.442749644660464,1,0,1
"PCTChangeGT2,,,,volBuyVolumeUpsergedLast2n3DayDown,volBuyContinueLast2DayUp-VolUp,chis-breakoutup-2week,chisBuy-2week-breakoutup,",-1.0839142021244037,1,0,1
"PCTChangeLT-3,_HTGT3.0__HTGTPCTDayChange_,,,checkCupDown-2dayDown,%%HLTF:maySellTail-tailGT2-7,10thDayGT0,%%HLTF:(UPTREND-MorningTrend-UP)mayBuyTail-highTailGT2-7,10thDayGT10-Last2DayStockDown,chisSellFinalCandidate-4,chisSellDownTrend-nearHigh,",-1.1968085106382893,1,0,1
"PCTChangeLT-2,_LTGT1.5_,,,volSellContinueLast2DayDown-VolUp,chisSellDownTrend-nearHigh,##(Check-chart-buy):month3High-InMinus,ReversalHighMonth3,",0.3127498382344408,2,2,0
"PCTChangeGT1,PCDayChange-0.5to0.5,year2High,_HTGT3.0_,,,%%HLTF-Last2HighTail:(UPTREND)buy(DOWNTREND)sell:HighUpperTailPre-last2DayUp,%%HLTF-Risky9:30:maySellTail-tailGT2-7,10thDayGT15,",1.941904646484517,1,1,0
"PCDCLT0PCTChangeGT0,_HTGT1.5_,,,%%HLTF-LastDayUp:(DOWNTREND-OR-GLOBALDOWN)MaySellHighTail-LastDayMarketUp,%%HLTF:(UPTREND-MorningTrend-UP)mayBuyTail-highTailGT2-7,10thDayGT10-Last2DayStockDown,",4.032632030478759,1,1,0
"PCTDayChangeLT0,PCDayChange-0.5to0.5,_LTGT1.5_,,,%%HLTF:(GLOBAL-DOWN)sellHighLowerTail-Reversal-LastDayMarketUp,buyYearHigh-0,",-0.15422666847462776,3,1,2
"PCTChangeGT3,year2Low,_HTGT3.0__LTGT1.5__HTGTPCTDayChange_,,,chisBuyUpTrend-1-YearHigh,",-1.287876475941051,1,0,1
"PCTDayChangeLT0,_HTGT1.5_,,,%%HLTF-LastDayUp:(DOWNTREND-OR-GLOBALDOWN)MaySellHighTail-LastDayMarketUp,chisDownTrend-Risky-nearHigh,",-1.9407908121744761,1,0,1
"PCTChangeGT2,,,,volBuyVolumeUpsergedLast2n3DayDown,week2BarHighChangeGT0,brokenToday,",-0.3846538456543847,1,0,1
"PCTChangeGT2,_HTGT1.5_,,,%%HLTF:(UPTREND-MorningTrend-UP)mayBuyTail-highTailGT2-7,10thDayGT10-Last2DayStockDown,",-0.5218230019359796,1,0,1
"PCTChangeLT-5,_HTGT1.5__LTGT1.5_,,,week2BarLowChangeLT-2,",-0.7064175387041219,1,0,1
"PCDCLT0PCTChangeGT1,PCDayChange-0.5to0.5,_LTGT1.5_,,,##MA-SMA200GT0SMA100GT0,",-5.072224934895834,1,0,1
"PCTChangeGT3,,,,chisBuyDayHighVolLow-0,chisUpTrend-Risky-nearLow,##UPTREND:buyYearLowReversal(Confirm),##last2DayHighGT3-M3HLT0,",0.14442819240079388,1,1,0
"PCTChangeGT5,_HTGT1.5_,,,chisUpTrend-Risky-nearLow,chisCheckConsolidationBreakoutGT(4.5),weekBarHighChangeGT2,##UPTREND:buyMonth3LowReversal(Confirm),",-0.9605708422442705,1,0,1
"PCTChangeGT5,,,,volumeUpsergedLast2n3n4DayDown,volBuyContinueLast2DayUp-VolUp,##MAPositive_Uptrend(GT4.5),##MA-SMA200GT0SMA100GT0,",-2.3391701206682125,1,0,1
"PCTDayChangeLT0,,,,##buyYear2LowMovingSMA,",-0.6924131364285312,25,13,12
"PCTChangeGT3,,,,VOL:sell-UpVol-3dayUp-Week2High,##MAPositive_Uptrend(GT4.5),##MA-SMA200GT0SMA100GT0,##last2DayHighGT3-M3HGT0,",-3.0713787519772797,2,0,2
"PCDCGT0PCTDayChangeLT0,PCDayChange-0.5to0.5,,,,chisFinalBreakOutBuyContinue-1-test-atYearLow,",1.3513545665258477,1,1,0
"PCDCGT0PCTDayChangeLT0,_HTGT3.0__LTGT1.5__HTGTPCTDayChange__LTGTPCTDayChange_,,,%%:sellDowntrend-lastDayUp-ReversalHighTail,",2.8797487669353186,1,1,0
"PCTChangeLT-3,_HTGT1.5_,,,(GLOBALFUTDOWN-DOWNTRENDMARKET)checkSellConsolidationBreakDown-week2-lowNotReachedWeek3,week2BarLowChangeLT-2,##DOWNTREND:sellYear2HighReversal(InDownTrend),volBuyRevarsalVolCrossed,%%:checkBuyRevarsalLast3DayDownAtMonth3High,##(Check-chart-buy):month3High-InMinus,ReversalHighMonth3,",2.6352428999103434,1,1,0
"PCTChangeLT-3,_LTGT1.5_,,,chisDownTrend-Risky-nearHigh,MayBuyCheckChart-(IndexNotUpInSecondHalf),",2.75947416941611,1,1,0
"PCTChangeLT-3,,,,volBuyReversalLast2DayDown-VolDown,(GLOBALFUTDOWN-DOWNTRENDMARKET)checkSellConsolidationBreakDown-week2-lowNotReachedWeek3,week2BarLowChangeLT0,",1.959989077767511,3,2,1
"PCTChangeGT2,,,,chisSellUpTrend-1,checkBuyConsolidationBreakout-allPreLT0,",-1.3317217848450429,1,0,1
"PCTChangeGT5,_HTGT3.0_,,,volSellReversalLast2DayUp-VolDown,##MAPositive_Uptrend(GT4.5),##MA-SMA200GT0SMA100GT0,",2.801786556329178,1,1,0
"PCTChangeLT-3,,,,checkCupDown-2dayDown-mayReversalBuy,##last2DayLow(LT-3)-M3LGT0,##sellRisingMA,",0.670527780292845,1,1,0
"PCTChangeGT2,_HTGT1.5__HTGTPCTDayChange_,,,zigZagVolCrossedFromDown,",3.9364717299160072,2,2,0
"PCTChangeGT0,,,,chisUpTrend-Risky-nearLow,##(Test)buyBottomReversal-1,",1.800949313629285,1,1,0
"PCTChangeGT5,year2Low,_HTGT3.0__HTGTPCTDayChange_,,,chisSellYear2LowContinue,",-0.7381392279492417,1,0,1
"PCTChangeLT-1,,,,checkCupDown-near2WeekDown-mayReveresalBuy,week2BarLowChangeLT0,",-1.8910610908594552,1,0,1
"PCTChangeGT0,PCDayChange-0.5to0.5,_LTGT3.0_,,,chisSellDowningMA-(check5MinuteDownTrendAndSellDowntrend)-Already10DayDown,",-0.9463103889304094,8,3,5
"PCDCLT0PCTChangeGT1,PCDayChange-0.5to0.5,_HTGT3.0_,,,%%HLTF:maySellTail-tailGT2-allDayGT0,##MA-SMA200LT0SMA100LT0,",-4.181853818221831,1,0,1
"PCTChangeGT3,year2High,_LTGT1.5_,,,chisCheckConsolidationBreakoutLT(4.5),weekBarHighChangeGT2,brokenToday,",-0.017707163276798298,1,0,1
"PCTChangeLT-2,,,,VOL:buy-UpVol-3dayDown-Week2Low,##MANegative_Downtrend_(LT-2),##MA-SMA200LT0SMA100LT0,##DOWNTREND:sellMonth3LowBreak,",6.2301314237549335,1,1,0
"PCTChangeGT2,_HTGT3.0__HTGTPCTDayChange_,,,mayBuyFromSellPattern-GT1.8,",-0.8586259139178414,1,0,1
"PCTChangeGT8,year2High,,,,##lastDayHighGT5TodayGT1,",-1.0338902864182402,1,0,1
"PCTChangeGT5,,,,chisCheckConsolidationBreakoutGT(4.5),weekBarHighChangeGT2,",2.9372729762453873,1,1,0
"PCDCGT0PCTChangeLT-1,,,,volSellRevarsalVolCrossed,",0.42696182747803557,2,1,1
"PCTChangeLT-5,_LTGT3.0_,,,##(Test)(Check-chart):year2Low-InMinus,",0.20555194109678968,1,1,0
"PCTChangeGT1,PCDayChange-0.5to0.5,_LTGT1.5_,,,chisSellSuper-Risky,-+,",0.5611578745356633,5,3,2
"PCTChangeGT2,_HTGT3.0__LTGT1.5__HTGTPCTDayChange_,,,$$MaySellContinue-CheckChart(inuptrend-monthlow)-highTail,##buyTenDaysLessThanMinusTen,",-4.426644239076921,1,0,1
"PCTChangeGT2,_HTGT1.5__HTGTPCTDayChange_,,,%%HLTF:(DOWNTREND-OR-GLOBALDOWN)maySellTail-tailGT2-2,3,4thDayGT0,weekBarHighChangeGT0,brokenToday,",-1.344619973708981,1,0,1
"PCTChangeLT-8,_HTGT1.5__LTGT1.5__HTGTPCTDayChange_,,,chisDownTrend-Risky-nearHigh,",-2.895542793566495,1,0,1
"PCTChangeLT-1,,,,chisSellFlagWeek-Risky,volBuyReversalLast2DayDown-VolDown,##(Check-chart-buy):month3High-InMinus,ReversalHighMonth3,",-0.2021481167836135,1,0,1
"PCTChangeLT-3,_LTGT1.5_,,,volSellContinueLast2DayDown-VolUp,chisDownTrend-Risky-nearHigh,##DOWNTREND:sellYear2HighReversal(InDownTrend),##(Check-chart-buy):month3High-InMinus,ReversalHighMonth3,",-1.5596452340917109,1,0,1
"PCTChangeLT-2,_LTGT1.5_,,,volBuyVolumeUpsergedLast2n3DayUp,##MANegative_Downtrend_(LT-2),##MA-SMA200LT0SMA100LT0,",3.097067908429505,1,1,0
"PCTChangeLT-2,year2Low,,,,weekBarLowChangeLT0,brokenToday,",0.3516013748672081,5,3,2
"PCTChangeGT1,PCDayChange-0.5to0.5,_HTGT1.5__LTGT1.5_,,,shortUpTrendBuyContinue-Doji-Last2DayGTToday,",-1.6434985883915705,3,0,3
"PCTChangeGT0.5,year2High,_HTGT3.0_,,,%%HLTF-Risky9:30:maySellTail-tailGT2-7,10thDayGT15,chisSellEveningStar-2(Check2-3MidCapCross),",0.5813102365654206,1,1,0
"PCTChangeGT3,_HTGT1.5__LTGT3.0__LTGTPCTDayChange_,,,checkBuyConsolidationBreakout-allPreLT0,",-0.23908397016306834,1,0,1
"PCTChangeLT-3,_HTGT1.5_,,,VOL:sell(GLOBALFUTUP-GLOBALMARKETUP)Buy-UpVol-3dayDown-Week2High,##DOWNTREND:sellMonth6High(InDownTrend),##(Check-chart-buy):month3High-InMinus,BreakHighMonth3,",3.2630937378530787,1,1,0
"PCTChangeGT2,year2High,,,,volSellReversalLast2DayUp-VolDown,chisCheckConsolidationBreakout2WeekLT(4.5),weekBarHighChangeGT2,",-1.5884634164663463,1,0,1
"PCTChangeLT-2,year2High,_HTGT3.0__HTGTPCTDayChange_,,,%%HLTF-Risky9:30:maySellTail-tailGT2-7,10thDayGT15,volSellContinueLast2DayDown-VolUp,",-1.7898233849035303,1,0,1
"PCTChangeLT-1,_LTGT1.5_,,,checkCupDown-3dayDown,##(Test):buyRisingMA-uptrend-SMA25gt0,",0.9854942196482647,1,1,0
"PCTChangeGT5,,,,(GLOBALFUTUP-UPTRENDMARKET)checkBuyConsolidationBreakUp-week2,weekBarHighChangeGT2,brokenToday,",-0.3314540902929521,1,0,1
"PCTChangeGT2,,,,chisUpTrend-Risky-nearLow,week2BarHighChangeGT0,##(Test)buyBottomReversal-1,##UPTREND:buyYearLowReversal(Confirm),",1.660083305356054,1,1,0
"PCTChangeGT5,year2High,,,,volumeUpsergedLast2n3n4DayDown,volBuyContinueLast2DayUp-VolUp,weekBarHighChangeGT2,##last2DayHighGT3-M3HGT0,",0.10329808473474268,1,1,0
"PCTChangeLT-5,_HTGT3.0_,,,##(check-chart)buyEMA6<EMA14-Risky,",-6.818181818181819,1,0,1
"PCTChangeGT1,_HTGT3.0__HTGTPCTDayChange_,,,%%HLTF-Last2HighTail:(UPTREND)buy(DOWNTREND)sell:HighUpperTailPre-last2DayUp,chisSellEveningStar-2(Check2-3MidCapCross),",0.807419511688227,1,1,0
"PCTChangeLT-8,_HTGT3.0_,,,(GLOBAL-DOWN)maySellContinueHighVolatileLastDayDOWN-PCT10GT0-(LT-8),",-3.824001422447861,2,0,2
"PCTChangeLT-2,_HTGT1.5__HTGTPCTDayChange_,,,%%HLTF:maySellTail-tailGT2-7,10thDayGT20,",-1.2432873615056834,1,0,1
"PCTChangeLT-2,,,,chisBuyMay5DayFloorReversal,chisSellDayLowVolLow-03-checkMorningTrend(.5SL),",0.1779036453079082,1,1,0
"PCTChangeLT-3,,,,volBuyVolumeUpsergedLast2n3DayUp,volSellContinueLast2DayDown-VolUp,(GLOBALFUTDOWN-DOWNTRENDMARKET)checkSellConsolidationBreakDown-week2-lowNotReachedWeek3,week2BarLowChangeLT-2,weekLowLTweek2Low,sellPatternsML,sellPatterns-LT-1.5-SMALT0,(SMA9LT0),",-0.9009272828599627,1,0,1
"PCTChangeLT-2,_LTGT3.0_,,,##MANegative_Downtrend_(LT-1),##MA-SMA200GT0SMA100LT0,",9.90775132971056,1,1,0
"PCTChangeGT2,_HTGT3.0__HTGTPCTDayChange_,,,chisSellYear2LowLT-40-last4DayDown(triggerAfter-9:15),",1.5076382469584924,1,1,0
"PCTChangeGT1,,,,volBuyContinueLast2DayUp-VolUp,##UPTREND:buyYear2LowReversal(Confirm),",0.418616985452589,1,1,0
"PCTChangeGT1,year2High,_HTGT1.5__HTGTPCTDayChange_,,,(Test)(check-chart-2-3MidCapCross)MaySellCheckChart-Risky,MaySellCheckChart-(IndexNotDownInSecondHalf),",-0.25154035929034574,31,14,17
"PCTChangeLT-1,,,,##MA-SMA200GT0SMA100GT0,",1.441463503034527,1,1,0
"PCTChangeLT-2,,,,%%HLTF-Last2DayMarketDown:(GLOBAL-UP)buyHighUpperTailPre1-Reversal-LastDayMarketDown,volBuyVolumeUpsergedLast2n3DayUp,",-0.4761884001647534,1,0,1
"PCTChangeGT0.5,,,,chisSellFlagWeek-doji-Risky,shortUpTrendBuyContinue-Doji-Last2DayGTToday,",0.7099827882960389,1,1,0
"PCTChangeLT-5,,,,chisSellDownTrend-nearHigh,##DOWNTREND:sellYearHigh(InDownTrend),",1.0538608030752925,1,1,0
"PCTChangeLT-3,_HTGT1.5__LTGT1.5_,,,##last3DayLow(LT-3)-M3LGT0,",-0.04708984526341858,1,0,1
"PCDCGT0PCTChangeLT-5,_HTGT3.0_,,,##MA-SMA200GT0SMA100LT0,",13.931815407492895,1,1,0
"PCTChangeGT1,_HTGT1.5__HTGTPCTDayChange_,,,%%HLTF-Last2HighTail:(UPTREND)buy(DOWNTREND)sell:HighUpperTailPre-last2DayUp,%%HLTF:(DOWNTREND-OR-GLOBALDOWN)maySellTail-tailGT2-2,3,4thDayGT0,",-2.4038528877492165,2,0,2
"PCTChangeLT-3,,,,volBuyVolumeUpsergedLast2n3DayUp,volSellContinueLast2DayDown-VolUp,(GLOBALFUTDOWN-DOWNTRENDMARKET)checkSellConsolidationBreakDown-week2-lowNotReachedWeek3,week2BarLowChangeLT0,",1.2550707019293312,1,1,0
"PCTChangeGT1,_LTGT3.0_,,,volBuyVolumeUpsergedLast2n3DayDown,",-2.9126683003785825,2,0,2
"PCTChangeGT16,_HTGT3.0__LTGT1.5_,,,chisBuyUpTrend-nearLow,",-7.001365925624106,1,0,1
"PCTChangeLT-2,_HTGT3.0__HTGTPCTDayChange_,,,%%:checkSell:Super0,(GLOBALFUTDOWN-DOWNTRENDMARKET)checkSellConsolidationBreakDown-week2-lowNotReachedWeek3,week2BarLowChangeLT-5,",6.215877864260231,1,1,0
"PCTChangeLT-0.5,_HTGT1.5_,,,%%HLTF-LastDayUp:(DOWNTREND-OR-GLOBALDOWN)MaySellHighTail-LastDayMarketUp,",0.1546075395780279,89,49,40
"PCTChangeLT-1,_LTGT1.5_,,,(GLOBALFUTDOWN-DOWNTRENDMARKET)checkSellConsolidationBreakDown-week2-lowNotReachedWeek3,week2BarLowChangeLT-2,",1.0031140025860403,2,1,1
"PCTChangeGT5,year2High,_HTGT3.0_,,,week2BarHighChangeGT2,",0.16954334504013588,1,1,0
"PCTChangeLT-1,_LTGT1.5_,,,volumeUpsergedLast2n3n4DayUp,chisDownTrend-Risky-nearHigh,##(Check-chart-buy):month3High-InMinus,ReversalHighMonth3,",1.1456294948127237,1,1,0
"PCTChangeGT3,,,,##MAPositive_Uptrend(GT2),##MA-SMA200LT0SMA100LT0,##last2DayHighGT3-M3HGT0,",-7.341298273189207,1,0,1
"PCTChangeGT1,PCDayChange-0.5to0.5,_LTGT1.5_,,,chisSellDowningMA-(check5MinuteDownTrendAndSellDowntrend)-Already10DayDown,",0.8212980609768971,17,11,6
"PCTChangeGT5,,,,chisBuyDayHighVolLow-0,##MAPositive_Uptrend(GT1),##MA-SMA200GT0SMA100GT0,",-1.5470604678192417,1,0,1
"PCTChangeGT0.5,_HTGT1.5__HTGTPCTDayChange_,,,%%HLTF-Last2HighTail:(UPTREND)buy(DOWNTREND)sell:HighUpperTailPre-last2DayUp,##RisingMA(check-chart-sell)-MaySellCheckChart,",-1.0294072768267344,1,0,1
"PCTChangeLT-2,year2Low,,,,volumeUpsergedLast2n3n4DayUp,",0.14018834194290755,1,1,0
"PCTChangeLT-2,year2High,,,,VOL:buy-DownVol-3dayDown-Week2High,",-1.3668084528125282,8,1,7
"PCTChangeGT1,_LTGT1.5_,,,##(Check-chart-sell):month3Low-InPlus,NearLowMonth3,",1.3901177403069855,2,1,1
"PCTChangeGT3,year2High,_HTGT1.5__HTGTPCTDayChange_,,,volSellVolumeUpsergedLast2n3DayDown,",1.0584445534874551,2,1,1
"PCTChangeGT2,_HTGT1.5_,,,chisCheckConsolidationBreakoutLT(4.5),",-0.22539609757650628,12,6,6
"PCTChangeGT0.5,PCDayChange-0.5to0.5,,,,(SMA9LT0),",-1.4231602617702324,3,1,2
"PCTChangeGT2,,,,##(Check-chart-sell):month3Low-InPlus,ReversalLowMonth3,chis-breakoutup-2week,##UPTREND:buyYear2LowReversal(Confirm),",0.6010290694563418,1,1,0
"PCDCGT0PCTChangeLT-3,PCDayChange-0.5to0.5,_HTGT1.5_,,,%%:checkSell:Super0,%%:sellDowntrend-lastDayUp-ReversalHighTail,##(Test)(check-chart)-sellSMADownTrend,",2.4611801242236004,1,1,0
"PCTChangeGT3,,,,volSellReversalLast2DayUp-VolDown,(SMA9GT0),",3.7997578028826346,1,1,0
"PCTChangeGT3,_HTGT1.5_,,,%%HLTF-Last2HighTail:(UPTREND)buy(DOWNTREND)sell:HighUpperTailPre-last2DayUp,chisCheckConsolidationBreakout2WeekLT(4.5),weekBarHighChangeGT2,##MAPositive_Uptrend(GT2),##MA-SMA200LT0SMA100GT0,",3.7976295332995154,1,1,0
"PCTChangeLT-2,_HTGT1.5_,,,%%HLTF-Last2HighTail:(DOWNTREND)sellHighUpperTailPre,##(Check-chart-sell)Month3Low-Continue(InUpTrend),ReversalLowMonth3,",5.042287428753651,1,1,0
"PCTChangeGT2,,,,volSellReversalLast2DayUp-VolDown,(GLOBALFUTUP-UPTRENDMARKET)checkBuyConsolidationBreakUp-week2-highNotReachedWeek3,week2BarHighChangeGT0,brokenToday,",-2.423600636263539,2,0,2
"PCTChangeGT1,,,,(Test)MaySell-CheckChart(downTrend-lastDayUp),zigZagVolCrossedFromDown,",-2.1689043216221915,1,0,1
"PCTChangeLT-3,_HTGT3.0__HTGTPCTDayChange_,,,checkCupDown-near2WeekDown-mayReveresalBuy,(GLOBALFUTDOWN-DOWNTRENDMARKET)checkSellConsolidationBreakDown-week2-lowNotReachedWeek3,week2BarLowChangeLT0,chisDownTrend-Risky-nearHigh,##(Check-chart-buy):month3High-InMinus,ReversalHighMonth3,",3.8073168232942773,1,1,0
"PCTChangeLT-3,,,,(GLOBALFUTDOWN-DOWNTRENDMARKET)checkSellConsolidationBreakDown-week2-lowNotReachedWeek3,week2BarLowChangeLT-2,weekLowLTweek2Low,chisDownTrend-Risky-nearHigh,##DOWNTREND:sellYear2HighReversal(InDownTrend),##last2DayLow(LT-3)-M3LGT0,##(Check-chart-buy):month3High-InMinus,ReversalHighMonth3,",0.12305857604032802,1,1,0
"PCTChangeLT-2,_HTGT3.0__LTGT1.5__HTGTPCTDayChange_,,,volBuyReversalLast2DayDown-VolUp,",2.1835282882731484,1,1,0
"PCTChangeGT3,_HTGT3.0__HTGTPCTDayChange_,,,%%HLTF:(UPTREND-GLOBAL/SGX-UP)BuyHighUpperTail-Reversal-7,10thDayGT15-LastDayMarketDown,##MAPositive_Uptrend(GT4.5),##MA-SMA200GT0SMA100GT0,",-0.2963737796373629,1,0,1
"PCTChangeLT-3,,,,(GLOBALFUTDOWN-DOWNTRENDMARKET)checkSellConsolidationBreakDown-week2,weekBarLowChangeLT-2,brokenToday,##(Check-chart-buy):YearHigh-InMinus,ReversalHighYear,",-1.6413631354759564,1,0,1
"PCTChangeGT5,_HTGT3.0__LTGT1.5_,,,volBuyContinueLast2DayUp-VolUp,",-5.259258128978588,1,0,1
"PCDCLT0PCTChangeGT1,,,,##MA-SMA200GT0SMA100GT0,",-1.9610500105532875,3,0,3
"PCTChangeLT-3,,,,volBuyVolumeUpsergedLast2n3DayUp,week2BarLowChangeLT0,",-2.8299726361177,1,0,1
"PCTChangeGT3,,,,volumeUpsergedLast2n3n4DayDown,(GLOBALFUTUP-UPTRENDMARKET)checkBuyConsolidationBreakUp-week2-highNotReachedWeek3,week2BarHighChangeGT0,brokenToday,##(check-chart)mayBuy-EMA6-LT-May-MT-EMA14,",-1.3190217173846517,1,0,1
"PCDCGT0PCTChangeLT-3,_LTGT1.5_,,,##MA-SMA200LT0SMA100LT0,buyPatternsML,",3.2112055811388736,1,1,0
"PCTChangeLT-3,_LTGT1.5_,,,##MANegative_Downtrend_(LT-2),##MA-SMA200LT0SMA100LT0,##DOWNTREND:sellYearLowBreak,",-0.13070746433463254,8,5,3
"PCTChangeGT3,,,,chisUpTrend-Risky-nearLow,chisCheckConsolidationBreakoutLT(4.5),(GLOBALFUTUP-UPTRENDMARKET)checkBuyConsolidationBreakUp-week2-highNotReachedWeek3,week2BarHighChangeGT0,brokenToday,",-4.269295666144689,1,0,1
"PCTChangeLT-1,,,,volBuyVolumeUpsergedLast2n3DayUp,chisSellDownTrend-nearHigh,",-1.3584415898857318,1,0,1
"PCTChangeLT-2,,,,checkCupDown-2dayDown,##(Check-chart-buy):YearHigh-InMinus,ReversalHighYear,",1.5438575075383798,1,1,0
"PCTChangeGT3,,,,##UPTREND:buyMonth3LowReversal(Confirm),",-1.1352338234956074,12,4,8
"PCDCLT0PCTChangeGT0,PCDayChange-0.5to0.5,,,,##MANegative_Downtrend_(LT0),##MA-SMA200LT0SMA100LT0,",0.0706551146979073,4,1,3
"PCTChangeGT1,year2Low,_HTGT3.0__HTGTPCTDayChange_,,,chisSellYear2LowLT-40-last4DayDown(triggerAfter-9:15),",1.9811448990739235,1,1,0
"PCTChangeLT-3,_LTGT1.5_,,,vol-buy-DownVol-3dayDown-Week2Low,weekBarLowChangeLT0,brokenToday,",2.4914537739549982,1,1,0
"PCTChangeLT-8,_LTGT1.5_,,,%%:checkSell:FlagWeek,",-5.992958892678991,1,0,1
"PCTChangeGT2,_HTGT3.0__LTGT1.5__HTGTPCTDayChange__LTGTPCTDayChange_,,,chisBuyYearHigh-3,",-2.286858304845447,2,0,2
"PCTChangeGT0.5,_HTGT1.5__LTGT1.5__HTGTPCTDayChange__LTGTPCTDayChange_,,,##MANegative_Downtrend_(GT1),##MA-SMA200LT0SMA100LT0,",-0.7670544690726631,1,0,1
"PCTChangeGT2,,,,volSellReversalLast2DayUp-VolUp,",0.3408772730874561,2,1,1
"PCTChangeGT3,_HTGT3.0__LTGT1.5__HTGTPCTDayChange_,,,volBuyContinueLast2DayUp-VolUp,",3.4507289174286573,1,1,0
"PCDCLT0PCTChangeGT1,PCDayChange-0.5to0.5,_HTGT1.5__LTGT3.0_,,,##MAPositive_Uptrend(LT0),##MA-SMA200GT0SMA100GT0,",4.698978927074078,1,1,0
"PCDCGT0PCTChangeLT-5,PCDayChange-0.5to0.5,year2Low,_HTGT1.5__LTGT1.5_,,,%%HLTF-Last2LowTail:(DOWNTREND)sellHighLowerTailPre-1,",-2.679998779296875,1,0,1
"PCTChangeGT8,_HTGT3.0_,,,##MAPositive_Uptrend(GT4.5),##MA-SMA200GT0SMA100GT0,",2.3141912486865883,3,2,1
"PCTChangeLT-3,_HTGT1.5__LTGT1.5_,,,checkCupDown-near2WeekDown-mayReveresalBuy,",-9.999999999999993,1,0,1
"PCTChangeGT1,year2High,_HTGT3.0__HTGTPCTDayChange_,,,%%HLTF-Last2HighTail:(UPTREND)buy(DOWNTREND)sell:HighUpperTailPre-last2DayUp,%%HLTF:maySellTail-tailGT2-7,10thDayGT20,%%:sellUpTrend-month3High,",0.7732708663469766,1,1,0
"PCTChangeLT-5,_HTGT1.5_,,,##longDownTrend-1-IndexNotDownLastDay(checkBase),",-4.687400817076864,1,0,1
"PCTChangeLT-5,_LTGT1.5_,,,volBuyReversalLast2DayDown-VolDown,chisSellDayLowVolLow-0,",-2.8672739691934646,2,1,1
"PCTChangeGT3,,,,buyYearHigh-0,",1.266867569376606,3,2,1
"PCTChangeLT-2,_LTGT1.5_,,,(GLOBALFUTDOWN-DOWNTRENDMARKET)checkSellConsolidationBreakDown-week2-lowNotReachedWeek3,week2BarLowChangeLT-5,chisDownTrend-Risky-nearHigh,##DOWNTREND:sellYear2HighReversal(InDownTrend),##(Check-chart-buy):month3High-InMinus,ReversalHighMonth3,",-2.48979840959822,1,0,1
"PCTChangeGT2,,,,VOL:buy(GLOBALFUTDOWN-GLOBALMARKETDOWN)Sell-UpVol-3dayUp-Week2Low,##(Check-chart)ML:buyMonth3High-Continue,",-1.533609233417208,1,0,1
"PCTChangeLT-3,,,,chisDownTrend-Risky-nearHigh,##DOWNTREND:sellYear2HighReversal(InDownTrend),##(Check-chart-buy):month3High-InMinus,ReversalHighMonth3,",0.6201260726844108,22,15,7
"PCTChangeLT-1,_LTGT3.0_,,,volBuyReversalLast2DayDown-VolDown,##(Check-chart-buy):month3High-InMinus,ReversalHighMonth3,",0.5570973203381178,1,1,0
"PCTChangeGT3,,,,weekBarHighChangeGT2,chisBuy-2week-breakoutup(check-chart)(|-|-| or --|),##MAPositive_Uptrend(GT4.5),##MA-SMA200LT0SMA100LT0,",-0.6696428571428571,1,0,1
"PCTDayChangeLT0,PCDayChange-0.5to0.5,_HTGT1.5_,,,%%HLTF-LastDayUp:(DOWNTREND-OR-GLOBALDOWN)MaySellHighTail-LastDayMarketUp,##buyYear2LowMovingSMA,",-0.5209488973351428,3,1,2
"PCTChangeLT-2,,,,sellPatternsML,sellPatterns-LT-1.5-SMALT0,(SMA4LT(-1.5)),",0.0,1,0,0
"PCTChangeLT-3,_LTGT1.5_,,,%%:checkSell:FlagWeek,##buyRisingMA-1,",-3.9791297991403853,1,0,1
"PCTChangeLT-2,_LTGT1.5_,,,(GLOBALFUTDOWN-DOWNTRENDMARKET)checkSellConsolidationBreakDown-week2-lowNotReachedWeek3,week2BarLowChangeLT0,weekLowLTweek2Low,$$MayBuy-CheckChart(monthLow-minimumLast4DayDown),",3.1723988548787028,2,1,1
"PCTChangeGT1,,,,chisUpTrend-Risky-nearLow,chisCheckConsolidationBreakoutLT(4.5),BuyYearLow,##UPTREND:buyYear2LowReversal(Confirm),",-0.7767374092811794,1,0,1
"PCTChangeLT-0.5,_LTGT1.5_,,,(Test)(check-chart-2-3MidCapCross)MayBuyCheckChart-Risky,(Test)MayBuy-CheckChart(upTrend-lastDayDown),##buyYear2LowMovingSMA,",1.8758112194937715,1,1,0
"PCTChangeLT-3,year2High,_HTGT1.5__LTGT1.5_,,,volSellContinueLast2DayDown-VolUp,",3.181819020286885,1,1,0
"PCTChangeGT5,year2Low,_LTGT1.5_,,,chisSellYear2LowLT-40-last4DayDown(triggerAfter-9:15),",1.1986067338423227,2,1,1
"PCTChangeGT0.5,,,,##MANegative_Downtrend_(GT1),##MA-SMA200GT0SMA100LT0,",-0.9151727742459845,2,1,1
"PCDCGT0PCTDayChangeLT0,PCDayChange-0.5to0.5,_HTGT1.5_,,,%%:checkSell:CupDownDoji,",-0.3878434074153396,4,2,2
"PCDCLT0PCTChangeGT0,,,,##MANegative_Downtrend_(LT0),##MA-SMA200GT0SMA100LT0,",-2.330679722516183,1,0,1
"PCTChangeLT-3,,,,VOL:sell(GLOBALFUTUP-GLOBALMARKETUP)Buy-UpVol-3dayDown-Week2High,##(Check-chart-buy):month3High-InMinus,ReversalHighMonth3,",1.5400835535067832,4,2,2
"PCTChangeGT2,,,,chisBuy-2week-breakoutup(check-chart)(|-|-| or --|),",0.4587066619363038,54,30,24
"PCTChangeLT-1,_HTGT3.0__HTGTPCTDayChange_,,,shortDownTrendSellContinue-Doji-Last2DayLTToday,",1.5147237504996456,1,1,0
"PCTChangeLT-3,_LTGT1.5_,,,checkCupDown-upTrendLastDayDown-mayReversalBuy,##ML:BuyRisingMA-Risky-0,",-0.4868278656195717,1,0,1
"PCTChangeGT2,,,,##(Check-chart-sell):month3Low-InPlus,ReversalLowMonth3,chisUpTrend-Risky-nearLow,chisCheckConsolidationBreakoutLT(4.5),(GLOBALFUTUP-UPTRENDMARKET)checkBuyConsolidationBreakUp-week2-highNotReachedWeek3,week2BarHighChangeGT2,weekHighGTweek2High,##UPTREND:buyMonth3LowReversal(Confirm),",0.9790326915063032,1,1,0
"PCTChangeGT3,,,,weekBarHighChangeGT2,##MAPositive_Uptrend(GT2),##MA-SMA200LT0SMA100LT0,",2.5588926090755946,2,2,0
"PCTChangeLT-3,,,,checkCupDown,bar_low,chisDownTrend-Risky-nearHigh,##(Check-chart-buy):YearHigh-InMinus,ReversalHighYear,",-1.5052684668965777,1,0,1
"PCTChangeLT-0.5,,,,weekBarLowChangeLT0,chisDownTrend-Risky-nearHigh,",-0.7406292719114319,4,1,3
"PCTChangeLT-1,,,,checkCupDown-inDownTrend-month3HighLTmonth3Low,bar_low,##(Check-chart-buy):month3High-InMinus,ReversalHighMonth3,",-0.21613965979191385,2,1,1
"PCTChangeLT-5,_HTGT1.5__LTGT3.0__LTGTPCTDayChange_,,,##MANegative_Downtrend_(LT-2),##MA-SMA200LT0SMA100LT0,##last2DayLow(LT-3)-M3LLT0,",15.044412909810465,1,1,0
"PCTChangeLT-1,_HTGT1.5__LTGT1.5__HTGTPCTDayChange__LTGTPCTDayChange_,,,##MAPositive_Uptrend(LT-1),##MA-SMA200GT0SMA100GT0,",-1.3970543356502756,1,0,1
"PCTChangeGT3,_HTGT3.0__HTGTPCTDayChange_,,,volSellVolumeUpsergedLast2n3DayDown,",-0.518636078928411,2,0,2
"PCTChangeGT0,year2High,_HTGT1.5_,,,chisSellEveningStar-2(Check2-3MidCapCross),",0.868340811208158,6,2,4
"PCTChangeLT-2,_HTGT1.5_,,,##MANegative_Downtrend_(LT-2),##MA-SMA200GT0SMA100GT0,",0.03484046918735012,2,1,1
"PCTChangeGT3,year2High,_LTGT1.5_,,,volumeUpsergedLast2n3n4DayDown,",3.688666881994693,1,1,0
"PCTChangeGT2,_HTGT3.0_,,,volSellReversalLast2DayUp-VolDown,##RisingMA(check-chart-sell)-MaySellCheckChart,",2.6586620926243643,1,1,0
"PCTChangeLT-3,,,,%%HLTF-Last2DayMarketDown:(GLOBAL-UP)buyHighUpperTailPre1-Reversal-LastDayMarketDown,volBuyReversalLast2DayDown-VolDown,chisBuyFinalContinue-1,##sellTenDaysMoreThanTen,",-5.953210648730386,1,0,1
"PCTChangeLT-1,,,,checkSellConsolidationBreakDown-2week,week2BarLowChangeLT0,",-0.1830430244068933,4,2,2
"PCTChangeGT2,_HTGT1.5_,,,chisBuyUpTrend-nearLow,maySellFromBuyPattern-LT-1.8,",-4.695747202859138,1,0,1
"PCTChangeLT-1,_HTGT1.5__HTGTPCTDayChange_,,,volBuyReversalLast2DayDown-VolUp,chisDownTrend-Risky-nearHigh,",-0.7539408082054458,2,1,1
"PCTChangeLT-1,,,,(GLOBALFUTDOWN-DOWNTRENDMARKET)checkSellConsolidationBreakDown-month,weekBarLowChangeLT0,$$MayBuy-CheckChart(downTrend-mayReverseLast4DaysDown)-Risky,",1.0889533107266092,1,1,0
"PCDCLT0PCTChangeGT0,PCDayChange-0.5to0.5,_LTGT1.5_,,,%%:checkSell:Super-Risky,--,",-1.0888230439210052,1,0,1
"PCTChangeLT-2,_LTGT1.5_,,,##MAPositive_Uptrend(LT-2),##MA-SMA200GT0SMA100GT0,",-2.6702316390766465,2,0,2
"PCDCLT0PCTChangeGT0,PCDayChange-0.5to0.5,_LTGT1.5_,,,buyYearHigh-0,",0.02031273673379275,14,8,6
"PCTChangeLT-3,,,,chisDownTrend-Risky-nearHigh,chisSellDayLowVolLow-01,",-2.3094015088871283,1,0,1
"PCTChangeLT-3,_HTGT1.5_,,,##(Check-chart-buy):month6High-InMinus,ReversalHighMonth6,",1.9464329310825892,1,1,0
"PCTChangeGT5,,,,weekBarHighChangeGT2,##MAPositive_Uptrend(GT4.5),##MA-SMA200LT0SMA100LT0,",1.407565589712444,1,1,0
"PCTChangeGT0.5,year2High,,,,shortUpTrendSellReversal-MonthHigh,weekBarHighChangeGT0,",0.16682554814108658,1,1,0
"PCTChangeGT3,_LTGT1.5_,,,volumeUpsergedLast2n3n4DayDown,volBuyContinueLast2DayUp-VolUp,week2BarHighChangeGT0,brokenToday,",2.6933288574218768,1,1,0
"PCTChangeGT0.5,_LTGT1.5_,,,chisSellDowningMA-(check5MinuteDownTrendAndSellDowntrend),",0.43682692066309564,6,4,2
"PCTChangeGT3,,,,zigZagVolCrossedFromDown,checkBuyConsolidationBreakUp-2week,week2BarHighChangeGT0,brokenToday,chisBuy-2week-breakoutup(check-chart)(|-|-| or --|),",-0.9756810091844875,1,0,1
"PCTChangeGT3,_HTGT1.5_,,,zigZagVolCrossedFromDown,chisBuyUpTrend-1-YearHigh,",-0.4529617878298828,2,1,1
"PCTChangeGT0.5,PCDayChange-0.5to0.5,_HTGT1.5_,,,%%HLTF-Last2HighTail:(UPTREND)buy(DOWNTREND)sell:HighUpperTailPre-last2DayUp,chisBuyYearHigh-3,",-1.1104073682597582,2,0,2
"PCTChangeGT3,,,,volBuyContinueLast2DayUp-VolUp,(GLOBALFUTUP-UPTRENDMARKET)checkBuyConsolidationBreakUp-week2-highNotReachedWeek3,week2BarHighChangeGT0,",1.4336056913664967,2,2,0
"PCTChangeGT2,_HTGT1.5__LTGT1.5__HTGTPCTDayChange_,,,%%HLTF-Last2HighTail:(UPTREND)buy(DOWNTREND)sell:HighUpperTailPre-last2DayUp,(GLOBALFUTUP-UPTRENDMARKET)checkBuyConsolidationBreakUp-week2-highNotReachedWeek3,week2BarHighChangeGT0,",-2.5000042385525174,1,0,1
"PCTChangeGT3,,,,chisCheckConsolidationBreakoutLT(4.5),##UPTREND:buyMonth6Low,",-0.9252352324500027,1,0,1
"PCTChangeGT3,_LTGT1.5_,,,##(check-chart)mayBuy-EMA6-LT-May-MT-EMA14,",0.5882417610548111,3,3,0
"PCTChangeGT2,,,,(GLOBALFUTUP-UPTRENDMARKET)checkBuyConsolidationBreakUp-week2-highNotReachedWeek3,week2BarHighChangeGT0,brokenToday,chis-breakoutup-2week,",-1.2049074431010924,3,1,2
"PCTChangeGT1,_HTGT3.0_,,,%%HLTF-Last2HighTail:(UPTREND)buy(DOWNTREND)sell:HighUpperTailPre-last2DayUp,",-1.3417106255264812,2,0,2
"PCTChangeLT-3,_LTGT1.5_,,,volumeUpsergedLast2n3n4DayUp,chisDownTrend-Risky-nearHigh,##DOWNTREND:sellMonth3High(InDownTrend),##(Check-chart-buy):month3High-InMinus,NearHighMonth3,",-1.1834643584500855,1,0,1
"PCTChangeLT-1,_HTGT1.5_,,,(GLOBALFUTDOWN-DOWNTRENDMARKET)checkSellConsolidationBreakDown-month,weekBarLowChangeLT0,chisDownTrend-Risky-nearHigh,",2.9520869611621885,1,1,0
"PCTChangeLT-5,_LTGT3.0_,,,%%:checkSell:Flag2Week,volSellContinueLast2DayDown-VolUp,##last2DayLow(LT-3)-M3LGT0,",-7.745437179233411,1,0,1
"PCTChangeGT1,year2High,,,,week2BarHighChangeGT0,",0.6557385447214119,3,2,1
"PCDCLT0PCTChangeGT0,,,,%%:checkBuyRevarsalLast3DayDownAtMonth3High,",-0.5214443005587861,2,0,2
"PCTChangeLT-2,,,,checkCupDown-2dayDown-mayReversalBuy,##DOWNTREND:sellYear2HighReversal(InDownTrend),##(Check-chart-buy):YearHigh-InMinus,ReversalHighYear,",0.11522868134368518,3,1,2
"PCTChangeGT1,,,,(GLOBALFUTUP-UPTRENDMARKET)checkBuyConsolidationBreakUp-month,brokenToday,",-1.3043478260869477,1,0,1
"PCTDayChangeLT0,_LTGT1.5_,,,chisSellFlagWeek-Risky,",0.402802194026156,2,1,1
"PCDCLT0PCTChangeGT1,_HTGT3.0_,,,%%HLTF:maySellTail-tailGT2-allDayGT0,",-0.5968571816572704,2,1,1
"PCTChangeGT0,_HTGT1.5__HTGTPCTDayChange_,,,%%:checkSell:CupDownDoji,",0.2263923350403713,2,1,1
"PCTChangeGT1,,,,##UPTREND:buyMonth6Low,",-3.9623784611573734,4,1,3
"PCTChangeGT8,_HTGT1.5_,,,##MAPositive_Uptrend(GT2),##MA-SMA200GT0SMA100GT0,",-0.25365401953848976,2,1,1
"PCTChangeGT2,,,,##(Check-chart-sell):month3Low-InPlus,ReversalLowMonth3,chisUpTrend-Risky-nearLow,##UPTREND:buyYear2LowReversal(Confirm),",-1.1465488069307845,1,0,1
"PCTChangeGT0.5,PCDayChange-0.5to0.5,_HTGT3.0_,,,##MANegative_Downtrend_(GT0),##MA-SMA200LT0SMA100LT0,",-2.957170202958368,2,0,2
"PCTChangeGT0.5,_HTGT1.5__HTGTPCTDayChange__LTGTPCTDayChange_,,,%%:checkSell:lastDayLT(-4.5),%%:sellDowntrend-lastDayUp-ReversalHighTail,",-2.494916795763917,1,0,1
"PCTChangeLT-1,,,,%%checkCupDown-2dayDown-continue,chisDownTrend-Risky-nearHigh,##(check-chart)maySell-EMA6-MT-May-LT-EMA14,",1.42616917287392,1,1,0
"PCTChangeGT5,,,,volumeUpsergedLast2n3n4DayDown,volBuyContinueLast2DayUp-VolUp,##last2DayHighGT3-M3HLT0,",2.3599405582545385,1,1,0
"PCTChangeGT1,_HTGT1.5__HTGTPCTDayChange_,,,%%:checkSell:CupDownDoji,",3.764794009823934,3,2,1
"PCTChangeLT-3,year2Low,_HTGT3.0__LTGT1.5__HTGTPCTDayChange_,,,weekBarLowChangeLT-2,brokenToday,",4.650671296418751,1,1,0
"PCTChangeLT-2,,,,%%checkCupDown-2dayDown-continue,##DOWNTREND:sellYear2HighReversal(InDownTrend),##(Check-chart-buy):month3High-InMinus,ReversalHighMonth3,",1.2300791791750472,2,1,1
"PCTChangeGT1,_LTGT1.5_,,,checkCupDown-lastDayUp,%%HLTF:(GLOBAL-DOWN)sellHighLowerTail-Reversal-LastDayMarketUp,",-3.955174766448478,1,0,1
"PCTChangeLT-2,,,,weekBarLowChangeLT0,brokenToday,sellPatternsML,sellPatterns-LT-1.5-SMALT0,(SMA9LT0),",-1.9175799419709365,2,1,1
"PCTChangeLT-2,,,,chisSellUpTrend-Risky-2,##(Check-chart-buy):YearHigh-InMinus,NearHighYear,",-2.382499774284935,2,0,2
"PCTChangeGT5,,,,##MAPositive_Uptrend(GT2),##MA-SMA200GT0SMA100GT0,",0.28758707788608373,20,10,10
"PCTChangeLT-5,_HTGT3.0__LTGT1.5__HTGTPCTDayChange_,,,##MANegative_Downtrend_(LT-4.5),##MA-SMA200LT0SMA100LT0,",-0.7903265183971754,1,0,1
"PCTChangeLT-3,_LTGT1.5_,,,volBuyVolumeUpsergedLast2n3DayUp,##MANegative_Downtrend_(LT-2),##MA-SMA200GT0SMA100GT0,",2.6417085909730367,1,1,0
"PCTChangeGT1,_LTGT1.5_,,,##MANegative_Downtrend_(GT1),##MA-SMA200LT0SMA100LT0,",0.3285286660515575,5,3,2
"PCTChangeGT3,,,,weekBarHighChangeGT2,##MAPositive_Uptrend(GT2),##MA-SMA200GT0SMA100GT0,##last2DayHighGT3-M3HGT0,",-1.3494979222950734,1,0,1
"PCTChangeGT3,_LTGT3.0_,,,%%HLTF-Risky:(GLOBAL-DOWN)sellHighLowerTail-Reversal-LastDayMarketUp,##MAPositive_Uptrend(GT2),##MA-SMA200LT0SMA100LT0,",-3.5882352941176463,1,0,1
"PCTChangeLT-3,_HTGT1.5_,,,chisDownTrend-Risky-nearHigh,##DOWNTREND:sellYear2HighReversal(InDownTrend),##last2DayLow(LT-3)-M3LGT0,##(Check-chart-buy):YearHigh-InMinus,ReversalHighYear,",-4.581457072563678,2,0,2
"PCTChangeLT-3,_HTGT1.5__LTGT1.5_,,,volumeUpsergedLast2n3n4DayUp,volSellContinueLast2DayDown-VolUp,",1.0669121906080548,1,1,0
"PCTChangeLT-3,_HTGT1.5__LTGT3.0__LTGTPCTDayChange_,,,checkCupDown-3dayDown-mayReversalBuy,%%HLTF:(GLOBAL-DOWN)sellHighLowerTail-Reversal-LastDayMarketUp,##DOWNTREND:sellYear2HighReversal(InDownTrend),volBuyRevarsalVolCrossed,##(Check-chart-buy):month3High-InMinus,ReversalHighMonth3,",2.782968618169138,1,1,0
"PCTChangeLT-2,,,,(GLOBALFUTDOWN-DOWNTRENDMARKET)checkSellConsolidationBreakDown-week2-lowNotReachedWeek3,week2BarLowChangeLT0,##DOWNTREND:sellYear2HighReversal(InDownTrend),$$MayBuy-CheckChart(monthLow-minimumLast4DayDown),##(Check-chart-buy):YearHigh-InMinus,ReversalHighYear,",-1.1403089174800638,1,0,1
"PCTChangeLT-3,_HTGT3.0__HTGTPCTDayChange_,,,VOL:buy-DownVol-3dayDown-Week2High,##(Check-chart-buy):month3High-InMinus,NearHighMonth3,",-0.13759100615087824,1,0,1
"PCTChangeGT3,,,,VOL:sell-UpVol-3dayUp-Week2High,weekBarHighChangeGT2,brokenToday,##MAPositive_Uptrend(GT4.5),##MA-SMA200GT0SMA100LT0,",-1.6192446988653852,1,0,1
"PCTChangeGT3,,,,chisCheckConsolidationBreakoutLT(4.5),##UPTREND:buyYear2LowReversal(Confirm),",-4.238910059775077,1,0,1
"PCTChangeLT-0.5,year2High,_HTGT1.5_,,,%%HLTF:(UPTREND-MorningTrend-UP)mayBuyTail-highTailGT2-7,10thDayGT10-Last2DayStockDown,",0.05327839478284124,2,1,1
"PCTChangeLT-2,,,,checkCupDown-3dayDown,VOL:buy-DownVol-3dayDown-Week2High,##(Check-chart-buy):month6High-InMinus,NearHighMonth6,",-2.4967515699879255,1,0,1
"PCTChangeLT-1,_HTGT1.5__HTGTPCTDayChange_,,,%%:checkSell:Super01-monthLow,%%HLTF-Last2HighTail:(DOWNTREND)sellHighUpperTailPre,",-0.12008628557177148,2,1,1
"PCTChangeGT3,_LTGT3.0_,,,chisSellYear2LowLT-40-last4DayDown(triggerAfter-9:15),chisBuyDownTrend-lowTail,",0.8969947714635593,1,1,0
"PCTDayChangeLT0,_HTGT1.5__LTGT1.5_,,,chisSell:Super03-monthLow,%%HLTF-LastDayUp:(DOWNTREND-OR-GLOBALDOWN)MaySellHighTail-LastDayMarketUp,",1.2790712615705302,1,1,0
"PCTChangeLT-2,,,,%%:checkSell:FlagWeek,zigZagVolCrossedFromUp,",-1.8891687294377493,1,0,1
"PCTChangeGT1,_HTGT1.5__HTGTPCTDayChange_,,,shortUpTrendSellReversal-MonthHigh,",0.4216836891921414,5,2,3
"PCTChangeLT-3,,,,##longDownTrend-0-IndexNotDownLastDay(checkBase),",-0.02284793237413202,2,1,1
"PCTChangeGT16,_HTGT1.5_,,,%%HLTF-Last2HighTail:(UPTREND)buy(DOWNTREND)sell:HighUpperTailPre-last2DayUp,##MAPositive_Uptrend(GT4.5),##MA-SMA200LT0SMA100GT0,",10.191079884202594,1,1,0
"PCTChangeLT-1,_LTGT1.5_,,,chisDownTrend-Risky-nearHigh,##(Check-chart-buy):month3High-InMinus,ReversalHighMonth3,",-0.08092790522901108,7,3,4
"PCTChangeLT-0.5,,,,##MAPositive_Uptrend(LT0),##MA-SMA200LT0SMA100GT0,",-2.3750675123979264,1,0,1
"PCTChangeGT3,,,,##MANegative_Downtrend_(GT2),##MA-SMA200LT0SMA100GT0,chisSellFinalContinue-(lastDayDown)-1,",6.042897692305997,1,1,0
"PCTChangeLT-1,_LTGT1.5_,,,##MANegative_Downtrend_(LT-1),##MA-SMA200LT0SMA100LT0,(Test)MayBuyCheckChart-last3DayDown,",0.5259592244282293,1,1,0
"PCTChangeLT-2,,,,weekBarLowChangeLT-2,%%:checkBuyRevarsalLast3DayDownAtMonth3High,",2.3973460214644167,1,1,0
"PCTChangeGT3,year2Low,,,,volBuyVolumeUpsergedLast2n3DayDown,##RisingMA(Test)(check-chart-buy)-2DayUp,",0.27403421738460704,1,1,0
"PCTChangeLT-3,PCDayChange-0.5to0.5,_LTGT3.0_,,,%%HLTF:(GLOBAL-DOWN)sellHighLowerTail-Reversal-LastDayMarketUp,",-4.47511215765638,1,0,1
"PCTDayChangeLT0,PCDayChange-0.5to0.5,_HTGT3.0_,,,##MANegative_Downtrend_(LT0),##MA-SMA200LT0SMA100LT0,",-4.701152231501431,1,0,1
"PCTChangeGT0.5,PCDayChange-0.5to0.5,_HTGT1.5__LTGT1.5_,,,shortUpTrendSellReversal-Month3High-Doji-Last2DayGTToday,",-2.345623978210778,1,0,1
"PCTChangeLT-3,_LTGT1.5_,,,##MANegative_Downtrend_(LT-1),##MA-SMA200GT0SMA100GT0,",3.4103159702025736,1,1,0
"PCTChangeGT3,,,,sellHeavyUpTrend-Reversal-(Risky),VOL:sell-UpVol-3dayUp-Week2High,weekBarHighChangeGT2,",-0.5322590272080926,1,0,1
"PCTChangeGT8,_HTGT3.0_,,,VOL:buy(GLOBALFUTDOWN-GLOBALMARKETDOWN)Sell-UpVol-3dayUp-Week2Low,",3.7163257488997505,1,1,0
"PCTChangeLT-12,_LTGT3.0_,,,##MANegative_Downtrend_(LT-4.5),##MA-SMA200GT0SMA100LT0,chisSellDayLowVolLow-0,",19.538456843449513,1,1,0
"PCTChangeGT2,PCDayChange-0.5to0.5,,,,##MA-SMA200LT0SMA100LT0,",-1.0725104554810208,2,0,2
"PCTChangeGT3,_LTGT1.5_,,,volumeUpsergedLast2n3n4DayDown,##lastDayHighGT5TodayGT1,",1.8902459963862737,1,1,0
"PCTChangeLT-1,,,,volSellContinueLast2DayDown-VolUp,chisSellDownTrend-nearHigh,##(Check-chart-buy):YearHigh-InMinus,ReversalHighYear,",-0.28857837181045526,1,0,1
"PCTChangeGT0.5,PCDayChange-0.5to0.5,_HTGT1.5_,,,shortUpTrendSellReversal-Month3High-Doji-Last2DayGTToday,",1.6876424003053294,1,1,0
"PCTChangeLT-2,_HTGT1.5_,,,chisSell:Super03-monthLow,chisSell-smallUptrendReversal,",0.8767801438462764,1,1,0
"PCDCGT0PCTDayChangeLT0,PCDayChange-0.5to0.5,_LTGT1.5_,,,##MANegative_Downtrend_(GT0),##MA-SMA200LT0SMA100LT0,",-1.1728628456510142,4,1,3
"PCTChangeLT-3,_LTGT1.5_,,,weekBarLowChangeLT-2,brokenToday,",0.46006555916869474,4,3,1
"PCDCGT0PCTChangeLT-1,PCDayChange-0.5to0.5,year2High,_HTGT3.0__LTGT1.5_,,,%%HLTF-Last2HighTail:(UPTREND)buy(DOWNTREND)sell:HighUpperTailPre-last2DayUp,",-1.9988154444785144,1,0,1
"PCTChangeGT3,,,,chisCheckConsolidationBreakoutLT(4.5),(GLOBALFUTUP-UPTRENDMARKET)checkBuyConsolidationBreakUp-week2-highNotReachedWeek3,week2BarHighChangeGT0,##buyRisingMAuptrend-(Risky),",-0.674378185988757,1,0,1
"PCTChangeLT-2,_LTGT1.5_,,,chisSellConsolidationBreakDown-forecastDayPCT7LT0,",-0.6458758464143429,3,1,2
"PCTChangeLT-0.5,PCDayChange-0.5to0.5,_HTGT3.0__LTGT3.0_,,,##MANegative_Downtrend_(LT0),##MA-SMA200GT0SMA100LT0,",-1.8475659090617738,1,0,1
"PCTChangeLT-1,,,,(GLOBALFUTDOWN-DOWNTRENDMARKET)checkSellConsolidationBreakDown-week2-lowNotReachedWeek3,week2BarLowChangeLT0,weekLowLTweek2Low,$$MayBuy-CheckChart(monthLow-minimumLast4DayDown),",0.332585107436409,2,1,1
"PCTChangeGT3,,,,brokenToday,",-2.0755400563208743,4,2,2
"PCTDayChangeLT0,_LTGT1.5_,,,(Test)MayBuyCheckChart-last3DayDown,",-0.29763737240075616,18,6,12
"PCTChangeGT3,_HTGT3.0__LTGT3.0_,,,%%HLTF:(GLOBAL-DOWN)sellHighLowerTail-Reversal-LastDayMarketUp,##MAPositive_Uptrend(GT4.5),##MA-SMA200GT0SMA100GT0,",-6.400401588885636,1,0,1
"PCTChangeGT3,_HTGT1.5__LTGT3.0_,,,##MAPositive_Uptrend(GT4.5),##MA-SMA200GT0SMA100GT0,##last2DayHighGT3-M3HGT0,",1.3585701548163243,1,1,0
"PCTChangeLT-1,year2Low,_LTGT1.5_,,,weekBarLowChangeLT0,$$MayBuy-CheckChart(downTrend-mayReverseLast4DaysDown)-Risky,",5.440853347660365,1,1,0
"PCTChangeLT-2,_LTGT1.5_,,,checkCupDown-month3HighLTmonth3Low,bar_low,%%HLTF:(GLOBAL-UP)buyHighLowerTail-LastDayMarketUp,chisDownTrend-Risky-nearHigh,##DOWNTREND:sellYearHigh(InDownTrend),##(Check-chart-buy):month3High-InMinus,NearHighMonth3,",2.702702702702705,1,1,0
"PCDCLT0PCTChangeGT0,_LTGT1.5_,,,buyMayYear2LowBreakingUp,",-2.4333601462243726,3,0,2
"PCTChangeGT3,year2Low,_HTGT3.0__LTGT3.0__LTGTPCTDayChange_,,,chisSellYear2LowContinue,##last2DayHighGT3-M3HLT0,",-9.395977278173515,1,0,1
"PCTChangeLT-2,_HTGT1.5_,,,chisSellFlagWeek-Risky,checkCupDown-inDownTrend,bar_low,",-0.8527325253197018,1,0,1
"PCTChangeGT5,_HTGT1.5_,,,zigZagVolCrossedFromDown,##MAPositive_Uptrend(GT2),##MA-SMA200LT0SMA100LT0,",3.253973098028274,1,1,0
"PCTChangeLT-5,,,,volumeUpsergedLast2n3n4DayUp,##DOWNTREND:sellMonth3LowBreak,",8.026317127963955,1,1,0
"PCTChangeLT-2,,,,weekBarLowChangeLT-2,chisDownTrend-Risky-nearHigh,##DOWNTREND:sellMonth3HighReversal(InDownTrend),##(Check-chart-buy):month3High-InMinus,ReversalHighMonth3,",-3.7897797953519814,3,1,2
"PCTChangeLT-2,,,,chisSellConsolidationBreakDown-forecastDayPCT7LT0,chisDownTrend-Risky-nearHigh,zigZagVolCrossedFromUp,",0.226358103197683,1,1,0
"PCTChangeGT2,,,,sellHeavyUpTrend-Reversal,volSellVolumeUpsergedLast2n3DayDown,",-3.109323758473465,1,0,1
"PCTChangeLT-2,,,,(GLOBALFUTDOWN-DOWNTRENDMARKET)checkSellConsolidationBreakDown-week2-lowNotReachedWeek3,week2BarLowChangeLT-2,weekLowLTweek2Low,chisDownTrend-Risky-nearHigh,##DOWNTREND:sellMonth3HighReversal(InDownTrend),##(Check-chart-buy):month3High-InMinus,ReversalHighMonth3,",0.19107102027174055,2,2,0
"PCTChangeGT3,,,,%%ACU:buyContinueLast2DayHighGT4,##last3DayHighGT3-M3HLT0,",-6.928106082884492,1,0,1
"PCTChangeGT2,_HTGT3.0__HTGTPCTDayChange__LTGTPCTDayChange_,,,chisSellFinalContinue-(lastDayDown)-1,",2.4087292444298343,1,1,0
"PCTChangeGT5,_HTGT3.0_,,,%%HLTF-Last2HighTail:(UPTREND)buy(DOWNTREND)sell:HighUpperTailPre-last2DayUp,##last2DayHighGT3-M3HLT0,",-3.452004410782173,2,0,2
"PCTDayChangeLT0,PCDayChange-0.5to0.5,_HTGT1.5_,,,%%HLTF-LastDayUp:(DOWNTREND-OR-GLOBALDOWN)MaySellHighTail-LastDayMarketUp,chisBuyYearHigh-3,",-0.40799024455468996,11,2,9
"PCTChangeGT0,_HTGT3.0_,,,##RisingMA(check-chart-sell)-MaySellCheckChart,",-2.1156558077823053,1,0,1
"PCTChangeLT-2,_LTGT3.0_,,,(GLOBALFUTDOWN-DOWNTRENDMARKET)checkSellConsolidationBreakDown-week2-lowNotReachedWeek3,week2BarLowChangeLT-2,weekLowLTweek2Low,chisDownTrend-Risky-nearHigh,",-1.156652240966222,1,0,1
"PCTChangeLT-1,_HTGT1.5_,,,##(Check-chart-sell)Month3Low-Continue(InUpTrend),ReversalLowMonth3,",-1.3978142721766278,2,1,1
"PCTChangeGT3,_LTGT1.5_,,,##(Check-chart-sell):month3Low-InPlus,ReversalLowMonth3,volBuyContinueLast2DayUp-VolUp,##UPTREND:buyMonth6LowReversal(Confirm),",1.0769183819110555,1,1,0
"PCTChangeLT-0.5,PCDayChange-0.5to0.5,_HTGT1.5_,,,%%HLTF-LastDayUp:(DOWNTREND-OR-GLOBALDOWN)MaySellHighTail-LastDayMarketUp,chisBuyYearHigh-1,",0.19587277397714642,2,1,1
"PCTChangeLT-2,,,,weekBarLowChangeLT-2,brokenToday,chisDownTrend-Risky-nearHigh,##(Check-chart-buy):month6High-InMinus,ReversalHighMonth6,",-2.9411712942568835,1,0,1
"PCTChangeLT-1,PCDayChange-0.5to0.5,_HTGT1.5_,,,%%HLTF:maySellTail-tailGT2-7,10thDayGT0,",-0.6176233922119767,3,0,3
"PCTChangeGT12,_HTGT1.5_,,,volBuyContinueLast2DayUp-VolUp,##MAPositive_Uptrend(GT4.5),##MA-SMA200GT0SMA100GT0,",-3.68150684931506,1,0,1
"PCTChangeGT0,,,,volSellRevarsalVolCrossed,",-0.8641917217670815,2,1,1
"PCTChangeGT5,year2High,_HTGT1.5_,,,checkBuyConsolidationBreakout-allPreLT0,",0.07568228327964832,1,1,0
"PCTChangeLT-5,,,,chisDownTrend-Risky-nearHigh,",-0.11353270476740765,135,64,71
"PCTChangeGT3,,,,(GLOBALFUTUP-UPTRENDMARKET)checkBuyConsolidationBreakUp-week2-highNotReachedWeek3,week2BarHighChangeGT0,chisBuy-2week-breakoutup(check-chart)(|-|-| or --|),##last2DayHighGT3-M3HLT0,",-0.3988426319067152,1,0,1
"PCTChangeGT2,,,,volumeUpsergedLast2n3n4DayDown,chisCheckConsolidationBreakoutLT(4.5),chis-breakoutup-2week,chisBuy-2week-breakoutup,",0.03324448971042459,1,1,0
"PCTChangeLT-2,,,,##MA-SMA200GT0SMA100GT0,",3.8132608326762445,3,3,0
"PCTChangeLT-0.5,year2High,,,,volBuyReversalLast2DayDown-VolDown,chisSellUpTrend-Risky-2,",-1.4836905524324937,1,0,1
"PCTChangeLT-1,,,,volumeUpsergedLast2n3n4DayUp,(GLOBALFUTDOWN-DOWNTRENDMARKET)checkSellConsolidationBreakDown-week2-lowNotReachedWeek3,week2BarLowChangeLT0,",-0.7000122589904632,1,0,1
"PCDCGT0PCTChangeLT-3,PCDayChange-0.5to0.5,year2High,_HTGT3.0_,,,%%HLTF-Last2HighTail:(UPTREND)buy(DOWNTREND)sell:HighUpperTailPre-last2DayUp,",2.4096385542168695,1,1,0
"PCDCGT0PCTChangeLT-3,PCDayChange-0.5to0.5,_HTGT1.5_,,,(SMA9LT0),",-4.6433648777416145,1,0,1
"PCTChangeGT3,,,,chisUpTrend-Risky-nearLow,volumeUpsergedLast2n3n4DayDown,##last2DayHighGT3-M3HLT0,",2.178523669184076,2,2,0
"PCTChangeLT-2,,,,volumeUpsergedLast2n3n4DayUp,volSellContinueLast2DayDown-VolUp,chisSellDownTrend-nearHigh,##(Check-chart-buy):month3High-InMinus,ReversalHighMonth3,",1.8273068339579555,1,1,0
"PCTChangeGT0.5,PCDayChange-0.5to0.5,_HTGT1.5__LTGT3.0_,,,chisBuyYearHigh-3,",-1.7994990202030612,2,1,1
"PCTChangeLT-3,_LTGT1.5_,,,chisFinalBreakOutSell-0,##(Check-chart-buy):month3High-InMinus,NearHighMonth3,",-3.671986617266888,1,0,1
"PCDCGT0PCTDayChangeLT0,_HTGT1.5_,,,%%:checkSell:CupDownDoji,",-2.864205584819307,5,1,4
"PCTChangeGT1,year2High,_HTGT1.5_,,,(SMA9GT0),",1.5816895448167718,1,1,0
"PCTChangeGT2,,,,weekBarHighChangeGT0,##(Check-chart):year2High-InPlus,",-1.3148746688473247,1,0,1
"PCTChangeGT8,year2High,_LTGT3.0_,,,%%HLTF-Risky:(GLOBAL-DOWN)sellHighLowerTail-Reversal-LastDayMarketUp,",0.22317945038790316,2,2,0
"PCTChangeGT3,_HTGT1.5_,,,(GLOBALFUTUP-UPTRENDMARKET)checkBuyConsolidationBreakUp-week2-highNotReachedWeek3,week2BarHighChangeGT2,weekHighGTweek2High,",-0.7011899106242945,3,2,1
"PCTChangeLT-2,,,,checkCupDown-inDownTrend-month3HighLTmonth3Low,bar_low,chisDownTrend-Risky-nearHigh,##(Check-chart-buy):YearHigh-InMinus,ReversalHighYear,",-1.765558778624556,1,0,1
"PCTChangeLT-2,_HTGT1.5_,,,chisSellFlag2Week-Risky,checkCupDown-2dayDown,",-0.2867339759744735,1,0,1
"PCTChangeGT2,_HTGT1.5_,,,%%HLTF-Last2HighTail:(UPTREND)buy(DOWNTREND)sell:HighUpperTailPre-last2DayUp,weekBarHighChangeGT2,",-1.800162408372736,1,0,1
"PCTChangeLT-0.5,,,,chisSellDownTrend-nearHigh,",-0.05536649559968176,214,98,116
"PCTChangeGT0,PCDayChange-0.5to0.5,_HTGT1.5_,,,%%:checkSell:FlagWeek-doji,",-2.019453337437087,5,0,5
"PCTChangeGT3,_HTGT1.5_,,,%%HLTF-Last2HighTail:(UPTREND)buy(DOWNTREND)sell:HighUpperTailPre-last2DayUp,weekBarHighChangeGT2,",-0.04600296461493464,4,2,2
"PCTChangeLT-5,,,,chisSell-smallUptrendReversal,",-1.0889256071124305,9,4,5
"PCTChangeGT1,year2High,_HTGT1.5_,,,MaySellCheckChart-(IndexNotDownInSecondHalf),",-3.7300280488718127,1,0,1
"PCTChangeGT1,_HTGT3.0__HTGTPCTDayChange_,,,%%HLTF:(DOWNTREND-OR-GLOBALDOWN)maySellTail-tailGT2-2,3,4thDayGT0,volBuyContinueLast2DayUp-VolUp,##RisingMA(check-chart-sell)-MaySellCheckChart,",-2.7261321868129698,1,0,1
"PCTChangeGT3,_HTGT1.5_,,,(GLOBALFUTUP-UPTRENDMARKET)checkBuyConsolidationBreakUp-week2-highNotReachedWeek3,week2BarHighChangeGT5,##last2DayHighGT3-M3HLT0,",-2.560697968022534,1,0,1
"PCDCGT0PCTDayChangeLT0,_HTGT1.5__LTGT1.5__HTGTPCTDayChange__LTGTPCTDayChange_,,,%%:checkSell:Super2,%%HLTF-Last2LowTail:(DOWNTREND)sellHighLowerTailPre-1,",4.409089521928268,1,1,0
"PCTChangeGT3,year2High,_HTGT1.5__LTGT1.5_,,,%%HLTF-Last2HighTail:(UPTREND)buy(DOWNTREND)sell:HighUpperTailPre-last2DayUp,",-0.7605399819536446,1,0,1
"PCTChangeGT2,_HTGT3.0__HTGTPCTDayChange_,,,%%HLTF-Last2HighTail:(UPTREND)buy(DOWNTREND)sell:HighUpperTailPre-last2DayUp,%%:sellUpTrend-month3High,##MAPositive_Uptrend(GT2),##MA-SMA200GT0SMA100GT0,",-1.4653654957714113,1,0,1
"PCTChangeGT3,_HTGT1.5__LTGT1.5_,,,VOL:buy(GLOBALFUTDOWN-GLOBALMARKETDOWN)Sell-UpVol-3dayUp-Week2Low,",1.445536570506055,2,2,0
"PCTChangeGT3,,,,##(Check-chart-sell):month3Low-InPlus,ReversalLowMonth3,chisUpTrend-Risky-nearLow,weekBarHighChangeGT2,##UPTREND:buyMonth3LowReversal(Confirm),",-3.085756924832504,1,0,1
"PCTChangeLT-1,year2High,_HTGT1.5__LTGT1.5_,,,checkCupDown-inDownTrend-month3HighLTmonth3Low,bar_low,",-1.4288489352535807,1,0,1
"PCTChangeGT8,_HTGT1.5__LTGT1.5_,,,##MAPositive_Uptrend(GT4.5),##MA-SMA200GT0SMA100GT0,##last3DayHighGT3-M3HGT0,",-2.145089192112105,1,0,1
"PCTChangeLT-1,,,,checkCupDown-inDownTrend-month3HighLTmonth3Low,bar_low,chisDownTrend-Risky-nearHigh,##(Check-chart-buy):month3High-InMinus,NearHighMonth3,",0.6919132754017996,1,1,0
"PCTChangeLT-3,_HTGT3.0_,,,##last2DayLow(LT-3)-M3LGT0,",0.6483106426002792,2,1,1
"PCDCGT0PCTChangeLT-1,_HTGT3.0_,,,##(Test)(check-chart)-sellSMADownTrend,##(Test):buyRisingMA-uptrend-SMA25gt0,",2.0636232446325034,1,1,0
"PCTChangeLT-2,,,,VOL:buy-UpVol-3dayDown-Week2Low,##MANegative_Downtrend_(LT-2),##MA-SMA200LT0SMA100LT0,%%:buyDownTrend-month3Low,",-2.45123868992421,2,1,1
"PCTChangeGT3,PCDayChange-0.5to0.5,_HTGT3.0_,,,%%HLTF:maySellTail-tailGT2-7,10thDayGT20,%%HLTF:(UPTREND-GLOBAL/SGX-UP)BuyHighUpperTail-Reversal-7,10thDayGT15-LastDayMarketDown,##MA-SMA200LT0SMA100GT0,",-2.892337431575527,1,0,1
"PCTChangeLT-3,_LTGT1.5_,,,(GLOBALFUTDOWN-DOWNTRENDMARKET)checkSellConsolidationBreakDown-week2-lowNotReachedWeek3,week2BarLowChangeLT0,weekLowLTweek2Low,##(Check-chart-buy):month3High-InMinus,ReversalHighMonth3,",0.941974399959902,1,1,0
"PCTChangeLT-2,,,,%%:checkSell:Super01-monthLow,checkSellConsolidationBreakDown-month3HighGTMonth3Low,##longDownTrend-1-IndexNotDownLastDay(checkBase),",-0.31107268198193505,1,0,1
"PCTChangeLT-3,_LTGT3.0_,,,chisSellFlagWeek-Risky,",2.8714974928115167,1,1,0
"PCTChangeGT3,,,,volBuyVolumeUpsergedLast2n3DayDown,volBuyContinueLast2DayUp-VolUp,chisCheckConsolidationBreakoutLT(4.5),(GLOBALFUTUP-UPTRENDMARKET)checkBuyConsolidationBreakUp-week2-highNotReachedWeek3,week2BarHighChangeGT0,brokenToday,",-2.4458977113183047,1,0,1
"PCTChangeLT-2,,,,##MA-SMA200LT0SMA100LT0,chisSellDayLowVolLow-01,",4.836813755397619,1,1,0
"PCTChangeLT-2,year2Low,,,,checkSellConsolidationBreakDown-2week-(Risky)-year2Low,week2BarLowChangeLT-2,weekLowLTweek2Low,",-0.91994411572728,1,0,1
"PCTChangeGT1,_HTGT3.0__HTGTPCTDayChange_,,,%%HLTF-Last2HighTail:(UPTREND)buy(DOWNTREND)sell:HighUpperTailPre-last2DayUp,%%HLTF:maySellTail-tailGT2-7,10thDayGT20,%%HLTF:(UPTREND-GLOBAL/SGX-UP)BuyHighUpperTail-Reversal-7,10thDayGT15-LastDayMarketDown,##RisingMA(check-chart-sell)-MaySellCheckChart,",-1.2197130006808707,1,0,1
"PCTChangeLT-1,_LTGT1.5_,,,weekBarLowChangeLT0,##MANegative_Downtrend_(LT-2),##MA-SMA200GT0SMA100LT0,$$MayBuy-CheckChart(monthLow-minimumLast4DayDown),",-3.6102342981053055,1,0,1
"PCTChangeLT-1,,,,volBuyReversalLast2DayDown-VolDown,sellFinal1,",1.5749911384957984,1,1,0
"PCTChangeLT-3,,,,volumeUpsergedLast2n3n4DayUp,chisDownTrend-Risky-nearHigh,##DOWNTREND:sellYearHighReversal(InDownTrend),##(Check-chart-buy):YearHigh-InMinus,ReversalHighYear,",-3.74071738109808,1,0,1
"PCTChangeGT2,,,,##MANegative_Downtrend_(GT2),##MA-SMA200LT0SMA100LT0,",0.5881287006677345,5,3,2
"PCTChangeLT-3,year2High,_LTGT1.5_,,,##last2DayLow(LT-3)-M3LGT0,",1.2275877927284924,2,2,0
"PCTChangeLT-5,,,,(GLOBALFUTDOWN-DOWNTRENDMARKET)checkSellConsolidationBreakDown-week2-lowNotReachedWeek3,week2BarLowChangeLT-5,weekLowLTweek2Low,chisDownTrend-Risky-nearHigh,",-5.091978828862045,1,0,1
"PCTChangeLT-3,_LTGT1.5_,,,chisDownTrend-Risky-nearHigh,",-0.028627207620451064,26,10,16
"PCTChangeLT-1,,,,%%HLTF-Last2DayMarketDown:(GLOBAL-UP)buyHighUpperTailPre1-Reversal-LastDayMarketDown,volBuyReversalLast2DayDown-VolDown,chisSellUpTrend-Risky-2,",1.2528511880337239,1,1,0
"PCTChangeLT-5,_HTGT3.0__LTGT3.0_,,,volSellContinueLast2DayDown-VolUp,##MANegative_Downtrend_(LT-4.5),##MA-SMA200LT0SMA100LT0,",-0.009897762967143443,1,0,1
"PCTChangeLT-2,,,,volSellContinueLast2DayDown-VolUp,##DOWNTREND:sellYear2HighReversal(InDownTrend),##(Check-chart-buy):YearHigh-InMinus,ReversalHighYear,",3.842765760121862,1,1,0
"PCTChangeLT-1,,,,shortDownTrendSellContinue-Doji-Last2DayLTToday,",-0.2095795411495258,50,27,23
"PCTChangeGT3,_HTGT3.0_,,,chisSellYear2LowLT-40-last4DayDown(triggerAfter-9:15),",-2.2616210690665333,1,0,1
"PCTChangeGT3,,,,vol-sell-DownVol-3dayUp-Week2High,",-0.22985421750142934,22,11,11
"PCTChangeGT0,,,,chisSellDowningMA-(check5MinuteDownTrendAndSellDowntrend),",0.1890915456351376,26,13,13
"PCTChangeGT2,,,,volBuyVolumeUpsergedLast2n3DayDown,volBuyContinueLast2DayUp-VolUp,",0.27230282654292925,2,1,1
"PCTChangeGT5,,,,chisSell-2week-breakoutup,##last2DayHighGT3-M3HLT0,",0.9879026977315488,2,2,0
"PCTChangeLT-3,,,,%%:checkSell:Flag2Week,volSellContinueLast2DayDown-VolUp,",0.742258581626195,6,4,2
"PCTChangeGT5,_HTGT3.0__HTGTPCTDayChange_,,,%%HLTF-Last2HighTail:(UPTREND)buy(DOWNTREND)sell:HighUpperTailPre-last2DayUp,%%HLTF:maySellTail-tailGT2-7,10thDayGT20,%%HLTF:(UPTREND-GLOBAL/SGX-UP)BuyHighUpperTail-Reversal-7,10thDayGT15-LastDayMarketDown,chisBuyDayHighVolLow-0,##MAPositive_Uptrend(GT2),##MA-SMA200LT0SMA100LT0,",-7.487927957878372,1,0,1
"PCTChangeLT-2,_LTGT1.5_,,,(GLOBALFUTDOWN-DOWNTRENDMARKET)checkSellConsolidationBreakDown-week2-lowNotReachedWeek3,week2BarLowChangeLT-2,$$MayBuy-CheckChart(monthLow-minimumLast4DayDown),",-1.2920697214158445,1,0,1
"PCTDayChangeLT0,_HTGT3.0__LTGT3.0_,,,chisDownTrend-Risky-nearHigh,",-2.7551518351285855,1,0,1
"PCTChangeLT-2,PCDayChange-0.5to0.5,_HTGT1.5_,,,buyYearHigh-0,",1.4285673730793267,1,1,0
"PCTChangeLT-2,_LTGT3.0_,,,buyMorningStar-HighLowerTail-(checkChart),",3.7028877222183603,7,7,0
"PCTChangeLT-2,,,,volSellVolumeUpsergedLast2n3DayUp,",-0.07839145091409871,31,15,16
"PCTChangeGT2,,,,$$MaySell-CheckChart(monthHigh-minimumLast4DayUp),",-0.6759872374148148,9,3,5
"PCDCLT0PCTChangeGT1,_HTGT3.0__HTGTPCTDayChange_,,,%%HLTF-Risky9:30:maySellTail-tailGT2-7,10thDayGT15,",8.438413876233449,1,1,0
"PCTChangeLT-3,,,,chisSellFlagWeek-Risky,chisSellDownTrend-nearHigh,##(Check-chart-buy):month3High-InMinus,ReversalHighMonth3,",1.1074640341764361,2,2,0
"PCTChangeLT-1,_HTGT1.5_,,,checkCupDown-2dayDown-mayReversalBuy,",-0.9218374258738482,2,1,1
"PCTChangeLT-3,,,,checkCupDown-2dayDown-mayReversalBuy,chisDownTrend-Risky-nearHigh,##DOWNTREND:sellMonth3HighReversal(InDownTrend),##last2DayLow(LT-3)-M3LGT0,##(Check-chart-buy):month3High-InMinus,ReversalHighMonth3,##sellRisingMA,",-0.47836216193767556,2,1,1
"PCTChangeLT-1,PCDayChange-0.5to0.5,_HTGT1.5__LTGT1.5_,,,%%:sellDowntrend-lastDayDown-ReversalHighTail,shortDownTrendSellContinue-Doji-Last2DayLTToday,",-0.4096681585398776,1,0,1
"PCTChangeGT3,,,,chisBuy-2week-breakoutup(check-chart)(|-|-| or --|),##last2DayHighGT3-M3HLT0,",-0.6494816163200947,8,4,4
"PCDCLT0PCTChangeGT0,PCDayChange-0.5to0.5,_HTGT3.0_,,,chisBuyYearHigh-3,",-1.0655390862071141,4,2,2
"PCTChangeLT-5,,,,chisBuyMay5DayFloorReversal,",-1.323525878325297,1,0,1
"PCTChangeGT3,_HTGT1.5__LTGT3.0_,,,%%HLTF:(GLOBAL-DOWN)sellHighLowerTail-Reversal-LastDayMarketUp,##MAPositive_Uptrend(GT4.5),##MA-SMA200LT0SMA100LT0,",2.180622499572308,1,1,0
"PCTChangeLT-8,,,,maySellHighVolatileDownContinueLT-8,chisSell-smallUptrendReversal,##ML:buyRisingMA-down-0,",-0.7833353678385236,1,0,1
"PCTChangeGT5,year2High,,,,volBuyContinueLast2DayUp-VolUp,##last2DayHighGT3-M3HGT0,",1.8408112428923664,2,1,1
"PCTDayChangeLT0,_LTGT1.5_,,,(Test)(check-chart-2-3MidCapCross)MayBuyCheckChart-Risky,(Test)MayBuy-CheckChart(upTrend-lastDayDown),",0.18037664499234118,6,3,3
"PCTChangeLT-1,_LTGT1.5_,,,volBuyReversalLast2DayDown-VolDown,##(Test):buyRisingMA-uptrend-SMA25gt0,",0.09097009605293413,1,1,0
"PCTChangeLT-2,,,,##MANegative_Downtrend_(LT-1),##MA-SMA200LT0SMA100LT0,$$MayBuy-CheckChart(monthLow-minimumLast4DayDown),",0.05555894639757175,1,1,0
"PCTChangeGT5,,,,weekBarHighChangeGT5,brokenToday,##MAPositive_Uptrend(GT2),##MA-SMA200LT0SMA100GT0,",1.6943359375000002,1,1,0
"PCTChangeLT-2,,,,volSellContinueLast2DayDown-VolUp,weekBarLowChangeLT0,brokenToday,chisDownTrend-Risky-nearHigh,##DOWNTREND:sellYear2HighReversal(InDownTrend),",2.4675876161912145,1,1,0
"PCDCLT0PCTChangeGT1,_HTGT3.0__HTGTPCTDayChange_,,,##MA-SMA200LT0SMA100LT0,",7.60233455005814,1,1,0
"PCTChangeLT-2,_HTGT1.5_,,,(SMA9LT0),",1.2708274279680445,1,1,0
"PCTChangeLT-1,_HTGT1.5_,,,chisBuyFinalContinue-2,chisDownTrend-Risky-nearHigh,##(Test):buyRisingMA-uptrend-SMA25gt0,",-3.1126564568135167,1,0,1
"PCTChangeGT1,year2High,_HTGT3.0_,,,%%HLTF:maySellTail-tailGT2-7,10thDayGT20,",-3.7028904160277945,2,0,2
"PCTChangeGT3,,,,##(Check-chart-sell):month3Low-InPlus,NearLowMonth3,VOL:sell-DownVol-3dayUp-Week2Low,##last2DayHighGT3-M3HLT0,",-3.766025641025645,1,0,1
"PCTChangeLT-5,year2Low,_LTGT1.5_,,,volumeUpsergedLast2n3n4DayUp,",2.46590701016513,1,1,0
"PCTChangeGT2,_HTGT1.5_,,,%%HLTF-Last2HighTail:(UPTREND)buy(DOWNTREND)sell:HighUpperTailPre-last2DayUp,MaySellCheckChart-(IndexNotDownInSecondHalf),$$MaySell-CheckChart(monthHigh-minimumLast4DayUp),##buyRisingMAuptrend-(Risky),",-0.606783198627155,1,0,1
"PCTDayChangeLT0,_HTGT1.5__LTGT3.0_,,,shortDownTrendSellContinue-Doji-Last2DayLTToday,##MANegative_Downtrend_(LT0),##MA-SMA200LT0SMA100LT0,",3.438675854368798,1,1,0
"PCTChangeLT-1,year2Low,_LTGT1.5_,,,volSellContinueLast2DayDown-VolUp,",-4.673315824957042,1,0,1
"PCTChangeLT-3,,,,volSellContinueLast2DayDown-VolUp,weekBarLowChangeLT-2,chisDownTrend-Risky-nearHigh,##DOWNTREND:sellYear2HighReversal(InDownTrend),",0.43888323124089434,2,1,1
"PCTChangeLT-3,year2High,_HTGT3.0_,,,%%HLTF:maySellTail-tailGT2-allDayGT0,volSellVolumeUpsergedLast2n3DayUp,##sellTenDaysMoreThanTen,",0.0,1,0,0
"PCTChangeLT-5,_HTGT3.0_,,,##MANegative_Downtrend_(LT-4.5),##MA-SMA200GT0SMA100LT0,",-1.4423076923076954,1,0,1
"PCTChangeGT1,_HTGT1.5_,,,chisSellSuper-Risky,-+,chisSellDowningMA-(check5MinuteDownTrendAndSellDowntrend)-Already10DayDown,",-0.026314666303413163,1,0,1
"PCTChangeLT-1,,,,%%:checkSell:Super0,##MANegative_Downtrend_(LT-1),##MA-SMA200GT0SMA100LT0,",-1.8554867232787027,2,1,1
"PCTChangeLT-1,,,,volSellContinueLast2DayDown-VolUp,(GLOBALFUTDOWN-DOWNTRENDMARKET)checkSellConsolidationBreakDown-week2-lowNotReachedWeek3,week2BarLowChangeLT-2,chisDownTrend-Risky-nearHigh,##(Check-chart-buy):month6High-InMinus,ReversalHighMonth6,",2.52381163758118,1,1,0
"PCTChangeGT0,,,,week2BarHighChangeGT0,",0.6642895447597265,2,1,1
"PCTChangeLT-3,,,,volumeUpsergedLast2n3n4DayUp,(GLOBALFUTDOWN-DOWNTRENDMARKET)checkSellConsolidationBreakDown-week2-lowNotReachedWeek3,week2BarLowChangeLT0,chisDownTrend-Risky-nearHigh,##(Check-chart-buy):month3High-InMinus,ReversalHighMonth3,",0.049997965494779785,1,1,0
"PCTChangeGT3,_LTGT1.5_,,,%%HLTF-Risky:(GLOBAL-DOWN)sellHighLowerTail-Reversal-LastDayMarketUp,%%:sellUpTrend-month3High,##MAPositive_Uptrend(GT1),##MA-SMA200GT0SMA100GT0,",3.962614092182685,1,1,0
"PCTChangeGT5,,,,VOL:sell-UpVol-3dayUp-Week2High,weekBarHighChangeGT2,##MAPositive_Uptrend(GT4.5),##MA-SMA200GT0SMA100GT0,",-0.8771917549730495,1,0,1
"PCTChangeGT1,_HTGT1.5_,,,volSellReversalLast2DayUp-VolUp,buyYearHigh-0,",-0.8221582816689147,1,0,1
"PCTChangeGT5,_LTGT1.5_,,,chisSellYear2LowContinue,",2.1016180377634135,1,1,0
"PCTChangeGT1,PCDayChange-0.5to0.5,,,,chisBuyYearHigh-1,",0.13825903212508306,10,6,4
"PCTChangeLT-2,,,,checkCupDown-month3HighLTmonth3Low,bar_low,##DOWNTREND:sellYear2HighReversal(InDownTrend),volBuyRevarsalVolCrossed,##(Check-chart-buy):month3High-InMinus,ReversalHighMonth3,",3.404259836089265,1,1,0
"PCTChangeGT12,_HTGT1.5__LTGT3.0_,,,##MAPositive_Uptrend(GT4.5),##MA-SMA200GT0SMA100GT0,",0.5607087198428444,2,1,1
"PCTChangeLT-1,,,,checkCupDown-near2WeekDown-mayReveresalBuy,(GLOBALFUTDOWN-DOWNTRENDMARKET)checkSellConsolidationBreakDown-week2-lowNotReachedWeek3,week2BarLowChangeLT0,weekLowLTweek2Low,##longDownTrend-1-IndexNotDownLastDay(checkBase),",-1.300141689358583,1,0,1
"PCTChangeGT2,_HTGT1.5__LTGT1.5_,,,##(Check-chart)ML:buyMonth3High-Continue,",-1.277103623098216,4,1,3
"PCTChangeGT0.5,_HTGT1.5__LTGT3.0_,,,%%HLTF:(GLOBAL-DOWN)sellHighLowerTail-Reversal-LastDayMarketUp,",1.2188675617141966,1,1,0
"PCTChangeGT3,_LTGT1.5_,,,checkBuyConsolidationBreakUp-2week,week2BarHighChangeGT2,weekHighGTweek2High,",-3.1875038146972714,1,0,1
"PCTChangeLT-2,_HTGT3.0__LTGT1.5_,,,%%HLTF:maySellTail-tailGT2-allDayGT0,chisSellDownTrend-nearHigh,chisSellUpTrend-Risky-2,",2.0661157024793293,1,1,0
"PCTChangeLT-1,,,,chisSellDownTrend-nearHigh,##(Check-chart-buy):month3High-InMinus,NearHighMonth3,",0.023669365341543177,28,13,15
"PCTChangeLT-2,_LTGT1.5_,,,##DOWNTREND:sellYear2HighReversal(InDownTrend),##(Check-chart-buy):YearHigh-InMinus,ReversalHighYear,",0.5563924832923735,4,3,1
"PCTChangeGT2,_HTGT3.0__HTGTPCTDayChange_,,,sellEveningStar-0,##MAPositive_Uptrend(GT1),##MA-SMA200LT0SMA100GT0,",1.051719928609911,1,1,0
"PCTChangeLT-0.5,year2High,_HTGT3.0__HTGTPCTDayChange_,,,%%HLTF-Last2HighTail:(DOWNTREND)sellHighUpperTailPre,",2.4754372299494585,1,1,0
"PCTChangeLT-1,_HTGT1.5_,,,%%HLTF-Last2HighTail:(DOWNTREND)sell(UPTREND)buy:HighUpperTailPre,##(Test):buyRisingMA-uptrend-SMA25gt0,",-4.398148148148158,1,0,1
"PCDCLT0PCTChangeGT0,PCDayChange-0.5to0.5,_HTGT1.5_,,,%%:checkBuyContinue:CupDownDoji-last2dayUp,%%HLTF-Last2HighTail:(DOWNTREND)sellHighUpperTailPre,%%HLTF-LastDayUp:(DOWNTREND-OR-GLOBALDOWN)MaySellHighTail-LastDayMarketUp,",0.4004567914470525,2,1,1
"PCTChangeGT16,_HTGT3.0__LTGT1.5__HTGTPCTDayChange_,,,%%HLTF:(UPTREND-GLOBAL/SGX-UP)BuyHighUpperTail-Reversal-7,10thDayGT15-LastDayMarketDown,##MAPositive_Uptrend(GT2),##MA-SMA200GT0SMA100GT0,##last2DayHighGT3-M3HGT0,",3.299239691767672,1,1,0
"PCTChangeLT-3,_LTGT1.5_,,,(Test)MayBuy-CheckChart(upTrend-lastDayDown),",0.24362482511012318,4,2,2
"PCTChangeLT-1,_LTGT1.5_,,,$$MayBuy-CheckChart(downTrend-mayReverseLast4DaysDown),%%:buyDownTrend-month3Low,",-3.8098032084915827,1,0,1
"PCTChangeGT2,_HTGT1.5_,,,%%HLTF:(DOWNTREND-OR-GLOBALDOWN)maySellTail-tailGT2-2,3,4thDayGT0,chisUpTrend-Risky-nearLow,VOL:buy(GLOBALFUTDOWN-GLOBALMARKETDOWN)Sell-UpVol-3dayUp-Week2Low,",5.4144022991541005,1,1,0
"PCTChangeLT-1,_LTGT1.5_,,,(GLOBALFUTDOWN-DOWNTRENDMARKET)checkSellConsolidationBreakDown-week2-lowNotReachedWeek3,week2BarLowChangeLT0,MayBuyCheckChart-(IndexNotUpInSecondHalf),$$MayBuy-CheckChart-baseLine(inuptrend-monthlow)-PCTDayChangeLT0,",-7.9557387886535045,1,0,1
"PCTChangeGT3,,,,weekBarHighChangeGT0,brokenToday,chisSell-2week-breakoutup,",-0.1151189562547937,1,0,1
"PCTChangeLT-2,_HTGT1.5__HTGTPCTDayChange_,,,volBuyRevarsalVolCrossed,",-0.08460236886633715,1,0,1
"PCTChangeGT2,,,,%%HLTF:(GLOBAL-SGX-DOWN)maySellTail-2,3,4thDayGT0,shortUpTrendSellReversal-MonthHigh,",4.147032600525547,1,1,0
"PCTChangeLT-1,_HTGT1.5__LTGT1.5__LTGTPCTDayChange_,,,chisDownTrend-Risky-nearHigh,##(Check-chart-buy):month3High-InMinus,ReversalHighMonth3,",7.877193696317616,1,1,0
"PCDCGT0PCTChangeLT-1,PCDayChange-0.5to0.5,_HTGT3.0_,,,chisBuyYearHigh-3,",-0.2726980792868935,2,1,1
"PCTChangeLT-1,,,,%%:checkSell:FlagWeek,",-0.23154026305160755,12,5,7
"PCDCGT0PCTChangeLT-3,_LTGT1.5_,,,chisBuyYearHigh-3,",-3.3233105488603214,1,0,1
"PCTChangeLT-5,_HTGT1.5_,,,%%HLTF-Last2HighTail:(DOWNTREND)sellHighUpperTailPre,",3.364159027276012,1,1,0
"PCTDayChangeLT0,_LTGT3.0_,,,chisSell-smallUptrendReversal,%%HLTF:(GLOBAL-DOWN)sellHighLowerTail-Reversal-LastDayMarketUp,",5.061779832287639,1,1,0
"PCTChangeGT3,,,,chisCheckConsolidationBreakoutLT(4.5),chisBuyConsolidationBreakUp-2week-(Risky)-year2High,week2BarHighChangeGT2,weekHighGTweek2High,",-1.206071689250963,2,0,2
"PCTChangeLT-1,,,,##(Test)(check-chart)-buySMAUpTrend,(Test)MayBuy-CheckChart(upTrend-lastDayDown),",0.8575616880904807,1,1,0
"PCTChangeLT-2,_LTGT1.5_,,,chisDownTrend-Risky-nearHigh,##DOWNTREND:sellYear2HighReversal(InDownTrend),MayBuyCheckChart-(IndexNotUpInSecondHalf),$$MayBuy-CheckChart-baseLine(inuptrend-monthlow)-PCTDayChangeLT0,##(Check-chart-buy):month3High-InMinus,ReversalHighMonth3,",-6.751127680971396,1,0,1
"PCTChangeLT-2,,,,checkCupDown-2dayDown-mayReversalBuy,##DOWNTREND:sellYear2HighReversal(InDownTrend),##(Check-chart-buy):month3High-InMinus,ReversalHighMonth3,",-0.42174971980019504,11,3,8
"PCDCLT0PCTChangeGT5,_LTGT1.5_,,,chisSellLastDayHighUpReversal,",-0.7878806374289773,1,0,1
"PCTChangeLT-1,_HTGT3.0__LTGT3.0__HTGTPCTDayChange__LTGTPCTDayChange_,,,volSellContinueLast2DayDown-VolUp,##(Check-chart-buy):YearHigh-InMinus,ReversalHighYear,",0.5878894556837474,1,1,0
"PCTChangeGT2,,,,chisSellYear2LowLT-40-last4DayDown(triggerAfter-9:15),zigZagVolCrossedFromDown,",5.474998474121102,1,1,0
"PCTChangeGT2,_HTGT1.5_,,,##MA-SMA200LT0SMA100GT0,",-0.6377551020408062,1,0,1
"PCTChangeGT3,,,,chisUpTrend-Risky-nearLow,##UPTREND:buyMonth6LowReversal(Confirm),",0.9036622268770257,6,3,3
"PCTChangeGT0,_HTGT1.5__LTGT3.0_,,,%%HLTF:(GLOBAL-DOWN)sellHighLowerTail-Reversal-LastDayMarketUp,",2.3918477618505096,2,2,0
"PCTChangeGT3,_HTGT1.5__LTGT1.5_,,,##(Check-chart-sell):month3Low-InPlus,ReversalLowMonth3,chisBuyUpTrend-nearLow,##UPTREND:buyMonth3LowReversal(Confirm),##last2DayHighGT3-M3HLT0,",-2.1733880705143616,1,0,1
"PCDCLT0PCTChangeGT1,,,,##MA-SMA200LT0SMA100GT0,",1.9053576786370299,3,3,0
"PCTChangeGT3,_LTGT1.5_,,,chisCheckConsolidationBreakoutLT(4.5),weekBarHighChangeGT2,",0.4989286764191607,1,1,0
"PCTChangeGT1,year2High,_HTGT1.5__LTGT1.5__HTGTPCTDayChange_,,,%%HLTF-Last2HighTail:(UPTREND)buy(DOWNTREND)sell:HighUpperTailPre-last2DayUp,$$MaySell-CheckChart(downTrend-mayReverseLast4DaysUp)-Risky,",-0.24898758906142043,1,0,1
"PCTChangeGT3,,,,(GLOBALFUTUP-UPTRENDMARKET)checkBuyConsolidationBreakUp-week2-highNotReachedWeek3,week2BarHighChangeGT0,brokenToday,chisSell-2week-breakoutup,BuyYearLow,##(check-chart)mayBuy-EMA6-LT-May-MT-EMA14,",-0.7678549630301209,1,0,1
"PCTChangeLT-1,_HTGT3.0__LTGT1.5_,,,$$MaySellContinue-CheckChart(inuptrend-monthlow)-highTail,",2.992242810007516,1,1,0
"PCTChangeLT-2,_HTGT1.5__LTGT1.5_,,,volBuyReversalLast2DayDown-VolUp,##DOWNTREND:sellYear2HighReversal(InDownTrend),##(Check-chart-buy):YearHigh-InMinus,ReversalHighYear,",-3.172157979548198,1,0,1
"PCTChangeLT-1,_LTGT1.5_,,,(GLOBALFUTDOWN-DOWNTRENDMARKET)checkSellConsolidationBreakDown-week2-lowNotReachedWeek3,week2BarLowChangeLT-5,weekLowLTweek2Low,",-5.410133748559908,1,0,1
"PCTChangeLT-3,,,,volBuyVolumeUpsergedLast2n3DayUp,(GLOBALFUTDOWN-DOWNTRENDMARKET)checkSellConsolidationBreakDown-week2-lowNotReachedWeek3,week2BarLowChangeLT0,weekLowLTweek2Low,chisDownTrend-Risky-nearHigh,##DOWNTREND:sellYear2HighReversal(InDownTrend),##(Check-chart-buy):YearHigh-InMinus,ReversalHighYear,",-1.8133054165451123,1,0,1
"PCTChangeGT2,_HTGT1.5_,,,##MA-SMA200GT0SMA100GT0,",1.5085197605090686,2,2,0
"PCTChangeLT-3,,,,%%:checkSell:Flag2Week,%%HLTF-Last2DayMarketDown:(GLOBAL-UP)buyHighUpperTailPre1-Reversal-LastDayMarketDown,volSellContinueLast2DayDown-VolUp,",0.39199829101562644,1,1,0
"PCTChangeGT2,_HTGT1.5__LTGT1.5_,,,(GLOBALFUTUP-UPTRENDMARKET)checkBuyConsolidationBreakUp-week2-highNotReachedWeek3,week2BarHighChangeGT0,",0.16891891891890867,1,1,0
"PCTChangeGT5,year2High,_HTGT3.0_,,,%%HLTF-Last2HighTail:(UPTREND)buy(DOWNTREND)sell:HighUpperTailPre-last2DayUp,volumeUpsergedLast2n3n4DayDown,##last2DayHighGT3-M3HGT0,",-5.22988856523887,1,0,1
"PCTChangeLT-2,,,,chisSellFlagWeek-Risky,checkCupDown-2dayDown,chisSellDownTrend-nearHigh,##(Check-chart-buy):YearHigh-InMinus,NearHighYear,",-2.3946360153256694,1,0,1
"PCTChangeLT-16,year2Low,,,,maySellAfter10:30HighVolatileDownContinueLT-8-Risky,",1.1290322580645142,1,1,0
"PCTChangeLT-2,_LTGT3.0_,,,(GLOBALFUTDOWN-DOWNTRENDMARKET)checkSellConsolidationBreakDown-week2-lowNotReachedWeek3,week2BarLowChangeLT0,chisDownTrend-Risky-nearHigh,##DOWNTREND:sellMonth6HighReversal(InDownTrend),##(Check-chart-buy):month3High-InMinus,ReversalHighMonth3,",-4.3874334110349436,1,0,1
"PCTChangeGT2,,,,chisSellFinalContinue-(lastDayDown)-1,##buyTenDaysLessThanMinusTen,##(Check-chart)sellMonth3High-Continue,",-3.113480505319075,1,0,1
"PCTChangeGT2,_HTGT1.5__HTGTPCTDayChange_,,,%%HLTF-Last2HighTail:(UPTREND)buy(DOWNTREND)sell:HighUpperTailPre-last2DayUp,%%HLTF-Risky9:30:maySellTail-tailGT2-7,10thDayGT15,##MAPositive_Uptrend(GT2),##MA-SMA200LT0SMA100GT0,",-0.40723705723274256,1,0,1
"PCTChangeLT-3,_HTGT3.0__HTGTPCTDayChange_,,,%%checkCupDown-2dayDown-continue,##last2DayLow(LT-3)-M3LGT0,",-2.165639646240657,1,0,1
"PCTChangeLT-3,,,,volumeUpsergedLast2n3n4DayUp,volSellContinueLast2DayDown-VolUp,chisDownTrend-Risky-nearHigh,##DOWNTREND:sellYear2HighReversal(InDownTrend),",-0.47024795815339093,1,0,1
"PCTChangeLT-2,_HTGT3.0__HTGTPCTDayChange_,,,volSellVolumeUpsergedLast2n3DayUp,",0.6987688793396184,2,1,1
"PCTChangeGT3,,,,weekBarHighChangeGT2,##MAPositive_Uptrend(GT4.5),##MA-SMA200LT0SMA100LT0,",0.5035114511672939,1,1,0
"PCTChangeGT2,_HTGT1.5__HTGTPCTDayChange_,,,%%HLTF:(DOWNTREND-OR-GLOBALDOWN)maySellTail-tailGT2-2,3,4thDayGT0,week2BarHighChangeGT0,",-1.0809321692294251,1,0,1
"PCTChangeGT3,,,,volSellRevarsalVolCrossed,%%:checkSellRevarsalLast3DayUpAtMonth3Low,(GLOBALFUTUP-UPTRENDMARKET)checkBuyConsolidationBreakUp-week2-highNotReachedWeek3,week2BarHighChangeGT2,##UPTREND:buyYearLowReversal(Confirm),",2.629993252252481,1,1,0
"PCTChangeGT2,_HTGT1.5__LTGT1.5_,,,chisSellFinalContinue-(lastDayUp)-1,",0.7038777499534762,1,1,0
"PCTChangeGT2,year2High,,,,week2BarHighChangeGT0,",-1.2504278111623246,2,0,2
"PCTChangeGT2,,,,chisBuy-2week-breakoutup(check-chart)(|-|-| or --|),##(Check-chart)buyMonth3High-Continue,",-2.090729406153012,1,0,1
"PCTChangeLT-3,,,,%%:checkSell:Super0,##MANegative_Downtrend_(LT-2),##MA-SMA200LT0SMA100LT0,##DOWNTREND:sellYearLowBreak,",-2.733608868331592,1,0,1
"PCTChangeGT1,_HTGT1.5_,,,shortUpTrendSellReversal-MonthHigh,(GLOBALFUTUP-UPTRENDMARKET)checkBuyConsolidationBreakUp-week2-highNotReachedWeek3,week2BarHighChangeGT0,weekHighGTweek2High,",-1.9095492722401068,1,0,1
"PCTChangeLT-5,,,,##MANegative_Downtrend_(LT-4.5),##MA-SMA200LT0SMA100LT0,chisBuyDayLowVolLow-03-checkMorningTrend(.5SL)-after10:30,",2.615062761506276,1,1,0
"PCTChangeGT5,,,,chisUpTrend-Risky-nearLow,(GLOBALFUTUP-UPTRENDMARKET)checkBuyConsolidationBreakUp-week2-highNotReachedWeek3,week2BarHighChangeGT2,brokenToday,##RisingMA(Test)(check-chart-buy)-2DayUp,##UPTREND:buyYear2LowReversal(Confirm),",0.511984065499902,1,1,0
"PCTChangeLT-2,_LTGT1.5_,,,(GLOBALFUTDOWN-DOWNTRENDMARKET)checkSellConsolidationBreakDown-week2-lowNotReachedWeek3,week2BarLowChangeLT0,weekLowLTweek2Low,MayBuyCheckChart-(IndexNotUpInSecondHalf),",-1.1084409299981242,2,0,2
"PCTChangeGT3,year2High,,,,checkCupDown-lastDayUp,",-3.2150743253788088,4,1,3
"PCTChangeLT-3,_HTGT3.0__LTGT3.0__HTGTPCTDayChange__LTGTPCTDayChange_,,,##MANegative_Downtrend_(LT-1),##MA-SMA200LT0SMA100LT0,",-0.9019398465855424,1,0,1
"PCTChangeLT-3,,,,(GLOBALFUTDOWN-DOWNTRENDMARKET)checkSellConsolidationBreakDown-week2-lowNotReachedWeek3,week2BarLowChangeLT-5,weekLowLTweek2Low,##DOWNTREND:sellYearLowBreak,",1.0637750978011138,1,1,0
"PCTChangeGT1,_HTGT1.5__HTGTPCTDayChange_,,,chisBuyYearHigh-3,",-0.918259544819392,7,3,4
"PCTChangeLT-0.5,_HTGT1.5_,,,%%HLTF-Last2HighTail:(DOWNTREND)sell(UPTREND)buy:HighUpperTailPre,chisDownTrend-Risky-nearHigh,",1.3787147195571372,1,1,0
"PCTChangeLT-3,_HTGT3.0__LTGT1.5__HTGTPCTDayChange_,,,##last2DayLow(LT-3)-M3LLT0,",-8.392215227918289,1,0,1
"PCTChangeGT2,_LTGT1.5_,,,buyYearHigh-0,",-0.3497473336414251,8,4,4
"PCTChangeLT-5,_LTGT1.5_,,,##MANegative_Downtrend_(LT-4.5),##MA-SMA200LT0SMA100LT0,##last2DayLow(LT-3)-M3LLT0,chisBuyDayLowVolLow-01,",3.3523476322946806,1,1,0
"PCTChangeGT1,year2High,_HTGT1.5__HTGTPCTDayChange_,,,%%HLTF-Last2HighTail:(UPTREND)buy(DOWNTREND)sell:HighUpperTailPre-last2DayUp,MaySellCheckChart-(IndexNotDownInSecondHalf),",-0.19291331077250232,2,1,1
"PCTChangeLT-2,_LTGT3.0_,,,##MANegative_Downtrend_(LT-1),##MA-SMA200GT0SMA100GT0,",1.942595629341223,1,1,0
"PCTChangeGT2,_HTGT1.5_,,,volSellVolumeUpsergedLast2n3DayDown,##MAPositive_Uptrend(GT2),##MA-SMA200GT0SMA100GT0,",3.888888888888896,1,1,0
"PCTChangeGT16,_HTGT3.0__LTGT3.0__HTGTPCTDayChange_,,,##MANegative_Downtrend_(GT4.5),##MA-SMA200GT0SMA100GT0,",-6.578668977750099,1,0,1
"PCTChangeLT-2,_HTGT3.0_,,,volBuyReversalLast2DayDown-VolDown,##MA-SMA200LT0SMA100LT0,chisSellDayLowVolLow-03-checkMorningTrend(.5SL),",-2.4345307811070085,1,0,1
"PCDCGT0PCTDayChangeLT0,_HTGT1.5_,,,buyPattern-GT1.5-SMAGT0,(SMA9GT0),",2.3056186551429745,1,1,0
"PCTChangeGT3,year2High,_HTGT3.0_,,,%%HLTF:(DOWNTREND-OR-GLOBALDOWN)maySellTail-tailGT2-2,3,4thDayGT0,week2BarHighChangeGT0,brokenToday,",1.3700272309231054,1,1,0
"PCTChangeLT-2,,,,volBuyVolumeUpsergedLast2n3DayUp,weekBarLowChangeLT-2,brokenToday,",-0.33698982836001823,5,3,2
"PCTChangeGT2,_HTGT1.5__LTGT3.0__LTGTPCTDayChange_,,,volumeUpsergedLast2n3n4DayDown,(SMA9GT0),",2.975808420488912,1,1,0
"PCTChangeGT0.5,year2High,,,,(SMA9GT0),",0.23927190625427416,6,4,2
"PCTChangeGT5,year2High,_HTGT1.5__LTGT1.5_,,,##lastDayHighGT5TodayGT1,",-2.3977740546584467,1,0,1
"PCTChangeGT3,,,,buyHeavyUpTrend-Continue-(Risky),##MAPositive_Uptrend(GT2),##MA-SMA200GT0SMA100GT0,##last2DayHighGT3-M3HGT0,",1.1480402589055814,3,2,1
"PCTChangeLT-8,_HTGT1.5_,,,##MANegative_Downtrend_(LT-2),##MA-SMA200GT0SMA100LT0,",-2.5509084124620154,1,0,1
"PCTChangeGT8,_HTGT1.5__LTGT1.5_,,,##MAPositive_Uptrend(GT4.5),##MA-SMA200GT0SMA100GT0,",0.4231976925729654,3,2,1
"PCTChangeLT-2,,,,weekBarLowChangeLT0,brokenToday,chisDownTrend-Risky-nearHigh,##DOWNTREND:sellYear2HighReversal(InDownTrend),##(Check-chart-buy):month3High-InMinus,ReversalHighMonth3,",-1.8678086645969947,6,1,5
"PCTChangeGT3,_HTGT1.5__LTGT3.0__HTGTPCTDayChange__LTGTPCTDayChange_,,,%%HLTF-Risky:(GLOBAL-DOWN)sellHighLowerTail-Reversal-LastDayMarketUp,%%:sellUpTrend-month3High,##MAPositive_Uptrend(GT1),##MA-SMA200GT0SMA100GT0,##lastDayHighGT5TodayGT1,",-2.1335611213481664,1,0,1
"PCTChangeLT-3,_LTGT1.5_,,,volumeUpsergedLast2n3n4DayUp,volSellContinueLast2DayDown-VolUp,chisSellDownTrend-nearHigh,",0.26625069528437034,1,1,0
"PCTChangeGT2,_HTGT1.5__LTGT1.5_,,,checkCupDown-lastDayUp,",0.3964087370262632,3,2,1
"PCTChangeLT-3,,,,volSellContinueLast2DayDown-VolUp,weekBarLowChangeLT-2,brokenToday,chisDownTrend-Risky-nearHigh,",0.3319808188860185,1,1,0
"PCTChangeLT-5,_HTGT1.5_,,,##ML:BuyRisingMA-Risky-0,",8.405801524286678,1,1,0
"PCDCLT0PCTChangeGT0,,,,##MA-SMA200LT0SMA100GT0,",-1.1559342587625179,1,0,1
"PCTChangeGT5,_HTGT3.0_,,,##MAPositive_Uptrend(GT4.5),##MA-SMA200LT0SMA100GT0,",-0.4710884118290599,2,1,1
"PCTChangeGT3,_HTGT3.0__HTGTPCTDayChange_,,,sellEveningStar-0,##MAPositive_Uptrend(GT1),##MA-SMA200GT0SMA100GT0,",0.1995319491820716,1,1,0
"PCTChangeGT3,,,,chisSelldowntrendReversalMayFail,",-0.9179454195636285,20,6,14
"PCTChangeLT-0.5,_HTGT1.5_,,,%%HLTF-LastDayUp:(DOWNTREND-OR-GLOBALDOWN)MaySellHighTail-LastDayMarketUp,##MAPositive_Uptrend(LT0),##MA-SMA200GT0SMA100GT0,",1.2128118519379287,1,1,0
"PCTDayChangeLT0,_HTGT1.5__HTGTPCTDayChange_,,,%%HLTF-Last2HighTail:(DOWNTREND)sellHighUpperTailPre,",-3.542790462683135,3,1,2
"PCTChangeLT-2,,,,checkCupDown-near2WeekDown-mayReveresalBuy,(GLOBALFUTDOWN-DOWNTRENDMARKET)checkSellConsolidationBreakDown-week2-lowNotReachedWeek3,week2BarLowChangeLT-2,weekLowLTweek2Low,chisDownTrend-Risky-nearHigh,##(Check-chart-buy):month3High-InMinus,ReversalHighMonth3,",1.3397129186602739,1,1,0
"PCTChangeGT5,,,,volumeUpsergedLast2n3n4DayDown,(GLOBALFUTUP-UPTRENDMARKET)checkBuyConsolidationBreakUp-week2-highNotReachedWeek3,week2BarHighChangeGT2,weekHighGTweek2High,brokenToday,",-1.182775259864068,1,0,1
"PCTChangeGT1,PCDayChange-0.5to0.5,_HTGT1.5__LTGT3.0_,,,%%HLTF-Last2LowTail:(DOWNTREND)sellHighLowerTailPre-1,##MA-SMA200LT0SMA100LT0,",-9.50203252032521,1,0,1
"PCTChangeGT0,PCDayChange-0.5to0.5,_LTGT3.0_,,,%%HLTF:(GLOBAL-DOWN)sellHighLowerTail-Reversal-LastDayMarketUp,",0.5464959774172052,12,7,5
"PCTChangeLT-3,,,,%%HLTF-Last2DayMarketDown:(GLOBAL-UP)buyHighUpperTailPre1-Reversal-LastDayMarketDown,chisSellFinalCandidate-(lastDayUp),##ML:BuyRisingMA-Risky-1,",-3.1818119450689695,1,0,1
"PCTChangeGT1,_HTGT1.5__HTGTPCTDayChange_,,,%%HLTF-Last2HighTail:(UPTREND)buy(DOWNTREND)sell:HighUpperTailPre-last2DayUp,##RisingMA(check-chart-sell)-MaySellCheckChart,",-1.7756964146597287,1,0,1
"PCTChangeLT-1,,,,checkCupDown-3dayDown,(GLOBALFUTDOWN-DOWNTRENDMARKET)checkSellConsolidationBreakDown-week2-lowNotReachedWeek3,week2BarLowChangeLT0,##(Check-chart-buy):month3High-InMinus,ReversalHighMonth3,",-3.3547526460073853,1,0,1
"PCTChangeLT-3,,,,checkCupDown-3dayDown,##DOWNTREND:sellYear2HighReversal(InDownTrend),volBuyRevarsalVolCrossed,##(Check-chart-buy):month3High-InMinus,ReversalHighMonth3,",-0.5096464842045485,1,0,1
"PCTChangeGT3,,,,##MAPositive_Uptrend(GT1),##MA-SMA200LT0SMA100LT0,",-3.3078180778035366,2,0,2
"PCTChangeGT5,_LTGT3.0_,,,volBuyContinueLast2DayUp-VolUp,",0.5769191644130609,1,1,0
"PCTChangeLT-1,_HTGT3.0__HTGTPCTDayChange_,,,$$(DOWNTREND-OR-GLOBALDOWN)MaySell-CheckChart-baseLine(inDownTrend-monthHigh)-MLCGT10,",4.041813973350393,1,1,0
"PCTChangeLT-1,,,,##MA-SMA200LT0SMA100LT0,chisSellDayLowVolLow-01,",2.7972027972027895,1,1,0
"PCTChangeLT-1,,,,%%:checkSell:Super01-monthLow,$$(UPTREND-OR-GLOBALUP)$$MayBuyContinue-CheckChart-baseLine(inDownTrend-monthHigh)-PCTDayChangeLT(-2),volSellContinueLast2DayDown-VolUp,",3.3970786420151016,1,1,0
"PCTChangeGT5,_HTGT1.5_,,,zigZagVolCrossedFromDown,##MAPositive_Uptrend(GT4.5),##MA-SMA200GT0SMA100GT0,",1.26933756445853,1,1,0
"PCTChangeGT5,,,,VOL:sell-UpVol-3dayUp-Week2High,##MAPositive_Uptrend(GT4.5),##MA-SMA200GT0SMA100GT0,##last2DayHighGT3-M3HGT0,",2.5174797712820056,3,2,1
"PCTChangeLT-5,,,,maySellHighVolatileDownContinueLT-8,chisSellFinalCandidate-(lastDayUp)-(highChange),",1.3882408594541473,1,1,0
"PCTChangeGT3,,,,shortUpTrendSellReversal-MonthHigh,volumeUpsergedLast2n3n4DayDown,volBuyContinueLast2DayUp-VolUp,chisCheckConsolidationBreakoutGT(4.5),weekBarHighChangeGT2,",-0.6791374697478791,1,0,1
"PCTChangeLT-2,_LTGT1.5_,,,checkCupDown-2dayDown-mayReversalBuy,",-0.2008319622621904,2,1,1
"PCTChangeLT-2,_LTGT1.5_,,,weekBarLowChangeLT-2,$$MayBuy-CheckChart-baseLine(inuptrend-monthlow)-MHCLT(-10),",0.8959555212472868,1,1,0
"PCTChangeLT-0.5,_HTGT1.5_,,,##MA-SMA200LT0SMA100LT0,",0.5222121317665439,3,2,1
"PCTChangeLT-5,,,,checkCupDown-month3HighLTmonth3Low,bar_low,##DOWNTREND:sellMonth6HighReversal(InDownTrend),",2.5735231869326154,1,1,0
"PCTChangeLT-2,,,,weekBarLowChangeLT-2,brokenToday,",-0.48864371331183504,78,33,45
"PCTChangeLT-3,,,,(GLOBALFUTDOWN-DOWNTRENDMARKET)checkSellConsolidationBreakDown-week2-lowNotReachedWeek3,week2BarLowChangeLT-2,weekLowLTweek2Low,chisDownTrend-Risky-nearHigh,##(Check-chart-buy):month6High-InMinus,ReversalHighMonth6,",0.9892141490144273,1,1,0
"PCTDayChangeLT0,PCDayChange-0.5to0.5,year2High,_HTGT1.5_,,,%%HLTF-LastDayUp:(DOWNTREND-OR-GLOBALDOWN)MaySellHighTail-LastDayMarketUp,%%HLTF:(UPTREND-MorningTrend-UP)mayBuyTail-highTailGT2-7,10thDayGT10-Last2DayStockDown,",-0.5980389230124026,1,0,1
"PCTChangeGT2,_LTGT1.5_,,,chisBuyUpTrend-nearLow,##UPTREND:buyMonth6Low,",2.24453808816301,1,1,0
"PCTChangeLT-2,_HTGT3.0__LTGT1.5_,,,##(Check-chart-buy):month3High-InMinus,ReversalHighMonth3,",-1.0887646989595923,1,0,1
"PCTChangeGT12,_HTGT1.5_,,,chisUpTrend-Risky-nearLow,",-0.8780009011429285,1,0,1
"PCTChangeGT2,,,,volBuyContinueLast2DayUp-VolUp,##(Check-chart)buyMonth3High-Continue,",-0.04551645788244413,2,1,1
"PCTChangeLT-3,_LTGT1.5_,,,##MANegative_Downtrend_(LT-2),##MA-SMA200GT0SMA100LT0,##last2DayLow(LT-3)-M3LGT0,",2.2553347192604267,2,2,0
"PCTChangeGT1,_HTGT1.5__HTGTPCTDayChange_,,,weekBarHighChangeGT0,brokenToday,",0.3296261197951637,3,1,2
"PCTChangeGT3,,,,(GLOBALFUTUP-UPTRENDMARKET)checkBuyConsolidationBreakUp-week2-highNotReachedWeek3,week2BarHighChangeGT2,weekHighGTweek2High,brokenToday,##(check-chart)mayBuy-EMA6-LT-May-MT-EMA14,",2.468156099314658,2,2,0
"PCTChangeGT2,_LTGT1.5_,,,%%:checkSell:CupDownDoji,",1.2240119251522372,4,3,1
"PCTChangeGT2,_LTGT1.5_,,,%%HLTF:(GLOBAL-DOWN)sellHighLowerTail-Reversal-LastDayMarketUp,",0.1402743596963491,8,4,4
"PCTChangeLT-2,,,,##DOWNTREND:sellMonth3HighReversal(InDownTrend),volBuyRevarsalVolCrossed,##(Check-chart-buy):month3High-InMinus,ReversalHighMonth3,",4.115604113981213,1,1,0
"PCTChangeLT-2,,,,##DOWNTREND:sellYear2HighReversal(InDownTrend),##(check-chart)maySell-EMA6-MT-May-LT-EMA14,",0.6256337209569496,1,1,0
"PCTChangeGT3,,,,##(Check-chart-sell):month3Low-InPlus,ReversalLowMonth3,chisUpTrend-Risky-nearLow,(GLOBALFUTUP-UPTRENDMARKET)checkBuyConsolidationBreakUp-week2-highNotReachedWeek3,week2BarHighChangeGT0,chis-breakoutup-2week,",-2.132642966718151,1,0,1
"PCTChangeLT-1,_HTGT1.5_,,,chisSell:Super03-monthLow,zigZagVolCrossedFromUp,",-2.656082046073651,1,0,1
"PCTChangeGT3,_HTGT1.5_,,,chisSell-2week-breakoutup,##UPTREND:buyMonth6LowReversal(Confirm),",0.8257252699200706,1,1,0
"PCDCGT0PCTDayChangeLT0,PCDayChange-0.5to0.5,,,,sellPattern-LT-1.5-SMALT0,(SMA9LT0),",-1.9128493510889966,2,0,2
"PCTChangeGT2,,,,volSellReversalLast2DayUp-VolDown,chisBuy-2week-breakoutup(check-chart)(|-|-| or --|),##RisingMA(Test)(check-chart-buy)-2DayUp,",-1.7886755601414943,1,0,1
"PCTChangeLT-3,,,,volBuyVolumeUpsergedLast2n3DayUp,##last2DayLow(LT-3)-M3LGT0,",-1.3878699643486008,1,0,1
"PCTDayChangeLT0,year2High,_HTGT1.5__LTGT3.0__HTGTPCTDayChange__LTGTPCTDayChange_,,,%%HLTF:(GLOBAL-DOWN)sellHighLowerTail-Reversal-LastDayMarketUp,",2.6030221955417208,2,1,1
"PCTChangeGT12,_HTGT1.5__LTGT3.0_,,,%%ACU:buyContinueLast2DayHighGT4,volBuyContinueLast2DayUp-VolUp,",-2.681815407492906,1,0,1
"PCTChangeLT-0.5,_LTGT3.0_,,,(GLOBALFUTDOWN-DOWNTRENDMARKET)checkSellConsolidationBreakDown-week2-lowNotReachedWeek3,week2BarLowChangeLT0,",-1.7633165010588099,1,0,1
"PCDCGT0PCTChangeLT-1,_HTGT1.5__HTGTPCTDayChange_,,,##RisingMA(check-chart-sell)-MaySellCheckChart,",-3.647538482165728,1,0,1
"PCDCLT0PCTChangeGT1,_LTGT1.5_,,,%%HLTF:sellStockInUptrendReversal,",1.5874250315450478,1,1,0
"PCTChangeGT2,year2High,,,,%%:sellUpTrend-month3High,chisCheckConsolidationBreakout2WeekLT(4.5),",-2.724271070914634,1,0,1
"PCTChangeLT-5,,,,##last2DayLow(LT-3)-M3LGT0,chisSellDayLowVolLow-0,",7.1724146783971765,2,2,0
"PCTChangeGT5,_HTGT1.5__LTGT3.0__LTGTPCTDayChange_,,,volSellReversalLast2DayUp-VolUp,##last2DayHighGT3-M3HGT0,",0.7208072830395961,1,1,0
"PCTChangeLT-3,,,,weekBarLowChangeLT-2,##MANegative_Downtrend_(LT-2),##MA-SMA200GT0SMA100LT0,##DOWNTREND:sellMonth3LowBreak,",9.628127138744528,1,1,0
"PCDCGT0PCTDayChangeLT0,PCDayChange-0.5to0.5,_LTGT3.0_,,,chisBuyYearHigh-3,",0.7052296782211903,3,1,2
"PCTChangeGT12,_HTGT1.5_,,,volSellRevarsalVolCrossed,",-0.43616761552525385,1,0,1
"PCTChangeGT5,,,,weekBarHighChangeGT2,brokenToday,##MAPositive_Uptrend(GT2),##MA-SMA200GT0SMA100GT0,",-1.1136548197920266,3,2,1
"PCTChangeGT5,year2Low,,,,volumeUpsergedLast2n3n4DayDown,",-0.6666666666666698,1,0,1
"PCTDayChangeLT0,PCDayChange-0.5to0.5,_HTGT1.5_,,,%%HLTF-LastDayUp:(DOWNTREND-OR-GLOBALDOWN)MaySellHighTail-LastDayMarketUp,##ML:BuyRisingMA-Risky-2,",-0.8789394482337575,1,0,1
"PCTChangeGT12,PCDayChange-0.5to0.5,,,,##MA-SMA200GT0SMA100GT0,",-0.8195459855048475,1,0,1
"PCTChangeGT5,year2High,_LTGT3.0_,,,%%HLTF-Risky:(GLOBAL-DOWN)sellHighLowerTail-Reversal-LastDayMarketUp,",-1.1969243872487967,2,0,2
"PCTChangeGT2,_HTGT1.5_,,,##MANegative_Downtrend_(GT2),##MA-SMA200LT0SMA100LT0,",1.925231363171729,1,1,0
"PCTChangeLT-3,,,,volSellContinueLast2DayDown-VolUp,chisSellFinalCandidate-4,chisSellDownTrend-nearHigh,",1.775955827268829,1,1,0
"PCTChangeGT2,_HTGT3.0__LTGT1.5__HTGTPCTDayChange__LTGTPCTDayChange_,,,##MAPositive_Uptrend(GT1),##MA-SMA200LT0SMA100LT0,",-0.7615310790575548,1,0,1
"PCTChangeGT3,year2High,,,,chisBuyConsolidationBreakUp-2week-(Risky)-year2High,week2BarHighChangeGT0,brokenToday,",-0.24344791046866504,4,2,2
"PCTChangeGT3,,,,BuyYearLow,##UPTREND:buyYearLowReversal(Confirm),",-0.516658653399929,3,1,2
"PCTChangeGT5,_HTGT1.5__LTGT1.5_,,,chisUpTrend-Risky-nearLow,volumeUpsergedLast2n3n4DayDown,volBuyContinueLast2DayUp-VolUp,",-2.4255306162732664,1,0,1
"PCTChangeGT2,_HTGT1.5__HTGTPCTDayChange_,,,%%HLTF:(DOWNTREND-OR-GLOBALDOWN)maySellTail-tailGT2-2,3,4thDayGT0,",-0.0946555276908563,30,12,18
"PCTChangeLT-3,_HTGT1.5__LTGT1.5_,,,checkSellConsolidationBreakDown-month3HighGTMonth3Low,",0.5015045033067702,1,1,0
"PCTChangeGT2,,,,volSellVolumeUpsergedLast2n3DayDown,week2BarHighChangeGT0,brokenToday,",-0.6750373301363797,1,0,1
"PCTChangeLT-2,_LTGT1.5_,,,sellPatterns-LT-1.5-SMALT0,(SMA9LT0),",-5.711383354373102,1,0,1
"PCTChangeGT3,,,,##(Check-chart-sell):month3Low-InPlus,ReversalLowMonth3,chisUpTrend-Risky-nearLow,##UPTREND:buyMonth3LowReversal(Confirm),##last2DayHighGT3-M3HLT0,",-1.794152595114839,3,1,2
"PCTChangeGT5,,,,##MAPositive_Uptrend(GT2),##MA-SMA200GT0SMA100GT0,##last2DayHighGT3-M3HGT0,",-0.6632171002021005,2,1,1
"PCTChangeGT3,,,,zigZagVolCrossedFromDown,##UPTREND:buyYear2LowReversal(Confirm),",-2.7172331302252983,1,0,1
"PCTChangeLT-2,_LTGT1.5_,,,weekBarLowChangeLT-2,##MANegative_Downtrend_(LT-2),##MA-SMA200LT0SMA100LT0,MayBuyCheckChart-(IndexNotUpInSecondHalf),",2.0181773792613638,1,1,0
"PCTChangeGT1,_HTGT1.5__LTGT3.0_,,,%%HLTF-Last2LowTail:(DOWNTREND)sellHighLowerTailPre-1,",-1.047523933922213,1,0,1
"PCTChangeGT3,_HTGT1.5__LTGT3.0_,,,volSellReversalLast2DayUp-VolUp,##last2DayHighGT3-M3HLT0,",-1.8452417282831102,1,0,1
"PCTChangeLT-2,,,,checkCupDown-month3HighLTmonth3Low,bar_low,VOL:buy-DownVol-3dayDown-Week2High,##(Check-chart-buy):month3High-InMinus,BreakHighMonth3,",-0.33875338753388673,1,0,1
"PCDCGT0PCTDayChangeLT0,PCDayChange-0.5to0.5,,,,%%:sellDowntrend-lastDayUp-ReversalHighTail,MaySellCheckChart-(|_|`|),",1.4335092325338505,1,1,0
"PCTChangeGT2,,,,chisBuyUpTrend-1,chisUpTrend-Risky-nearLow,chisCheckConsolidationBreakoutLT(4.5),",1.5567132679984155,1,1,0
"PCTChangeGT3,year2High,_HTGT1.5_,,,%%HLTF-Last2HighTail:(UPTREND)buy(DOWNTREND)sell:HighUpperTailPre-last2DayUp,shortUpTrendSellReversal-MonthHigh,VOL:sell-UpVol-3dayUp-Week2High,chisCheckConsolidationBreakoutLT(4.5),weekBarHighChangeGT2,",2.6784906810952824,1,1,0
"PCTChangeGT2,PCDayChange-0.5to0.5,year2Low,_LTGT3.0_,,,chisBuyDownTrend-Risky-1,",1.9191158519071692,1,1,0
"PCTChangeGT2,year2High,_HTGT1.5_,,,volBuyContinueLast2DayUp-VolUp,",-2.4064815923913443,3,0,3
"PCTChangeLT-8,year2Low,_HTGT3.0__HTGTPCTDayChange_,,,##last2DayLow(LT-3)-M3LLT0,",9.760046159364636,1,1,0
"PCTChangeLT-2,_LTGT1.5_,,,week2BarLowChangeLT0,",1.859901415937008,1,1,0
"PCTChangeLT-0.5,_LTGT1.5_,,,chisDownTrend-Risky-nearHigh,$$MayBuy-CheckChart-baseLine(inuptrend-monthlow)-PCTDayChangeLT0,",2.0874619942252735,3,3,0
"PCTChangeLT-5,,,,volSellContinueLast2DayDown-VolUp,##DOWNTREND:sellYearLowBreak,",3.2807551723925537,1,1,0
"PCTChangeGT0,PCDayChange-0.5to0.5,_HTGT3.0_,,,chisSellSMA4Reversal,",0.14084530585097282,1,1,0
"PCTChangeLT-3,_HTGT1.5_,,,brokenToday,",-0.5365404960436742,2,1,1
"PCTChangeGT0,PCDayChange-0.5to0.5,_HTGT3.0__LTGT1.5_,,,chisSellSMA4Reversal,",1.75387310521837,1,1,0
"PCTChangeLT-2,,,,chisBuyFinalContinue-(lastDayUp),chisSellDownTrend-nearHigh,##ML:buyRisingMA-down-Risky,",3.575057928072873,1,1,0
"PCTChangeLT-3,,,,(GLOBALFUTDOWN-DOWNTRENDMARKET)checkSellConsolidationBreakDown-week2-lowNotReachedWeek3,week2BarLowChangeLT0,chisDownTrend-Risky-nearHigh,##DOWNTREND:sellYear2HighReversal(InDownTrend),##(check-chart)maySell-EMA6-MT-May-LT-EMA14,",-0.14335192679282094,1,0,1
"PCDCGT0PCTChangeLT-1,PCDayChange-0.5to0.5,_HTGT1.5__LTGT1.5_,,,%%:checkSell:Flag2Week-doji,",-1.9415786622386229,5,1,4
"PCTChangeLT-3,,,,(GLOBALFUTDOWN-DOWNTRENDMARKET)checkSellConsolidationBreakDown-week2-lowNotReachedWeek3,week2BarLowChangeLT0,##(check-chart)maySell-EMA6-MT-May-LT-EMA14,",0.8278324196602681,7,4,3
"PCTChangeLT-1,,,,volBuyReversalLast2DayDown-VolDown,chisBuyFinalContinue-0,",-0.977015057989007,2,1,1
"PCTChangeGT3,,,,chisBuyFinalCandidate-(lastDayDown),buyFinal,",0.7222963264599125,2,1,1
"PCTChangeGT8,_HTGT3.0__HTGTPCTDayChange_,,,##MAPositive_Uptrend(GT2),##MA-SMA200GT0SMA100GT0,",5.499536915693883,2,2,0
"PCTChangeLT-1,year2Low,_LTGT1.5_,,,(Test)(check-chart-2-3MidCapCross)MayBuyCheckChart-Risky,MayBuyCheckChart-(IndexNotUpInSecondHalf),",-1.0272829311882585,4,1,3
"PCTChangeGT3,_HTGT3.0__HTGTPCTDayChange_,,,%%HLTF:(UPTREND-GLOBAL/SGX-UP)BuyHighUpperTail-Reversal-7,10thDayGT15-LastDayMarketDown,volSellReversalLast2DayUp-VolUp,##last2DayHighGT3-M3HLT0,",0.8677420079469932,1,1,0
"PCTChangeGT3,_HTGT1.5_,,,chisBuyUpTrend-1-YearHigh,volBuyContinueLast2DayUp-VolUp,",1.2563173894017163,3,3,0
"PCTChangeGT3,_HTGT1.5__LTGT1.5_,,,##MAPositive_Uptrend(GT2),##MA-SMA200GT0SMA100GT0,",-0.1882831086974225,12,5,7
"PCTChangeLT-5,,,,(GLOBALFUTDOWN-DOWNTRENDMARKET)checkSellConsolidationBreakDown-week2-lowNotReachedWeek3,week2BarLowChangeLT-2,chisDownTrend-Risky-nearHigh,##DOWNTREND:sellMonth3HighReversal(InDownTrend),##last2DayLow(LT-3)-M3LGT0,",1.7871170463472112,1,1,0
"PCTChangeGT3,year2High,_HTGT3.0__LTGT3.0__HTGTPCTDayChange__LTGTPCTDayChange_,,,volSellVolumeUpsergedLast2n3DayDown,",-2.3437499999999867,1,0,1
"PCTChangeLT-1,_LTGT1.5_,,,$$MayBuy-CheckChart(downTrend-mayReverseLast4DaysDown),buyMorningStar-(checkChart),",-1.935273180934224,1,0,1
"PCTChangeLT-2,,,,checkCupDown-near2WeekDown-mayReveresalBuy,(GLOBALFUTDOWN-DOWNTRENDMARKET)checkSellConsolidationBreakDown-week2-lowNotReachedWeek3,week2BarLowChangeLT0,chisDownTrend-Risky-nearHigh,",-0.13868423955048073,3,1,2
"PCTChangeGT1,PCDayChange-0.5to0.5,_HTGT1.5_,,,%%HLTF:(UPTREND-MorningTrend-UP)mayBuyTail-highTailGT2-7,10thDayGT10-Last2DayStockDown,",-0.26824034334764346,1,0,1
"PCTChangeGT2,year2High,,,,chisBuyConsolidationBreakUp-2week-(Risky)-year2High,week2BarHighChangeGT2,",-4.935599547600232,2,0,2
"PCTChangeLT-8,_HTGT3.0__LTGT3.0_,,,volSellContinueLast2DayDown-VolUp,##MANegative_Downtrend_(LT-4.5),##MA-SMA200GT0SMA100LT0,",15.841981353073454,1,1,0
"PCTChangeGT5,,,,VOL:sell-DownVol-3dayUp-Week2Low,##lastDayHighGT5TodayGT1,",-0.958933914208513,1,0,1
"PCTChangeGT3,_HTGT3.0__HTGTPCTDayChange_,,,%%HLTF:(DOWNTREND-OR-GLOBALDOWN)maySellTail-tailGT2-2,3,4thDayGT0,volumeUpsergedLast2n3n4DayDown,volBuyContinueLast2DayUp-VolUp,",-0.04069424354654119,1,0,1
"PCTChangeLT-2,_HTGT1.5_,,,VOL:buy-UpVol-3dayDown-Week2Low,weekBarLowChangeLT-2,brokenToday,",-0.7178006523145926,1,0,1
"PCTChangeGT5,,,,chisBuyUpTrend-nearLow,##UPTREND:buyMonth3Low,",0.1908367771167092,1,1,0
"PCTDayChangeLT0,year2High,_LTGT1.5_,,,(Test)(check-chart-2-3MidCapCross)MayBuyCheckChart-Risky,",2.2352285222951047,9,5,4
"PCTDayChangeLT0,_HTGT1.5_,,,%%HLTF-Last2HighTail:(DOWNTREND)sellHighUpperTailPre-1,",-0.9701677665622349,2,1,1
"PCTChangeLT-3,,,,volBuyReversalLast2DayDown-VolDown,##DOWNTREND:sellYearLowBreak,",1.2974256241143056,1,1,0
"PCTDayChangeLT0,year2High,_LTGT1.5_,,,(Test)MayBuy-CheckChart(upTrend-lastDayDown),",1.3585870916193268,1,1,0
"PCTChangeLT-3,year2Low,_LTGT3.0_,,,(GLOBALFUTDOWN-DOWNTRENDMARKET)checkSellConsolidationBreakDown-week2,weekBarLowChangeLT-2,",2.556820206953123,1,1,0
"PCTChangeLT-5,_LTGT3.0_,,,volumeUpsergedLast2n3n4DayUp,volSellContinueLast2DayDown-VolUp,chisDownTrend-Risky-nearHigh,",-3.3680589554467044,2,0,2
"PCTChangeLT-1,year2High,_LTGT3.0_,,,%%HLTF:(GLOBAL-UP)buyHighLowerTail-StockInUptrend,",0.7284808632553886,1,1,0
"PCTChangeGT3,,,,(Test)MaySell-CheckChart(downTrend-lastDayUp),",0.054514370126290644,7,4,3
"PCTChangeLT-2,_HTGT1.5_,,,volBuyVolumeUpsergedLast2n3DayUp,weekBarLowChangeLT-2,##MANegative_Downtrend_(LT-2),##MA-SMA200LT0SMA100LT0,",-0.3703724254261351,1,0,1
"PCTChangeGT2,PCDayChange-0.5to0.5,_HTGT3.0__LTGT1.5_,,,##MA-SMA200LT0SMA100LT0,",10.87607359274839,1,1,0
"PCTChangeGT3,_HTGT1.5__HTGTPCTDayChange_,,,%%HLTF-Last2HighTail:(UPTREND)buy(DOWNTREND)sell:HighUpperTailPre-last2DayUp,##MAPositive_Uptrend(GT2),##MA-SMA200GT0SMA100GT0,",1.4838179077714444,1,1,0
"PCTChangeLT-8,_LTGT1.5_,,,(GLOBAL-DOWN)maySellContinueHighVolatileLastDayDOWN-PCT10GT0-(LT-8),chisDownTrend-Risky-nearHigh,",4.195236932663706,1,1,0
"PCTChangeLT-2,,,,##longDownTrend-1-IndexNotDownLastDay(checkBase),##DOWNTREND:sellMonth6LowBreak,",-2.182111771236224,3,0,3
"PCTChangeGT1,_HTGT1.5__HTGTPCTDayChange_,,,$$MaySell-CheckChart(downTrend-mayReverseLast4DaysUp)-Risky,",-1.972599460453702,2,0,2
"PCTChangeGT2,_HTGT1.5__LTGT3.0__LTGTPCTDayChange_,,,##MANegative_Downtrend_(GT2),##MA-SMA200LT0SMA100LT0,",0.8211380850998058,4,3,1
"PCTChangeGT1,_HTGT1.5_,,,(GLOBALFUTUP-UPTRENDMARKET)checkBuyConsolidationBreakUp-week2-highNotReachedWeek3,week2BarHighChangeGT0,",-0.8944496531002004,2,0,2
"PCTChangeLT-1,_HTGT1.5__LTGT3.0__HTGTPCTDayChange__LTGTPCTDayChange_,,,%%:checkSell:Super01-monthLow,chisSell-smallUptrendReversal,",-1.437026258445962,1,0,1
"PCTChangeGT2,year2High,_HTGT3.0__HTGTPCTDayChange_,,,volSellVolumeUpsergedLast2n3DayDown,volBuyContinueLast2DayUp-VolUp,chisCheckConsolidationBreakoutLT(4.5),",-0.4890632261690806,1,0,1
"PCTChangeLT-1,PCDayChange-0.5to0.5,,,,mayBuyFromSellPattern-GT1.8,",1.4786443067791217,2,2,0
"PCTChangeGT3,_HTGT3.0_,,,week2BarHighChangeGT0,brokenToday,",0.4037260826178221,1,1,0
"PCDCLT0PCTChangeGT0,,,,chisSell-smallUptrendReversal,",-0.08419672828154554,15,8,7
"PCDCGT0PCTDayChangeLT0,year2High,_LTGT3.0_,,,%%HLTF:(GLOBAL-DOWN)sellHighLowerTail-Reversal-LastDayMarketUp,",0.9414462792072926,1,1,0
"PCTChangeGT0,year2High,_HTGT1.5__HTGTPCTDayChange_,,,(Test)MaySellCheckChart-last3DayUp,",-0.18933031116633794,2,1,1
"PCTChangeLT-1,,,,##(Check-chart-buy):month3High-InMinus,NearHighMonth3,",-0.248990756933659,66,26,40
"PCTChangeGT2,,,,chisUpTrend-Risky-nearLow,volSellVolumeUpsergedLast2n3DayDown,(GLOBALFUTUP-UPTRENDMARKET)checkBuyConsolidationBreakUp-week2-highNotReachedWeek3,week2BarHighChangeGT0,##UPTREND:buyYear2LowReversal(Confirm),",-0.543584707415653,1,0,1
"PCTChangeLT-1,_HTGT3.0__HTGTPCTDayChange_,,,volBuyReversalLast2DayDown-VolUp,sellFinal,",4.440100987752283,1,1,0
"PCTChangeGT1,_LTGT3.0_,,,%%:checkSell:lastDayLT(-4.5),",0.09999847412109375,1,1,0
"PCTChangeGT2,year2High,_LTGT1.5_,,,vol-sell-DownVol-3dayUp-Week2High,",3.00995075700237,4,2,2
"PCTChangeLT-5,_LTGT3.0_,,,##DOWNTREND:sellMonth3HighReversal(InDownTrend),",0.6375135346904361,2,1,1
"PCTChangeGT8,_HTGT3.0_,,,chisUpTrend-Risky-nearLow,##(check-chart)sellEMA6>EMA14,",-4.823576635719743,1,0,1
"PCTChangeGT0.5,_LTGT1.5_,,,$$(UPTREND-OR-GLOBALUP)MayBuy-CheckChart-baseLine(inuptrend-monthlow)-MHCLT(-10),",-1.7714791611774785,1,0,1
"PCTChangeGT1,_HTGT1.5_,,,$$MaySell-CheckChart(monthHigh-minimumLast4DayUp),$$MaySell-CheckChart(downTrend-mayReverseLast4DaysUp)-Risky,weekBarHighChangeGT0,",-2.086137281292045,1,0,1
"PCTChangeLT-1,year2High,_HTGT3.0__LTGT1.5__HTGTPCTDayChange__LTGTPCTDayChange_,,,%%HLTF-Risky9:30:maySellTail-tailGT2-7,10thDayGT15,",0.5767641075593904,1,1,0
"PCTChangeLT-0.5,,,,%%:checkBuyContinue:CupDownDoji,",0.14883188100961164,1,1,0
"PCTChangeGT2,PCDayChange-0.5to0.5,,,,(SMA9GT0),",-0.4057953675734627,1,0,1
"PCTChangeGT3,year2High,_LTGT1.5_,,,chisBuyConsolidationBreakUp-2week-(Risky)-year2High,week2BarHighChangeGT5,weekHighGTweek2High,##last2DayHighGT3-M3HGT0,",0.8815088150881594,1,1,0
"PCTChangeLT-3,year2High,_LTGT1.5_,,,volBuyReversalLast2DayDown-VolDown,",-0.19088268777357098,2,1,1
"PCTChangeLT-16,year2Low,_HTGT3.0__LTGT3.0_,,,chisRSISellCandidate(yearLow)-lessThanMinus5,",1.788175273646128,5,3,2
"PCTChangeGT1,_HTGT1.5__HTGTPCTDayChange_,,,%%:sellDowntrend-lastDayUp-ReversalHighTail,(Test)(check-chart-2-3MidCapCross)MaySellCheckChart-Risky,",0.9596742845058998,2,2,0
"PCTChangeLT-2,,,,volBuyVolumeUpsergedLast2n3DayUp,weekBarLowChangeLT0,brokenToday,chisDownTrend-Risky-nearHigh,##(Check-chart-buy):month3High-InMinus,ReversalHighMonth3,",-0.6953642384106016,1,0,1
"PCDCGT0PCTChangeLT-1,year2High,_HTGT1.5__LTGT3.0_,,,%%HLTF:(GLOBAL-DOWN)sellHighLowerTail-Reversal-LastDayMarketUp,",1.4337576575010171,1,1,0
"PCTChangeGT2,_HTGT1.5__HTGTPCTDayChange_,,,chisUpTrend-Risky-nearLow,volBuyContinueLast2DayUp-VolUp,chisCheckConsolidationBreakoutLT(4.5),(GLOBALFUTUP-UPTRENDMARKET)checkBuyConsolidationBreakUp-week2-highNotReachedWeek3,week2BarHighChangeGT0,brokenToday,##RisingMA(check-chart-sell)-MaySellCheckChart,##UPTREND:buyYear2LowReversal(Confirm),",-0.8709137769731655,1,0,1
"PCTChangeLT-5,_LTGT3.0_,,,volSellContinueLast2DayDown-VolUp,##MANegative_Downtrend_(LT-2),##MA-SMA200LT0SMA100LT0,",-1.3534150965073541,1,0,1
"PCTChangeGT2,_HTGT1.5__HTGTPCTDayChange_,,,(Test)MaySell-CheckChart(downTrend-lastDayUp),",-0.5525971612060311,5,3,2
"PCTChangeLT-1,_HTGT3.0__LTGT1.5_,,,%%:sellDowntrend-lastDayDown-ReversalHighTail,",-0.01790073159131206,1,0,1
"PCTChangeGT3,_LTGT1.5_,,,volSellVolumeUpsergedLast2n3DayDown,volBuyContinueLast2DayUp-VolUp,chisSell-2week-breakoutup,",-1.3625318986656076,1,0,1
"PCTChangeLT-3,,,,volSellContinueLast2DayDown-VolUp,weekBarLowChangeLT-2,brokenToday,chisDownTrend-Risky-nearHigh,##(Check-chart-buy):YearHigh-InMinus,ReversalHighYear,",4.3083475304840295,2,2,0
"PCTChangeGT2,_HTGT1.5_,,,%%HLTF-Last2HighTail:(UPTREND)buy(DOWNTREND)sell:HighUpperTailPre-last2DayUp,MaySellCheckChart-(IndexNotDownInSecondHalf),",-1.6601083294402903,3,0,3
"PCTChangeLT-3,_HTGT3.0__HTGTPCTDayChange_,,,volumeUpsergedLast2n3n4DayUp,volBuyReversalLast2DayDown-VolUp,",-0.3164556962025226,1,0,1
"PCTChangeLT-5,,,,volBuyReversalLast2DayDown-VolDown,",-0.2553558251633691,10,5,5
"PCDCLT0PCTChangeGT0,PCDayChange-0.5to0.5,year2Low,,,,MayBuyCheckChart-(|`|_|),",2.1773390849626644,2,2,0
"PCTChangeGT5,_HTGT1.5_,,,volBuyContinueLast2DayUp-VolUp,(GLOBALFUTUP-UPTRENDMARKET)checkBuyConsolidationBreakUp-week2-highNotReachedWeek3,week2BarHighChangeGT2,",-1.1355544999599279,2,0,2
"PCDCGT0PCTChangeLT-1,_HTGT1.5_,,,chisSellFlagWeek-doji-Risky,",0.7191495011160827,3,2,1
"PCDCLT0PCTChangeGT0,PCDayChange-0.5to0.5,_HTGT1.5_,,,%%HLTF-Last2HighTail:(DOWNTREND)sellHighUpperTailPre,chisBuyYearHigh-3,",-1.0614491041812304,1,0,1
"PCTChangeLT-2,,,,checkCupDown-2dayDown-mayReversalBuy,chisDownTrend-Risky-nearHigh,##DOWNTREND:sellMonth3HighReversal(InDownTrend),##(Check-chart-buy):month3High-InMinus,ReversalHighMonth3,",-0.038522182048240206,2,1,1
"PCTChangeLT-2,,,,%%:checkSell:Flag2Week,checkCupDown,bar_low,volBuyReversalLast2DayDown-VolDown,##ML:buyRisingMA-down-Risky,",-3.5247734001090936,1,0,1
"PCTChangeLT-2,_LTGT1.5_,,,chisDownTrend-Risky-nearHigh,##(Check-chart-buy):month3High-InMinus,ReversalHighMonth3,",-0.14876887306453143,20,10,10
"PCTChangeGT1,PCDayChange-0.5to0.5,_HTGT1.5_,,,chisSellFlagWeek-doji-Risky,",0.4840945236861329,3,2,1
"PCTChangeGT5,_HTGT1.5_,,,%%HLTF-Last2HighTail:(UPTREND)buy(DOWNTREND)sell:HighUpperTailPre-last2DayUp,##MAPositive_Uptrend(GT2),##MA-SMA200LT0SMA100GT0,",0.13353344184180194,2,1,1
"PCTChangeLT-3,PCDayChange-0.5to0.5,,,,chisSellUpTrend-highTail,##ML:BuyRisingMA-Risky-1,",-5.325887574681869,1,0,1
"PCTChangeGT3,_HTGT1.5_,,,%%HLTF:(DOWNTREND-OR-GLOBALDOWN)maySellTail-tailGT2-2,3,4thDayGT0,chisUpTrend-Risky-nearLow,",-1.49845923668486,1,0,1
"PCTDayChangeLT0,_HTGT1.5_,,,%%:checkSell:Super01-monthLow,##(Test)buyBottomReversal-0,",1.6502974173854865,1,1,0
"PCTChangeLT-5,_LTGT3.0_,,,volBuyReversalLast2DayDown-VolDown,",-3.5541809201301797,2,0,2
"PCTChangeLT-3,_LTGT1.5_,,,volBuyVolumeUpsergedLast2n3DayUp,(GLOBALFUTDOWN-DOWNTRENDMARKET)checkSellConsolidationBreakDown-week2-lowNotReachedWeek3,week2BarLowChangeLT-2,weekLowLTweek2Low,chisDownTrend-Risky-nearHigh,##(Check-chart-buy):month3High-InMinus,ReversalHighMonth3,",2.1967977353582837,1,1,0
"PCTChangeGT2,,,,##(Check-chart)sellMonth3High-Continue,",0.0878531913656998,42,20,22
"PCTChangeGT3,,,,zigZagVolCrossedFromDown,chisUpTrend-Risky-nearLow,",-1.442157319550003,3,1,2
"PCTChangeLT-3,_LTGT3.0_,,,volSellContinueLast2DayDown-VolUp,chisDownTrend-Risky-nearHigh,##(Check-chart-buy):YearHigh-InMinus,ReversalHighYear,",-1.0064412485621133,1,0,1
"PCTChangeGT3,,,,chisCheckConsolidationBreakoutLT(4.5),weekBarHighChangeGT2,##MAPositive_Uptrend(GT2),##MA-SMA200LT0SMA100GT0,",-4.8812823194094666,1,0,1
"PCTDayChangeLT0,year2High,_HTGT1.5__HTGTPCTDayChange_,,,%%HLTF-Last2HighTail:(DOWNTREND)sell(UPTREND)buy:HighUpperTailPre,",3.7743577223557723,1,1,0
"PCDCGT0PCTDayChangeLT0,_LTGT1.5_,,,checkCupDown-lastDayUp,",1.3430003417711558,2,1,1
"PCTChangeGT8,year2Low,_LTGT3.0_,,,volBuyContinueLast2DayUp-VolUp,",-4.446256343793625,1,0,1
"PCTChangeGT1,_LTGT1.5_,,,buyMorningStar-(checkChart),",-0.06348058231582543,4,2,2
"PCTChangeLT-1,_HTGT1.5__HTGTPCTDayChange_,,,%%:checkSell:Flag2Week,",-1.9486566975228552,1,0,1
"PCTChangeLT-2,,,,vol-buy-DownVol-3dayDown-Week2Low,weekBarLowChangeLT0,brokenToday,##DOWNTREND:sellYear2HighReversal(InDownTrend),",-1.4632383880026871,1,0,1
"PCTChangeLT-1,_LTGT1.5_,,,weekBarLowChangeLT0,chisDownTrend-Risky-nearHigh,##(Check-chart-buy):YearHigh-InMinus,ReversalHighYear,",-0.12961752181737612,1,0,1
"PCDCLT0PCTChangeGT0,PCDayChange-0.5to0.5,_HTGT1.5_,,,%%:checkSell:CupDownDoji-last2lastDayLT0orTodayGT0,%%HLTF-Last2HighTail:(DOWNTREND)sellHighUpperTailPre,",-0.6410861922431941,1,0,1
"PCTChangeGT1,,,,##(Check-chart-sell):month3Low-InPlus,ReversalLowMonth3,chisUpTrend-Risky-nearLow,weekBarHighChangeGT0,brokenToday,##UPTREND:buyMonth3LowReversal(Confirm),",-0.036848233516834895,1,0,1
"PCTChangeLT-1,_HTGT1.5__LTGT1.5__HTGTPCTDayChange__LTGTPCTDayChange_,,,shortDownTrendSellContinue-Doji-Last2DayLTToday,",0.9449971710871339,1,1,0
"PCTChangeGT5,,,,VOL:sell-UpVol-3dayUp-Week2High,##MAPositive_Uptrend(GT2),##MA-SMA200GT0SMA100GT0,",-2.140764583348682,1,0,1
"PCTChangeGT0,PCDayChange-0.5to0.5,,,,%%:checkSell:CupDownDoji,",-1.4815472664149463,3,1,2
"PCTChangeLT-2,,,,checkCupDown-near2WeekDown-mayReveresalBuy,(GLOBALFUTDOWN-DOWNTRENDMARKET)checkSellConsolidationBreakDown-week2-lowNotReachedWeek3,week2BarLowChangeLT0,chisDownTrend-Risky-nearHigh,##DOWNTREND:sellYearHighReversal(InDownTrend),##(Check-chart-buy):month3High-InMinus,ReversalHighMonth3,",2.5600195208865957,1,1,0
"PCTChangeLT-1,_LTGT1.5_,,,volSellContinueLast2DayDown-VolUp,weekBarLowChangeLT0,brokenToday,MayBuyCheckChart-(IndexNotUpInSecondHalf),$$MayBuy-CheckChart(monthLow-minimumLast4DayDown),",-0.20399944957500923,1,0,1
"PCTChangeLT-1,,,,(GLOBALFUTDOWN-DOWNTRENDMARKET)checkSellConsolidationBreakDown-week2,weekBarLowChangeLT0,",-1.5145626928422367,7,1,6
"PCDCLT0PCTChangeGT1,PCDayChange-0.5to0.5,_LTGT1.5_,,,%%HLTF:(GLOBAL-DOWN)sellHighLowerTail-Reversal-LastDayMarketUp,",-2.7853862698582645,1,0,1
"PCTDayChangeLT0,_HTGT3.0__LTGT3.0_,,,##ML:buyRisingMA-down-0,",1.452698578705651,1,1,0
"PCTChangeGT1,_HTGT3.0__HTGTPCTDayChange_,,,%%HLTF-Last2HighTail:(UPTREND)buy(DOWNTREND)sell:HighUpperTailPre-last2DayUp,",1.4136844269546287,6,4,2
"PCTChangeGT2,_LTGT1.5_,,,buyPatternsML,",6.144067796610159,1,1,0
"PCTChangeLT-3,_HTGT3.0__HTGTPCTDayChange_,,,%%HLTF:maySellTail-tailGT2-allDayGT0,##sellTenDaysMoreThanTen,",0.5062032152739043,2,1,1
"PCTChangeGT3,,,,##MAPositive_Uptrend(GT2),##MA-SMA200GT0SMA100GT0,##lastDayHighGT5TodayGT1,",1.3696788169449856,7,5,2
"PCTChangeLT-1,PCDayChange-0.5to0.5,_HTGT1.5__LTGT1.5_,,,chisSellSuper-Risky,--,",-1.918936318716344,2,0,2
"PCTChangeLT-2,,,,checkSellConsolidationBreakDown-2week,week2BarLowChangeLT0,brokenToday,",0.3852731697748199,12,6,6
"PCTChangeGT3,_LTGT1.5_,,,volBuyContinueLast2DayUp-VolUp,chisBuyDownTrend-Risky-2,",-0.7988978802815742,1,0,1
"PCTChangeLT-3,PCDayChange-0.5to0.5,_HTGT3.0__LTGT3.0_,,,##MA-SMA200GT0SMA100GT0,",-3.30687837362297,1,0,1
"PCTChangeLT-2,,,,weekBarLowChangeLT-2,chisDownTrend-Risky-nearHigh,##DOWNTREND:sellYearHighReversal(InDownTrend),##(Check-chart-buy):month3High-InMinus,ReversalHighMonth3,",-1.233770763276896,1,0,1
"PCTChangeGT5,,,,chisUpTrend-Risky-nearLow,volBuyContinueLast2DayUp-VolUp,##last2DayHighGT3-M3HLT0,",1.8669703298223532,2,2,0
"PCTChangeLT-2,,,,chisSellFlag2Week-Risky,checkCupDown-inDownTrend-month3HighLTmonth3Low,bar_low,chisDownTrend-Risky-nearHigh,##(Check-chart-buy):month3High-InMinus,ReversalHighMonth3,",3.828675596864068,1,1,0
"PCTChangeGT3,_LTGT1.5_,,,VOL:sell-UpVol-3dayUp-Week2High,chisBuy-2week-breakoutup(check-chart)(|-|-| or --|),",-2.2183055609044895,1,0,1
"PCTChangeLT-3,,,,checkSellConsolidationBreakDown-month3HighGTMonth3Low,chisDownTrend-Risky-nearHigh,",1.023243506789264,1,1,0
"PCTChangeLT-2,,,,checkCupDown-near2WeekDown-mayReveresalBuy,(GLOBALFUTDOWN-DOWNTRENDMARKET)checkSellConsolidationBreakDown-week2-lowNotReachedWeek3,week2BarLowChangeLT0,##DOWNTREND:sellYear2HighReversal(InDownTrend),",-0.08177214442167746,2,1,1
"PCTChangeLT-1,_HTGT1.5_,,,(GLOBALFUTDOWN-DOWNTRENDMARKET)checkSellConsolidationBreakDown-week2-lowNotReachedWeek3,week2BarLowChangeLT0,##(Check-chart-buy):YearHigh-InMinus,ReversalHighYear,",-3.1307654747596176,1,0,1
"PCTChangeLT-2,_LTGT3.0_,,,volSellContinueLast2DayDown-VolUp,chisDownTrend-Risky-nearHigh,",1.6675796356144412,1,1,0
"PCTChangeLT-8,_LTGT3.0_,,,(SMA9LT0),",-6.723426740925883,1,0,1
"PCTChangeLT-2,,,,checkCupDown-month3HighLTmonth3Low,bar_low,chisSellDownTrend-nearHigh,##DOWNTREND:sellMonth3HighReversal(InDownTrend),##(Check-chart-buy):month3High-InMinus,ReversalHighMonth3,",-2.9598288434783675,1,0,1
"PCTChangeLT-2,,,,(GLOBALFUTDOWN-DOWNTRENDMARKET)checkSellConsolidationBreakDown-week2-lowNotReachedWeek3,week2BarLowChangeLT-2,##DOWNTREND:sellYearHighReversal(InDownTrend),##(Check-chart-buy):month3High-InMinus,ReversalHighMonth3,##(check-chart)maySell-EMA6-MT-May-LT-EMA14,",-0.07237985072891895,1,0,1
"PCTChangeGT2,,,,buyFinal1,",-1.2480887913336178,7,2,5
"PCTChangeLT-3,,,,checkCupDown-near2WeekDown-mayReveresalBuy,(GLOBALFUTDOWN-DOWNTRENDMARKET)checkSellConsolidationBreakDown-week2-lowNotReachedWeek3,week2BarLowChangeLT0,chisDownTrend-Risky-nearHigh,##DOWNTREND:sellYear2HighReversal(InDownTrend),##last2DayLow(LT-3)-M3LGT0,##(Check-chart-buy):month3High-InMinus,ReversalHighMonth3,",-1.2198888202594163,1,0,1
"PCTChangeLT-1,,,,weekBarLowChangeLT0,##(Test)(Check-chart):year2Low-InMinus,",1.02899594360293,3,2,1
"PCTChangeLT-2,_HTGT1.5_,,,VOL:buy-UpVol-3dayDown-Week2Low,",2.3959493741682945,2,1,1
"PCTChangeLT-1,,,,%%:checkSell:FlagWeek,volBuyReversalLast2DayDown-VolDown,",3.324518941835949,2,2,0
"PCTChangeGT0.5,_HTGT3.0__HTGTPCTDayChange_,,,%%HLTF-Last2HighTail:(UPTREND)buy(DOWNTREND)sell:HighUpperTailPre-last2DayUp,",3.7935735247461957,1,1,0
"PCTChangeGT1,,,,##MANegative_Downtrend_(GT0),##MA-SMA200LT0SMA100LT0,",1.2019737443586926,2,2,0
"PCTChangeLT-1,,,,volBuyVolumeUpsergedLast2n3DayUp,",-0.5466870479072163,7,3,4
"PCTChangeGT8,_HTGT3.0__LTGT3.0_,,,##MAPositive_Uptrend(GT4.5),##MA-SMA200GT0SMA100GT0,",0.04123963031571614,1,1,0
"PCTChangeLT-1,_LTGT1.5_,,,$$MayBuy-CheckChart(monthLow-minimumLast4DayDown),$$MayBuy-CheckChart(downTrend-mayReverseLast4DaysDown)-Risky,",-0.3260536659421634,5,3,2
"PCTChangeGT3,_HTGT1.5_,,,volumeUpsergedLast2n3n4DayDown,volBuyContinueLast2DayUp-VolUp,(GLOBALFUTUP-UPTRENDMARKET)checkBuyConsolidationBreakUp-week2-highNotReachedWeek3,week2BarHighChangeGT0,brokenToday,",-0.6163601759619911,1,0,1
"PCTChangeGT3,_LTGT3.0_,,,%%HLTF:(SGXNIFTYUP)buyHighLowerTail-Continue,",-0.15943823201967292,5,2,3
"PCTChangeGT16,_HTGT3.0__LTGT1.5_,,,%%HLTF-Last2HighTail:(UPTREND)buy(DOWNTREND)sell:HighUpperTailPre-last2DayUp,##MAPositive_Uptrend(GT4.5),##MA-SMA200GT0SMA100GT0,",-4.262946991331549,1,0,1
"PCTChangeGT0.5,year2High,_HTGT1.5_,,,%%HLTF:(UPTREND-MorningTrend-UP)mayBuyTail-highTailGT2-7,10thDayGT10-Last2DayStockDown,",-2.7203004047889516,1,0,1
"PCTChangeLT-1,,,,(SMA9LT0),##(Check-chart-buy):month3High-InMinus,ReversalHighMonth3,",-0.8381485249954841,1,0,1
"PCTChangeGT1,PCDayChange-0.5to0.5,_HTGT1.5__LTGT3.0_,,,chisSellDowningMA-(check5MinuteDownTrendAndSellDowntrend)-Already10DayDown,%%HLTF-Last2LowTail:(DOWNTREND)sellHighLowerTailPre-1,",-0.787670915245711,1,0,1
"PCTChangeGT1,PCDayChange-0.5to0.5,_LTGT3.0_,,,##MAPositive_Uptrend(GT0),##MA-SMA200LT0SMA100GT0,",1.7907314719796161,1,1,0
"PCTChangeGT3,_HTGT1.5_,,,chisBuyUpTrend-nearLow,##UPTREND:buyYearLow,",0.2620113989151277,1,1,0
"PCTChangeLT-2,,,,volumeUpsergedLast2n3n4DayUp,VOL:sell(GLOBALFUTUP-GLOBALMARKETUP)Buy-UpVol-3dayDown-Week2High,chisSellDownTrend-nearHigh,##(Check-chart-buy):month3High-InMinus,NearHighMonth3,",-1.247633935179659,2,0,2
"PCTChangeLT-5,_HTGT1.5__LTGT3.0__LTGTPCTDayChange_,,,(GLOBALFUTDOWN-DOWNTRENDMARKET)checkSellConsolidationBreakDown-week2-lowNotReachedWeek3,week2BarLowChangeLT-2,weekLowLTweek2Low,",4.520127084283956,1,1,0
"PCTChangeLT-3,,,,##(Check-chart-buy):month3High-InMinus,ReversalHighMonth3,",0.23845458817611043,198,108,90
"PCTChangeGT8,year2High,_HTGT1.5_,,,%%HLTF-Last2HighTail:(UPTREND)buy(DOWNTREND)sell:HighUpperTailPre-last2DayUp,",-1.177439054674314,8,3,5
"PCDCGT0PCTDayChangeLT0,PCDayChange-0.5to0.5,,,,maySellFromBuyPattern-LT-1.8,",-2.0940479269277095,4,0,4
"PCTDayChangeLT0,year2High,_LTGT1.5_,,,%%HLTF:(GLOBAL-DOWN)sellHighLowerTail-Reversal-LastDayMarketUp,(Test)(check-chart-2-3MidCapCross)MayBuyCheckChart-Risky,",3.33885119445698,1,1,0
"PCTChangeLT-3,_HTGT1.5_,,,weekBarLowChangeLT-2,##DOWNTREND:sellMonth6HighReversal(InDownTrend),%%:checkBuyRevarsalLast3DayDownAtMonth3High,##(Check-chart-buy):month3High-InMinus,ReversalHighMonth3,",0.4910067768629038,1,1,0
"PCTChangeLT-1,,,,(Test)MayBuy-CheckChart(upTrend-lastDayDown),##MAPositive_Uptrend(LT-2),##MA-SMA200GT0SMA100GT0,",-0.519145373180861,1,0,1
"PCTChangeLT-1,PCDayChange-0.5to0.5,_LTGT3.0_,,,shortDownTrendBuyReversal-Month3Low-Doji-Last2DayLTToday,",0.8270680724286075,2,1,1
"PCTChangeGT5,_LTGT3.0_,,,%%HLTF-Risky:(GLOBAL-DOWN)sellHighLowerTail-Reversal-LastDayMarketUp,(GLOBALFUTUP-UPTRENDMARKET)checkBuyConsolidationBreakUp-week2-highNotReachedWeek3,week2BarHighChangeGT2,brokenToday,",-2.348489472360322,1,0,1
"PCTChangeLT-3,,,,checkCupDown-3dayDown,volBuyRevarsalVolCrossed,%%:checkBuyRevarsalLast3DayDownAtMonth3High,##(check-chart)maySell-EMA6-MT-May-LT-EMA14,",4.823975699743103,1,1,0
"PCTChangeGT3,,,,chisUpTrend-Risky-nearLow,(GLOBALFUTUP-UPTRENDMARKET)checkBuyConsolidationBreakUp-week2-highNotReachedWeek3,week2BarHighChangeGT0,chis-breakoutup-2week,##ML:sellRisingMAuptrend-1,##UPTREND:buyYear2LowReversal(Confirm),",2.002455748419919,1,1,0
"PCTChangeLT-3,,,,##sellTenDaysMoreThanTen,##MAPositive_Uptrend(LT-4.5),##MA-SMA200LT0SMA100GT0,",-1.4049678185851293,1,0,1
"PCTChangeGT2,,,,volSellVolumeUpsergedLast2n3DayDown,##MAPositive_Uptrend(GT2),##MA-SMA200LT0SMA100LT0,",1.283507651471085,1,1,0
"PCDCGT0PCTChangeLT-1,PCDayChange-0.5to0.5,_LTGT1.5_,,,chisBuyMorningStar-2(NotUpSecondHalfAndUp2to3),",2.294114056755518,1,1,0
"PCTChangeGT3,_HTGT1.5_,,,%%HLTF:(DOWNTREND-OR-GLOBALDOWN)maySellTail-tailGT2-2,3,4thDayGT0,chisUpTrend-Risky-nearLow,(GLOBALFUTUP-UPTRENDMARKET)checkBuyConsolidationBreakUp-week2-highNotReachedWeek3,week2BarHighChangeGT0,brokenToday,",0.7692320734007768,1,1,0
"PCTChangeGT0,PCDayChange-0.5to0.5,_HTGT1.5_,,,%%:checkSell:lastDayLT(-4.5),",-2.203654271104149,1,0,1
"PCTChangeLT-2,,,,VOL:buy-DownVol-3dayDown-Week2High,##(Check-chart-buy):month3High-InMinus,ReversalHighMonth3,",-1.0008407571280045,2,0,2
"PCTChangeLT-5,_HTGT1.5_,,,vol-buy-DownVol-3dayDown-Week2Low,##MANegative_Downtrend_(LT-4.5),##MA-SMA200LT0SMA100LT0,",3.2450290705194442,1,1,0
"PCTChangeLT-2,_HTGT1.5__LTGT3.0__LTGTPCTDayChange_,,,##DOWNTREND:sellYear2HighReversal(InDownTrend),",0.680381057943997,1,1,0
"PCTChangeLT-2,_HTGT3.0__LTGT1.5__HTGTPCTDayChange__LTGTPCTDayChange_,,,chisDownTrend-Risky-nearHigh,",3.322428961499934,1,1,0
"PCTChangeLT-3,,,,(GLOBALFUTDOWN-DOWNTRENDMARKET)checkSellConsolidationBreakDown-week2-lowNotReachedWeek3,week2BarLowChangeLT-2,weekLowLTweek2Low,(SMA9LT0),chisDownTrend-Risky-nearHigh,##(check-chart)maySell-EMA6-MT-May-LT-EMA14,",-6.008411664392759,1,0,1
"PCTDayChangeLT0,,,,sellPatternsML,sellPatterns-LT-1.5-SMALT0,(SMA9LT0),shortDownTrendSellContinue-Doji-Last2DayLTToday,",-1.8856392699615876,1,0,1
"PCTChangeGT8,_HTGT1.5__LTGT1.5_,,,##last2DayHighGT3-M3HLT0,",-13.472222222222221,1,0,1
"PCTChangeGT1,_HTGT1.5__LTGT3.0_,,,volBuyContinueLast2DayUp-VolUp,",2.2197295732027746,1,1,0
"PCTChangeLT-2,,,,chisSell:Super03-monthLow,volBuyReversalLast2DayDown-VolUp,",-0.2375215738541388,2,1,1
"PCTChangeGT1,,,,##(Check-chart-sell):month3Low-InPlus,BreakLowMonth3,volSellReversalLast2DayUp-VolDown,",0.08619203585587858,1,1,0
"PCTChangeGT3,,,,chisUpTrend-Risky-nearLow,(GLOBALFUTUP-UPTRENDMARKET)checkBuyConsolidationBreakUp-week2-highNotReachedWeek3,week2BarHighChangeGT2,##UPTREND:buyYearLowReversal(Confirm),",2.3546816414640452,1,1,0
"PCTDayChangeLT0,PCDayChange-0.5to0.5,_HTGT1.5_,,,%%:checkSell:CupDownDoji-lastDayLT(-2)TodayDoji,%%HLTF-Last2HighTail:(DOWNTREND)sellHighUpperTailPre,",-0.6970616374731411,2,1,1
"PCTChangeGT5,year2High,_HTGT1.5_,,,weekBarHighChangeGT2,brokenToday,",-0.890063373851488,3,1,2
"PCTChangeGT3,,,,BuyYearLow,##UPTREND:buyYear2LowReversal(Confirm),",0.2004028442709654,1,1,0
"PCTChangeLT-0.5,PCDayChange-0.5to0.5,_HTGT1.5_,,,%%:checkSell:CupDownDoji-lastDayLT(-2)TodayDoji,shortDownTrendSellContinue-Doji-Last2DayLTToday,",-0.479798127700941,1,0,1
"PCTChangeLT-3,,,,sellPatternsML,sellPatterns-LT-1.5-SMALT0,(SMA9LT0),##(Check-chart-buy):month6High-InMinus,ReversalHighMonth6,",-5.4924242424242475,1,0,1
"PCDCGT0PCTDayChangeLT0,_HTGT3.0__LTGT1.5_,,,##MA-SMA200LT0SMA100LT0,",4.786356103144897,2,1,1
"PCDCGT0PCTDayChangeLT0,_HTGT1.5_,,,chisBuyYearHigh-1,",0.053985225762243814,3,1,2
"PCTChangeGT1,PCDayChange-0.5to0.5,_LTGT3.0_,,,chisSellFlag2Week-doji-Risky,",-0.30732571937795705,1,0,1
"PCTChangeLT-0.5,_LTGT3.0_,,,%%HLTF:(GLOBAL-DOWN)sellHighLowerTail-Reversal-LastDayMarketUp,##buyYear2LowMovingSMA,",2.1898611702819912,1,1,0
"PCTChangeLT-5,_LTGT1.5_,,,(GLOBALFUTDOWN-DOWNTRENDMARKET)checkSellConsolidationBreakDown-week2-lowNotReachedWeek3,week2BarLowChangeLT-2,mayBuyFromSellPattern-GT1.8,##last2DayLow(LT-3)-M3LGT0,volBuyRevarsalVolCrossed,%%:checkBuyRevarsalLast3DayDownAtMonth3High,",0.9480470523899406,1,1,0
"PCTChangeLT-2,,,,volumeUpsergedLast2n3n4DayUp,chisSellDownTrend-nearHigh,##DOWNTREND:sellMonth6HighReversal(InDownTrend),##(Check-chart-buy):month3High-InMinus,ReversalHighMonth3,",-1.2549007640165528,1,0,1
"PCTChangeLT-5,,,,##last2DayLow(LT-3)-M3LGT0,chisSellDayLowVolLow-02-checkMorningTrend(.5SL),",0.32608456695808075,2,1,1
"PCTChangeGT12,_HTGT1.5_,,,%%HLTF-Last2HighTail:(UPTREND)buy(DOWNTREND)sell:HighUpperTailPre-last2DayUp,##MAPositive_Uptrend(GT4.5),##MA-SMA200GT0SMA100GT0,",-4.149762225841442,2,0,2
"PCTChangeGT2,,,,chisUpTrend-Risky-nearLow,volSellVolumeUpsergedLast2n3DayDown,chisCheckConsolidationBreakoutLT(4.5),BuyYearLow,##(Test)buyBottomReversal-1,##UPTREND:buyYear2LowReversal(Confirm),",-0.14210996173559923,1,0,1
"PCTChangeLT-0.5,_HTGT1.5__HTGTPCTDayChange_,,,%%HLTF-Last2HighTail:(DOWNTREND)sell(UPTREND)buy:HighUpperTailPre,volBuyReversalLast2DayDown-VolUp,",-1.7629470219209737,1,0,1
"PCDCLT0PCTChangeGT1,,,,##(Test)(check-chart)-buySMAUpTrend,(Test)MayBuy-CheckChart(upTrend-lastDayDown),",0.4377682117994127,1,1,0
"PCTDayChangeLT0,_HTGT3.0__HTGTPCTDayChange_,,,chisDownTrend-Risky-nearHigh,",3.496324533108728,1,1,0
"PCTChangeLT-3,,,,(GLOBALFUTDOWN-DOWNTRENDMARKET)checkSellConsolidationBreakDown-week2,weekBarLowChangeLT-2,",-0.38640007027388856,4,2,2
"PCTChangeGT1,,,,##(Check-chart)sellMonth3High-Continue,",0.39613175888764746,10,7,3
"PCTChangeLT-3,_HTGT1.5_,,,checkCupDown-3dayDown-mayReversalBuy,##last2DayLow(LT-3)-M3LGT0,",-2.549286094088328,1,0,1
"PCTChangeLT-5,_HTGT3.0__LTGT3.0__LTGTPCTDayChange_,,,##MANegative_Downtrend_(LT-4.5),##MA-SMA200GT0SMA100LT0,",3.8791807543143215,1,1,0
"PCTChangeGT0,_HTGT1.5__LTGT1.5_,,,%%:checkSell:Super2,%%HLTF-Last2LowTail:(DOWNTREND)sellHighLowerTailPre-1,",0.31596632772080085,1,1,0
"PCDCGT0PCTDayChangeLT0,PCDayChange-0.5to0.5,_LTGT1.5_,,,chisSellFlagWeek-doji-Risky,",-0.863699944934587,4,2,2
"PCTChangeGT2,year2Low,,,,chisSellYear2LowLT-40-last3DayDown(triggerAfter-9:15),",-2.360186203463437,2,0,2
"PCTChangeGT1,_HTGT1.5__HTGTPCTDayChange_,,,%%HLTF-Last2HighTail:(UPTREND)buy(DOWNTREND)sell:HighUpperTailPre-last2DayUp,%%HLTF:(DOWNTREND-OR-GLOBALDOWN)maySellTail-tailGT2-2,3,4thDayGT0,(Test)MaySellCheckChart-last3DayUp,$$MaySell-CheckChart(downTrend-mayReverseLast4DaysUp)-Risky,",4.328271090561847,1,1,0
"PCTChangeLT-2,,,,sellFinal,chisDownTrend-Risky-nearHigh,",0.42519222965268333,1,1,0
"PCTChangeLT-1,PCDayChange-0.5to0.5,_HTGT3.0_,,,%%HLTF-Last2HighTail:(DOWNTREND)sellHighUpperTailPre-1,",-4.181628605290266,1,0,1
"PCTChangeGT3,_HTGT1.5_,,,chisBuyUpTrend-1-YearHigh,chisUpTrend-Risky-nearLow,",-3.1083404987102217,1,0,1
"PCTChangeGT5,_HTGT1.5__LTGT1.5_,,,%%HLTF-Last2HighTail:(UPTREND)buy(DOWNTREND)sell:HighUpperTailPre-last2DayUp,weekBarHighChangeGT5,",-3.4797256057326855,1,0,1
"PCTChangeLT-3,_HTGT3.0__LTGT1.5_,,,weekBarLowChangeLT-2,brokenToday,chisDownTrend-Risky-nearHigh,##DOWNTREND:sellYear2HighReversal(InDownTrend),##last2DayLow(LT-3)-M3LGT0,##(Check-chart-buy):month3High-InMinus,ReversalHighMonth3,",-7.537688442211045,1,0,1
"PCTChangeGT2,,,,zigZagVolCrossedFromDown,##(check-chart)sellEMA6>EMA14,",4.684216771729979,1,1,0
"PCTChangeGT3,_HTGT3.0_,,,chisSellFlag2Week-doji-Risky,",0.8661465382012767,1,1,0
"PCTChangeLT-1,_HTGT3.0_,,,%%HLTF-Last2HighTail:(DOWNTREND)sellHighUpperTailPre,chisSellDownTrend-nearHigh,",-2.887823642828535,1,0,1
"PCTChangeGT3,,,,volBuyContinueLast2DayUp-VolUp,week2BarHighChangeGT2,brokenToday,",-1.4695737994223654,1,0,1
"PCTChangeLT-1,PCDayChange-0.5to0.5,,,,##(Test)(check-chart)-buySMAUpTrend,",-1.5565536857852753,1,0,1
"PCTChangeGT0,PCDayChange-0.5to0.5,_LTGT3.0_,,,%%HLTF:(SGXNIFTYUP)buyHighLowerTail-Continue,",-0.07142716604436153,6,4,2
"PCTChangeLT-3,_HTGT1.5_,,,%%:checkSell:Flag2Week,%%HLTF:(UPTREND-MorningTrend-UP)mayBuyTail-highTailGT2-7,10thDayGT10-Last2DayStockDown,chisBuyFinalContinue-3,##sellTenDaysMoreThanTen,##sellRisingMA,",5.952381029614053,1,1,0
"PCTChangeLT-2,_HTGT1.5__HTGTPCTDayChange__LTGTPCTDayChange_,,,%%:checkSell:Super01-monthLow,",-1.7005508788613823,1,0,1
"PCTChangeLT-8,,,,maySellHighVolatileDownContinueLT-8,volSellContinueLast2DayDown-VolUp,##MANegative_Downtrend_(LT-4.5),##MA-SMA200GT0SMA100LT0,",5.980097073227611,1,1,0
"PCTChangeLT-2,_HTGT1.5__LTGT1.5_,,,%%:checkSell:FlagWeek,zigZagVolCrossedFromUp,",-2.8611570683086827,1,0,1
"PCTChangeGT1,_HTGT1.5__LTGT1.5__HTGTPCTDayChange__LTGTPCTDayChange_,,,%%HLTF-Last2LowTail:(DOWNTREND)sellHighLowerTailPre-1,##MANegative_Downtrend_(GT1),##MA-SMA200LT0SMA100LT0,",1.3170726359820206,1,1,0
"PCTChangeGT1,year2High,_LTGT3.0_,,,%%HLTF-Risky:(GLOBAL-DOWN)sellHighLowerTail-Reversal-LastDayMarketUp,",-0.8473320569015734,2,1,1
"PCTChangeGT3,year2High,,,,volSellReversalLast2DayUp-VolUp,",-2.0956824690382887,1,0,1
"PCTChangeGT3,_HTGT1.5__LTGT1.5_,,,chisSellDayHighVolLow-01-checkMorningTrend(.5SL),##last2DayHighGT3-M3HLT0,",0.05882711971508178,1,1,0
"PCTChangeLT-2,,,,##ML:buyRisingMA-down-Risky,",0.2887558167773683,77,36,39
"PCTDayChangeLT0,_LTGT1.5_,,,chisSell-smallUptrendReversal,",-0.551992532753726,5,2,3
"PCTChangeGT2,year2High,,,,volSellVolumeUpsergedLast2n3DayDown,weekBarHighChangeGT2,",-1.1063986972263506,1,0,1
"PCTChangeGT2,,,,volumeUpsergedLast2n3n4DayDown,chisCheckConsolidationBreakout2WeekLT(4.5),weekBarHighChangeGT0,brokenToday,",5.276421228188808,3,1,2
"PCTChangeLT-12,year2Low,_LTGT1.5_,,,chisBuyYear2Low,BreakLowYear2,",-2.907484330987123,3,1,2
"PCTChangeGT8,_LTGT1.5_,,,volSellReversalLast2DayUp-VolDown,",1.4523879341245274,2,2,0
"PCDCLT0PCTChangeGT0,PCDayChange-0.5to0.5,year2High,_HTGT1.5_,,,%%HLTF-Last2HighTail:(DOWNTREND)sellHighUpperTailPre,",-0.2527084627005282,7,3,4
"PCDCLT0PCTChangeGT1,PCDayChange-0.5to0.5,_HTGT3.0__LTGT3.0_,,,%%:checkSell:CupDownDoji-lastDayLT(-2)TodayDoji,",-1.191590211101786,1,0,1
"PCTChangeGT8,_HTGT1.5_,,,chisUpTrend-Risky-nearLow,volumeUpsergedLast2n3n4DayDown,",-2.302631578947368,1,0,1
"PCTChangeLT-8,year2High,_LTGT1.5_,,,(GLOBAL-DOWN)maySellContinueHighVolatileLastDayDOWN-month3LowGT0-(LT-8),",1.5456648118399245,1,1,0
"PCTDayChangeLT0,_LTGT3.0_,,,chisSell-smallUptrendReversal,",-5.742879893888627,1,0,1
"PCTChangeGT1,_HTGT1.5__LTGT3.0__LTGTPCTDayChange_,,,week2BarHighChangeGT0,weekHighGTweek2High,",-3.846193452303858,1,0,1
"PCTChangeGT5,,,,week2BarHighChangeGT0,weekHighGTweek2High,brokenToday,",-0.9038855385902977,2,1,1
"PCDCLT0PCTChangeGT1,year2High,_LTGT3.0_,,,%%HLTF:(SGXNIFTYUP)buyHighLowerTail-Continue,",1.3690328370545484,3,2,1
"PCTChangeLT-3,,,,%%:checkSell:Flag2Week,volBuyVolumeUpsergedLast2n3DayUp,",2.8400272956606467,1,1,0
"PCTChangeGT3,_HTGT3.0_,,,(GLOBALFUTUP-UPTRENDMARKET)checkBuyConsolidationBreakUp-week2-highNotReachedWeek3,week2BarHighChangeGT0,weekHighGTweek2High,brokenToday,##sellRisingMAuptrend-2,",-0.7772539700258316,1,0,1
"PCTChangeLT-2,_LTGT1.5_,,,chisSell:Super03-monthLow,##MANegative_Downtrend_(LT-2),##MA-SMA200LT0SMA100LT0,",2.054051121433936,1,1,0
"PCTChangeGT5,_LTGT3.0_,,,##MAPositive_Uptrend(GT4.5),##MA-SMA200GT0SMA100GT0,",3.4253485373080137,1,1,0
"PCTChangeGT1,_HTGT3.0__HTGTPCTDayChange_,,,(Test)MaySell-CheckChart(downTrend-lastDayUp),",-2.154148991400069,1,0,1
"PCTChangeLT-3,_LTGT3.0_,,,##MANegative_Downtrend_(LT-2),##MA-SMA200GT0SMA100LT0,buyMorningStar-HighLowerTail,",-1.4285437980410713,1,0,1
"PCTChangeEQ0,_HTGT3.0__LTGT1.5_,,,%%HLTF-Last2HighTail:(UPTREND)buy(DOWNTREND)sell:HighUpperTailPre-last2DayUp,",9.62732919254658,1,1,0
"PCTChangeGT1,,,,chisBuyUpTrend-nearLow,##UPTREND:buyYear2LowReversal(Confirm),",-1.4246608786387047,1,0,1
"PCTChangeLT-3,_LTGT1.5_,,,volBuyReversalLast2DayDown-VolDown,weekBarLowChangeLT-2,",-0.9888232981104141,1,0,1
"PCTChangeLT-3,,,,volSellContinueLast2DayDown-VolUp,##DOWNTREND:sellYear2HighReversal(InDownTrend),##(Check-chart-buy):month3High-InMinus,ReversalHighMonth3,",0.9396690900579104,3,2,1
"PCTChangeGT5,year2High,_LTGT1.5_,,,%%HLTF-Risky:(GLOBAL-DOWN)sellHighLowerTail-Reversal-LastDayMarketUp,##lastDayHighGT5TodayGT1,",6.466231695167497,1,1,0
"PCTChangeLT-3,,,,%%HLTF-Last2DayMarketDown:(GLOBAL-UP)buyHighUpperTailPre1-Reversal-LastDayMarketDown,sellFinal,##longDownTrend-2-IndexNotDownLastDay(checkBase),chisSellDownTrend-nearHigh,",3.126138132712523,1,1,0
"PCTChangeGT5,_HTGT1.5_,,,chisCheckConsolidationBreakout2WeekLT(4.5),##MAPositive_Uptrend(GT2),##MA-SMA200GT0SMA100GT0,",-2.1276652630426987,1,0,1
"PCTDayChangeLT0,PCDayChange-0.5to0.5,_HTGT1.5__LTGT1.5_,,,%%:sellDowntrend-lastDayDown-ReversalHighTail,%%HLTF-LastDayUp:(DOWNTREND-OR-GLOBALDOWN)MaySellHighTail-LastDayMarketUp,",-1.478151003559534,1,0,1
"PCTChangeLT-2,_HTGT1.5_,,,sellPatternsML,sellPatterns-LT-1.5-SMALT0,(SMA9LT0),",-3.0961550199068437,1,0,1
"PCTChangeGT3,,,,volumeUpsergedLast2n3n4DayDown,volBuyContinueLast2DayUp-VolUp,chisCheckConsolidationBreakoutLT(4.5),checkBuyConsolidationBreakUp-2week,week2BarHighChangeGT0,brokenToday,",2.3194932691157133,2,2,0
"PCTChangeGT0.5,PCDayChange-0.5to0.5,,,,shortUpTrendBuyContinue-Doji-Last2DayGTToday,",0.641652443967556,20,12,8
"PCTChangeLT-1,,,,volSellContinueLast2DayDown-VolUp,chisSellDownTrend-nearHigh,##(Test):buyRisingMA-uptrend-SMA25gt0,",4.898648648648648,1,1,0
"PCTChangeLT-3,,,,chisDownTrend-Risky-nearHigh,##DOWNTREND:sellMonth6HighReversal(InDownTrend),##(Check-chart-buy):month6High-InMinus,ReversalHighMonth6,",-0.44665271208273916,2,0,2
"PCTChangeGT2,PCDayChange-0.5to0.5,,,,chisBuyYearHigh-3,",0.5135351182229604,1,1,0
"PCTChangeLT-1,_LTGT1.5_,,,volSellContinueLast2DayDown-VolUp,weekBarLowChangeLT0,MayBuyCheckChart-(IndexNotUpInSecondHalf),",1.4193687439643328,1,1,0
"PCTChangeLT-0.5,_HTGT1.5__LTGT3.0__LTGTPCTDayChange_,,,(GLOBALFUTDOWN-DOWNTRENDMARKET)checkSellConsolidationBreakDown-week2-lowNotReachedWeek3,week2BarLowChangeLT-2,volBuyRevarsalVolCrossed,%%:checkBuyRevarsalLast3DayDownAtMonth3High,",4.630482169276833,1,1,0
"PCTChangeLT-3,,,,##MANegative_Downtrend_(LT-2),##MA-SMA200GT0SMA100LT0,zigZagVolCrossedFromUp,",1.0589615763267908,1,1,0
"PCTChangeGT2,,,,VOL:sell-UpVol-3dayUp-Week2High,##MAPositive_Uptrend(GT2),##MA-SMA200GT0SMA100GT0,",-0.04058827511438009,3,1,2
"PCTChangeLT-2,,,,checkCupDown-3dayDown-mayReversalBuy,VOL:sell(GLOBALFUTUP-GLOBALMARKETUP)Buy-UpVol-3dayDown-Week2High,",1.6334685671377067,1,1,0
"PCTChangeLT-2,,,,checkCupDown-2dayDown-mayReversalBuy,VOL:buy-DownVol-3dayDown-Week2High,",3.161137232648149,2,2,0
"PCTChangeLT-1,year2High,_HTGT1.5__HTGTPCTDayChange_,,,%%HLTF:maySellTail-tailGT2-7,10thDayGT20,",-3.4004904846782638,1,0,1
"PCTChangeLT-2,_HTGT3.0__LTGT1.5__HTGTPCTDayChange_,,,volSellVolumeUpsergedLast2n3DayUp,VOL:sell(GLOBALFUTUP-GLOBALMARKETUP)Buy-UpVol-3dayDown-Week2High,",-3.520748031187239,1,0,1
"PCTChangeEQ0,_HTGT1.5__LTGT1.5_,,,%%HLTF-Last2LowTail:(DOWNTREND)sellHighLowerTailPre-1,",-0.01519385804521108,1,0,1
"PCTChangeGT3,_HTGT1.5_,,,vol-sell-DownVol-3dayUp-Week2High,",-0.37494016386924156,1,0,1
"PCTChangeGT5,,,,##MAPositive_Uptrend(GT4.5),##MA-SMA200GT0SMA100LT0,",-0.0036269257053751502,6,3,3
"PCTChangeLT-1,_HTGT1.5__HTGTPCTDayChange_,,,sellFinal,##(Test):buyRisingMA-uptrend-SMA25gt0,",-3.1031371549225213,1,0,1
"PCTChangeLT-3,_HTGT1.5__LTGT1.5_,,,%%checkCupDown-2dayDown-continue,chisDownTrend-Risky-nearHigh,##DOWNTREND:sellYear2HighReversal(InDownTrend),",1.406921429540434,1,1,0
"PCTChangeGT2,,,,##(Check-chart-sell):month3Low-InPlus,ReversalLowMonth3,",2.8168887718873807,4,2,2
"PCTChangeGT2,,,,(GLOBALFUTUP-UPTRENDMARKET)checkBuyConsolidationBreakUp-week2-highNotReachedWeek3,week2BarHighChangeGT2,weekHighGTweek2High,chisBuy-2week-breakoutup(check-chart)(|-|-| or --|),",-2.891715526296026,1,0,1
"PCTChangeLT-2,,,,weekBarLowChangeLT0,brokenToday,",-0.35260456412097513,185,82,103
"PCTChangeGT5,,,,vol-sell-DownVol-3dayUp-Week2High,",-1.3310241171548096,3,2,1
"PCTChangeLT-1,,,,checkCupDown-2dayDown-mayReversalBuy,",0.6001326095588508,12,8,4
"PCTChangeLT-2,_HTGT1.5_,,,chisSellFlagWeek-Risky,",5.367068660049579,1,1,0
"PCTChangeGT5,_HTGT3.0__LTGT1.5__HTGTPCTDayChange_,,,chisUpTrend-Risky-nearLow,chisCheckConsolidationBreakoutGT(4.5),(GLOBALFUTUP-UPTRENDMARKET)checkBuyConsolidationBreakUp-week2-highNotReachedWeek3,week2BarHighChangeGT2,##UPTREND:buyYear2LowReversal(Confirm),",-3.2202788944962495,1,0,1
"PCTChangeGT3,,,,checkCupDown-lastDayUp,zigZagVolCrossedFromDown,",3.4187285990179666,1,1,0
"PCTChangeLT-3,,,,checkCupDown-2dayDown-mayReversalBuy,##DOWNTREND:sellYear2HighReversal(InDownTrend),##last2DayLow(LT-3)-M3LGT0,##(Check-chart-buy):month3High-InMinus,ReversalHighMonth3,",-2.8142337500823396,2,0,2
"PCTChangeGT3,,,,checkBuyConsolidationBreakout-allPreLT0,checkBuyConsolidationBreakUp-2week,week2BarHighChangeGT2,weekHighGTweek2High,",-0.7495454317336966,1,0,1
"PCTChangeGT3,_HTGT1.5__HTGTPCTDayChange_,,,%%HLTF:(DOWNTREND-OR-GLOBALDOWN)maySellTail-tailGT2-2,3,4thDayGT0,",1.0744712352494923,7,4,3
"PCTChangeLT-1,_LTGT1.5_,,,weekBarLowChangeLT0,brokenToday,",-0.4503268013885187,13,6,7
"PCTChangeLT-3,,,,volBuyReversalLast2DayDown-VolDown,sellPatternsML,chisDownTrend-Risky-nearHigh,##(Check-chart-buy):month3High-InMinus,ReversalHighMonth3,",-1.8109500685769337,1,0,1
"PCTChangeLT-3,,,,##longDownTrend-2-IndexNotDownLastDay(checkBase),chisDownTrend-Risky-nearHigh,",2.0839560395123087,4,3,1
"PCTChangeLT-2,_HTGT1.5_,,,chisSellFinalCandidate-4,",-2.4999955121208535,1,0,1
"PCTChangeLT-5,_HTGT1.5_,,,volSellContinueLast2DayDown-VolUp,chisDownTrend-Risky-nearHigh,##DOWNTREND:sellYear2HighReversal(InDownTrend),",-1.5277801998077865,1,0,1
"PCTChangeLT-16,year2Low,_LTGT1.5_,,,chisBuyYear2Low,BreakLowYear2,",4.853032808286818,1,1,0
"PCTChangeLT-3,,,,checkCupDown-near2WeekDown-mayReveresalBuy,##last2DayLow(LT-3)-M3LGT0,volBuyRevarsalVolCrossed,",-0.8107508637322928,1,0,1
"PCTChangeLT-3,_LTGT1.5_,,,$$MayBuy-CheckChart-baseLine(inuptrend-monthlow)-PCTDayChangeLT0,##(Check-chart-buy):month3High-InMinus,ReversalHighMonth3,",2.0012740701281335,1,1,0
"PCTChangeLT-5,year2High,_HTGT1.5__LTGT1.5_,,,VOL:sell(GLOBALFUTUP-GLOBALMARKETUP)Buy-UpVol-3dayDown-Week2High,##last3DayLow(LT-3)-M3LGT0,%%:checkBuyRevarsalLast3DayDownAtMonth3High,",-2.2062534261815046,1,0,1
"PCTChangeLT-5,year2Low,_HTGT1.5__LTGT1.5_,,,chisBuyDayLowVolLow-01,",-6.081227156963498,4,0,4
"PCTChangeLT-3,_LTGT1.5_,,,##DOWNTREND:sellYearHighReversal(InDownTrend),$$MayBuy-CheckChart(monthLow-minimumLast4DayDown),##(Check-chart-buy):YearHigh-InMinus,ReversalHighYear,",1.7154375349434643,1,1,0
"PCTChangeGT12,,,,volBuyContinueLast2DayUp-VolUp,",1.7630413270738097,2,1,1
"PCTChangeLT-3,_LTGT3.0_,,,##(Check-chart-buy):YearHigh-InMinus,ReversalHighYear,",1.8313918002816219,1,1,0
"PCTChangeLT-3,,,,%%:checkSell:Super01-monthLow,volumeUpsergedLast2n3n4DayUp,volSellContinueLast2DayDown-VolUp,",-0.02347561115389633,1,0,1
"PCTChangeLT-1,_LTGT1.5_,,,(GLOBALFUTDOWN-DOWNTRENDMARKET)checkSellConsolidationBreakDown-week2-lowNotReachedWeek3,week2BarLowChangeLT0,weekLowLTweek2Low,",0.05834512025221452,12,6,6
"PCTChangeGT3,,,,weekBarHighChangeGT2,brokenToday,buyPatternsML,buyPattern-GT1.5-SMAGT0,(SMA9GT0),",2.6560424966799436,1,1,0
"PCTChangeLT-5,,,,zigZagVolCrossedFromUp,##ML:BuyRisingMA-Risky-0,",0.8723052246454487,1,1,0
"PCTChangeGT2,,,,volSellVolumeUpsergedLast2n3DayDown,chisCheckConsolidationBreakoutLT(4.5),week2BarHighChangeGT2,weekHighGTweek2High,brokenToday,",-1.683731998305717,1,0,1
"PCTChangeLT-3,,,,##MANegative_Downtrend_(LT-4.5),##MA-SMA200LT0SMA100LT0,##DOWNTREND:sellYearLowBreak,##last3DayLow(LT-3)-M3LLT0,",-3.0402812357868587,1,0,1
"PCTChangeLT-1,_LTGT1.5_,,,(Test)(check-chart-2-3MidCapCross)MayBuyCheckChart-Risky,$$MayBuy-CheckChart-baseLine(inuptrend-monthlow)-PCTDayChangeLT0,",-0.16854104031337167,1,0,1
"PCDCGT0PCTChangeLT-1,,,,##MA-SMA200LT0SMA100LT0,",1.4864654934775994,4,3,1
"PCTChangeLT-0.5,_HTGT1.5__LTGT1.5__HTGTPCTDayChange__LTGTPCTDayChange_,,,##MANegative_Downtrend_(LT-1),##MA-SMA200GT0SMA100LT0,",-0.6379609585512716,1,0,1
"PCTChangeLT-1,,,,weekBarLowChangeLT0,$$MayBuy-CheckChart(monthLow-minimumLast4DayDown),##(Check-chart-buy):YearHigh-InMinus,ReversalHighYear,",-1.9571789937507182,1,0,1
"PCTChangeGT1,_LTGT1.5_,,,buyFinal,",-3.342005431720009,1,0,1
"PCTChangeLT-1,_HTGT1.5__HTGTPCTDayChange_,,,chisDownTrend-Risky-nearHigh,##(Check-chart-buy):month3High-InMinus,ReversalHighMonth3,",0.7172665472347548,4,2,2
"PCTChangeGT3,,,,volBuyContinueLast2DayUp-VolUp,weekBarHighChangeGT2,chisSell-2week-breakoutup,",1.3374517413308677,1,1,0
"PCTChangeGT2,_LTGT1.5_,,,VOL:buy(GLOBALFUTDOWN-GLOBALMARKETDOWN)Sell-UpVol-3dayUp-Week2Low,",-1.3836689692767439,2,1,1
"PCTChangeLT-1,,,,volBuyVolumeUpsergedLast2n3DayUp,weekBarLowChangeLT-2,",4.4322709163346605,1,1,0
"PCTChangeGT8,_HTGT3.0_,,,%%HLTF-Last2HighTail:(UPTREND)buy(DOWNTREND)sell:HighUpperTailPre-last2DayUp,##MAPositive_Uptrend(GT4.5),##MA-SMA200LT0SMA100LT0,##last2DayHighGT3-M3HLT0,",-9.614744457966918,1,0,1
"PCDCLT0PCTChangeGT0,,,,volBuyRevarsalVolCrossed,",0.44250856538854877,2,1,1
"PCTChangeGT3,,,,volumeUpsergedLast2n3n4DayDown,checkBuyConsolidationBreakUp-2week,week2BarHighChangeGT2,",-0.6979179382324255,1,0,1
"PCTChangeGT2,,,,chisCheckConsolidationBreakoutLT(4.5),week2BarHighChangeGT0,weekHighGTweek2High,brokenToday,",-1.0279831471066665,3,0,3
"PCTChangeGT3,year2High,,,,week2BarHighChangeGT0,weekHighGTweek2High,brokenToday,",0.3571404351128521,1,1,0
"PCTChangeLT-2,,,,volSellVolumeUpsergedLast2n3DayUp,chisDownTrend-Risky-nearHigh,",-1.6434370357520254,1,0,1
"PCTChangeGT16,year2High,_HTGT3.0__LTGT1.5_,,,%%HLTF-Last2HighTail:(UPTREND)buy(DOWNTREND)sell:HighUpperTailPre-last2DayUp,volBuyContinueLast2DayUp-VolUp,",-4.885458096590907,1,0,1
"PCTChangeLT-2,_LTGT1.5_,,,MayBuyCheckChart-(IndexNotUpInSecondHalf),$$MayBuy-CheckChart(monthLow-minimumLast4DayDown),",1.732725392597689,4,3,0
"PCTChangeGT3,_HTGT1.5__HTGTPCTDayChange_,,,sellEveningStar-0,week2BarHighChangeGT0,weekHighGTweek2High,brokenToday,##RisingMA(check-chart-sell)-MaySellCheckChart,",-2.4271845766568987,1,0,1
"PCTChangeLT-1,,,,chisSell-smallUptrendReversal,##(Test)(check-chart)-buySMAUpTrend,",3.3110347479880895,1,1,0
"PCTChangeLT-3,_HTGT1.5_,,,chisDownTrend-Risky-nearHigh,##(Check-chart-buy):month3High-InMinus,BreakHighMonth3,",-0.16702152639939669,3,2,1
"PCTChangeLT-3,,,,volumeUpsergedLast2n3n4DayUp,VOL:sell(GLOBALFUTUP-GLOBALMARKETUP)Buy-UpVol-3dayDown-Week2High,chisSellDownTrend-nearHigh,##(Check-chart-buy):month3High-InMinus,NearHighMonth3,",-4.14664821379898,1,0,1
"PCTChangeLT-1,,,,weekBarLowChangeLT0,volBuyRevarsalVolCrossed,",1.527698221988679,1,1,0
"PCTChangeLT-3,,,,chisSell-smallUptrendReversal,chisSellFinalCandidate-4,",0.33213814503518274,1,1,0
"PCTChangeLT-3,,,,%%:checkSell:Super0,",-1.7647079942960566,1,0,1
"PCTChangeLT-3,,,,week2BarLowChangeLT0,",-1.075743713485238,3,1,2
"PCTChangeLT-3,_HTGT1.5__LTGT1.5_,,,##(Check-chart-buy):month3High-InMinus,NearHighMonth3,",2.4780558967640163,2,2,0
"PCTChangeLT-3,,,,checkCupDown-2dayDown,##(Check-chart-buy):month3High-InMinus,ReversalHighMonth3,",3.152128527941583,1,1,0
"PCTChangeLT-2,,,,%%:checkSell:Super01-monthLow,volBuyVolumeUpsergedLast2n3DayUp,volSellContinueLast2DayDown-VolUp,",-0.15956712805705275,1,0,1
"PCTChangeLT-1,,,,chisSell:Super03-monthLow,volSellVolumeUpsergedLast2n3DayUp,",2.128704112077488,1,1,0
"PCTChangeLT-3,,,,##longDownTrend-2-IndexNotDownLastDay(checkBase),zigZagVolCrossedFromUp,",2.13971510001109,1,1,0
"PCTChangeLT-1,_HTGT1.5_,,,chisSellDownTrend-nearHigh,##(Check-chart-buy):month3High-InMinus,ReversalHighMonth3,",-0.04504626697009547,1,0,1
"PCTChangeLT-2,,,,volumeUpsergedLast2n3n4DayUp,volSellContinueLast2DayDown-VolUp,##(Check-chart-buy):month3High-InMinus,ReversalHighMonth3,",-0.024006145010479145,1,0,1
"PCTChangeGT1,,,,$$MaySell-CheckChart(downTrend-mayReverseLast4DaysUp)-Risky,shortUpTrendSellReversal-MonthHigh,week2BarHighChangeGT2,",-2.205882352941182,1,0,1
"PCTChangeLT-1,_LTGT1.5_,,,volBuyReversalLast2DayDown-VolUp,$$MayBuy-CheckChart(monthLow-minimumLast4DayDown),",0.057723993539711894,1,1,0
"PCTChangeGT1,year2High,_HTGT1.5__LTGT1.5_,,,%%HLTF-Last2HighTail:(UPTREND)buy(DOWNTREND)sell:HighUpperTailPre-last2DayUp,%%HLTF:maySellTail-tailGT2-7,10thDayGT20,",6.209316261555281,1,1,0
"PCTChangeGT1,year2High,_HTGT1.5_,,,%%HLTF-Last2HighTail:(UPTREND)buy(DOWNTREND)sell:HighUpperTailPre-last2DayUp,%%HLTF:maySellTail-tailGT2-7,10thDayGT20,chisSellEveningStar-2(Check2-3MidCapCross),",-0.3418816460503472,1,0,1
"PCDCLT0PCTChangeGT5,year2High,_HTGT3.0_,,,chisSellLastDayHighUpReversal,",-2.7759020513638006,2,0,2
"PCTChangeLT-0.5,PCDayChange-0.5to0.5,_LTGT1.5_,,,shortDownTrendBuyReversal-Month3Low-Doji-Last2DayLTToday,##MANegative_Downtrend_(LT0),##MA-SMA200GT0SMA100LT0,",-0.6529544213427928,1,0,1
"PCTChangeGT0.5,PCDayChange-0.5to0.5,_HTGT1.5_,,,%%:sellDowntrend-lastDayUp-ReversalHighTail,",-0.32055193766871554,3,1,2
"PCTChangeGT5,_LTGT1.5_,,,##MAPositive_Uptrend(GT2),##MA-SMA200LT0SMA100GT0,##last2DayHighGT3-M3HLT0,",2.473682604337986,1,1,0
"PCTChangeLT-1,_LTGT1.5_,,,volSellContinueLast2DayDown-VolUp,##(Check-chart-buy):month3High-InMinus,ReversalHighMonth3,",3.09278350515463,1,1,0
"PCTChangeGT1,_LTGT1.5_,,,chisBuyUpTrend-nearLow,",0.3883491614419318,6,5,1
"PCTChangeLT-1,PCDayChange-0.5to0.5,_LTGT3.0_,,,##MANegative_Downtrend_(LT0),##MA-SMA200LT0SMA100LT0,buyMorningStar-HighLowerTail-(checkChart),",-1.210527921977796,1,0,1
"PCTChangeGT3,,,,chisSellYear2LowLT-40-last4DayDown(triggerAfter-9:15),##(Check-chart-sell):month3Low-InPlus,ReversalLowMonth3,##UPTREND:buyMonth3LowReversal(Confirm),",-2.11640040773895,1,0,1
"PCTChangeGT5,,,,##MAPositive_Uptrend(GT4.5),##MA-SMA200GT0SMA100GT0,##lastDayHighGT5TodayGT1,",-1.8062996569224363,1,0,1
"PCTChangeLT-2,_LTGT1.5_,,,checkCupDown-3dayDown-mayReversalBuy,##(Check-chart-buy):month3High-InMinus,ReversalHighMonth3,",6.204487177414109,1,1,0
"PCTChangeGT12,_LTGT3.0_,,,chisSellYear2LowLT-40-last3DayDown(triggerAfter-9:15),",-1.2079894138933103,1,0,1
"PCTChangeGT5,year2High,_HTGT1.5__LTGT1.5_,,,volSellReversalLast2DayUp-VolUp,##last2DayHighGT3-M3HGT0,",0.9428551083519325,1,1,0
"PCTChangeGT5,year2Low,_HTGT1.5__LTGT3.0_,,,chisSellYear2LowLT-40-last4DayDown(triggerAfter-9:15),",1.8488708956203797,1,1,0
"PCTChangeGT3,_HTGT1.5__LTGT3.0_,,,%%:checkSell:FlagWeek-doji,",-1.4207683625768444,1,0,1
"PCTChangeGT3,year2High,,,,weekBarHighChangeGT2,brokenToday,",-0.20175194657540033,72,31,41
"PCTChangeGT16,_HTGT1.5__LTGT1.5_,,,##MAPositive_Uptrend(GT4.5),##MA-SMA200GT0SMA100GT0,",-0.032322593887664806,1,0,1
"PCTChangeGT0,_HTGT1.5__LTGT1.5_,,,chisUpTrend-Risky-nearLow,",6.235998794459312,1,1,0
"PCTChangeLT-5,,,,chisDownTrend-Risky-nearHigh,##DOWNTREND:sellMonth3HighReversal(InDownTrend),##last2DayLow(LT-3)-M3LGT0,",-1.5617588402903388,2,1,1
"PCTChangeGT2,,,,chisUpTrend-Risky-nearLow,week2BarHighChangeGT2,weekHighGTweek2High,##UPTREND:buyMonth3LowReversal(Confirm),",-0.6677111605821034,1,0,1
"PCTChangeGT1,year2High,_HTGT1.5__LTGT3.0__HTGTPCTDayChange__LTGTPCTDayChange_,,,%%HLTF:(SGXNIFTYUP)buyHighLowerTail-Continue,%%:sellUpTrend-month3High,",1.4680838077626368,1,1,0
"PCTChangeGT5,_LTGT3.0_,,,##MANegative_Downtrend_(GT4.5),##MA-SMA200GT0SMA100GT0,",-10.008435921994206,1,0,1
"PCTChangeLT-5,_HTGT1.5__LTGT1.5_,,,volSellContinueLast2DayDown-VolUp,chisDownTrend-Risky-nearHigh,",-6.306048371442989,1,0,1
"PCTChangeGT0.5,PCDayChange-0.5to0.5,_HTGT1.5_,,,chisSellSMA4Reversal,",-0.3518234893014155,1,0,1
"PCTChangeGT3,_HTGT3.0__HTGTPCTDayChange_,,,%%HLTF:maySellTail-tailGT2-7,10thDayGT20,%%HLTF:(UPTREND-GLOBAL/SGX-UP)BuyHighUpperTail-Reversal-7,10thDayGT15-LastDayMarketDown,##RisingMA(check-chart-sell)-MaySellCheckChart,##MAPositive_Uptrend(GT1),##MA-SMA200LT0SMA100LT0,",-0.2879929030802026,1,0,1
"PCTChangeGT2,_LTGT1.5_,,,##(Check-chart-sell):month3Low-InPlus,BreakLowMonth3,",1.8276519942797544,2,2,0
"PCTChangeLT-1,_LTGT1.5_,,,weekBarLowChangeLT0,brokenToday,chisDownTrend-Risky-nearHigh,",-2.072683686156633,3,1,2
"PCTDayChangeLT0,_HTGT1.5__HTGTPCTDayChange__LTGTPCTDayChange_,,,chisDownTrend-Risky-nearHigh,",-0.45454237196181174,1,0,1
"PCTChangeGT5,year2High,_HTGT3.0_,,,VOL:buyBelowTail-SellAtClose:upVol3dayUpWeek2High-highUpperTail,",-2.6275323402828645,4,0,4
"PCTChangeGT5,_HTGT1.5__LTGT1.5__HTGTPCTDayChange_,,,weekBarHighChangeGT2,brokenToday,",-2.596150911771342,1,0,1
"PCTChangeGT5,,,,chisUpTrend-Risky-nearLow,(GLOBALFUTUP-UPTRENDMARKET)checkBuyConsolidationBreakUp-week2-highNotReachedWeek3,week2BarHighChangeGT2,weekHighGTweek2High,chis-breakoutup-2week,##UPTREND:buyYearLowReversal(Confirm),",-3.3020885440870424,1,0,1
"PCTDayChangeLT0,PCDayChange-0.5to0.5,_LTGT1.5_,,,%%HLTF:(SGXNIFTYUP)buyHighLowerTail-Continue,buyYearHigh-0,",-0.5025154158794272,1,0,1
"PCTChangeGT5,_HTGT3.0_,,,%%HLTF-Last2HighTail:(UPTREND)buy(DOWNTREND)sell:HighUpperTailPre-last2DayUp,volBuyContinueLast2DayUp-VolUp,##MAPositive_Uptrend(GT4.5),##MA-SMA200GT0SMA100GT0,",-1.0357769882721684,2,1,1
"PCTChangeGT1,year2High,_HTGT1.5__HTGTPCTDayChange_,,,MaySellCheckChart-(IndexNotDownInSecondHalf),%%:sellUpTrend-month3High,",-2.6577319884087247,2,0,2
"PCTChangeLT-0.5,PCDayChange-0.5to0.5,_HTGT1.5__LTGT1.5_,,,##MANegative_Downtrend_(LT0),##MA-SMA200LT0SMA100LT0,",1.8254181547062063,1,1,0
"PCTChangeGT1,_LTGT1.5_,,,##MA-SMA200GT0SMA100LT0,",8.655010283213153,1,1,0
"PCTChangeGT3,_LTGT1.5_,,,chisBuyUpTrend-1-YearHigh,volSellVolumeUpsergedLast2n3DayDown,weekBarHighChangeGT0,brokenToday,",0.38010188250045873,1,1,0
"PCTChangeLT-2,_HTGT1.5_,,,%%:checkSell:Flag2Week,",-2.524369049568008,2,1,1
"PCTChangeLT-2,year2High,,,,zigZagVolCrossedFromUp,",-0.688578781095821,9,3,6
"PCTChangeGT2,,,,chisUpTrend-Risky-nearLow,##UPTREND:buyMonth6LowReversal(Confirm),",1.2071517881487221,9,6,3
"PCTChangeGT5,year2High,_HTGT1.5_,,,chisCheckConsolidationBreakoutLT(4.5),",-1.484375000000004,1,0,1
"PCTChangeLT-1,_HTGT3.0__LTGT1.5__HTGTPCTDayChange_,,,chisSell-smallUptrendReversal,%%HLTF:maySellTail-tailGT2-allDayGT0,",-0.1287014345356025,1,0,1
"PCTChangeGT5,_HTGT1.5__LTGT1.5_,,,chisSellDayHighVolLow-01-checkMorningTrend(.5SL),volSellReversalLast2DayUp-VolDown,",0.5689634125808105,1,1,0
"PCTChangeLT-1,_HTGT1.5__LTGT3.0__LTGTPCTDayChange_,,,volSellContinueLast2DayDown-VolUp,##(Check-chart-buy):month3High-InMinus,ReversalHighMonth3,",-4.571591275025874,1,0,1
"PCTChangeGT1,_LTGT3.0_,,,(GLOBALFUTUP-UPTRENDMARKET)checkBuyConsolidationBreakUp-week2-highNotReachedWeek3,week2BarHighChangeGT0,brokenToday,",-4.260195964876409,1,0,1
"PCTDayChangeLT0,_HTGT1.5__LTGT3.0_,,,%%HLTF:(GLOBAL-DOWN)sellHighLowerTail-Reversal-LastDayMarketUp,",1.049473968845404,1,1,0
"PCTChangeGT8,year2High,_HTGT1.5_,,,volumeUpsergedLast2n3n4DayDown,volBuyContinueLast2DayUp-VolUp,",-3.7699082044393606,4,0,4
"PCTChangeGT3,,,,shortUpTrendSellReversal-MonthHigh,vol-sell-DownVol-3dayUp-Week2High,",-0.023096097809600546,1,0,1
"PCTChangeGT5,_LTGT3.0_,,,chisSelldowntrendReversalMayFail,%%HLTF-Risky:(GLOBAL-DOWN)sellHighLowerTail-Reversal-LastDayMarketUp,",0.6767268924350119,1,1,0
"PCTChangeLT-2,_LTGT1.5_,,,weekBarLowChangeLT0,brokenToday,",-0.26408026489365044,19,8,11
"PCTChangeGT0.5,PCDayChange-0.5to0.5,_HTGT1.5__LTGT1.5_,,,chisSellDowningMA-(check5MinuteDownTrendAndSellDowntrend)-Already10DayDown,",5.868867491976144,1,1,0
"PCTChangeLT-3,,,,volBuyVolumeUpsergedLast2n3DayUp,chisDownTrend-Risky-nearHigh,",1.9588638069171511,1,1,0
"PCTChangeLT-0.5,_HTGT3.0__LTGT3.0__HTGTPCTDayChange__LTGTPCTDayChange_,,,##MA-SMA200LT0SMA100LT0,",-2.045452233516815,1,0,1
"PCTChangeGT0.5,,,,chisSellSuper-Risky,-+,",0.15309843019924324,2,1,1
"PCTChangeLT-2,_HTGT1.5__LTGT1.5__HTGTPCTDayChange__LTGTPCTDayChange_,,,(GLOBALFUTDOWN-DOWNTRENDMARKET)checkSellConsolidationBreakDown-week2-lowNotReachedWeek3,week2BarLowChangeLT-2,weekLowLTweek2Low,",0.17757018462127488,1,1,0
"PCDCLT0PCTChangeGT0,PCDayChange-0.5to0.5,_LTGT3.0_,,,%%HLTF:(GLOBAL-DOWN)sellHighLowerTail-Reversal-LastDayMarketUp,buyYearHigh-0,",-0.533243963157597,1,0,1
"PCTChangeLT-3,,,,(SMA9LT0),##last3DayLow(LT-3)-M3LGT0,",0.7777743869357686,1,1,0
"PCTChangeLT-2,_LTGT1.5_,,,weekBarLowChangeLT-2,##DOWNTREND:sellMonth6HighReversal(InDownTrend),##(Check-chart-buy):month3High-InMinus,ReversalHighMonth3,",-0.48245881733141444,1,0,1
"PCTChangeGT1,,,,$$(DOWNTREND-OR-GLOBALDOWN)MaySellContinue-CheckChart(inuptrend-monthlow)-PCTDayChangeGT2,",-0.14539513957291994,4,1,3
"PCTChangeLT-1,_HTGT1.5__LTGT1.5_,,,volSellContinueLast2DayDown-VolUp,",0.18518518518518606,1,1,0
"PCTChangeGT0,_LTGT3.0_,,,chisSellDowningMA-(check5MinuteDownTrendAndSellDowntrend)-Already10DayDown,",0.675813387071845,6,3,3
"PCTChangeGT1,_HTGT1.5__LTGT1.5_,,,##MA-SMA200LT0SMA100LT0,",6.050120788428552,1,1,0
"PCTChangeLT-3,_HTGT3.0__HTGTPCTDayChange__LTGTPCTDayChange_,,,%%HLTF-Last2HighTail:(DOWNTREND)sellHighUpperTailPre,",1.2258232354745662,1,1,0
"PCTChangeLT-3,,,,##MANegative_Downtrend_(LT-2),##MA-SMA200LT0SMA100LT0,##last2DayLow(LT-3)-M3LLT0,",0.26304736782427063,13,8,5
"PCTChangeLT-3,,,,sellPatternsML,##MANegative_Downtrend_(LT-4.5),##MA-SMA200LT0SMA100LT0,##last2DayLow(LT-3)-M3LGT0,",-4.262897959470136,1,0,1
"PCTChangeGT3,_HTGT3.0__LTGT1.5_,,,volSellReversalLast2DayUp-VolDown,",5.930303698786407,1,1,0
"PCTChangeGT3,,,,volSellVolumeUpsergedLast2n3DayDown,weekBarHighChangeGT2,brokenToday,##MAPositive_Uptrend(GT2),##MA-SMA200GT0SMA100GT0,",0.4631102365826255,1,1,0
"PCTChangeGT0.5,PCDayChange-0.5to0.5,,,,%%:checkSell:CupDownDoji,",-0.2401540388580613,8,3,5
"PCTChangeLT-2,,,,chisSellFlag2Week-Risky,checkCupDown-inDownTrend,bar_low,##longDownTrend-2-IndexNotDownLastDay(checkBase),",1.9841269841269913,1,1,0
"PCTChangeLT-8,_LTGT3.0_,,,chisDownTrend-Risky-nearHigh,##MANegative_Downtrend_(LT-4.5),##MA-SMA200GT0SMA100LT0,",-4.525173151934595,2,0,2
"PCTChangeLT-2,_LTGT1.5_,,,(GLOBALFUTDOWN-DOWNTRENDMARKET)checkSellConsolidationBreakDown-week2-lowNotReachedWeek3,week2BarLowChangeLT-2,weekLowLTweek2Low,##DOWNTREND:sellYear2HighReversal(InDownTrend),##(Check-chart-buy):month3High-InMinus,ReversalHighMonth3,",2.080464546295311,1,1,0
"PCDCLT0PCTChangeGT0,_HTGT1.5_,,,%%HLTF-Last2HighTail:(DOWNTREND)sellHighUpperTailPre,",-0.831317512497495,6,2,4
"PCTChangeLT-2,,,,chisSellFinalCandidate-4,##sellTenDaysMoreThanTen,",2.7878491205240734,1,1,0
"PCTChangeLT-3,,,,checkCupDown-inDownTrend-month3HighLTmonth3Low,bar_low,zigZagVolCrossedFromUp,##(Check-chart-buy):month3High-InMinus,BreakHighMonth3,",0.25830310854325733,1,1,0
"PCDCGT0PCTChangeLT-1,PCDayChange-0.5to0.5,year2Low,_HTGT1.5__LTGT1.5_,,,%%HLTF-Last2LowTail:(DOWNTREND)sellHighLowerTailPre-1,",2.623382341530715,1,1,0
"PCTChangeLT-2,year2High,,,,volumeUpsergedLast2n3n4DayUp,VOL:sell(GLOBALFUTUP-GLOBALMARKETUP)Buy-UpVol-3dayDown-Week2High,",-0.6293873248289966,1,0,1
"PCTChangeLT-0.5,PCDayChange-0.5to0.5,_LTGT3.0_,,,%%HLTF:(GLOBAL-DOWN)sellHighLowerTail-Reversal-LastDayMarketUp,chisBuyYearHigh-3,",-1.4600187899100514,1,0,1
"PCTChangeLT-3,_LTGT1.5_,,,chisSellDayLowVolLow-0,",0.5107510474420313,1,1,0
"PCTChangeLT-1,PCDayChange-0.5to0.5,_LTGT3.0_,,,%%HLTF:(GLOBAL-UP)buyHighLowerTail-StockInUptrend,",1.6020792940680917,2,2,0
"PCTChangeLT-1,_HTGT1.5_,,,%%:checkSell:Flag2Week,",0.5128192086505063,1,1,0
"PCTChangeLT-8,year2High,_LTGT3.0_,,,(GLOBAL-DOWN)maySellContinueHighVolatileLastDayDOWN-month3LowGT0-(LT-8),",3.8405819215636323,1,1,0
"PCTChangeLT-0.5,,,,checkSellConsolidationBreakDown-2week,week2BarLowChangeLT0,",-0.36969549005681457,1,0,1
"PCTChangeLT-1,_HTGT3.0__LTGT3.0__HTGTPCTDayChange_,,,##MA-SMA200LT0SMA100LT0,",-0.9785917203447323,1,0,1
"PCTChangeGT2,,,,##(Check-chart-sell):month3Low-InPlus,ReversalLowMonth3,chisUpTrend-Risky-nearLow,##UPTREND:buyMonth3LowReversal(Confirm),",-0.44619277754692216,18,9,9
"PCDCLT0PCTChangeGT1,PCDayChange-0.5to0.5,_HTGT1.5__LTGT1.5_,,,%%:checkSell:CupDownDoji-lastDayLT(-2)TodayDoji,",0.36519336893426163,1,1,0
"PCTChangeLT-2,_HTGT1.5__HTGTPCTDayChange_,,,checkCupDown-2dayDown-mayReversalBuy,chisDownTrend-Risky-nearHigh,##DOWNTREND:sellMonth6HighReversal(InDownTrend),##(Check-chart-buy):month3High-InMinus,ReversalHighMonth3,",-0.10393648211302592,1,0,1
"PCTChangeGT2,,,,chisBuyYearHigh-3,",0.09932298911726622,92,43,47
"PCTChangeGT2,,,,chisUpTrend-Risky-nearLow,weekBarHighChangeGT0,brokenToday,chis-breakoutup-2week,##UPTREND:buyYearLowReversal(Confirm),",-2.3849027810711343,1,0,1
"PCDCLT0PCTChangeGT1,_LTGT3.0_,,,%%HLTF-Last2DayMarketUp:(GLOBAL-DOWN)sellHighLowerTail-Reversal-LastDayMarketUp,",0.002255668964356339,5,2,3
"PCDCLT0PCTChangeGT1,_HTGT3.0_,,,##MA-SMA200LT0SMA100LT0,",14.590909883573456,1,1,0
"PCTChangeGT5,,,,chisCheckConsolidationBreakout2WeekLT(4.5),(GLOBALFUTUP-UPTRENDMARKET)checkBuyConsolidationBreakUp-month,weekBarHighChangeGT2,brokenToday,##MAPositive_Uptrend(GT2),##MA-SMA200GT0SMA100GT0,",-0.906408785590649,1,0,1
"PCTDayChangeLT0,PCDayChange-0.5to0.5,_HTGT1.5_,,,%%:checkBuyContinue:CupDownDoji-last2dayUp,",1.9261331073027121,2,2,0
"PCTChangeLT-0.5,_LTGT1.5_,,,##MANegative_Downtrend_(LT-1),##MA-SMA200LT0SMA100GT0,",-2.6856140080774518,1,0,1
"PCTChangeGT1,,,,$$MaySell-CheckChart(downTrend-mayReverseLast4DaysUp),##MAPositive_Uptrend(GT1),##MA-SMA200GT0SMA100GT0,",1.5793551645298356,1,1,0
"PCTChangeGT2,_LTGT3.0_,,,%%HLTF:(SGXNIFTYUP)buyHighLowerTail-Continue,##MAPositive_Uptrend(GT1),##MA-SMA200LT0SMA100LT0,",2.4516723745418387,1,1,0
"PCTChangeGT3,year2High,,,,chisCheckConsolidationBreakoutLT(4.5),weekBarHighChangeGT2,brokenToday,",0.8943089430894298,2,1,0
"PCTChangeLT-5,,,,volBuyReversalLast2DayDown-VolDown,chisSellDayLowVolLow-0,",-0.774022745387282,3,1,2
"PCTChangeLT-2,,,,checkCupDown-2dayDown,chisDownTrend-Risky-nearHigh,",-0.19858851566531965,4,2,2
"PCTChangeGT2,year2High,,,,shortUpTrendSellReversal-MonthHigh,weekBarHighChangeGT0,brokenToday,",0.06330617981557493,4,2,2
"PCTChangeLT-2,_HTGT1.5_,,,vol-buy-DownVol-3dayDown-Week2Low,##MANegative_Downtrend_(LT-2),##MA-SMA200LT0SMA100LT0,",-1.5309766317970175,3,2,1
"PCTChangeLT-1,_HTGT1.5_,,,volSellContinueLast2DayDown-VolUp,weekBarLowChangeLT0,##(Check-chart-buy):YearHigh-InMinus,ReversalHighYear,",0.8850999131190442,1,1,0
"PCTChangeLT-8,,,,volumeUpsergedLast2n3n4DayUp,##MANegative_Downtrend_(LT-4.5),##MA-SMA200LT0SMA100LT0,##last2DayLow(LT-3)-M3LLT0,",0.8928571428571422,1,1,0
"PCTChangeLT-2,,,,%%:sellDowntrend-lastDayDown-ReversalHighTail,",-1.446729070351299,1,0,1
"PCDCLT0PCTChangeGT1,PCDayChange-0.5to0.5,year2High,_LTGT3.0_,,,%%HLTF-Last2DayMarketUp:(GLOBAL-DOWN)sellHighLowerTail-Reversal-LastDayMarketUp,",-2.577211097660398,1,0,1
"PCTChangeGT0.5,,,,chisSellFlag2Week-doji-Risky,buyYearHigh-0,",4.0403501339086905,1,1,0
"PCTChangeLT-3,year2Low,_HTGT1.5__HTGTPCTDayChange_,,,%%:buyDownTrend-month3Low,",1.0862501658243215,2,1,1
"PCTChangeLT-5,year2Low,,,,volSellContinueLast2DayDown-VolUp,",1.0213174674008312,4,3,1
"PCTChangeLT-1,,,,checkCupDown-3dayDown-mayReversalBuy,##(Check-chart-buy):YearHigh-InMinus,ReversalHighYear,",0.25571886752685435,2,1,1
"PCTChangeGT12,_HTGT3.0__LTGT3.0__HTGTPCTDayChange__LTGTPCTDayChange_,,,##MANegative_Downtrend_(GT2),##MA-SMA200GT0SMA100LT0,",-7.150539275138613,1,0,1
"PCTChangeLT-1,_LTGT1.5_,,,(Test)MayBuyCheckChart-last3DayDown,MayBuyCheckChart-(IndexNotUpInSecondHalf),$$MayBuy-CheckChart(monthLow-minimumLast4DayDown),$$MayBuy-CheckChart(downTrend-mayReverseLast4DaysDown)-Risky,",-1.0961473204567018,6,2,4
"PCTChangeGT2,_HTGT1.5__LTGT1.5_,,,volumeUpsergedLast2n3n4DayDown,",0.8758383246877941,1,1,0
"PCTDayChangeLT0,_HTGT1.5_,,,%%:checkSell:CupDownDoji-last2lastDayLT0orTodayGT0,%%HLTF-Last2HighTail:(DOWNTREND)sellHighUpperTailPre,",-0.8771886667927532,1,0,1
"PCTChangeGT3,year2High,_HTGT1.5_,,,%%HLTF-Last2HighTail:(UPTREND)buy(DOWNTREND)sell:HighUpperTailPre-last2DayUp,##lastDayHighGT5TodayGT1,",3.071118944394362,1,1,0
"PCTDayChangeLT0,_HTGT1.5__HTGTPCTDayChange_,,,##MAPositive_Uptrend(LT-1),##MA-SMA200GT0SMA100GT0,",-1.6004896378778026,2,0,2
"PCTDayChangeLT0,PCDayChange-0.5to0.5,,,,chisSell:Super03-monthLow,##(Test)(check-chart)-buySMAUpTrend,",0.7186858316221925,1,1,0
"PCDCLT0PCTChangeGT0,PCDayChange-0.5to0.5,_HTGT1.5_,,,%%HLTF-Last2HighTail:(DOWNTREND)sell(UPTREND)buy:HighUpperTailPre,%%HLTF:maySellTail-tailGT2-7,10thDayGT0,",8.072654009262285,1,1,0
"PCTChangeGT1,,,,(SMA9GT0),",1.5749103078771223,23,20,3
"PCTChangeGT2,_HTGT1.5__LTGT3.0__LTGTPCTDayChange_,,,%%HLTF:(SGXNIFTYUP)buyHighLowerTail-Continue,weekBarHighChangeGT2,##MAPositive_Uptrend(GT1),##MA-SMA200GT0SMA100GT0,",11.031857637459158,1,1,0
"PCTChangeLT-1,,,,(GLOBALFUTDOWN-DOWNTRENDMARKET)checkSellConsolidationBreakDown-week2-lowNotReachedWeek3,week2BarLowChangeLT0,chisDownTrend-Risky-nearHigh,##(Check-chart-buy):month3High-InMinus,ReversalHighMonth3,",0.19275860514387738,17,7,10
"PCTChangeGT8,_HTGT3.0__LTGT3.0__HTGTPCTDayChange__LTGTPCTDayChange_,,,chisBuyUpTrend-nearLow,",-1.8045351991512704,1,0,1
"PCTChangeGT2,_LTGT3.0_,,,volumeUpsergedLast2n3n4DayDown,volBuyContinueLast2DayUp-VolUp,##buyTenDaysLessThanMinusTen,",-1.7108373026146977,1,0,1
"PCTChangeLT-1,PCDayChange-0.5to0.5,_LTGT3.0_,,,shortDownTrendSellContinue-Doji-Last2DayLTToday,",1.0346336172719526,2,1,1
"PCDCLT0PCTChangeGT0,PCDayChange-0.5to0.5,_HTGT1.5_,,,chisBuyYearHigh-3,",-0.015516892379749833,23,13,10
"PCTDayChangeLT0,_HTGT3.0__LTGT1.5_,,,%%HLTF:maySellTail-tailGT2-allDayGT0,",4.0011345142617385,2,2,0
"PCDCLT0PCTChangeGT8,year2High,,,,chisSellLastDayHighUpReversal,",2.6853447886926975,1,1,0
"PCTChangeGT5,,,,chisUpTrend-Risky-nearLow,(GLOBALFUTUP-UPTRENDMARKET)checkBuyConsolidationBreakUp-week2-highNotReachedWeek3,week2BarHighChangeGT2,weekHighGTweek2High,brokenToday,chis-breakoutup-2week,chisSell-2week-breakoutup,##UPTREND:buyYearLowReversal(Confirm),",7.333945420973302,1,1,0
"PCTChangeGT2,year2High,_HTGT3.0__HTGTPCTDayChange_,,,%%HLTF:(DOWNTREND-OR-GLOBALDOWN)maySellTail-tailGT2-2,3,4thDayGT0,volumeUpsergedLast2n3n4DayDown,volBuyContinueLast2DayUp-VolUp,chisCheckConsolidationBreakoutLT(4.5),week2BarHighChangeGT0,brokenToday,",-0.09352698143999162,1,0,1
"PCTChangeLT-8,,,,maySellAfter10:30HighVolatileDownContinueLT-8-Risky,volSellContinueLast2DayDown-VolUp,",-6.8748471201945955,1,0,1
"PCTChangeGT3,year2Low,_HTGT3.0_,,,##MAPositive_Uptrend(GT4.5),##MA-SMA200LT0SMA100LT0,",-0.968748728434236,1,0,1
"PCTChangeGT3,_HTGT1.5_,,,%%HLTF:(DOWNTREND-OR-GLOBALDOWN)maySellTail-tailGT2-2,3,4thDayGT0,volSellVolumeUpsergedLast2n3DayDown,chisCheckConsolidationBreakoutLT(4.5),",2.0073016994806863,1,1,0
"PCTChangeGT2,_HTGT1.5__HTGTPCTDayChange_,,,##MANegative_Downtrend_(GT1),##MA-SMA200LT0SMA100LT0,",0.4335371489734155,3,2,1
"PCTDayChangeLT0,_HTGT1.5__LTGT1.5_,,,chisSell-smallUptrendReversal,",-3.3156498002747994,1,0,1
"PCTChangeLT-3,,,,VOL:buy-UpVol-3dayDown-Week2Low,##DOWNTREND:sellYearLowBreak,",-0.16093766244185603,1,0,1
"PCTChangeLT-3,_LTGT3.0_,,,chisDownTrend-Risky-nearHigh,##last2DayLow(LT-3)-M3LGT0,chisSellDayLowVolLow-01,",-3.6709374078545807,1,0,1
"PCTChangeGT5,,,,(GLOBALFUTUP-UPTRENDMARKET)checkBuyConsolidationBreakUp-week2-highNotReachedWeek3,week2BarHighChangeGT5,##last2DayHighGT3-M3HLT0,",-1.3713262259803916,1,0,1
"PCTChangeLT-0.5,,,,chisBuyYear2Low,NearLowYear2,",10.403916509586018,1,1,0
"PCTChangeGT2,,,,shortUpTrendSellReversal-MonthHigh,VOL:sell-UpVol-3dayUp-Week2High,weekBarHighChangeGT2,",0.4227800810729207,1,1,0
"PCTChangeLT-2,,,,volSellContinueLast2DayDown-VolUp,weekBarLowChangeLT-2,##(Check-chart-buy):YearHigh-InMinus,ReversalHighYear,",0.38864282613239903,2,2,0
"PCTChangeLT-3,,,,weekBarLowChangeLT0,brokenToday,##(Check-chart-buy):month6High-InMinus,ReversalHighMonth6,",0.349395629392569,1,1,0
"PCTChangeLT-2,,,,(GLOBALFUTDOWN-DOWNTRENDMARKET)checkSellConsolidationBreakDown-week2-lowNotReachedWeek3,week2BarLowChangeLT-2,##DOWNTREND:sellMonth3HighReversal(InDownTrend),##(Check-chart-buy):month3High-InMinus,ReversalHighMonth3,",0.24124054890335608,3,2,1
"PCTChangeLT-3,_LTGT1.5_,,,(GLOBALFUTDOWN-DOWNTRENDMARKET)checkSellConsolidationBreakDown-week2-lowNotReachedWeek3,week2BarLowChangeLT-2,weekLowLTweek2Low,##last3DayLow(LT-3)-M3LGT0,",-1.5462497781644307,1,0,1
"PCTChangeGT5,_LTGT3.0_,,,%%HLTF-Risky:(GLOBAL-DOWN)sellHighLowerTail-Reversal-LastDayMarketUp,volumeUpsergedLast2n3n4DayDown,##MAPositive_Uptrend(GT2),##MA-SMA200GT0SMA100GT0,",2.8755351709193926,1,1,0
"PCTChangeLT-1,_HTGT1.5__LTGT3.0__LTGTPCTDayChange_,,,%%HLTF:(GLOBAL-DOWN)sellHighLowerTail-Reversal-LastDayMarketUp,",-1.5191075999116979,1,0,1
"PCTChangeGT1,_LTGT1.5_,,,zigZagVolCrossedFromDown,",-0.6239746772113437,8,3,5
"PCTChangeLT-2,,,,volBuyReversalLast2DayDown-VolDown,weekBarLowChangeLT0,brokenToday,##ML:buyRisingMA-down-Risky,",1.8015313676365428,1,1,0
"PCTChangeGT3,_HTGT1.5__HTGTPCTDayChange_,,,chisSellFinalContinue-(lastDayDown)-1,",1.0762926361734453,2,2,0
"PCTChangeGT3,_LTGT1.5_,,,VOL:sell-DownVol-3dayUp-Week2Low,",-2.648135690494428,4,1,3
"PCTChangeGT1,_HTGT1.5__LTGT1.5__LTGTPCTDayChange_,,,##MANegative_Downtrend_(GT2),##MA-SMA200LT0SMA100LT0,",5.452631900185028,1,1,0
"PCTChangeLT-12,_LTGT1.5_,,,##last2DayLow(LT-3)-M3LLT0,",0.5921012476870888,1,1,0
"PCTChangeLT-3,_LTGT1.5_,,,volBuyVolumeUpsergedLast2n3DayUp,",-0.20542803367444334,2,1,1
"PCTChangeGT3,,,,##(Check-chart-sell):month3Low-InPlus,ReversalLowMonth3,chis-breakoutup-2week,chisBuy-2week-breakoutup,##UPTREND:buyMonth6LowReversal(Confirm),",0.24444580078125436,1,1,0
"PCTChangeGT5,_HTGT3.0_,,,##MANegative_Downtrend_(GT4.5),##MA-SMA200LT0SMA100LT0,",-6.154693693835533,2,0,2
"PCTChangeLT-5,,,,##MANegative_Downtrend_(LT-4.5),##MA-SMA200GT0SMA100GT0,",1.2905818047134265,9,8,1
"PCTChangeGT3,,,,chisUpTrend-Risky-nearLow,",0.0031354391935564606,80,38,40
"PCTChangeGT1,,,,chisUpTrend-Risky-nearLow,weekBarHighChangeGT0,brokenToday,",1.6809099420183282,1,1,0
"PCTChangeGT3,_HTGT1.5_,,,volBuyContinueLast2DayUp-VolUp,(GLOBALFUTUP-UPTRENDMARKET)checkBuyConsolidationBreakUp-week2-highNotReachedWeek3,week2BarHighChangeGT2,brokenToday,",-6.642363022236553,1,0,1
"PCTChangeLT-3,_LTGT1.5_,,,VOL:buy-UpVol-3dayDown-Week2Low,(GLOBALFUTDOWN-DOWNTRENDMARKET)checkSellConsolidationBreakDown-week2-lowNotReachedWeek3,week2BarLowChangeLT-5,##MANegative_Downtrend_(LT-4.5),##MA-SMA200LT0SMA100LT0,",-2.421155075615173,1,0,1
"PCTChangeLT-2,_HTGT1.5_,,,chisSellDownTrend-nearHigh,##sellRisingMA,",4.392161649816171,1,1,0
"PCTChangeLT-3,_HTGT3.0__HTGTPCTDayChange_,,,vol-buy-DownVol-3dayDown-Week2Low,##MANegative_Downtrend_(LT-2),##MA-SMA200LT0SMA100LT0,",-1.729179878019118,2,1,1
"PCTChangeGT5,,,,chisCheckConsolidationBreakout2WeekGT(4.5),weekBarHighChangeGT5,",-0.1564517587063382,2,1,1
"PCTChangeGT2,_HTGT3.0__HTGTPCTDayChange_,,,zigZagVolCrossedFromDown,",-5.814817268130385,2,0,2
"PCTChangeGT2,year2High,_HTGT1.5_,,,volSellVolumeUpsergedLast2n3DayDown,volBuyContinueLast2DayUp-VolUp,",1.4620826502357516,2,2,0
"PCTChangeLT-5,,,,volSellContinueLast2DayDown-VolUp,weekBarLowChangeLT-5,brokenToday,",-0.578034682080919,1,0,1
"PCTChangeGT0,PCDayChange-0.5to0.5,year2High,_LTGT3.0_,,,%%HLTF:(SGXNIFTYUP)buyHighLowerTail-Continue,",-0.3479208728281339,4,2,2
"PCTChangeGT2,,,,(Test)sellHeavyUpTrend-Reversal-1,",0.0998628191648131,2,1,1
"PCTChangeGT5,,,,chisCheckConsolidationBreakoutLT(4.5),weekBarHighChangeGT2,brokenToday,##UPTREND:buyYear2LowReversal(Confirm),",4.694962387163079,1,1,0
"PCTChangeLT-2,year2High,,,,chisSellUpTrend-highTail,",-1.5548701533563787,5,0,5
"PCTChangeLT-3,,,,volSellContinueLast2DayDown-VolUp,##sellTenDaysMoreThanTen,",-0.8666687011718635,1,0,1
"PCTChangeGT3,year2High,_HTGT1.5_,,,%%HLTF-Last2HighTail:(UPTREND)buy(DOWNTREND)sell:HighUpperTailPre-last2DayUp,weekBarHighChangeGT2,brokenToday,",-3.7297740026402857,1,0,1
"PCTChangeLT-3,,,,volSellVolumeUpsergedLast2n3DayUp,##(Check-chart-buy):month3High-InMinus,ReversalHighMonth3,",0.3485137654906971,2,1,1
"PCTChangeLT-12,_LTGT3.0_,,,%%:checkSell:FlagWeek,chisSell-smallUptrendReversal,",2.7449493645509375,1,1,0
"PCDCGT0PCTDayChangeLT0,PCDayChange-0.5to0.5,_HTGT1.5_,,,##MANegative_Downtrend_(GT0),##MA-SMA200LT0SMA100LT0,",2.3865751131694437,1,1,0
"PCTChangeGT2,,,,chisUpTrend-Risky-nearLow,chisCheckConsolidationBreakoutLT(4.5),chisSell-2week-breakoutup,",1.4555235350624245,1,1,0
"PCTChangeLT-3,,,,chisSellFlag2Week-Risky,##longDownTrend-0-IndexNotDownLastDay(checkBase),",0.15231138785668683,1,1,0
"PCTChangeLT-1,_LTGT1.5_,,,chisSell:Super03-monthLow,(Test)(check-chart-2-3MidCapCross)MayBuyCheckChart-Risky,",-0.8456550840996531,2,0,2
"PCTChangeLT-1,_HTGT1.5__HTGTPCTDayChange_,,,(GLOBALFUTDOWN-DOWNTRENDMARKET)checkSellConsolidationBreakDown-week2-lowNotReachedWeek3,week2BarLowChangeLT0,weekLowLTweek2Low,",-0.6081452372883147,6,2,4
"PCTChangeGT2,_HTGT3.0_,,,weekBarHighChangeGT2,",2.1716322742317185,1,1,0
"PCTChangeGT1,_HTGT1.5_,,,##RisingMA(check-chart-sell)-MaySellCheckChart,",1.3654625780323426,4,4,0
"PCTChangeLT-1,,,,(GLOBALFUTDOWN-DOWNTRENDMARKET)checkSellConsolidationBreakDown-week2-lowNotReachedWeek3,week2BarLowChangeLT-2,weekLowLTweek2Low,chisDownTrend-Risky-nearHigh,##(Check-chart-buy):YearHigh-InMinus,ReversalHighYear,",2.946504237176711,1,1,0
"PCDCLT0PCTChangeGT0,_HTGT1.5__HTGTPCTDayChange_,,,##MA-SMA200GT0SMA100LT0,",4.500002179827009,1,1,0
"PCTChangeGT5,year2High,_LTGT1.5_,,,%%HLTF-Risky:(GLOBAL-DOWN)sellHighLowerTail-Reversal-LastDayMarketUp,zigZagVolCrossedFromDown,",-3.578200498463412,1,0,1
"PCTChangeLT-3,,,,checkCupDown-near2WeekDown-mayReveresalBuy,(GLOBALFUTDOWN-DOWNTRENDMARKET)checkSellConsolidationBreakDown-week2-lowNotReachedWeek3,week2BarLowChangeLT-2,##(Check-chart-buy):month3High-InMinus,ReversalHighMonth3,##(check-chart)maySell-EMA6-MT-May-LT-EMA14,",0.33348155640467625,1,1,0
"PCDCGT0PCTDayChangeLT0,_HTGT1.5__HTGTPCTDayChange_,,,##RisingMA(check-chart-sell)-MaySellCheckChart,",-3.016785065015658,1,0,1
"PCTChangeLT-3,,,,chisSellUpTrend-Risky-0,",0.7580811986870405,1,1,0
"PCDCLT0PCTChangeGT5,_HTGT3.0__HTGTPCTDayChange_,,,chisSellLastDayHighUpReversal,%%HLTF:maySellTail-tailGT2-7,10thDayGT20,",-0.1514402031875944,1,0,1
"PCTChangeGT3,,,,volBuyContinueLast2DayUp-VolUp,(GLOBALFUTUP-UPTRENDMARKET)checkBuyConsolidationBreakUp-week2-highNotReachedWeek3,week2BarHighChangeGT0,weekHighGTweek2High,brokenToday,##(check-chart)mayBuy-EMA6-LT-May-MT-EMA14,",1.577433494500439,1,1,0
"PCTChangeGT2,,,,chisBuyUpTrend-nearLow,##UPTREND:buyMonth6Low,",-0.8423449370890578,3,0,3
"PCDCGT0PCTDayChangeLT0,_HTGT3.0__HTGTPCTDayChange_,,,%%HLTF-Risky9:30:maySellTail-tailGT2-7,10thDayGT15,%%HLTF:(UPTREND-GLOBAL/SGX-UP)BuyHighUpperTail-Reversal-7,10thDayGT15-LastDayMarketDown,",-5.759798841002535,1,0,1
"PCTChangeGT0,_HTGT1.5__LTGT1.5__HTGTPCTDayChange__LTGTPCTDayChange_,,,(GLOBALFUTUP-UPTRENDMARKET)checkBuyConsolidationBreakUp-week2-highNotReachedWeek3,week2BarHighChangeGT0,weekHighGTweek2High,",0.5181360746918029,1,1,0
"PCTChangeGT2,,,,chisCheckConsolidationBreakoutLT(4.5),chis-breakoutup-2week,",-1.1570725654485856,1,0,1
"PCTChangeGT3,,,,##(Check-chart-sell):month3Low-InPlus,ReversalLowMonth3,chisUpTrend-Risky-nearLow,chis-breakoutup-2week,chisBuy-2week-breakoutup,##(check-chart)mayBuy-EMA6-LT-May-MT-EMA14,##UPTREND:buyMonth3LowReversal(Confirm),",0.9488384204994763,1,1,0
"PCTChangeGT0,PCDayChange-0.5to0.5,year2High,,,,chisSellDowningMA-(check5MinuteDownTrendAndSellDowntrend),",3.5603474217083937,1,1,0
"PCTChangeGT2,_LTGT1.5_,,,%%:sellUpTrend-month3High,",-1.4874997709360187,5,1,4
"PCTChangeLT-2,_HTGT1.5_,,,##(Check-chart-buy):month6High-InMinus,NearHighMonth6,",-2.2393312963324408,1,0,1
"PCTChangeLT-2,,,,checkCupDown-2dayDown-mayReversalBuy,chisDownTrend-Risky-nearHigh,##DOWNTREND:sellYearHighReversal(InDownTrend),##(Check-chart-buy):month3High-InMinus,ReversalHighMonth3,",-0.6801432746106152,3,1,2
"PCTChangeLT-3,,,,checkCupDown-2dayDown-mayReversalBuy,##DOWNTREND:sellYear2HighReversal(InDownTrend),##last2DayLow(LT-3)-M3LGT0,##(Check-chart-buy):month3High-InMinus,ReversalHighMonth3,##(check-chart)maySell-EMA6-MT-May-LT-EMA14,",1.0514526619970073,1,1,0
"PCTChangeGT3,_HTGT1.5_,,,%%HLTF:(DOWNTREND-OR-GLOBALDOWN)maySellTail-tailGT2-2,3,4thDayGT0,(GLOBALFUTUP-UPTRENDMARKET)checkBuyConsolidationBreakUp-week2-highNotReachedWeek3,week2BarHighChangeGT2,",-3.1886639472973086,1,0,1
"PCTChangeGT0.5,PCDayChange-0.5to0.5,_LTGT1.5_,,,##MANegative_Downtrend_(GT0),##MA-SMA200LT0SMA100LT0,",2.309376502843583,2,2,0
"PCTChangeLT-0.5,,,,volBuyReversalLast2DayDown-VolDown,(GLOBALFUTDOWN-DOWNTRENDMARKET)checkSellConsolidationBreakDown-week2-lowNotReachedWeek3,week2BarLowChangeLT0,weekLowLTweek2Low,",1.0149258286205676,1,1,0
"PCTChangeLT-3,,,,volSellContinueLast2DayDown-VolUp,##DOWNTREND:sellYearLowBreak,",3.5326902893767933,1,1,0
"PCTChangeGT5,,,,chisUpTrend-Risky-nearLow,volumeUpsergedLast2n3n4DayDown,weekBarHighChangeGT2,brokenToday,chisSell-2week-breakoutup,##UPTREND:buyMonth3LowReversal(Confirm),##last2DayHighGT3-M3HLT0,",3.0719602365389385,1,1,0
"PCTChangeGT0,_HTGT1.5__HTGTPCTDayChange_,,,##(Test)(check-chart)-sellSMADownTrend-2DayUp-weekHighTouch,",0.61486538214828,1,1,0
"PCTChangeGT5,,,,chisUpTrend-Risky-nearLow,##(Test)buyBottomReversal-1,",0.6391309655231077,1,1,0
"PCTChangeGT5,_HTGT1.5_,,,chisUpTrend-Risky-nearLow,",0.7381832961298797,16,7,9
"PCTChangeLT-2,,,,chisSellConsolidationBreakDown-forecastDayPCT7LT0,##(Check-chart-buy):month3High-InMinus,NearHighMonth3,",-0.4683840749414593,1,0,1
"PCTChangeLT-2,,,,chisSell-smallUptrendReversal,chisBuyFinalContinue-(lastDayUp),",1.581843991957323,1,1,0
"PCDCGT0PCTChangeLT-1,PCDayChange-0.5to0.5,_HTGT3.0_,,,(SMA9LT0),",-1.7434390850350052,1,0,1
"PCTChangeGT1,_HTGT1.5__HTGTPCTDayChange_,,,$$MaySell-CheckChart(monthHigh-minimumLast4DayUp),$$MaySell-CheckChart(downTrend-mayReverseLast4DaysUp),",-0.2447381265448777,1,0,1
"PCTChangeLT-3,,,,weekBarLowChangeLT-2,##MANegative_Downtrend_(LT-4.5),##MA-SMA200LT0SMA100LT0,",1.251468129455552,2,2,0
"PCTChangeLT-2,,,,(GLOBALFUTDOWN-DOWNTRENDMARKET)checkSellConsolidationBreakDown-week2-lowNotReachedWeek3,week2BarLowChangeLT0,weekLowLTweek2Low,(SMA9LT0),chisDownTrend-Risky-nearHigh,##(Check-chart-buy):YearHigh-InMinus,ReversalHighYear,",1.2927243591993973,1,1,0
"PCTChangeGT1,,,,volSellRevarsalVolCrossed,##(Check-chart-sell):month3Low-InPlus,BreakLowMonth3,chisBuyFinalContinueReversal-2,",-2.563640750432634,1,0,1
"PCDCGT0PCTChangeLT-5,_LTGT3.0_,,,buyYearHigh-0,",0.24229165089651372,1,1,0
"PCTChangeGT3,_HTGT1.5__LTGT3.0__LTGTPCTDayChange_,,,##UPTREND:buyYear2LowReversal(Confirm),",2.846475012790778,1,1,0
"PCTChangeGT2,_HTGT1.5__LTGT1.5_,,,(SMA9GT0),",-1.9246919834972656,1,0,1
"PCTChangeGT1,_LTGT1.5_,,,buyYearHigh-0,",0.44430566115724196,23,12,10
"PCTChangeLT-2,_HTGT1.5_,,,weekBarLowChangeLT0,chisDownTrend-Risky-nearHigh,##(Check-chart-buy):YearHigh-InMinus,ReversalHighYear,",-0.6432784231085568,1,0,1
"PCTChangeLT-1,,,,##MANegative_Downtrend_(LT-2),##MA-SMA200GT0SMA100GT0,",-1.134915768479633,3,1,2
"PCTChangeLT-0.5,PCDayChange-0.5to0.5,_LTGT1.5_,,,buyMorningStar-HighLowerTail-(checkChart),",-0.48786504704959677,2,1,1
"PCTChangeLT-2,_HTGT1.5_,,,checkCupDown-2dayDown-mayReversalBuy,##DOWNTREND:sellYearHigh(InDownTrend),##(Check-chart-buy):month3High-InMinus,NearHighMonth3,",-2.0078086853027424,1,0,1
"PCTChangeLT-1,year2High,_HTGT1.5__HTGTPCTDayChange_,,,volBuyReversalLast2DayDown-VolUp,",-1.4409172038984157,2,0,2
"PCDCGT0PCTChangeLT-1,PCDayChange-0.5to0.5,_LTGT3.0_,,,chisBuyYearHigh-3,",-0.1368882425302054,1,0,1
"PCTChangeLT-2,_HTGT1.5__LTGT1.5_,,,##DOWNTREND:sellYear2HighReversal(InDownTrend),##(Check-chart-buy):month3High-InMinus,ReversalHighMonth3,",-3.992295465648949,2,0,2
"PCTChangeGT2,,,,week2BarHighChangeGT2,weekHighGTweek2High,buyYearHigh-0,",-1.815460354902536,1,0,1
"PCTChangeGT3,,,,(GLOBALFUTUP-UPTRENDMARKET)checkBuyConsolidationBreakUp-week2-highNotReachedWeek3,week2BarHighChangeGT2,chis-breakoutup-2week,chisBuy-2week-breakoutup,##UPTREND:buyYear2LowReversal(Confirm),",-1.1219489579063986,1,0,1
"PCDCLT0PCTChangeGT0,,,,(SMA9GT0),mayBuyFromSellPattern-GT1.8,",5.5203193155116095,1,1,0
"PCTChangeLT-5,,,,%%HLTF-Last2DayMarketDown:(GLOBAL-UP)buyHighUpperTailPre1-Reversal-LastDayMarketDown,",-2.799068012304011,1,0,1
"PCTChangeLT-3,,,,(GLOBALFUTDOWN-DOWNTRENDMARKET)checkSellConsolidationBreakDown-week2-lowNotReachedWeek3,week2BarLowChangeLT-2,##(Check-chart-buy):month3High-InMinus,ReversalHighMonth3,",-0.7991745861508471,5,3,2
"PCTChangeGT2,,,,vol-sell-DownVol-3dayUp-Week2High,weekBarHighChangeGT0,brokenToday,",-1.0597806807216876,3,0,3
"PCTChangeGT2,,,,##(Check-chart-sell):month3Low-InPlus,BreakLowMonth3,",-0.8006826768299781,7,1,6
"PCTChangeLT-5,_HTGT3.0_,,,chisDownTrend-Risky-nearHigh,",-1.9466073084506437,1,0,1
"PCTChangeGT5,_HTGT1.5_,,,volBuyContinueLast2DayUp-VolUp,chisCheckConsolidationBreakoutGT(4.5),",-0.6089604175728474,1,0,1
"PCTChangeGT1,year2High,_HTGT1.5__HTGTPCTDayChange__LTGTPCTDayChange_,,,%%HLTF-Last2HighTail:(UPTREND)buy(DOWNTREND)sell:HighUpperTailPre-last2DayUp,%%:sellUpTrend-month3High,",-0.47165560605347373,1,0,1
"PCTChangeGT1,_HTGT3.0__HTGTPCTDayChange__LTGTPCTDayChange_,,,volSellReversalLast2DayUp-VolUp,",-1.8050578045930097,1,0,1
"PCTChangeGT3,_HTGT3.0__HTGTPCTDayChange_,,,%%HLTF:(DOWNTREND-OR-GLOBALDOWN)maySellTail-tailGT2-2,3,4thDayGT0,chisCheckConsolidationBreakoutLT(4.5),",0.09080582127248474,2,1,1
"PCTChangeGT2,,,,(Test)MaySell-CheckChart(downTrend-lastDayUp),zigZagVolCrossedFromDown,",4.207962171166341,1,1,0
"PCDCLT0PCTChangeGT3,_HTGT1.5__LTGT1.5_,,,chisSell-smallUptrendReversal,",-5.54316477693925,1,0,1
"PCTChangeLT-3,year2Low,,,,vol-buy-DownVol-3dayDown-Week2Low,##last2DayLow(LT-3)-M3LLT0,",1.7797249624020548,1,1,0
"PCTChangeGT5,year2High,,,,volBuyContinueLast2DayUp-VolUp,chisCheckConsolidationBreakoutGT(4.5),",-2.048234964550927,1,0,1
"PCTChangeLT-1,PCDayChange-0.5to0.5,_HTGT1.5__LTGT3.0_,,,$$MaySellContinue-CheckChart(inuptrend-monthlow)-highTail,",-0.7358536630306545,1,0,1
"PCTChangeLT-1,_HTGT1.5__HTGTPCTDayChange_,,,%%HLTF-Last2HighTail:(DOWNTREND)sellHighUpperTailPre,chisSellDownTrend-nearHigh,",-1.0559800870953737,5,1,4
"PCTChangeGT12,year2Low,_HTGT3.0__LTGT3.0__HTGTPCTDayChange_,,,chisSellYear2LowLT-40-last4DayDown(triggerAfter-9:15),",-1.769915143703294,1,0,1
"PCTChangeGT5,,,,volumeUpsergedLast2n3n4DayDown,chisCheckConsolidationBreakoutGT(4.5),chisSell-2week-breakoutup,",-3.413765745337529,1,0,1
"PCDCLT0PCTChangeGT1,PCDayChange-0.5to0.5,_HTGT1.5__LTGT3.0_,,,%%HLTF:(GLOBAL-DOWN)sellHighLowerTail-Reversal-LastDayMarketUp,",2.6527040195958205,1,1,0
"PCTChangeGT3,,,,##MAPositive_Uptrend(GT4.5),##MA-SMA200GT0SMA100GT0,##last2DayHighGT3-M3HGT0,",-1.3813703613319017,4,1,3
"PCTChangeGT3,,,,##sellRisingMAuptrend-0,",-0.404647263736025,2,1,1
"PCTChangeLT-2,,,,volBuyReversalLast2DayDown-VolDown,(GLOBALFUTDOWN-DOWNTRENDMARKET)checkSellConsolidationBreakDown-week2-lowNotReachedWeek3,week2BarLowChangeLT0,weekLowLTweek2Low,##(Check-chart-buy):month3High-InMinus,ReversalHighMonth3,",-0.28387254284274444,1,0,1
"PCTChangeGT3,_HTGT3.0_,,,volSellVolumeUpsergedLast2n3DayDown,",-0.7190293862849759,2,0,2
"PCTChangeLT-2,,,,volSellVolumeUpsergedLast2n3DayUp,(GLOBALFUTDOWN-DOWNTRENDMARKET)checkSellConsolidationBreakDown-week2-lowNotReachedWeek3,week2BarLowChangeLT0,chisDownTrend-Risky-nearHigh,",2.3770524626657172,1,1,0
"PCTChangeGT1,_HTGT1.5_,,,##(Check-chart):year2High-InPlus,",0.6471287212709985,3,2,1
"PCTChangeLT-1,_HTGT3.0_,,,chisDownTrend-Risky-nearHigh,",0.4022591750911225,5,2,2
"PCTDayChangeLT0,_LTGT1.5_,,,%%:checkSell:Super01-monthLow,",0.5096330317565709,16,11,5
"PCTChangeGT3,year2High,_HTGT1.5_,,,volSellReversalLast2DayUp-VolDown,",-4.982685360978882,1,0,1
"PCDCLT0PCTChangeGT1,PCDayChange-0.5to0.5,,,,buyYearHigh-0,",0.6383694944655753,10,5,5
"PCTChangeGT5,_HTGT3.0__LTGT1.5__HTGTPCTDayChange_,,,%%HLTF-Last2HighTail:(UPTREND)buy(DOWNTREND)sell:HighUpperTailPre-last2DayUp,%%HLTF:(UPTREND-GLOBAL/SGX-UP)BuyHighUpperTail-Reversal-7,10thDayGT15-LastDayMarketDown,##MAPositive_Uptrend(GT2),##MA-SMA200GT0SMA100GT0,",5.025199151808212,1,1,0
"PCTChangeGT2,year2High,_HTGT1.5_,,,MaySellCheckChart-(IndexNotDownInSecondHalf),week2BarHighChangeGT2,",-1.2638338641538212,1,0,1
"PCTChangeGT1,,,,checkBuyConsolidationBreakout-allPreLT0,weekBarHighChangeGT0,brokenToday,",1.1848895879162764,1,1,0
"PCDCGT0PCTDayChangeLT0,_HTGT1.5__HTGTPCTDayChange_,,,chisBuyYearHigh-1,",-1.0095100511193686,3,0,3
"PCTChangeGT2,_HTGT3.0__HTGTPCTDayChange_,,,%%HLTF-Last2HighTail:(UPTREND)buy(DOWNTREND)sell:HighUpperTailPre-last2DayUp,##RisingMA(check-chart-sell)-MaySellCheckChart,",-1.4444885508626082,2,1,1
"PCTChangeLT-0.5,PCDayChange-0.5to0.5,,,,(SMA9LT0),",-1.447912064158147,10,1,9
"PCTChangeLT-1,_HTGT1.5__LTGT1.5_,,,chisDownTrend-Risky-nearHigh,##(Check-chart-buy):month3High-InMinus,ReversalHighMonth3,",-1.5440150406347992,1,0,1
"PCTChangeGT2,,,,chisSellFinalContinue-(lastDayUp)-1,buyFinal1,",0.0526335557945225,1,1,0
"PCDCGT0PCTChangeLT-1,PCDayChange-0.5to0.5,_LTGT3.0_,,,buyPatternsML,",11.320420386086042,1,1,0
"PCTChangeGT0,_LTGT3.0_,,,chisSellFlagWeek-doji-Risky,",0.12609428478147006,1,1,0
"PCTChangeLT-0.5,year2High,_HTGT3.0__HTGTPCTDayChange_,,,%%HLTF:maySellTail-tailGT2-7,10thDayGT20,",-2.0235468164146475,1,0,1
"PCTChangeLT-2,,,,VOL:buy-UpVol-3dayDown-Week2Low,##DOWNTREND:sellYearLowBreak,",0.8555320732603998,2,2,0
"PCTChangeGT8,_HTGT1.5_,,,%%ACU:sellReversalLast2DayHighGT4,%%HLTF-Last2HighTail:(UPTREND)buy(DOWNTREND)sell:HighUpperTailPre-last2DayUp,volumeUpsergedLast2n3n4DayDown,##MAPositive_Uptrend(GT4.5),##MA-SMA200LT0SMA100LT0,##last2DayHighGT3-M3HLT0,",-1.4985015213439745,1,0,1
"PCTChangeLT-1,,,,(SMA9GT0),",0.759532892335517,10,8,2
"PCTChangeLT-3,_LTGT3.0_,,,(GLOBALFUTDOWN-DOWNTRENDMARKET)checkSellConsolidationBreakDown-week2-lowNotReachedWeek3,week2BarLowChangeLT0,weekLowLTweek2Low,",0.4573217358780269,1,1,0
"PCTChangeLT-1,,,,chisSellFinalCandidate-3,##(Check-chart-sell)Month3Low-Continue(InUpTrend),ReversalLowMonth3,",-0.5447489487453466,2,1,1
"PCTChangeGT2,_HTGT1.5__HTGTPCTDayChange_,,,%%HLTF-Last2HighTail:(UPTREND)buy(DOWNTREND)sell:HighUpperTailPre-last2DayUp,$$MaySell-CheckChart(monthHigh-minimumLast4DayUp),",-1.3281815576737452,1,0,1
"PCTChangeGT2,,,,VOL:buy(GLOBALFUTDOWN-GLOBALMARKETDOWN)Sell-UpVol-3dayUp-Week2Low,chisCheckConsolidationBreakoutLT(4.5),",0.8064528231191276,1,1,0
"PCTChangeGT1,_LTGT1.5_,,,##MAPositive_Uptrend(GT2),##MA-SMA200GT0SMA100GT0,",-0.4994606829171257,5,2,3
"PCTChangeGT0,year2High,_HTGT1.5__HTGTPCTDayChange_,,,%%HLTF-Last2HighTail:(UPTREND)buy(DOWNTREND)sell:HighUpperTailPre-last2DayUp,",3.1339675680253913,1,1,0
"PCTChangeGT8,_HTGT1.5__LTGT1.5_,,,zigZagVolCrossedFromDown,",3.8854681037000947,1,1,0
"PCTChangeLT-5,_LTGT1.5_,,,volSellContinueLast2DayDown-VolUp,chisDownTrend-Risky-nearHigh,##DOWNTREND:sellYear2HighReversal(InDownTrend),##last2DayLow(LT-3)-M3LGT0,",5.1072119207845565,1,1,0
"PCTChangeLT-1,_LTGT3.0_,,,%%HLTF:(GLOBAL-DOWN)sellHighLowerTail-Reversal-LastDayMarketUp,volSellVolumeUpsergedLast2n3DayUp,",-0.6967110117311986,1,0,1
"PCTChangeGT3,_HTGT1.5_,,,%%HLTF:(DOWNTREND-OR-GLOBALDOWN)maySellTail-tailGT2-2,3,4thDayGT0,chisBuyUpTrend-nearLow,volumeUpsergedLast2n3n4DayDown,##lastDayHighGT5TodayGT1,",0.8249199350273493,1,1,0
"PCTChangeLT-2,_HTGT1.5__LTGT3.0_,,,##MA-SMA200GT0SMA100GT0,",-15.608882391719932,1,0,1
"PCTChangeGT5,_LTGT1.5_,,,VOL:sell-DownVol-3dayUp-Week2Low,",0.9228839965559985,1,1,0
"PCTChangeLT-5,_HTGT3.0_,,,volBuyReversalLast2DayDown-VolDown,",-4.8340884121981516,1,0,1
"PCTChangeGT3,,,,week2BarHighChangeGT2,weekHighGTweek2High,##last2DayHighGT3-M3HLT0,",4.7815858296106475,1,1,0
"PCTChangeGT2,,,,chisUpTrend-Risky-nearLow,BuyYearLow,##UPTREND:buyYearLowReversal(Confirm),",0.8540839573191045,1,1,0
"PCTChangeGT1,,,,volSellVolumeUpsergedLast2n3DayDown,",-0.13092593844208408,13,8,5
"PCTChangeLT-1,_HTGT1.5_,,,%%:checkSell:Super0,##MANegative_Downtrend_(LT-2),##MA-SMA200LT0SMA100LT0,",0.4692668673034851,2,2,0
"PCTChangeLT-8,,,,volSellContinueLast2DayDown-VolUp,##MANegative_Downtrend_(LT-4.5),##MA-SMA200LT0SMA100LT0,",0.2889683107089709,2,1,1
"PCDCLT0PCTChangeGT0,PCDayChange-0.5to0.5,_LTGT1.5_,,,##(Test)(check-chart)-buySMAUpTrend,buyYearHigh-0,",0.04242385365887276,1,1,0
"PCTChangeLT-8,,,,maySellAfter10:30HighVolatileDownContinueLT-8-Risky,chisSellDayLowVolLow-0,",-1.3853698736900466,1,0,1
"PCTChangeGT3,_HTGT1.5_,,,%%HLTF:maySellTail-tailGT2-7,10thDayGT20,brokenToday,##MAPositive_Uptrend(GT2),##MA-SMA200GT0SMA100GT0,",-1.2550120470673738,1,0,1
"PCTChangeGT3,_HTGT1.5__LTGT3.0__LTGTPCTDayChange_,,,##MANegative_Downtrend_(GT2),##MA-SMA200LT0SMA100LT0,##buyTenDaysLessThanMinusTen,",-3.354630232122501,1,0,1
"PCDCLT0PCTChangeGT5,_HTGT3.0__LTGT3.0__HTGTPCTDayChange__LTGTPCTDayChange_,,,%%HLTF-Last2DayMarketUp:(GLOBAL-DOWN)sellHighLowerTail-Reversal-LastDayMarketUp,",-3.1890638159185207,1,0,1
"PCTChangeLT-2,_HTGT1.5_,,,volBuyReversalLast2DayDown-VolDown,chisBuyFinalContinue-1,",-0.5156230926513672,1,0,1
"PCDCLT0PCTChangeGT1,PCDayChange-0.5to0.5,_HTGT3.0__LTGT1.5_,,,%%HLTF:maySellTail-tailGT2-allDayGT0,",-2.2063190313498495,1,0,1
"PCTChangeLT-3,year2High,_HTGT1.5_,,,volBuyReversalLast2DayDown-VolDown,",-0.6509358302847914,2,1,1
"PCTChangeGT1,_HTGT1.5__LTGT1.5__HTGTPCTDayChange__LTGTPCTDayChange_,,,week2BarHighChangeGT0,brokenToday,",1.7207396471323952,1,1,0
"PCTChangeGT0.5,_HTGT1.5__LTGT3.0__LTGTPCTDayChange_,,,##MA-SMA200LT0SMA100LT0,",-0.8782587466032643,1,0,1
"PCTChangeLT-1,_HTGT1.5__LTGT1.5__HTGTPCTDayChange__LTGTPCTDayChange_,,,volBuyReversalLast2DayDown-VolUp,",0.9794887892073864,1,1,0
"PCTChangeGT1,_HTGT3.0__HTGTPCTDayChange_,,,%%HLTF-Risky9:30:maySellTail-tailGT2-7,10thDayGT15,%%HLTF:(UPTREND-GLOBAL/SGX-UP)BuyHighUpperTail-Reversal-7,10thDayGT15-LastDayMarketDown,sellEveningStar-0,##RisingMA(check-chart-sell)-MaySellCheckChart,",1.7067985368305227,1,1,0
"PCTChangeGT3,_HTGT1.5_,,,chisSellFinalContinue-(lastDayDown)-1,",0.6164341756742232,1,1,0
"PCTChangeLT-2,,,,%%:checkSell:Super01-monthLow,checkSellConsolidationBreakDown-month3HighGTMonth3Low,",-0.07407859519676813,1,0,1
"PCTChangeLT-3,_HTGT1.5__LTGT1.5_,,,##(Check-chart-buy):month3High-InMinus,ReversalHighMonth3,",-0.4644184729073446,2,1,1
"PCTChangeLT-2,_HTGT1.5_,,,##MA-SMA200GT0SMA100LT0,chisBuyDayLowVolLow-03-checkMorningTrend(.5SL)-after10:30,",-2.1883308918934175,1,0,1
"PCTChangeLT-1,PCDayChange-0.5to0.5,_HTGT3.0_,,,%%:checkSell:Super0,",-3.2871972318339244,1,0,1
"PCTChangeGT5,,,,checkBuyConsolidationBreakout-allPreLT0,chisSell-2week-breakoutup,",3.7327217066892278,1,1,0
"PCTChangeGT2,_HTGT3.0__HTGTPCTDayChange_,,,%%HLTF:(DOWNTREND-OR-GLOBALDOWN)maySellTail-tailGT2-2,3,4thDayGT0,sellEveningStar-0,##(Check-chart-sell):month3Low-InPlus,ReversalLowMonth3,chisUpTrend-Risky-nearLow,##UPTREND:buyYearLowReversal(Confirm),",-2.8906226158142077,1,0,1
"PCTDayChangeLT0,PCDayChange-0.5to0.5,,,,chisSellSuper-Risky,--,",-1.8734826187625064,7,2,5
"PCTChangeGT3,_HTGT1.5_,,,##buyTenDaysLessThanMinusTen,",-0.7873338545590682,12,4,8
"PCTChangeLT-2,,,,checkSellConsolidationBreakDown-2week,week2BarLowChangeLT0,brokenToday,##(Check-chart-buy):YearHigh-InMinus,ReversalHighYear,",2.0596791882217795,2,2,0
"PCDCLT0PCTChangeGT0,PCDayChange-0.5to0.5,,,,%%:checkSell:Super-Risky,--,",-5.77395209702441,1,0,1
"PCTChangeGT2,_HTGT1.5_,,,chisUpTrend-Risky-nearLow,##UPTREND:buyYearLowReversal(Confirm),",-1.1622413608327764,1,0,1
"PCTDayChangeLT0,PCDayChange-0.5to0.5,_HTGT1.5__LTGT1.5_,,,%%:checkSell:Super01-monthLow,",1.2762612931466621,2,1,1
"PCTChangeGT1,_LTGT1.5_,,,chisSellDowningMA-(check5MinuteDownTrendAndSellDowntrend)-Already10DayDown,chisBuyYearHigh-3,",0.22988739598298805,1,1,0
"PCTChangeGT1,,,,BuyYearLow,",-1.2936319903426694,1,0,1
"PCTChangeLT-2,,,,%%:checkSell:Super01-monthLow,volBuyVolumeUpsergedLast2n3DayUp,",-0.2691098957104686,1,0,1
"PCTChangeEQ0,PCDayChange-0.5to0.5,_HTGT1.5_,,,%%:sellDowntrend-lastDayUp-ReversalHighTail,",-1.8918021583010738,2,1,1
"PCDCGT0PCTDayChangeLT0,PCDayChange-0.5to0.5,,,,chisSellFlagWeek-doji-Risky,",-0.10582867631790203,13,7,6
"PCTChangeGT3,_HTGT1.5_,,,##MAPositive_Uptrend(GT2),##MA-SMA200LT0SMA100LT0,##lastDayHighGT5TodayGT1,",0.10498931329252575,2,1,1
"PCTChangeLT-2,,,,weekBarLowChangeLT-2,##DOWNTREND:sellMonth3HighReversal(InDownTrend),##(Check-chart-buy):month3High-InMinus,ReversalHighMonth3,##(check-chart)maySell-EMA6-MT-May-LT-EMA14,",0.5233191792875379,1,1,0
"PCTDayChangeLT0,_HTGT1.5__LTGT1.5__HTGTPCTDayChange__LTGTPCTDayChange_,,,##buyYear2LowMovingSMA,",3.71528201633029,1,1,0
"PCTChangeGT2,year2High,_HTGT3.0__LTGT1.5__HTGTPCTDayChange__LTGTPCTDayChange_,,,(GLOBALFUTUP-UPTRENDMARKET)checkBuyConsolidationBreakUp-week2,weekBarHighChangeGT2,",-2.000001419422243,1,0,1
"PCTChangeGT2,,,,##MAPositive_Uptrend(GT1),##MA-SMA200LT0SMA100LT0,",-1.6305379637592947,8,2,6
"PCTChangeGT2,_HTGT3.0__LTGT3.0_,,,##MA-SMA200LT0SMA100LT0,",-1.4377682403433476,1,0,1
"PCDCLT0PCTChangeGT3,_HTGT1.5__LTGT1.5__HTGTPCTDayChange__LTGTPCTDayChange_,,,##RisingMA(check-chart-buy)-MayBuyCheckChart,",4.428398049695408,1,1,0
"PCTChangeLT-1,_HTGT1.5_,,,%%:checkSell:CupDownDoji-last2lastDayLT0orTodayGT0,",1.2589942435328605,5,3,2
"PCTChangeLT-2,,,,%%:checkSell:Flag2Week,",-0.7797180418660468,20,6,14
"PCTChangeLT-2,year2High,,,,checkCupDown-3dayDown,",-0.17175572519084242,1,0,1
"PCTChangeLT-2,,,,VOL:buy-UpVol-3dayDown-Week2Low,",-0.643961860750563,28,11,17
"PCTDayChangeLT0,PCDayChange-0.5to0.5,_LTGT1.5_,,,shortDownTrendBuyReversal-Month3Low-Doji-Last2DayLTToday,##MANegative_Downtrend_(LT0),##MA-SMA200LT0SMA100LT0,",3.9809316456907498,1,1,0
"PCTChangeGT3,,,,chisUpTrend-Risky-nearLow,volBuyContinueLast2DayUp-VolUp,chisCheckConsolidationBreakoutLT(4.5),(GLOBALFUTUP-UPTRENDMARKET)checkBuyConsolidationBreakUp-week2-highNotReachedWeek3,week2BarHighChangeGT0,##(check-chart)mayBuy-EMA6-LT-May-MT-EMA14,",-0.8101904690673534,1,0,1
"PCTDayChangeLT0,PCDayChange-0.5to0.5,_HTGT1.5_,,,%%HLTF:(UPTREND-MorningTrend-UP)mayBuyTail-highTailGT2-7,10thDayGT10-Last2DayStockDown,",-0.6733303757271587,1,0,1
"PCTChangeLT-0.5,PCDayChange-0.5to0.5,,,,chisSell:Super03-monthLow,",0.12122007742282696,31,17,14
"PCTChangeGT3,_HTGT3.0__LTGT3.0__HTGTPCTDayChange__LTGTPCTDayChange_,,,##MANegative_Downtrend_(GT1),##MA-SMA200GT0SMA100GT0,chisSellFinalContinue-(lastDayDown)-1,chisBuyDownTrend-lowTail,",-4.673441539482039,1,0,1
"PCTChangeGT1,_HTGT1.5__LTGT3.0_,,,##MANegative_Downtrend_(GT0),##MA-SMA200GT0SMA100GT0,",2.813448848364731,1,1,0
"PCTChangeGT3,,,,##(Check-chart-sell):month3Low-InPlus,ReversalLowMonth3,chisUpTrend-Risky-nearLow,chis-breakoutup-2week,chisBuy-2week-breakoutup,##UPTREND:buyYearLowReversal(Confirm),",3.604314282872184,1,1,0
"PCTChangeLT-1,,,,weekBarLowChangeLT-2,$$MayBuy-CheckChart(monthLow-minimumLast4DayDown),##(Check-chart-buy):month3High-InMinus,ReversalHighMonth3,",6.846149151141826,1,1,0
"PCTChangeGT1,year2High,_HTGT1.5_,,,%%HLTF-Last2HighTail:(UPTREND)buy(DOWNTREND)sell:HighUpperTailPre-last2DayUp,%%HLTF:maySellTail-tailGT2-7,10thDayGT20,",8.178445176876782,1,1,0
"PCTChangeLT-2,PCDayChange-0.5to0.5,_HTGT1.5__LTGT1.5_,,,chisSellSuper-Risky,--,##MA-SMA200LT0SMA100LT0,",2.7648252859360354,1,1,0
"PCDCGT0PCTChangeLT-1,PCDayChange-0.5to0.5,_HTGT1.5_,,,sellPattern-LT-1.5-SMALT0,(SMA9LT0),maySellFromBuyPattern-LT-1.8,",-1.4522182444817613,1,0,1
"PCTChangeLT-3,,,,weekBarLowChangeLT-2,##DOWNTREND:sellYear2HighReversal(InDownTrend),",-0.5323051166390655,7,3,3
"PCTChangeGT3,,,,volSellVolumeUpsergedLast2n3DayDown,##last2DayHighGT3-M3HLT0,",0.32005179855726146,5,3,2
"PCTChangeLT-2,,,,chisBuyMay5DayFloorReversal,VOL:buy-DownVol-3dayDown-Week2High,##DOWNTREND:sellYear2HighReversal(InDownTrend),##(Check-chart-buy):month3High-InMinus,ReversalHighMonth3,",-0.2072214827163022,1,0,1
"PCTChangeLT-2,_LTGT1.5_,,,##MANegative_Downtrend_(LT-1),##MA-SMA200GT0SMA100LT0,MayBuyCheckChart-(IndexNotUpInSecondHalf),",4.101512368537184,1,1,0
"PCTChangeGT0,PCDayChange-0.5to0.5,_HTGT1.5__LTGT1.5_,,,chisSellFlagWeek-doji-Risky,%%HLTF-Last2HighTail:(UPTREND)buy(DOWNTREND)sell:HighUpperTailPre-last2DayUp,",-1.4028550264368276,1,0,1
"PCTChangeLT-2,_HTGT3.0_,,,##MANegative_Downtrend_(LT-2),##MA-SMA200LT0SMA100LT0,",-6.504336488988118,1,0,1
"PCTChangeGT2,,,,chisBuyUpTrend-nearLow,chisSellFinalContinue-(lastDayDown)-2,",-0.5219723261071579,1,0,1
"PCTChangeLT-0.5,,,,(GLOBALFUTDOWN-DOWNTRENDMARKET)checkSellConsolidationBreakDown-week2-lowNotReachedWeek3,week2BarLowChangeLT0,weekLowLTweek2Low,(SMA9LT0),",-1.4554410907225694,1,0,1
"PCTChangeGT3,,,,volSellReversalLast2DayUp-VolDown,chisCheckConsolidationBreakoutLT(4.5),weekBarHighChangeGT2,brokenToday,",4.926475916216902,1,1,0
"PCTChangeGT2,year2High,,,,VOL:sell-UpVol-3dayUp-Week2High,weekBarHighChangeGT2,",-2.0316597036863526,3,1,2
"PCTChangeGT3,_LTGT1.5_,,,chisUpTrend-Risky-nearLow,volBuyContinueLast2DayUp-VolUp,BuyYearLow,##RisingMA(Test)(check-chart-buy)-2DayUp,##UPTREND:buyYear2LowReversal(Confirm),",1.5843628193942711,1,1,0
"PCTChangeGT3,,,,##(Check-chart-sell):month3Low-InPlus,ReversalLowMonth3,chisUpTrend-Risky-nearLow,chisCheckConsolidationBreakoutLT(4.5),##UPTREND:buyYear2LowReversal(Confirm),",2.8797983219174386,1,1,0
"PCTChangeLT-3,_HTGT1.5__HTGTPCTDayChange_,,,%%HLTF-Last2HighTail:(DOWNTREND)sellHighUpperTailPre-1,",2.9865511164945717,2,2,0
"PCDCLT0PCTChangeGT1,PCDayChange-0.5to0.5,_LTGT3.0_,,,%%HLTF:(SGXNIFTYUP)buyHighLowerTail-Continue,",-0.001404093317765222,7,3,4
"PCTChangeGT3,_HTGT1.5_,,,weekBarHighChangeGT2,##(Check-chart):year2High-InPlus,",0.8923884514435633,1,1,0
"PCTChangeGT2,,,,chisCheckConsolidationBreakout2WeekLT(4.5),##buyRisingMAuptrend-(Risky),",2.0375480145604055,1,1,0
"PCTChangeLT-3,,,,checkCupDown-near2WeekDown-mayReveresalBuy,(GLOBALFUTDOWN-DOWNTRENDMARKET)checkSellConsolidationBreakDown-week2-lowNotReachedWeek3,week2BarLowChangeLT0,volBuyRevarsalVolCrossed,",1.2921860987743328,1,1,0
"PCDCGT0PCTDayChangeLT0,_HTGT1.5_,,,##(Test)(check-chart)-sellSMADownTrend,",0.46113088266102975,2,1,1
"PCTChangeLT-3,,,,volumeUpsergedLast2n3n4DayUp,volSellContinueLast2DayDown-VolUp,weekBarLowChangeLT-2,brokenToday,",-0.7177015371678881,1,0,1
"PCTChangeGT5,,,,volumeUpsergedLast2n3n4DayDown,week2BarHighChangeGT2,brokenToday,##last2DayHighGT3-M3HLT0,",-0.3842459173871317,1,0,1
"PCTChangeLT-3,,,,%%:checkSell:Flag2Week,chisSell-smallUptrendReversal,%%HLTF-Last2DayMarketDown:(GLOBAL-UP)buyHighUpperTailPre1-Reversal-LastDayMarketDown,chisBuyFinalContinue-(lastDayUp),",6.844350981559836,1,1,0
"PCTChangeGT5,year2Low,,,,chisSellYear2LowLT-40-last4DayDown(triggerAfter-9:15),chisSellYear2LowContinue,",4.111487659548015,2,1,1
"PCTChangeLT-1,_LTGT1.5_,,,checkCupDown-near2WeekDown-mayReveresalBuy,",0.3838534453396246,4,2,2
"PCTChangeLT-1,PCDayChange-0.5to0.5,_LTGT1.5_,,,##MA-SMA200GT0SMA100GT0,",2.7731634423066915,1,1,0
"PCTChangeGT1,,,,checkBuyConsolidationBreakUp-2week,week2BarHighChangeGT0,",-0.08010161942209819,4,1,3
"PCTChangeGT2,,,,chisCheckConsolidationBreakoutLT(4.5),(GLOBALFUTUP-UPTRENDMARKET)checkBuyConsolidationBreakUp-week2-highNotReachedWeek3,week2BarHighChangeGT2,",-0.5624787636166164,2,1,1
"PCTChangeLT-1,,,,(GLOBALFUTDOWN-DOWNTRENDMARKET)checkSellConsolidationBreakDown-week2-lowNotReachedWeek3,week2BarLowChangeLT0,$$MayBuy-CheckChart(monthLow-minimumLast4DayDown),",-0.5043897210839865,2,1,1
"PCTChangeGT2,_HTGT1.5__LTGT1.5__HTGTPCTDayChange__LTGTPCTDayChange_,,,%%:checkSell:CupDownDoji,",-1.5086691090137294,1,0,1
"PCTChangeLT-3,,,,checkCupDown-2dayDown-mayReversalBuy,chisDownTrend-Risky-nearHigh,##last2DayLow(LT-3)-M3LGT0,",-0.705079280424261,4,1,3
"PCTChangeGT3,_HTGT1.5_,,,chisSell-2week-breakoutup,##last2DayHighGT3-M3HLT0,",-1.3686043005567397,1,0,1
"PCTChangeGT3,,,,chisUpTrend-Risky-nearLow,##(check-chart)mayBuy-EMA6-LT-May-MT-EMA14,##last2DayHighGT3-M3HLT0,",-3.7164693339187984,2,0,2
"PCTChangeGT0.5,PCDayChange-0.5to0.5,_HTGT3.0_,,,%%HLTF-Last2HighTail:(UPTREND)buy(DOWNTREND)sell:HighUpperTailPre-last2DayUp,%%HLTF:maySellTail-tailGT2-7,10thDayGT20,%%HLTF:(UPTREND-GLOBAL/SGX-UP)BuyHighUpperTail-Reversal-7,10thDayGT15-LastDayMarketDown,##MAPositive_Uptrend(GT0),##MA-SMA200GT0SMA100GT0,",-2.667020909926471,1,0,1
"PCTChangeGT3,,,,(GLOBALFUTUP-UPTRENDMARKET)checkBuyConsolidationBreakUp-week2-highNotReachedWeek3,week2BarHighChangeGT0,brokenToday,##UPTREND:buyYearLowReversal(Confirm),",0.20270476470122187,1,1,0
"PCTChangeLT-2,_LTGT1.5_,,,chisDownTrend-Risky-nearHigh,##DOWNTREND:sellMonth3HighReversal(InDownTrend),##(Check-chart-buy):month3High-InMinus,ReversalHighMonth3,",1.1282966250465054,2,2,0
"PCTChangeLT-3,year2High,,,,(GLOBALFUTDOWN-DOWNTRENDMARKET)checkSellConsolidationBreakDown-week2-lowNotReachedWeek3,week2BarLowChangeLT-2,",-4.107733457786596,1,0,1
"PCTChangeLT-5,,,,(GLOBALFUTDOWN-DOWNTRENDMARKET)checkSellConsolidationBreakDown-week2-lowNotReachedWeek3,week2BarLowChangeLT-5,##MANegative_Downtrend_(LT-2),##MA-SMA200LT0SMA100LT0,##last2DayLow(LT-3)-M3LGT0,",-3.190789473684203,1,0,1
"PCTChangeLT-8,_LTGT1.5_,,,(GLOBAL-DOWN)maySellContinueHighVolatileLastDayDOWN-(LT-5),",2.17281600804004,1,1,0
"PCTChangeGT5,,,,chisBuyDayHighVolLow-0,(GLOBALFUTUP-UPTRENDMARKET)checkBuyConsolidationBreakUp-week2-highNotReachedWeek3,week2BarHighChangeGT0,weekHighGTweek2High,",-2.1759151869045534,1,0,1
"PCTChangeLT-2,_HTGT1.5_,,,##MANegative_Downtrend_(LT-1),##MA-SMA200LT0SMA100LT0,%%:buyDownTrend-month3Low,",5.102540362399116,2,2,0
"PCTChangeGT2,_HTGT1.5_,,,%%HLTF-Last2HighTail:(UPTREND)buy(DOWNTREND)sell:HighUpperTailPre-last2DayUp,##(Check-chart)ML:buyMonth3High-Continue,",-2.0090843099675273,1,0,1
"PCDCGT0PCTDayChangeLT0,_HTGT3.0__LTGT3.0__HTGTPCTDayChange__LTGTPCTDayChange_,,,%%HLTF-Last2LowTail:(DOWNTREND)sellHighLowerTailPre-1,",-3.2263920328299394,4,1,3
"PCTChangeLT-3,_LTGT1.5_,,,chisSellFinalCandidate-(lastDayUp)-(highChange),##ML:BuyRisingMA-Risky-1,",5.4125392397638254,1,1,0
"PCTChangeGT3,,,,chisSellDayHighVolLow-01-checkMorningTrend(.5SL),(GLOBALFUTUP-UPTRENDMARKET)checkBuyConsolidationBreakUp-week2-highNotReachedWeek3,week2BarHighChangeGT0,brokenToday,##last2DayHighGT3-M3HLT0,",1.5047459677804642,1,1,0
"PCTChangeLT-3,,,,(GLOBALFUTDOWN-DOWNTRENDMARKET)checkSellConsolidationBreakDown-week2-lowNotReachedWeek3,week2BarLowChangeLT-2,chisDownTrend-Risky-nearHigh,##DOWNTREND:sellYear2HighReversal(InDownTrend),##(Check-chart-buy):month3High-InMinus,ReversalHighMonth3,",-2.1456731119526533,4,1,3
"PCTChangeLT-5,,,,checkCupDown-near2WeekDown-mayReveresalBuy,chisDownTrend-Risky-nearHigh,",-3.012712123030329,1,0,1
"PCDCGT0PCTChangeLT-1,PCDayChange-0.5to0.5,_HTGT3.0_,,,%%:checkSell:CupDownDoji,",-3.7845371687538925,1,0,1
"PCTChangeGT1,year2High,_HTGT3.0__HTGTPCTDayChange_,,,%%HLTF-Risky9:30:maySellTail-tailGT2-7,10thDayGT15,",-1.6702977498829086,2,1,1
"PCTChangeLT-2,,,,checkCupDown-3dayDown,##DOWNTREND:sellMonth6HighReversal(InDownTrend),##(Check-chart-buy):month3High-InMinus,ReversalHighMonth3,",1.627668793945671,1,1,0
"PCTChangeGT2,,,,chisUpTrend-Risky-nearLow,BuyYearLow,",0.742620154272148,1,1,0
"PCTChangeGT3,year2High,,,,chisBuyConsolidationBreakUp-2week-(Risky)-year2High,week2BarHighChangeGT0,weekHighGTweek2High,brokenToday,",-1.3276055600616807,2,0,2
"PCTChangeGT1,,,,volSellRevarsalVolCrossed,",-0.3905900782088029,16,7,9
"PCTChangeGT1,_HTGT1.5_,,,chisSellDowningMA-(check5MinuteDownTrendAndSellDowntrend)-Already10DayDown,",-0.589256977154234,8,2,6
"PCTChangeLT-2,_LTGT1.5_,,,chisSellConsolidationBreakDown-forecastDayPCT7LT0,##ML:buyRisingMA-down-Risky,",-0.6702412868632741,1,0,1
"PCTChangeGT0.5,_LTGT1.5_,,,##RisingMA(Test)(check-chart-buy)-1DayUp,",1.2644355228980315,3,2,1
"PCTChangeGT0,PCDayChange-0.5to0.5,_HTGT3.0_,,,(SMA9LT0),",-4.376241592381066,1,0,1
"PCTChangeGT2,_HTGT1.5_,,,(GLOBALFUTUP-UPTRENDMARKET)checkBuyConsolidationBreakUp-week2-highNotReachedWeek3,week2BarHighChangeGT2,weekHighGTweek2High,",2.6646348901661012,1,1,0
"PCTChangeLT-3,_HTGT1.5_,,,volBuyReversalLast2DayDown-VolDown,chisSellDayLowVolLow-01,",4.399354996219759,1,1,0
"PCTChangeGT3,_HTGT1.5_,,,##MAPositive_Uptrend(GT4.5),##MA-SMA200LT0SMA100LT0,",-1.3562345127821878,3,0,3
"PCTChangeLT-5,_HTGT1.5__LTGT3.0__LTGTPCTDayChange_,,,##MANegative_Downtrend_(LT-4.5),##MA-SMA200LT0SMA100LT0,",-1.4840183336395452,2,1,1
"PCTDayChangeLT0,_HTGT1.5__LTGT1.5_,,,%%HLTF:(UPTREND-MorningTrend-UP)mayBuyTail-highTailGT2-7,10thDayGT10-Last2DayStockDown,##buyYear2LowMovingSMA,",10.253860990224805,1,1,0
"PCTChangeLT-2,,,,VOL:buy-UpVol-3dayDown-Week2Low,weekBarLowChangeLT-2,",-0.5136791834902232,22,9,12
"PCTChangeGT1,,,,shortUpTrendSellReversal-Month3High-Doji-Last2DayGTToday,##MA-SMA200LT0SMA100GT0,",0.9633472849430452,1,1,0
"PCTChangeGT2,year2High,,,,shortUpTrendSellReversal-MonthHigh,weekBarHighChangeGT0,",0.6343282870392367,2,2,0
"PCTChangeGT2,,,,VOL:buy-DownVol-3dayUp-Week2Low,##UPTREND:buyMonth3LowReversal(Confirm),",-1.8152369865528781,1,0,1
"PCTChangeLT-3,_HTGT1.5_,,,volBuyReversalLast2DayDown-VolDown,chisSellDownTrend-nearHigh,##(Check-chart-buy):month3High-InMinus,NearHighMonth3,",-1.8973843967635913,1,0,1
"PCTChangeLT-1,_LTGT1.5_,,,weekBarLowChangeLT0,chisDownTrend-Risky-nearHigh,##(Check-chart-buy):month6High-InMinus,ReversalHighMonth6,",1.4540131637320173,2,1,1
"PCTChangeGT3,_HTGT1.5_,,,##MAPositive_Uptrend(GT2),##MA-SMA200GT0SMA100GT0,##last2DayHighGT3-M3HGT0,",1.2093837463709416,5,3,2
"PCTChangeLT-3,,,,checkCupDown-near2WeekDown-mayReveresalBuy,(GLOBALFUTDOWN-DOWNTRENDMARKET)checkSellConsolidationBreakDown-week2-lowNotReachedWeek3,week2BarLowChangeLT-2,weekLowLTweek2Low,",2.0325203612239213,1,1,0
"PCTChangeLT-3,,,,chisSellFlag2Week-Risky,%%HLTF-Last2DayMarketDown:(GLOBAL-UP)buyHighUpperTailPre1-Reversal-LastDayMarketDown,",-6.3686521499801545,1,0,1
"PCTChangeGT3,,,,zigZagVolCrossedFromDown,##MAPositive_Uptrend(GT2),##MA-SMA200LT0SMA100GT0,",2.8672926273980037,1,1,0
"PCTChangeLT-5,_LTGT1.5_,,,(GLOBALFUTDOWN-DOWNTRENDMARKET)checkSellConsolidationBreakDown-week2-lowNotReachedWeek3,week2BarLowChangeLT-2,",1.2030407996420367,4,3,1
"PCTChangeGT3,,,,chisUpTrend-Risky-nearLow,(GLOBALFUTUP-UPTRENDMARKET)checkBuyConsolidationBreakUp-week2-highNotReachedWeek3,week2BarHighChangeGT0,brokenToday,BuyYearLow,",-1.0615711596566606,1,0,1
"PCTChangeLT-2,,,,volumeUpsergedLast2n3n4DayUp,chisSellDownTrend-nearHigh,",2.361574851077906,1,1,0
"PCTChangeGT3,,,,chisUpTrend-Risky-nearLow,chis-breakoutup-2week,##UPTREND:buyMonth6LowReversal(Confirm),",0.075757575757584,1,1,0
"PCTDayChangeLT0,_LTGT1.5_,,,%%:checkSell:Super01-monthLow,%%HLTF:(GLOBAL-DOWN)sellHighLowerTail-Reversal-LastDayMarketUp,(Test)(check-chart-2-3MidCapCross)MayBuyCheckChart-Risky,",-1.5052247795078397,1,0,1
"PCTChangeGT1,,,,chisCheckConsolidationBreakoutLT(4.5),checkBuyConsolidationBreakUp-2week,week2BarHighChangeGT0,",-1.1784524325887031,1,0,1
"PCTChangeGT2,,,,chisUpTrend-Risky-nearLow,chisCheckConsolidationBreakoutLT(4.5),(GLOBALFUTUP-UPTRENDMARKET)checkBuyConsolidationBreakUp-week2-highNotReachedWeek3,week2BarHighChangeGT0,",-1.4538136712834557,1,0,1
"PCTChangeLT-2,,,,volBuyReversalLast2DayDown-VolDown,chisBuyFinalContinue-3,chisSellUpTrend-Risky-2,",-0.2857123480902836,1,0,1
"PCTChangeLT-1,year2High,,,,volSellVolumeUpsergedLast2n3DayUp,chisSellUpTrend-Risky-2,",-0.3077808470354563,1,0,1
"PCTChangeGT3,,,,sellHeavyUpTrend-Reversal,VOL:sell-UpVol-3dayUp-Week2High,weekBarHighChangeGT2,##last2DayHighGT3-M3HLT0,",0.12147720282151206,1,1,0
"PCTChangeLT-2,,,,(GLOBALFUTDOWN-DOWNTRENDMARKET)checkSellConsolidationBreakDown-week2-lowNotReachedWeek3,week2BarLowChangeLT0,##(Check-chart-buy):month3High-InMinus,ReversalHighMonth3,##(check-chart)maySell-EMA6-MT-May-LT-EMA14,",1.7766878891593945,2,2,0
"PCTChangeLT-2,_HTGT1.5__LTGT3.0__HTGTPCTDayChange__LTGTPCTDayChange_,,,%%HLTF:(GLOBAL-UP)buyHighLowerTail-LastDayMarketUp,",0.008752133277875348,3,1,2
"PCTChangeLT-1,,,,%%:checkSell:Super01-monthLow,checkCupDown-mayReversalBuy,",2.77922394987825,1,1,0
"PCTChangeLT-1,year2High,,,,(Test)MayBuy-CheckChart(upTrend-lastDayDown),zigZagVolCrossedFromUp,",-2.2692089008078757,1,0,1
"PCTChangeLT-1,,,,##MANegative_Downtrend_(LT-1),##MA-SMA200GT0SMA100GT0,",2.197549695581059,2,2,0
"PCTChangeGT2,_HTGT1.5__HTGTPCTDayChange_,,,MaySellCheckChart-(IndexNotDownInSecondHalf),%%:sellUpTrend-month3High,##MAPositive_Uptrend(GT1),##MA-SMA200GT0SMA100GT0,",-3.4661342423275734,1,0,1
"PCTChangeLT-0.5,PCDayChange-0.5to0.5,_HTGT1.5_,,,%%HLTF-Last2HighTail:(DOWNTREND)sellHighUpperTailPre,",0.04314798538126845,17,10,7
"PCTChangeLT-2,_LTGT1.5_,,,%%:checkSell:Super01-monthLow,%%HLTF:(GLOBAL-DOWN)sellHighLowerTail-Reversal-LastDayMarketUp,",-0.48030739673391765,1,0,1
"PCTChangeLT-1,_LTGT1.5_,,,volBuyReversalLast2DayDown-VolDown,##(Check-chart-buy):month3High-InMinus,NearHighMonth3,",0.8621557825187806,1,1,0
"PCTChangeLT-3,,,,checkCupDown-month3HighLTmonth3Low,bar_low,chisSellDownTrend-nearHigh,",2.8014810367087044,1,1,0
"PCTChangeGT2,,,,chisCheckConsolidationBreakout2WeekLT(4.5),checkBuyConsolidationBreakUp-2week,week2BarHighChangeGT0,brokenToday,",1.6275290519446755,1,1,0
"PCTChangeLT-3,_HTGT1.5_,,,(GLOBALFUTDOWN-DOWNTRENDMARKET)checkSellConsolidationBreakDown-week2-lowNotReachedWeek3,week2BarLowChangeLT0,weekLowLTweek2Low,chisDownTrend-Risky-nearHigh,##(Check-chart-buy):month3High-InMinus,ReversalHighMonth3,",0.15362787513093415,1,1,0
"PCTChangeLT-1,_LTGT1.5_,,,chisDownTrend-Risky-nearHigh,MayBuyCheckChart-(IndexNotUpInSecondHalf),",0.07594282108654753,19,10,9
"PCTChangeLT-3,_HTGT3.0_,,,##MANegative_Downtrend_(LT-2),##MA-SMA200LT0SMA100LT0,",2.0236312681354103,3,2,1
"PCTChangeGT5,_HTGT1.5__LTGT1.5_,,,##MAPositive_Uptrend(GT4.5),##MA-SMA200LT0SMA100GT0,",0.22923147041671443,3,2,1
"PCTChangeGT3,year2Low,,,,volSellReversalLast2DayUp-VolDown,",0.4191938370126853,1,1,0
"PCTChangeLT-3,,,,volSellContinueLast2DayDown-VolUp,weekBarLowChangeLT-2,",-0.45570256963696426,6,2,4
"PCTChangeGT3,,,,##(Check-chart-sell):month3Low-InPlus,ReversalLowMonth3,(GLOBALFUTUP-UPTRENDMARKET)checkBuyConsolidationBreakUp-week2-highNotReachedWeek3,week2BarHighChangeGT2,brokenToday,##(check-chart)mayBuy-EMA6-LT-May-MT-EMA14,##UPTREND:buyMonth3LowReversal(Confirm),",0.3651651103844854,1,1,0
"PCTChangeLT-1,_HTGT1.5__LTGT1.5__LTGTPCTDayChange_,,,##MANegative_Downtrend_(LT-2),##MA-SMA200LT0SMA100LT0,",6.539078530987474,1,1,0
"PCTChangeGT5,,,,volumeUpsergedLast2n3n4DayDown,buyPatternsML,##last2DayHighGT3-M3HGT0,",1.8367360778946982,1,1,0
"PCTChangeGT0.5,_LTGT3.0_,,,%%HLTF:(SGXNIFTYUP)buyHighLowerTail-Continue,",0.3209998135594448,10,4,6
"PCTChangeGT0,_LTGT1.5_,,,%%HLTF:(GLOBAL-DOWN)sellHighLowerTail-Reversal-LastDayMarketUp,buyPatternsML,chisBuyYearHigh-3,",3.487001255173683,1,1,0
"PCTChangeGT8,_HTGT3.0__LTGT1.5_,,,##(check-chart)sellEMA6>EMA14,",0.06298605407651185,1,1,0
"PCTChangeLT-1,_HTGT1.5__LTGT1.5_,,,shortDownTrendBuyReversal-Month3Low-Doji-Last2DayLTToday,",1.6055603014575444,2,2,0
"PCTChangeLT-2,_HTGT3.0__HTGTPCTDayChange_,,,chisSell:Super03-monthLow,",0.7282026241987178,1,1,0
"PCTChangeGT3,,,,chisUpTrend-Risky-nearLow,chisBuy-2week-breakoutup(check-chart)(|-|-| or --|),",-2.190847192657604,1,0,1
"PCTChangeLT-3,PCDayChange-0.5to0.5,_LTGT3.0_,,,buyMorningStar-HighLowerTail-(checkChart),",-3.5265715225883176,1,0,1
"PCTChangeGT3,year2High,,,,VOL:sell-UpVol-3dayUp-Week2High,weekBarHighChangeGT2,brokenToday,",-0.9057691233615884,3,0,3
"PCTChangeGT5,_HTGT1.5_,,,##MAPositive_Uptrend(GT2),##MA-SMA200LT0SMA100LT0,",1.5519958214553242,5,3,2
"PCTChangeGT2,_LTGT1.5_,,,##MAPositive_Uptrend(GT2),##MA-SMA200GT0SMA100GT0,",0.4033946983883469,10,5,5
"PCTChangeLT-1,_HTGT1.5_,,,(SMA9GT0),",-0.07288673635000364,2,1,1
"PCTChangeGT2,,,,##(Check-chart-sell):month3Low-InPlus,ReversalLowMonth3,volBuyContinueLast2DayUp-VolUp,##UPTREND:buyMonth3LowReversal(Confirm),",-0.6989263719128004,1,0,1
"PCTChangeLT-2,_LTGT1.5_,,,(GLOBALFUTDOWN-DOWNTRENDMARKET)checkSellConsolidationBreakDown-week2-lowNotReachedWeek3,week2BarLowChangeLT0,chisDownTrend-Risky-nearHigh,##(Check-chart-buy):month3High-InMinus,ReversalHighMonth3,",-0.15133001432644536,3,1,2
"PCTChangeLT-2,_LTGT1.5_,,,##ML:buyRisingMA-down-0,",0.0,1,0,0
"PCDCLT0PCTChangeGT5,_HTGT3.0__LTGT1.5__HTGTPCTDayChange_,,,##MA-SMA200LT0SMA100GT0,",-4.644490325804906,1,0,1
"PCTChangeGT3,_LTGT1.5_,,,##sellRisingMAuptrend-0,",-1.1177816573891242,2,0,1
"PCTChangeLT-0.5,_HTGT1.5_,,,##MANegative_Downtrend_(LT0),##MA-SMA200LT0SMA100LT0,",-0.5260230660663016,2,0,2
"PCTChangeLT-2,,,,chisSell:Super03-monthLow,volBuyReversalLast2DayDown-VolDown,",-2.6775479797935415,3,0,3
"PCTChangeGT3,year2High,_HTGT1.5__HTGTPCTDayChange_,,,MaySellCheckChart-(IndexNotDownInSecondHalf),%%:sellUpTrend-month3High,",-2.598479293252904,1,0,1
"PCTChangeLT-2,,,,checkCupDown-2dayDown-mayReversalBuy,##DOWNTREND:sellMonth6HighReversal(InDownTrend),##(Check-chart-buy):month6High-InMinus,ReversalHighMonth6,",-3.5424851679167637,1,0,1
"PCTChangeLT-1,_LTGT1.5_,,,##MANegative_Downtrend_(LT-2),##MA-SMA200LT0SMA100LT0,",0.052539913789009476,21,12,8
"PCTChangeLT-3,_LTGT1.5_,,,weekBarLowChangeLT-2,MayBuyCheckChart-(IndexNotUpInSecondHalf),",0.1219493586842525,1,1,0
"PCTChangeLT-2,_HTGT1.5__LTGT1.5_,,,brokenToday,",-3.127622604403715,1,0,1
"PCTChangeGT2,_HTGT3.0__HTGTPCTDayChange_,,,chisUpTrend-Risky-nearLow,##(Test)buyBottomReversal-1,##UPTREND:buyYear2LowReversal(Confirm),",-1.969623666024179,1,0,1
"PCTChangeLT-2,,,,%%:checkSell:Super01-monthLow,chisSell-smallUptrendReversal,",0.3775746719669819,3,2,1
"PCTChangeGT5,_HTGT1.5__LTGT3.0_,,,%%HLTF-Risky:(GLOBAL-DOWN)sellHighLowerTail-Reversal-LastDayMarketUp,vol-sell-DownVol-3dayUp-Week2High,##MAPositive_Uptrend(GT2),##MA-SMA200LT0SMA100LT0,",3.3935468119959613,1,1,0
"PCDCGT0PCTDayChangeLT0,_HTGT3.0_,,,%%HLTF-Last2HighTail:(UPTREND)buy(DOWNTREND)sell:HighUpperTailPre-last2DayUp,##RisingMA(check-chart-sell)-MaySellCheckChart,",-4.7192863952377655,1,0,1
"PCTChangeLT-3,_LTGT1.5_,,,(GLOBAL-DOWN)maySellContinueHighVolatileLastDayDOWN-(LT-5),",-0.29845766883399794,4,2,2
"PCTChangeGT5,year2High,,,,volumeUpsergedLast2n3n4DayDown,chisCheckConsolidationBreakout2WeekGT(4.5),weekBarHighChangeGT5,",-1.7364974486040952,1,0,1
"PCTChangeLT-12,year2Low,,,,maySellHighVolatileDownContinueLT-8,",-1.4744997553180426,1,0,1
"PCDCLT0PCTChangeGT1,PCDayChange-0.5to0.5,year2High,_LTGT1.5_,,,%%HLTF:(SGXNIFTYUP)buyHighLowerTail-Continue,",0.09282298781894091,5,3,2
"PCTDayChangeLT0,year2Low,_LTGT1.5_,,,(Test)MayBuyCheckChart-last3DayDown,chisBuyYear2Low,BreakLowYear2,",1.08541912128671,1,1,0
"PCTChangeGT2,_HTGT3.0__HTGTPCTDayChange_,,,chisUpTrend-Risky-nearLow,##UPTREND:buyMonth3LowReversal(Confirm),",0.7428723206801485,1,1,0
"PCTChangeGT1,year2High,_LTGT3.0_,,,%%HLTF:(SGXNIFTYUP)buyHighLowerTail-Continue,%%:sellUpTrend-month3High,",2.357019761029421,1,1,0
"PCTChangeGT2,_HTGT1.5__HTGTPCTDayChange_,,,week2BarHighChangeGT2,",-1.795166511204826,1,0,1
"PCTChangeGT3,,,,chisUpTrend-Risky-nearLow,chisCheckConsolidationBreakoutLT(4.5),weekBarHighChangeGT2,brokenToday,",-0.5891016200294674,1,0,1
"PCTChangeLT-2,_HTGT1.5_,,,VOL:buy-UpVol-3dayDown-Week2Low,##MANegative_Downtrend_(LT-2),##MA-SMA200LT0SMA100LT0,",1.3951172982410998,1,1,0
"PCTDayChangeLT0,year2Low,_LTGT1.5_,,,shortDownTrendBuyReversal-Month3Low-Doji-Last2DayLTToday,",-1.530010798430574,1,0,1
"PCTChangeGT3,,,,volSellReversalLast2DayUp-VolDown,week2BarHighChangeGT0,",1.5170779344512246,1,1,0
"PCTChangeLT-3,_LTGT1.5_,,,##MANegative_Downtrend_(LT-4.5),##MA-SMA200GT0SMA100GT0,",-0.357886177203733,1,0,1
"PCTChangeGT1,_HTGT1.5_,,,checkCupDown-lastDayUp-near2WeekHigh-mayReveresalSell,",1.0766681216863687,1,1,0
"PCTChangeGT8,_HTGT1.5_,,,volSellRevarsalVolCrossed,%%:checkSellRevarsalLast3DayUpAtMonth3Low,volSellReversalLast2DayUp-VolDown,chisSell-2week-breakoutup,",-1.2833675564681708,1,0,1
"PCTChangeLT-1,_HTGT1.5__HTGTPCTDayChange_,,,##buyYear2LowMovingSMA,",2.669039109674106,1,1,0
"PCTChangeLT-2,,,,%%:checkSell:FlagWeek,%%HLTF-Last2DayMarketDown:(GLOBAL-UP)buyHighUpperTailPre1-Reversal-LastDayMarketDown,##(Check-chart-sell)Month3Low-Continue(InUpTrend),ReversalLowMonth3,",3.6641205843471694,1,1,0
"PCTChangeGT0,PCDayChange-0.5to0.5,,,,%%:checkSell:Super2,-+,##MANegative_Downtrend_(GT0),##MA-SMA200LT0SMA100LT0,",0.5483919935796857,2,1,1
"PCDCGT0PCTDayChangeLT0,PCDayChange-0.5to0.5,_HTGT1.5_,,,%%:checkSell:Super2,-+,",0.4633182739470628,5,3,2
"PCTChangeLT-3,_HTGT3.0__LTGT1.5_,,,%%HLTF:maySellTail-tailGT2-allDayGT0,##sellTenDaysMoreThanTen,",-0.5911315015971473,1,0,1
"PCTChangeLT-2,_LTGT1.5_,,,%%:checkSell:Flag2Week,",-0.6809739823216462,6,3,3
"PCDCLT0PCTChangeGT1,_HTGT1.5_,,,%%HLTF:(UPTREND-MorningTrend-UP)mayBuyTail-highTailGT2-7,10thDayGT10-Last2DayStockDown,",-1.4528688484330594,2,0,2
"PCTChangeLT-3,_LTGT1.5_,,,volBuyVolumeUpsergedLast2n3DayUp,(GLOBALFUTDOWN-DOWNTRENDMARKET)checkSellConsolidationBreakDown-week2-lowNotReachedWeek3,week2BarLowChangeLT-2,##last2DayLow(LT-3)-M3LGT0,",0.828251927042543,1,1,0
"PCTChangeLT-1,,,,##(Check-chart-sell)Month3Low-Continue(InUpTrend),ReversalLowMonth3,##(Test):buyRisingMA-uptrend-SMA25gt0,",-1.808003669638751,2,0,2
"PCTDayChangeLT0,_HTGT1.5__LTGT1.5__HTGTPCTDayChange__LTGTPCTDayChange_,,,chisSell-smallUptrendReversal,",-2.218969641574855,1,0,1
"PCTChangeLT-3,_HTGT1.5__LTGT1.5_,,,##DOWNTREND:sellYear2HighReversal(InDownTrend),##(Check-chart-buy):month3High-InMinus,ReversalHighMonth3,",-0.005180465112152939,3,1,2
"PCTChangeGT3,_LTGT1.5_,,,volSellVolumeUpsergedLast2n3DayDown,##(check-chart)sellEMA6>EMA14,",-1.9932022181129752,1,0,1
"PCTChangeGT3,_HTGT3.0__HTGTPCTDayChange_,,,sellEveningStar-0,chisBuyFinalContinueReversal-1,chisBuyEveningStar-0,",-0.5773056901004231,1,0,1
"PCTChangeGT3,,,,##MANegative_Downtrend_(GT1),##MA-SMA200LT0SMA100LT0,",0.988700564971756,1,1,0
"PCTChangeGT3,year2Low,_HTGT3.0_,,,##last2DayHighGT3-M3HLT0,",-4.477605353123495,1,0,1
"PCTChangeLT-3,_HTGT1.5_,,,(GLOBALFUTDOWN-DOWNTRENDMARKET)checkSellConsolidationBreakDown-week2-lowNotReachedWeek3,week2BarLowChangeLT0,%%:checkBuyRevarsalLast3DayDownAtMonth3High,",-1.825616405185625,1,0,1
"PCTChangeLT-1,_HTGT1.5__LTGT3.0_,,,mayBuyFromSellPattern-GT1.8,chisDownTrend-Risky-nearHigh,",8.766501870901324,1,1,0
"PCTChangeGT2,,,,##(Check-chart-sell):month3Low-InPlus,ReversalLowMonth3,##ML:sellRisingMAuptrend-1,##UPTREND:buyMonth3LowReversal(Confirm),",-0.969725638599806,1,0,1
"PCTChangeGT3,_HTGT1.5_,,,##last2DayHighGT3-M3HGT0,",-1.1921621169035659,3,0,3
"PCTChangeLT-2,,,,volSellContinueLast2DayDown-VolUp,chisDownTrend-Risky-nearHigh,##(Check-chart-buy):month3High-InMinus,NearHighMonth3,",-0.5706136809066742,1,0,1
"PCTChangeLT-2,_LTGT1.5_,,,buyMorningStar-HighLowerTail-(checkChart),",-0.4396735946639232,4,3,1
"PCDCLT0PCTChangeGT1,_LTGT3.0_,,,%%HLTF-Last2DayMarketUp:(GLOBAL-DOWN)sellHighLowerTail-Reversal-LastDayMarketUp,##RisingMA(check-chart-buy)-MayBuyCheckChart,",7.2792616158601415,1,1,0
"PCTChangeLT-0.5,_HTGT1.5__LTGT3.0__HTGTPCTDayChange__LTGTPCTDayChange_,,,chisSell:Super03-monthLow,##MANegative_Downtrend_(LT-1),##MA-SMA200GT0SMA100LT0,",0.060483870967737656,1,1,0
"PCTDayChangeLT0,_LTGT3.0_,,,%%:checkSell:Super01-monthLow,%%HLTF:(GLOBAL-UP)buyHighLowerTail-LastDayMarketUp,",-0.6311850972694902,1,0,1
"PCTChangeLT-3,_HTGT1.5__LTGT1.5_,,,VOL:sell(GLOBALFUTUP-GLOBALMARKETUP)Buy-UpVol-3dayDown-Week2High,(GLOBALFUTDOWN-DOWNTRENDMARKET)checkSellConsolidationBreakDown-week2-lowNotReachedWeek3,week2BarLowChangeLT-5,",-0.3588220932904317,1,0,1
"PCTChangeGT0.5,,,,week2BarHighChangeGT0,",0.4407128817383143,7,4,3
"PCTChangeGT8,_HTGT3.0_,,,%%HLTF-Last2HighTail:(UPTREND)buy(DOWNTREND)sell:HighUpperTailPre-last2DayUp,VOL:buyBelowTail-SellAtClose:upVol3dayUpWeek2High-highUpperTail,##MAPositive_Uptrend(GT4.5),##MA-SMA200LT0SMA100GT0,",-1.3984650944384687,1,0,1
"PCTChangeGT5,year2Low,_HTGT1.5__LTGT3.0__LTGTPCTDayChange_,,,zigZagVolCrossedFromDown,",12.772025125309746,1,1,0
"PCTChangeGT2,_LTGT1.5_,,,volSellRevarsalVolCrossed,%%:checkSellRevarsalLast3DayUpAtMonth3Low,##(Check-chart-sell):month3Low-InPlus,ReversalLowMonth3,chisBuyUpTrend-1-YearHigh,(GLOBALFUTUP-UPTRENDMARKET)checkBuyConsolidationBreakUp-week2-highNotReachedWeek3,week2BarHighChangeGT0,",1.822335405534015,1,1,0
"PCTChangeGT0.5,year2Low,,,,(Test)MaySell-CheckChart(downTrend-lastDayUp),",0.863310816190788,1,1,0
"PCTChangeGT3,,,,##(Test)(check-chart)-sellSMADownTrend-2DayUp-weekHighTouch,",-2.6892348720432446,1,0,1
"PCTChangeLT-2,_LTGT1.5_,,,(GLOBALFUTDOWN-DOWNTRENDMARKET)checkSellConsolidationBreakDown-week2-lowNotReachedWeek3,week2BarLowChangeLT0,##DOWNTREND:sellMonth6HighReversal(InDownTrend),##(Check-chart-buy):month3High-InMinus,ReversalHighMonth3,",5.135618712977207,1,1,0
"PCTChangeLT-3,_LTGT1.5_,,,(GLOBALFUTDOWN-DOWNTRENDMARKET)checkSellConsolidationBreakDown-week2-lowNotReachedWeek3,week2BarLowChangeLT0,chisDownTrend-Risky-nearHigh,##DOWNTREND:sellYear2HighReversal(InDownTrend),##last2DayLow(LT-3)-M3LGT0,",5.584107874913877,1,1,0
"PCTChangeGT3,,,,##(Check-chart-sell):month3Low-InPlus,ReversalLowMonth3,weekBarHighChangeGT2,##UPTREND:buyYear2LowReversal(Confirm),",-2.6096477843167554,1,0,1
"PCTChangeLT-5,_LTGT3.0_,,,##MANegative_Downtrend_(LT-2),##MA-SMA200GT0SMA100LT0,",1.101711224298594,3,1,2
"PCTChangeLT-3,_HTGT3.0__LTGT1.5__HTGTPCTDayChange_,,,%%HLTF:maySellTail-tailGT2-7,10thDayGT20,",-5.9742280625805435,1,0,1
"PCTChangeGT1,,,,week2BarHighChangeGT0,chisBuyYearHigh-3,",0.25695757272832087,4,2,2
"PCTChangeGT1,,,,(Test)MaySell-CheckChart(downTrend-lastDayUp),##MANegative_Downtrend_(GT2),##MA-SMA200LT0SMA100LT0,",-2.819636096693065,1,0,1
"PCTChangeLT-3,,,,checkCupDown-near2WeekDown-mayReveresalBuy,week2BarLowChangeLT-2,",4.844054575547895,1,1,0
"PCDCGT0PCTChangeLT-1,PCDayChange-0.5to0.5,,,,%%:checkSell:Super2,-+,",-3.3398220021481713,2,0,2
"PCTChangeLT-3,,,,volSellContinueLast2DayDown-VolUp,(GLOBALFUTDOWN-DOWNTRENDMARKET)checkSellConsolidationBreakDown-week2-lowNotReachedWeek3,week2BarLowChangeLT0,chisDownTrend-Risky-nearHigh,##DOWNTREND:sellMonth6HighReversal(InDownTrend),##(Check-chart-buy):month3High-InMinus,ReversalHighMonth3,##(check-chart)maySell-EMA6-MT-May-LT-EMA14,",0.016859289365514334,1,1,0
"PCTChangeLT-3,_HTGT3.0__HTGTPCTDayChange_,,,chisSellFlagWeek-Risky,volBuyReversalLast2DayDown-VolUp,##last2DayLow(LT-3)-M3LGT0,",-5.817058128051126,1,0,1
"PCTChangeLT-1,year2Low,_LTGT1.5_,,,weekBarLowChangeLT0,brokenToday,(Test)(check-chart-2-3MidCapCross)MayBuyCheckChart-Risky,MayBuyCheckChart-(IndexNotUpInSecondHalf),",0.22031285213882984,1,1,0
"PCTChangeGT8,_HTGT1.5_,,,$$MaySell-CheckChart-baseLine(inDownTrend-monthHigh)-MLCGT10,##last2DayHighGT3-M3HLT0,",6.288692609104367,1,1,0
"PCTChangeGT12,_HTGT1.5_,,,volumeUpsergedLast2n3n4DayDown,",6.312503814697264,1,1,0
"PCTChangeLT-3,_HTGT1.5__LTGT1.5_,,,##MANegative_Downtrend_(LT-4.5),##MA-SMA200LT0SMA100LT0,##DOWNTREND:sellYearLowBreak,##last3DayLow(LT-3)-M3LLT0,",-2.3773353192748785,1,0,1
"PCTChangeLT-3,_HTGT3.0_,,,%%HLTF-Last2HighTail:(DOWNTREND)sellHighUpperTailPre,",4.576469870174625,1,1,0
"PCTChangeGT2,,,,volBuyContinueLast2DayUp-VolUp,weekBarHighChangeGT2,brokenToday,",-1.2412652602695002,1,0,1
"PCTChangeLT-3,,,,##DOWNTREND:sellYear2HighReversal(InDownTrend),volBuyRevarsalVolCrossed,chisSellDayLowVolLow-03-checkMorningTrend(.5SL),##(Check-chart-buy):month3High-InMinus,ReversalHighMonth3,",-1.355928755075918,1,0,1
"PCDCLT0PCTChangeGT0,year2High,_HTGT3.0__HTGTPCTDayChange_,,,%%HLTF-Risky9:30:maySellTail-tailGT2-7,10thDayGT15,",-4.465398394566929,1,0,1
"PCTChangeGT3,year2Low,_LTGT1.5_,,,volSellReversalLast2DayUp-VolDown,chisSellYear2LowContinue,",-0.7201349286518003,1,0,1
"PCDCGT0PCTDayChangeLT0,_LTGT1.5_,,,buyYearHigh-0,",1.3417644655995609,1,1,0
"PCTChangeLT-2,_HTGT3.0__HTGTPCTDayChange_,,,chisSellDownTrend-nearHigh,##(Check-chart-buy):month6High-InMinus,NearHighMonth6,",-2.673174310622383,1,0,1
"PCTChangeGT16,_LTGT1.5_,,,##MAPositive_Uptrend(GT2),##MA-SMA200LT0SMA100GT0,",-0.6235775979516552,1,0,1
"PCTChangeGT0,PCDayChange-0.5to0.5,_HTGT3.0_,,,buyYearHigh-0,",-0.7112375224676295,1,0,1
"PCTDayChangeLT0,PCDayChange-0.5to0.5,_LTGT1.5_,,,##buyYear2LowMovingSMA,",-0.31744869035547446,2,1,1
"PCTChangeLT-1,_HTGT1.5_,,,(GLOBALFUTDOWN-DOWNTRENDMARKET)checkSellConsolidationBreakDown-week2-lowNotReachedWeek3,week2BarLowChangeLT0,volBuyRevarsalVolCrossed,##(Check-chart-buy):month3High-InMinus,ReversalHighMonth3,",-1.3650961442109513,1,0,1
"PCTChangeLT-2,,,,volSellContinueLast2DayDown-VolUp,(SMA9LT0),chisSellDownTrend-nearHigh,",-2.288836136604965,1,0,1
"PCDCLT0PCTChangeGT1,PCDayChange-0.5to0.5,,,,%%:checkBuyContinue:CupDownDoji-last2dayUp,",-0.3345089525870562,1,0,1
"PCTChangeLT-3,,,,volSellContinueLast2DayDown-VolUp,##DOWNTREND:sellMonth3HighReversal(InDownTrend),##(Check-chart-buy):month3High-InMinus,ReversalHighMonth3,",0.48101111303401284,1,1,0
"PCTChangeLT-2,_LTGT1.5_,,,VOL:sell(GLOBALFUTUP-GLOBALMARKETUP)Buy-UpVol-3dayDown-Week2High,chisSellDownTrend-nearHigh,##DOWNTREND:sellYearHigh(InDownTrend),##(Check-chart-buy):month3High-InMinus,NearHighMonth3,",1.4320318169448538,1,1,0
"PCTDayChangeLT0,,,,%%:sellDowntrend-lastDayDown-ReversalHighTail,",-1.2208235797906617,4,2,2
"PCTChangeLT-3,,,,volSellContinueLast2DayDown-VolUp,chisSellFinalCandidate-4,sellFinal,",5.376378459065323,1,1,0
"PCTChangeLT-3,_LTGT3.0_,,,##MANegative_Downtrend_(LT-4.5),##MA-SMA200GT0SMA100GT0,##last2DayLow(LT-3)-M3LGT0,",-0.9885029409123598,1,0,1
"PCTChangeLT-5,,,,VOL:buy-UpVol-3dayDown-Week2Low,##MANegative_Downtrend_(LT-4.5),##MA-SMA200GT0SMA100LT0,",1.3566166670897615,1,1,0
"PCTChangeGT2,year2High,_HTGT3.0__HTGTPCTDayChange_,,,weekBarHighChangeGT0,brokenToday,",2.803991552587746,2,2,0
"PCTChangeLT-3,,,,%%checkCupDown-2dayDown-continue,##longDownTrend-2-IndexNotDownLastDay(checkBase),##last2DayLow(LT-3)-M3LGT0,",5.415731708655179,1,1,0
"PCTChangeLT-3,,,,weekBarLowChangeLT-2,##longDownTrend-1-IndexNotDownLastDay(checkBase),",0.9899029775452505,1,1,0
"PCTChangeGT1,_LTGT1.5_,,,##(Check-chart-sell):month3Low-InPlus,ReversalLowMonth3,",-2.264148384270183,1,0,1
"PCTChangeGT3,_HTGT1.5_,,,chisUpTrend-Risky-nearLow,##last2DayHighGT3-M3HLT0,",4.259354701433192,1,1,0
"PCTChangeGT3,,,,sellHeavyUpTrend-Reversal,vol-sell-DownVol-3dayUp-Week2High,##MAPositive_Uptrend(GT2),##MA-SMA200GT0SMA100GT0,",-3.295644644145368,1,0,1
"PCTChangeGT3,,,,weekBarHighChangeGT2,brokenToday,chisBuy-2week-breakoutup(check-chart)(|-|-| or --|),",0.2722573676803452,5,2,3
"PCTChangeLT-5,_LTGT3.0_,,,##MANegative_Downtrend_(LT-4.5),##MA-SMA200GT0SMA100LT0,##DOWNTREND:sellMonth3LowBreak,##last2DayLow(LT-3)-M3LLT0,",3.1336195536006515,1,1,0
"PCTChangeGT2,,,,chisBuyUpTrend-1-YearHigh,chisCheckConsolidationBreakoutLT(4.5),checkBuyConsolidationBreakUp-2week,week2BarHighChangeGT0,brokenToday,",-1.2701117207885413,2,1,1
"PCDCGT0PCTChangeLT-3,_HTGT1.5__LTGT1.5_,,,%%HLTF-Last2LowTail:(DOWNTREND)sellHighLowerTailPre-1,",-0.8423237355630732,3,1,2
"PCTChangeLT-3,year2High,_LTGT3.0_,,,volSellContinueLast2DayDown-VolUp,",-0.7419381505039774,2,1,1
"PCTChangeLT-3,,,,%%:checkSell:Super0,##MANegative_Downtrend_(LT-1),##MA-SMA200LT0SMA100LT0,",1.9161179648032152,1,1,0
"PCTChangeLT-1,_HTGT1.5_,,,chisSell:Super03-monthLow,##MANegative_Downtrend_(LT-1),##MA-SMA200LT0SMA100LT0,",0.7164652754620886,1,1,0
"PCTChangeGT3,,,,chisUpTrend-Risky-nearLow,(GLOBALFUTUP-UPTRENDMARKET)checkBuyConsolidationBreakUp-week2-highNotReachedWeek3,week2BarHighChangeGT0,chisFinalBreakOutBuy-1test-atYearLow,##(check-chart)mayBuy-EMA6-LT-May-MT-EMA14,##UPTREND:buyYear2LowReversal(Confirm),##last2DayHighGT3-M3HLT0,",1.3902518254143035,1,1,0
"PCDCLT0PCTChangeGT3,,,,(Test)MayBuy-CheckChart(upTrend-lastDayDown),",-3.617574930953482,1,0,1
"PCTDayChangeLT0,_HTGT3.0__HTGTPCTDayChange_,,,(GLOBALFUTDOWN-DOWNTRENDMARKET)checkSellConsolidationBreakDown-week2-lowNotReachedWeek3,week2BarLowChangeLT0,",-2.120209705058351,1,0,1
"PCTChangeLT-2,,,,chisSellDownTrend-nearHigh,##DOWNTREND:sellYearHigh(InDownTrend),##(Check-chart-buy):month3High-InMinus,BreakHighMonth3,",-1.7503973255044893,2,1,1
"PCTChangeGT5,_HTGT1.5_,,,volBuyContinueLast2DayUp-VolUp,BuyYearLow,",-2.0250547405075774,1,0,1
"PCTChangeLT-5,_LTGT1.5_,,,(GLOBAL-DOWN)maySellContinueHighVolatileLastDayDOWN-(LT-5),chisBuy-smallUptrendContinue,",-0.9594379445265437,1,0,1
"PCTChangeLT-1,,,,week2BarLowChangeLT-2,",-0.7404922759985243,1,0,1
"PCTChangeGT3,_LTGT1.5_,,,checkBuyConsolidationBreakout-allPreLT0,weekBarHighChangeGT2,brokenToday,",-0.7430521647135371,1,0,1
"PCTChangeGT0.5,_HTGT3.0_,,,chisSellEveningStar-2(Check2-3MidCapCross),",1.3553048489778696,2,2,0
"PCTChangeLT-5,_LTGT3.0_,,,%%HLTF:(GLOBAL-DOWN)sellHighLowerTail-Reversal-LastDayMarketUp,volBuyReversalLast2DayDown-VolDown,chisSellDownTrend-nearHigh,",2.1997610671232253,1,1,0
"PCTChangeGT0,PCDayChange-0.5to0.5,_HTGT3.0__LTGT1.5_,,,%%HLTF-Last2HighTail:(UPTREND)buy(DOWNTREND)sell:HighUpperTailPre-last2DayUp,",-4.749756554935044,1,0,1
"PCTChangeGT2,_HTGT1.5_,,,volSellReversalLast2DayUp-VolDown,chisCheckConsolidationBreakoutLT(4.5),checkBuyConsolidationBreakUp-2week,week2BarHighChangeGT2,brokenToday,",-0.3913511491580726,1,0,1
"PCTChangeGT5,_LTGT1.5_,,,##UPTREND:buyMonth6LowReversal(Confirm),",0.07453538165341356,2,1,1
"PCTChangeGT3,_HTGT1.5__LTGT1.5_,,,##(check-chart)sellEMA6>EMA14,",3.100617765068125,2,2,0
"PCTChangeGT5,_LTGT3.0_,,,##MAPositive_Uptrend(GT4.5),##MA-SMA200LT0SMA100GT0,",-6.166570249719901,1,0,1
"PCTChangeLT-3,_HTGT3.0__HTGTPCTDayChange_,,,chisDownTrend-Risky-nearHigh,##DOWNTREND:sellYear2HighReversal(InDownTrend),##(Check-chart-buy):YearHigh-InMinus,ReversalHighYear,",0.38270110278394476,1,1,0
"PCTChangeGT3,,,,(SMA9GT0),##RisingMA(Test)(check-chart-buy)-2DayUp,",4.0439735031942075,1,1,0
"PCTChangeLT-2,,,,volSellVolumeUpsergedLast2n3DayUp,(GLOBALFUTDOWN-DOWNTRENDMARKET)checkSellConsolidationBreakDown-week2-lowNotReachedWeek3,week2BarLowChangeLT0,weekLowLTweek2Low,",-0.3193517676383142,2,1,1
"PCTChangeGT3,year2High,_HTGT1.5_,,,chisCheckConsolidationBreakoutGT(4.5),",-1.7711328674828182,1,0,1
"PCTChangeGT2,_HTGT3.0_,,,%%HLTF-Last2HighTail:(UPTREND)buy(DOWNTREND)sell:HighUpperTailPre-last2DayUp,%%HLTF:maySellTail-tailGT2-7,10thDayGT20,%%HLTF:(UPTREND-GLOBAL/SGX-UP)BuyHighUpperTail-Reversal-7,10thDayGT15-LastDayMarketDown,##RisingMA(check-chart-sell)-MaySellCheckChart,",1.5559489825008976,1,1,0
"PCDCGT0PCTDayChangeLT0,PCDayChange-0.5to0.5,_HTGT1.5__LTGT1.5_,,,%%HLTF:maySellTail-tailGT2-7,10thDayGT20,##MAPositive_Uptrend(GT0),##MA-SMA200LT0SMA100GT0,",0.055039133294048456,1,1,0
"PCTChangeGT0,,,,chisSellFlag2Week-doji-Risky,chisFinalBreakOutBuyContinue-1-test-atYearLow,chisFinalBreakOutBuyContinue-0-test-atYearLow,",-0.651855468749994,1,0,1
"PCTChangeLT-3,,,,chisDownTrend-Risky-nearHigh,##(check-chart)buyEMA6<EMA14,",-0.4228274093238168,2,0,2
"PCTChangeLT-3,,,,weekBarLowChangeLT-2,##last2DayLow(LT-3)-M3LGT0,",-0.3271859203456997,17,6,11
"PCTChangeLT-1,_LTGT1.5_,,,shortDownTrendSellContinue-Doji-Last2DayLTToday,$$MayBuy-CheckChart(downTrend-mayReverseLast4DaysDown),",-3.1707317073170698,1,0,1
"PCTChangeGT5,year2High,_HTGT1.5__LTGT3.0_,,,%%HLTF-Risky:(GLOBAL-DOWN)sellHighLowerTail-Reversal-LastDayMarketUp,",-0.37083307902017104,1,0,1
"PCTChangeGT5,_LTGT1.5_,,,##(check-chart)sellEMA6>EMA14,",-0.8641937632619633,1,0,1
"PCTChangeGT2,year2High,_HTGT1.5__HTGTPCTDayChange_,,,%%HLTF:(DOWNTREND-OR-GLOBALDOWN)maySellTail-tailGT2-2,3,4thDayGT0,",1.7057206650083658,1,1,0
"PCTChangeGT2,,,,shortUpTrendSellReversal-MonthHigh,",-0.6874847911963651,16,4,12
"PCTChangeLT-1,_LTGT1.5_,,,(GLOBALFUTDOWN-DOWNTRENDMARKET)checkSellConsolidationBreakDown-week2-lowNotReachedWeek3,week2BarLowChangeLT0,weekLowLTweek2Low,(Test)(check-chart-2-3MidCapCross)MayBuyCheckChart-Risky,",0.36697621010130804,1,1,0
"PCTChangeLT-8,year2Low,_HTGT3.0_,,,chisBuyDayLowVolLow,",-3.330279709002289,1,0,1
"PCTChangeGT2,_HTGT1.5_,,,##(Check-chart-sell):month3Low-InPlus,ReversalLowMonth3,volBuyContinueLast2DayUp-VolUp,",-0.9340642572759211,1,0,1
"PCTChangeLT-1,_HTGT1.5_,,,chisSellDownTrend-nearHigh,",-0.46245376517391945,10,5,5
"PCTChangeGT0.5,_HTGT3.0_,,,shortUpTrendSellReversal-Month3High-Doji-Last2DayGTToday,chisSellEveningStar-2(Check2-3MidCapCross),",-2.7916515039208534,1,0,1
"PCTChangeGT2,,,,chisBuyUpTrend-1-YearHigh,weekBarHighChangeGT0,brokenToday,",-2.6980787858430904,3,0,3
"PCTChangeLT-2,,,,(GLOBALFUTDOWN-DOWNTRENDMARKET)checkSellConsolidationBreakDown-week2-lowNotReachedWeek3,week2BarLowChangeLT-2,weekLowLTweek2Low,",-0.04540966318048882,71,29,42
"PCTChangeLT-8,_LTGT3.0_,,,##MANegative_Downtrend_(LT-4.5),##MA-SMA200LT0SMA100LT0,chisSellDayLowVolLow-01,",7.888887193467878,1,1,0
"PCTChangeGT5,_HTGT3.0_,,,%%HLTF-Last2HighTail:(UPTREND)buy(DOWNTREND)sell:HighUpperTailPre-last2DayUp,VOL:buyBelowTail-SellAtClose:upVol3dayUpWeek2High-highUpperTail,##MAPositive_Uptrend(GT4.5),##MA-SMA200LT0SMA100GT0,",-1.0484945506103323,1,0,1
"PCTDayChangeLT0,PCDayChange-0.5to0.5,year2High,_HTGT1.5__LTGT3.0_,,,%%HLTF-Last2DayMarketUp:(GLOBAL-DOWN)sellHighLowerTail-Reversal-LastDayMarketUp,",0.23354694342157903,1,1,0
"PCTChangeGT3,_HTGT3.0__HTGTPCTDayChange_,,,%%HLTF-Last2HighTail:(UPTREND)buy(DOWNTREND)sell:HighUpperTailPre-last2DayUp,%%HLTF-Risky9:30:maySellTail-tailGT2-7,10thDayGT15,%%HLTF:(UPTREND-GLOBAL/SGX-UP)BuyHighUpperTail-Reversal-7,10thDayGT15-LastDayMarketDown,##MAPositive_Uptrend(GT2),##MA-SMA200LT0SMA100LT0,",-2.181818181818191,1,0,1
"PCTChangeGT0,PCDayChange-0.5to0.5,_LTGT1.5_,,,chisSellFlag2Week-doji-Risky,shortUpTrendBuyContinue-Doji-Last2DayGTToday,",10.31347192083284,1,1,0
"PCTChangeGT2,,,,chisCheckConsolidationBreakoutLT(4.5),checkBuyConsolidationBreakUp-2week,week2BarHighChangeGT2,brokenToday,",0.6738544157652692,1,1,0
"PCTChangeGT3,,,,##(Check-chart-sell):month3Low-InPlus,NearLowMonth3,chisBuyUpTrend-nearLow,chisBuyFinalCandidate-(lastDayDown),buyFinal1,##UPTREND:buyMonth6Low,",-0.6862715178845027,1,0,1
"PCTChangeGT2,,,,week2BarHighChangeGT0,brokenToday,",-0.02605683591737647,75,29,46
"PCTChangeLT-2,,,,volBuyVolumeUpsergedLast2n3DayUp,(GLOBALFUTDOWN-DOWNTRENDMARKET)checkSellConsolidationBreakDown-week2-lowNotReachedWeek3,week2BarLowChangeLT-2,weekLowLTweek2Low,chisDownTrend-Risky-nearHigh,##DOWNTREND:sellYear2HighReversal(InDownTrend),##(Check-chart-buy):YearHigh-InMinus,ReversalHighYear,",1.7137429107376527,1,1,0
"PCTChangeGT2,,,,chis-breakoutup-2week,",-0.3030601523702759,23,12,11
"PCTChangeGT3,,,,chisBuyUpTrend-nearLow,checkBuyConsolidationBreakout-allPreLT0,",-1.7416611771568529,1,0,1
"PCTChangeGT2,,,,(SMA9LT0),maySellFromBuyPattern-LT-1.8,chisBuyDownTrend-Risky-1,",-4.042640099158651,1,0,1
"PCTChangeEQ0,,,,##MA-SMA200LT0SMA100LT0,",2.686664872809531,1,1,0
"PCTChangeGT1,,,,##(Check-chart-sell):month3Low-InPlus,ReversalLowMonth3,chisCheckConsolidationBreakoutLT(4.5),",1.2070087843488577,1,1,0
"PCTChangeGT5,_HTGT1.5_,,,volumeUpsergedLast2n3n4DayDown,volBuyContinueLast2DayUp-VolUp,",-1.1723791260472094,7,2,5
"PCTChangeLT-2,_LTGT1.5_,,,(GLOBALFUTDOWN-DOWNTRENDMARKET)checkSellConsolidationBreakDown-week2-lowNotReachedWeek3,week2BarLowChangeLT0,weekLowLTweek2Low,",0.355642032872732,7,4,3
"PCTChangeLT-1,PCDayChange-0.5to0.5,_HTGT1.5_,,,%%:checkSell:Super0,",-2.7406696087270994,2,0,2
"PCTChangeGT5,,,,(GLOBALFUTUP-UPTRENDMARKET)checkBuyConsolidationBreakUp-week2-highNotReachedWeek3,week2BarHighChangeGT2,weekHighGTweek2High,brokenToday,chisBuy-2week-breakoutup(check-chart)(|-|-| or --|),",0.5089195420384006,1,1,0
"PCTChangeGT2,,,,(GLOBALFUTUP-UPTRENDMARKET)checkBuyConsolidationBreakUp-week2-highNotReachedWeek3,week2BarHighChangeGT0,weekHighGTweek2High,##(check-chart)sellEMA6>EMA14,",-1.269395636825763,1,0,1
"PCTChangeGT3,,,,chisBuyUpTrend-nearLow,volBuyVolumeUpsergedLast2n3DayDown,",-0.8660292006365564,1,0,1
"PCTChangeGT3,_HTGT1.5__LTGT3.0_,,,%%HLTF:(GLOBAL-DOWN)sellHighLowerTail-Reversal-LastDayMarketUp,",-0.8909571113356645,4,2,2
"PCTChangeLT-1,,,,checkSellConsolidationBreakDown-2week,week2BarLowChangeLT-2,weekLowLTweek2Low,",-1.9866017995627054,2,1,1
"PCTChangeGT2,year2High,_HTGT3.0__LTGT1.5__HTGTPCTDayChange__LTGTPCTDayChange_,,,weekBarHighChangeGT0,brokenToday,",-1.5629212169105153,1,0,1
"PCTChangeGT3,_HTGT1.5_,,,##(Check-chart-sell):month3Low-InPlus,ReversalLowMonth3,##UPTREND:buyMonth3LowReversal(Confirm),",1.073345259391771,1,1,0
"PCTChangeLT-2,,,,weekBarLowChangeLT0,brokenToday,##DOWNTREND:sellYear2HighReversal(InDownTrend),##(Check-chart-buy):month3High-InMinus,ReversalHighMonth3,",-0.4119227256211196,4,1,3
"PCTChangeGT12,_LTGT3.0_,,,%%HLTF-Risky:(GLOBAL-DOWN)sellHighLowerTail-Reversal-LastDayMarketUp,##MAPositive_Uptrend(GT4.5),##MA-SMA200LT0SMA100LT0,##last2DayHighGT3-M3HLT0,",-5.4045617827736,1,0,1
"PCTChangeGT2,_HTGT1.5__LTGT3.0_,,,##MA-SMA200LT0SMA100LT0,",4.313140835085804,2,1,1
"PCTChangeLT-2,year2High,,,,volSellVolumeUpsergedLast2n3DayUp,##sellTenDaysMoreThanTen,",-1.595669892703923,2,1,1
"PCDCGT0PCTDayChangeLT0,,,,%%:checkSell:Super2,-+,",0.28209622131578543,3,2,1
"PCTChangeLT-1,_LTGT1.5_,,,(GLOBALFUTDOWN-DOWNTRENDMARKET)checkSellConsolidationBreakDown-week2-lowNotReachedWeek3,week2BarLowChangeLT0,weekLowLTweek2Low,chisDownTrend-Risky-nearHigh,",0.5847582503045538,9,4,5
"PCTChangeLT-3,,,,checkCupDown-near2WeekDown-mayReveresalBuy,(GLOBALFUTDOWN-DOWNTRENDMARKET)checkSellConsolidationBreakDown-week2-lowNotReachedWeek3,week2BarLowChangeLT0,weekLowLTweek2Low,chisDownTrend-Risky-nearHigh,",0.815043848792118,1,1,0
"PCTChangeLT-1,_LTGT1.5_,,,volBuyReversalLast2DayDown-VolUp,(GLOBALFUTDOWN-DOWNTRENDMARKET)checkSellConsolidationBreakDown-week2,weekBarLowChangeLT-2,",0.7642747754541772,1,1,0
"PCTChangeLT-1,,,,chisSellFlag2Week-Risky,##(Check-chart-buy):month6High-InMinus,ReversalHighMonth6,",-2.2496950281533987,1,0,1
"PCDCGT0PCTChangeLT-5,PCDayChange-0.5to0.5,_HTGT1.5__LTGT1.5_,,,%%:checkSell:Super-Risky,-+,%%HLTF-Last2LowTail:(DOWNTREND)sellHighLowerTailPre-1,",-3.982422981605558,1,0,1
"PCTChangeLT-2,_HTGT3.0__HTGTPCTDayChange_,,,%%:checkSell:Super0,weekBarLowChangeLT-2,##MANegative_Downtrend_(LT-2),##MA-SMA200LT0SMA100LT0,",0.2084491454823339,1,1,0
"PCTChangeGT3,,,,volSellVolumeUpsergedLast2n3DayDown,checkBuyConsolidationBreakout-allPreLT0,checkBuyConsolidationBreakUp-2week,week2BarHighChangeGT2,brokenToday,",-0.9141119272430847,1,0,1
"PCTChangeGT3,_HTGT1.5_,,,chisSellYear2LowLT-40-last3DayDown(triggerAfter-9:15),",-3.06249618530274,1,0,1
"PCTChangeGT5,_LTGT3.0_,,,##MANegative_Downtrend_(GT1),##MA-SMA200LT0SMA100LT0,",-1.6290283203125004,1,0,1
"PCTChangeGT2,_HTGT1.5__HTGTPCTDayChange_,,,volSellReversalLast2DayUp-VolUp,chisSellFinalContinue-(lastDayUp)-1,",6.1039526491883525,1,1,0
"PCTChangeLT-3,year2High,_LTGT1.5_,,,(Test)sellUptrendReversal,",1.772676664435127,1,1,0
"PCTDayChangeLT0,,,,%%:checkSell:CupDownDoji-last2lastDayLT0orTodayGT0,",-0.5193107991787659,12,4,8
"PCTChangeLT-3,,,,chisSellFlagWeek-Risky,chisBuyFinalContinue-(lastDayUp),##sellTenDaysMoreThanTen,",0.4294459805166795,1,1,0
"PCTChangeLT-2,,,,checkCupDown-2dayDown-mayReversalBuy,##DOWNTREND:sellMonth6HighReversal(InDownTrend),##(Check-chart-buy):month3High-InMinus,ReversalHighMonth3,",2.585676318579413,3,3,0
"PCDCLT0PCTChangeGT0,PCDayChange-0.5to0.5,year2High,_LTGT3.0_,,,%%HLTF:(GLOBAL-DOWN)sellHighLowerTail-Reversal-LastDayMarketUp,",-0.3656037869247644,3,2,1
"PCTChangeGT5,,,,chisCheckConsolidationBreakoutLT(4.5),chisSell-2week-breakoutup,",3.0620307440175654,1,1,0
"PCTChangeGT3,_HTGT1.5_,,,##MAPositive_Uptrend(GT2),##MA-SMA200LT0SMA100GT0,",-1.382770529338444,7,2,5
"PCTChangeLT-3,_LTGT3.0_,,,chisSellFlag2Week-Risky,buyMorningStar-HighLowerTail,",8.272585477623183,1,1,0
"PCDCGT0PCTDayChangeLT0,_HTGT1.5_,,,##MANegative_Downtrend_(GT0),##MA-SMA200LT0SMA100LT0,",3.2156850777420356,1,1,0
"PCTChangeLT-2,year2High,_HTGT1.5_,,,zigZagVolCrossedFromUp,",-0.8678344444852372,1,0,1
"PCTChangeGT3,,,,sellHeavyUpTrend-Reversal-(Risky),weekBarHighChangeGT2,",-0.5307245520905999,1,0,1
"PCTChangeLT-0.5,_LTGT1.5_,,,%%HLTF:(GLOBAL-DOWN)sellHighLowerTail-Reversal-LastDayMarketUp,chisSellFinalCandidate-(lastDayDown)-(buyPattern),(Test)(check-chart-2-3MidCapCross)MayBuyCheckChart-Risky,",0.5904522613065297,1,1,0
"PCTChangeGT2,year2Low,,,,volSellReversalLast2DayUp-VolDown,",0.28650891084072366,4,3,1
"PCTDayChangeLT0,PCDayChange-0.5to0.5,year2High,_LTGT1.5_,,,##(Test)(check-chart)-buySMAUpTrend,",0.7778074096575951,1,1,0
"PCTChangeGT2,_HTGT1.5_,,,##MAPositive_Uptrend(GT2),##MA-SMA200LT0SMA100LT0,",-1.7931311357929187,3,0,3
"PCTChangeLT-8,,,,maySellHighVolatileDownContinueLT-8,",-0.6732071811715353,29,13,16
"PCTChangeLT-2,,,,volBuyReversalLast2DayDown-VolDown,chisBuyFinalContinue-3,",0.7486267172121509,6,4,2
"PCDCGT0PCTDayChangeLT0,_HTGT1.5__LTGT3.0__HTGTPCTDayChange__LTGTPCTDayChange_,,,%%HLTF:(GLOBAL-DOWN)sellHighLowerTail-Reversal-LastDayMarketUp,",0.36559402301746785,1,1,0
"PCTChangeLT-3,,,,##MANegative_Downtrend_(LT-4.5),##MA-SMA200LT0SMA100LT0,##last2DayLow(LT-3)-M3LLT0,chisBuyDayLowVolLow-01,",-0.2608372397116826,1,0,1
"PCTChangeLT-2,_HTGT1.5__LTGT1.5_,,,checkCupDown-inDownTrend-month3HighLTmonth3Low,bar_low,",1.3375835054239713,1,1,0
"PCTChangeGT3,_HTGT1.5_,,,volSellVolumeUpsergedLast2n3DayDown,chisCheckConsolidationBreakoutLT(4.5),(GLOBALFUTUP-UPTRENDMARKET)checkBuyConsolidationBreakUp-week2-highNotReachedWeek3,week2BarHighChangeGT2,weekHighGTweek2High,",0.6101281496273653,1,1,0
"PCTChangeLT-2,,,,checkCupDown-upTrendLastDayDown-mayReversalBuy,",0.09857558164195371,1,1,0
"PCTChangeGT2,_HTGT1.5__LTGT1.5__LTGTPCTDayChange_,,,weekBarHighChangeGT2,",-1.2564432989690724,1,0,1
"PCTChangeLT-8,year2Low,,,,maySellHighVolatileDownContinueLT-8,",0.43149718296588296,6,2,4
"PCTChangeGT5,_HTGT1.5_,,,chisSellDayHighVolLow-01-checkMorningTrend(.5SL),weekBarHighChangeGT2,brokenToday,",-1.274722591861272,1,0,1
"PCTChangeGT2,_HTGT1.5__LTGT1.5_,,,(GLOBALFUTUP-UPTRENDMARKET)checkBuyConsolidationBreakUp-week2-highNotReachedWeek3,week2BarHighChangeGT2,",0.9126996237134058,1,1,0
"PCTChangeGT12,_HTGT1.5__LTGT3.0__HTGTPCTDayChange__LTGTPCTDayChange_,,,volSellReversalLast2DayUp-VolUp,##MAPositive_Uptrend(GT1),##MA-SMA200GT0SMA100GT0,",5.00000141285083,1,1,0
"PCTChangeGT1,PCDayChange-0.5to0.5,_LTGT3.0_,,,%%HLTF:(SGXNIFTYUP)buyHighLowerTail-Continue,",-0.000900467704486152,5,3,2
"PCTChangeLT-1,,,,checkCupDown-2dayDown-mayReversalBuy,chisDownTrend-Risky-nearHigh,##(Check-chart-buy):month3High-InMinus,ReversalHighMonth3,",-1.1053564362796406,4,2,2
"PCTChangeLT-1,,,,mayBuyFromSellPattern-GT1.8,",2.184247199411959,15,15,0
"PCTChangeGT2,_LTGT3.0_,,,chisBuyYearHigh-3,",3.6677696350713305,2,2,0
"PCTChangeLT-1,year2High,_HTGT1.5_,,,%%HLTF-Last2HighTail:(DOWNTREND)sellHighUpperTailPre,",-0.710497250491254,8,4,4
"PCTChangeLT-1,,,,(GLOBALFUTDOWN-DOWNTRENDMARKET)checkSellConsolidationBreakDown-week2-lowNotReachedWeek3,week2BarLowChangeLT0,weekLowLTweek2Low,chisDownTrend-Risky-nearHigh,",-0.1749289309954399,62,29,33
"PCTChangeGT2,_HTGT1.5__LTGT1.5_,,,volumeUpsergedLast2n3n4DayDown,volBuyContinueLast2DayUp-VolUp,",1.121248446667214,1,1,0
"PCDCLT0PCTChangeGT0,_HTGT3.0__HTGTPCTDayChange_,,,%%HLTF:maySellTail-tailGT2-7,10thDayGT20,",4.838707129093241,1,1,0
"PCTChangeGT0.5,_HTGT1.5_,,,##MAPositive_Uptrend(GT0),##MA-SMA200GT0SMA100GT0,",-1.7203307154447074,3,0,3
"PCTChangeGT8,_HTGT1.5__LTGT1.5_,,,%%HLTF-Last2HighTail:(UPTREND)buy(DOWNTREND)sell:HighUpperTailPre-last2DayUp,##MAPositive_Uptrend(GT4.5),##MA-SMA200GT0SMA100GT0,",6.610674504184949,3,2,1
"PCDCLT0PCTChangeGT0,_HTGT3.0_,,,%%:checkBuyContinue:CupDownDoji,",0.055144814883958684,1,1,0
"PCTChangeLT-2,_LTGT1.5_,,,##(Check-chart-buy):month3High-InMinus,NearHighMonth3,",-1.0988243884951012,11,3,8
"PCDCGT0PCTDayChangeLT0,PCDayChange-0.5to0.5,_LTGT1.5_,,,%%HLTF:(GLOBAL-DOWN)sellHighLowerTail-Reversal-LastDayMarketUp,",-1.4299338784521158,6,1,5
"PCTChangeLT-5,,,,VOL:buy-UpVol-3dayDown-Week2Low,##MANegative_Downtrend_(LT-2),##MA-SMA200LT0SMA100LT0,##last2DayLow(LT-3)-M3LLT0,",4.490129571211965,1,1,0
"PCTChangeLT-1,,,,(GLOBALFUTDOWN-DOWNTRENDMARKET)checkSellConsolidationBreakDown-week2-lowNotReachedWeek3,week2BarLowChangeLT0,weekLowLTweek2Low,(SMA9LT0),",-1.2048192771084236,1,0,1
"PCTChangeGT1,_HTGT1.5__HTGTPCTDayChange__LTGTPCTDayChange_,,,chisBuyYearHigh-3,",-0.6192413605018103,3,0,3
"PCTChangeLT-1,_LTGT1.5_,,,volSellContinueLast2DayDown-VolUp,MayBuyCheckChart-(IndexNotUpInSecondHalf),$$MayBuy-CheckChart(monthLow-minimumLast4DayDown),##(Check-chart-buy):month3High-InMinus,ReversalHighMonth3,",1.1885220887230994,1,1,0
"PCTChangeLT-3,,,,volBuyReversalLast2DayDown-VolDown,chisSellDownTrend-nearHigh,##(Check-chart-buy):month3High-InMinus,BreakHighMonth3,",2.6497000898145124,1,1,0
"PCTChangeGT3,,,,checkBuyConsolidationBreakUp-2week,week2BarHighChangeGT0,chis-breakoutup-2week,##(check-chart)sellEMA6>EMA14,",-0.5636231110406158,1,0,1
"PCTChangeGT2,_HTGT1.5_,,,$$MaySell-CheckChart(monthHigh-minimumLast4DayUp),##MAPositive_Uptrend(GT2),##MA-SMA200LT0SMA100GT0,",-0.40037519608036953,1,0,1
"PCTChangeGT1,year2High,_HTGT1.5__LTGT3.0__HTGTPCTDayChange__LTGTPCTDayChange_,,,%%HLTF:(SGXNIFTYUP)buyHighLowerTail-Continue,",-4.346110379070326,1,0,1
"PCTChangeGT3,_LTGT3.0_,,,volSellVolumeUpsergedLast2n3DayDown,##last2DayHighGT3-M3HGT0,",7.507987021957688,1,1,0
"PCTChangeGT1,PCDayChange-0.5to0.5,,,,buyYearHigh-0,",0.022614508430985537,10,5,5
"PCTChangeLT-2,_LTGT1.5_,,,volSellVolumeUpsergedLast2n3DayUp,##sellTenDaysMoreThanTen,##MAPositive_Uptrend(LT-2),##MA-SMA200LT0SMA100GT0,",4.5685296984230375,1,1,0
"PCTChangeGT0.5,_HTGT3.0_,,,%%:checkBuyContinue:CupDownDoji,",1.3103406182650834,1,1,0
"PCTChangeGT5,_LTGT1.5_,,,weekBarHighChangeGT5,##MAPositive_Uptrend(GT4.5),##MA-SMA200GT0SMA100GT0,",-2.4629607024016167,1,0,1
"PCTChangeLT-2,_LTGT3.0_,,,checkCupDown-3dayDown-mayReversalBuy,",-5.791923570336759,1,0,1
"PCTChangeGT2,_HTGT1.5__LTGT3.0__HTGTPCTDayChange__LTGTPCTDayChange_,,,%%HLTF:(GLOBAL-DOWN)sellHighLowerTail-Reversal-LastDayMarketUp,##MAPositive_Uptrend(GT1),##MA-SMA200GT0SMA100GT0,",1.7351635333428428,1,1,0
"PCTChangeGT3,_HTGT1.5_,,,%%HLTF-Last2HighTail:(UPTREND)buy(DOWNTREND)sell:HighUpperTailPre-last2DayUp,sellHeavyUpTrend-Reversal,volSellVolumeUpsergedLast2n3DayDown,volBuyContinueLast2DayUp-VolUp,week2BarHighChangeGT2,",-0.3609871676602141,1,0,1
"PCTChangeLT-2,,,,%%checkCupDown-2dayDown-continue,weekBarLowChangeLT-2,",2.5387034696691155,1,1,0
"PCTChangeGT3,,,,chisUpTrend-Risky-nearLow,##(check-chart)sellEMA6>EMA14,",-1.8484021276266158,3,0,3
"PCDCLT0PCTChangeGT1,_LTGT1.5_,,,(Test)MayBuy-CheckChart(upTrend-lastDayDown),",-0.4811489149295417,13,4,9
"PCTChangeLT-2,_LTGT3.0_,,,##MANegative_Downtrend_(LT-2),##MA-SMA200LT0SMA100LT0,buyMorningStar-HighLowerTail,",0.06317918096418514,6,3,3
"PCTChangeGT1,_LTGT3.0_,,,chisBuyYearHigh-1,",-1.1679969170617104,1,0,1
"PCTChangeGT3,_HTGT1.5_,,,%%:sellUpTrend-month3High,##MAPositive_Uptrend(GT2),##MA-SMA200GT0SMA100GT0,",-1.1841582262547126,2,0,2
"PCTChangeLT-1,_LTGT3.0_,,,%%HLTF:(GLOBAL-UP)buyHighLowerTail-StockInUptrend,",2.385075943729508,1,1,0
"PCTChangeGT8,_HTGT1.5_,,,volumeUpsergedLast2n3n4DayDown,##last2DayHighGT3-M3HGT0,",-1.118323360157839,1,0,1
"PCTChangeLT-2,,,,%%:checkSell:Super0,##MANegative_Downtrend_(LT-1),##MA-SMA200LT0SMA100LT0,%%:buyDownTrend-month3Low,",-2.6655422620835356,1,0,1
"PCTChangeLT-5,,,,chisDownTrend-Risky-nearHigh,##DOWNTREND:sellYearHighReversal(InDownTrend),",1.6002449777435062,2,2,0
"PCTChangeLT-1,_LTGT1.5_,,,%%HLTF:(SGXNIFTYUP)buyHighLowerTail-Continue,volBuyReversalLast2DayDown-VolDown,chisSellTrend-lowTail,",-3.3616688568452484,1,0,1
"PCTChangeGT3,year2High,_HTGT1.5__LTGT1.5__HTGTPCTDayChange_,,,zigZagVolCrossedFromDown,",-0.15753759096747466,1,0,1
"PCTChangeGT2,,,,chisCheckConsolidationBreakoutLT(4.5),(GLOBALFUTUP-UPTRENDMARKET)checkBuyConsolidationBreakUp-week2-highNotReachedWeek3,week2BarHighChangeGT0,weekHighGTweek2High,brokenToday,",0.05045634312696523,2,1,1
"PCTChangeLT-2,_LTGT1.5_,,,volBuyReversalLast2DayDown-VolUp,##DOWNTREND:sellYear2HighReversal(InDownTrend),##(Check-chart-buy):YearHigh-InMinus,ReversalHighYear,",1.3425187255124387,1,1,0
"PCTChangeGT0,PCDayChange-0.5to0.5,_HTGT3.0_,,,%%:checkSell:CupDownDoji,",-0.8296299825072662,4,1,3
"PCTChangeLT-2,year2High,_LTGT1.5_,,,%%HLTF:(GLOBAL-DOWN)sellHighLowerTail-Reversal-LastDayMarketUp,volSellContinueLast2DayDown-VolUp,##sellTenDaysMoreThanTen,",-1.0893661474092682,1,0,1
"PCTChangeGT3,,,,##(Check-chart-sell):month3Low-InPlus,ReversalLowMonth3,chisUpTrend-Risky-nearLow,##UPTREND:buyMonth6LowReversal(Confirm),",-1.9119018809963186,3,0,3
"PCTChangeGT2,_LTGT1.5_,,,volSellRevarsalVolCrossed,",0.8048247699048918,2,2,0
"PCTChangeLT-2,_HTGT1.5_,,,checkCupDown-inDownTrend-month3HighLTmonth3Low,bar_low,%%HLTF:maySellTail-tailGT2-7,10thDayGT20,",-4.379846144092175,1,0,1
"PCTChangeLT-2,,,,chisSellFlag2Week-Risky,chisDownTrend-Risky-nearHigh,##(Check-chart-buy):YearHigh-InMinus,ReversalHighYear,",0.5241947789345994,1,1,0
"PCTChangeEQ0,_HTGT1.5__HTGTPCTDayChange_,,,(Test)MaySell-CheckChart(downTrend-lastDayUp),",-2.4561385662235002,1,0,1
"PCTChangeGT3,,,,volBuyContinueLast2DayUp-VolUp,##last2DayHighGT3-M3HGT0,",3.6260390009059367,1,1,0
"PCTChangeLT-5,year2Low,_HTGT1.5__LTGT3.0__LTGTPCTDayChange_,,,volumeUpsergedLast2n3n4DayUp,##last2DayLow(LT-3)-M3LLT0,",-0.9969667376893887,1,0,1
"PCTChangeGT2,_HTGT3.0_,,,%%HLTF-Risky9:30:maySellTail-tailGT2-7,10thDayGT15,%%HLTF:(UPTREND-GLOBAL/SGX-UP)BuyHighUpperTail-Reversal-7,10thDayGT15-LastDayMarketDown,",-5.268460472158138,1,0,1
"PCTChangeLT-1,,,,chisSellFinalCandidate-4,",1.4350259996069292,4,3,1
"PCTChangeLT-2,_HTGT1.5__HTGTPCTDayChange_,,,##MANegative_Downtrend_(LT-2),##MA-SMA200LT0SMA100LT0,##DOWNTREND:sellYearLowBreak,%%:buyDownTrend-month3Low,",2.619073869781365,1,1,0
"PCTDayChangeLT0,PCDayChange-0.5to0.5,year2Low,_LTGT1.5_,,,shortDownTrendBuyReversal-Month3Low-Doji-Last2DayLTToday,",0.706454055172809,1,1,0
"PCTChangeGT0,_HTGT1.5_,,,%%HLTF-Risky9:30:maySellTail-tailGT2-7,10thDayGT15,chisSellEveningStar-2(Check2-3MidCapCross),",1.455838007432048,1,1,0
"PCDCLT0PCTChangeGT0,_LTGT3.0_,,,%%HLTF-Last2DayMarketUp:(GLOBAL-DOWN)sellHighLowerTail-Reversal-LastDayMarketUp,",2.461574192684896,1,1,0
"PCTChangeLT-0.5,_HTGT1.5__LTGT1.5__HTGTPCTDayChange__LTGTPCTDayChange_,,,volBuyReversalLast2DayDown-VolUp,",-0.6767565337827635,1,0,1
"PCTChangeLT-3,_HTGT3.0__LTGT1.5__HTGTPCTDayChange_,,,##MANegative_Downtrend_(LT-2),##MA-SMA200LT0SMA100LT0,##DOWNTREND:sellMonth3LowBreak,",4.435483870967745,1,1,0
"PCTChangeGT3,_HTGT1.5_,,,weekBarHighChangeGT2,##last2DayHighGT3-M3HGT0,",0.8940786997252085,2,1,1
"PCTChangeGT3,,,,volSellVolumeUpsergedLast2n3DayDown,chisCheckConsolidationBreakoutLT(4.5),(GLOBALFUTUP-UPTRENDMARKET)checkBuyConsolidationBreakUp-week2-highNotReachedWeek3,week2BarHighChangeGT2,brokenToday,",0.2835067277101988,1,1,0
"PCTDayChangeLT0,PCDayChange-0.5to0.5,_HTGT1.5_,,,%%HLTF-Last2HighTail:(DOWNTREND)sellHighUpperTailPre-1,%%HLTF-LastDayUp:(DOWNTREND-OR-GLOBALDOWN)MaySellHighTail-LastDayMarketUp,",0.615116168905863,2,1,1
"PCTChangeLT-2,_LTGT1.5_,,,##MANegative_Downtrend_(LT-2),##MA-SMA200LT0SMA100LT0,##DOWNTREND:sellYearLowBreak,",0.8992747750940012,1,1,0
"PCTChangeGT3,,,,zigZagVolCrossedFromDown,(GLOBALFUTUP-UPTRENDMARKET)checkBuyConsolidationBreakUp-week2-highNotReachedWeek3,week2BarHighChangeGT2,",5.702879755873309,1,1,0
"PCTChangeLT-3,,,,volSellContinueLast2DayDown-VolUp,(GLOBALFUTDOWN-DOWNTRENDMARKET)checkSellConsolidationBreakDown-week2-lowNotReachedWeek3,week2BarLowChangeLT0,chisDownTrend-Risky-nearHigh,##(Check-chart-buy):month3High-InMinus,ReversalHighMonth3,",-0.12007424538283458,3,2,1
"PCTChangeGT0.5,_LTGT1.5_,,,$$MayBuy-CheckChart-baseLine(inuptrend-monthlow)-MHCLT(-10),",1.9028012374960386,1,1,0
"PCTChangeGT1,_HTGT1.5_,,,%%HLTF:(DOWNTREND-OR-GLOBALDOWN)maySellTail-tailGT2-2,3,4thDayGT0,##RisingMA(check-chart-sell)-MaySellCheckChart,",2.7295247152308,1,1,0
"PCTChangeLT-3,_LTGT1.5_,,,##(Check-chart-buy):month3High-InMinus,BreakHighMonth3,",1.8778978097795025,5,5,0
"PCTChangeGT3,year2Low,_LTGT1.5_,,,chisSellYear2LowLT-40-last4DayDown(triggerAfter-9:15),",-1.014396763921446,2,1,1
"PCTChangeGT2,,,,%%:sellDowntrend-lastDayUp-ReversalHighTail,",0.3775733251397965,14,9,5
"PCTChangeGT5,,,,shortUpTrendSellReversal-MonthHigh,",-0.698582708445862,2,1,1
"PCTChangeLT-5,,,,##MANegative_Downtrend_(LT-2),##MA-SMA200LT0SMA100LT0,zigZagVolCrossedFromUp,",1.1969904490624161,1,1,0
"PCTChangeGT3,year2High,_LTGT1.5_,,,volBuyContinueLast2DayUp-VolUp,",-0.07627044420719778,2,1,1
"PCTChangeGT1,_HTGT3.0_,,,chisBuyYearHigh-1,",-0.2313971486558553,1,0,1
"PCDCLT0PCTChangeGT0,_LTGT1.5_,,,##MA-SMA200LT0SMA100LT0,",-0.11527562529898853,7,3,4
"PCTChangeGT16,_HTGT1.5_,,,##MAPositive_Uptrend(GT4.5),##MA-SMA200GT0SMA100GT0,",-4.103491976508657,4,0,4
"PCTChangeLT-2,_LTGT1.5_,,,MayBuyCheckChart-(IndexNotUpInSecondHalf),##(Check-chart-buy):month3High-InMinus,ReversalHighMonth3,",0.5105943842319035,1,1,0
"PCTChangeGT0.5,_LTGT1.5_,,,buyMorningStar-(checkChart),",-0.2621411144353293,2,1,1
"PCTChangeLT-3,_HTGT1.5__HTGTPCTDayChange_,,,checkCupDown-2dayDown-mayReversalBuy,chisDownTrend-Risky-nearHigh,##DOWNTREND:sellMonth3HighReversal(InDownTrend),##(Check-chart-buy):month3High-InMinus,ReversalHighMonth3,",-1.7470676246491765,1,0,1
"PCTChangeGT2,,,,%%:sellUpTrend-month3High,##MAPositive_Uptrend(GT2),##MA-SMA200LT0SMA100GT0,",-0.4347826086956531,1,0,1
"PCTChangeGT3,_HTGT1.5_,,,vol-sell-DownVol-3dayUp-Week2High,##MAPositive_Uptrend(GT2),##MA-SMA200LT0SMA100GT0,",1.1675142394709686,1,1,0
"PCTChangeLT-2,,,,checkCupDown-near2WeekDown-mayReveresalBuy,",0.714330155451895,21,14,7
"PCTChangeLT-1,_HTGT1.5__LTGT1.5__HTGTPCTDayChange__LTGTPCTDayChange_,,,(GLOBALFUTDOWN-DOWNTRENDMARKET)checkSellConsolidationBreakDown-week2-lowNotReachedWeek3,week2BarLowChangeLT0,weekLowLTweek2Low,",0.8975849884734286,2,1,1
"PCTChangeLT-1,_HTGT1.5__LTGT3.0__HTGTPCTDayChange__LTGTPCTDayChange_,,,%%HLTF:(GLOBAL-UP)buyHighLowerTail-StockInUptrend,chisDownTrend-Risky-nearHigh,",0.4009462752432207,1,1,0
"PCTChangeGT2,_HTGT1.5__HTGTPCTDayChange_,,,%%HLTF-Last2HighTail:(UPTREND)buy(DOWNTREND)sell:HighUpperTailPre-last2DayUp,##MAPositive_Uptrend(GT1),##MA-SMA200GT0SMA100GT0,",-7.094129730658438,1,0,1
"PCTChangeGT2,_LTGT1.5_,,,vol-sell-DownVol-3dayUp-Week2High,(GLOBALFUTUP-UPTRENDMARKET)checkBuyConsolidationBreakUp-week2-highNotReachedWeek3,week2BarHighChangeGT2,",-0.7082989225504261,1,0,1
"PCTChangeGT1,_HTGT1.5__HTGTPCTDayChange_,,,buyYearHigh-0,",-0.39336189793328996,19,6,13
"PCTDayChangeLT0,PCDayChange-0.5to0.5,_HTGT1.5__LTGT3.0_,,,(SMA9LT0),",0.35523978685612956,1,1,0
"PCTChangeGT3,_HTGT3.0_,,,%%HLTF-Last2HighTail:(UPTREND)buy(DOWNTREND)sell:HighUpperTailPre-last2DayUp,weekBarHighChangeGT0,brokenToday,",-0.9674159038339498,1,0,1
"PCTChangeLT-1,,,,(GLOBALFUTDOWN-DOWNTRENDMARKET)checkSellConsolidationBreakDown-week2-lowNotReachedWeek3,week2BarLowChangeLT0,volBuyRevarsalVolCrossed,",-1.0597413953927743,2,1,1
"PCDCLT0PCTChangeGT1,PCDayChange-0.5to0.5,_LTGT1.5_,,,%%HLTF:(SGXNIFTYUP)buyHighLowerTail-Continue,",0.33199877821634977,6,2,4
"PCTChangeLT-2,_HTGT1.5_,,,volSellContinueLast2DayDown-VolUp,chisDownTrend-Risky-nearHigh,##(Check-chart-buy):month3High-InMinus,NearHighMonth3,",-0.5050505050505051,1,0,1
"PCDCGT0PCTDayChangeLT0,PCDayChange-0.5to0.5,_LTGT1.5_,,,##MAPositive_Uptrend(GT0),##MA-SMA200LT0SMA100GT0,",4.873801914493273,1,1,0
"PCTChangeLT-1,_HTGT1.5__LTGT3.0__HTGTPCTDayChange__LTGTPCTDayChange_,,,%%HLTF:(GLOBAL-DOWN)sellHighLowerTail-Reversal-LastDayMarketUp,",-2.8835673549165577,1,0,1
"PCTChangeLT-1,_HTGT1.5__LTGT3.0__HTGTPCTDayChange__LTGTPCTDayChange_,,,##MAPositive_Uptrend(LT-2),##MA-SMA200GT0SMA100LT0,",-0.5374948947699557,1,0,1
"PCTChangeGT3,_HTGT1.5_,,,##(Check-chart-sell):month3Low-InPlus,ReversalLowMonth3,(GLOBALFUTUP-UPTRENDMARKET)checkBuyConsolidationBreakUp-week2-highNotReachedWeek3,week2BarHighChangeGT2,brokenToday,##UPTREND:buyYearLowReversal(Confirm),",-0.28668902981084016,1,0,1
"PCTChangeGT3,_HTGT1.5__LTGT3.0__LTGTPCTDayChange_,,,zigZagVolCrossedFromDown,##MANegative_Downtrend_(GT2),##MA-SMA200LT0SMA100LT0,",2.367953597434601,1,1,0
"PCTChangeLT-1,_HTGT1.5__LTGT3.0__LTGTPCTDayChange_,,,##MANegative_Downtrend_(LT-2),##MA-SMA200LT0SMA100LT0,",2.504599555421271,1,1,0
"PCTChangeLT-2,,,,checkCupDown-inDownTrend,bar_low,##longDownTrend-2-IndexNotDownLastDay(checkBase),",3.98280627406429,1,1,0
"PCTChangeGT2,,,,chisUpTrend-Risky-nearLow,chisBuyYearHigh-1,",0.05263157894736814,1,1,0
"PCTChangeLT-0.5,_LTGT1.5_,,,##ML:BuyRisingMA-Risky-2,",-4.288281626684236,1,0,1
"PCTChangeLT-1,year2High,_LTGT1.5_,,,%%HLTF:(GLOBAL-DOWN)sellHighLowerTail-Reversal-LastDayMarketUp,volBuyReversalLast2DayDown-VolDown,",-1.313557597876942,1,0,1
"PCTChangeLT-3,year2Low,,,,vol-buy-DownVol-3dayDown-Week2Low,chisBuyYear2Low,BreakLowYear2,",-1.8973214285714266,1,0,1
"PCTChangeLT-3,PCDayChange-0.5to0.5,year2High,_HTGT3.0_,,,%%HLTF:maySellTail-tailGT2-allDayGT0,chisSellUpTrend-highTail,",-5.708377684284509,1,0,1
"PCTChangeEQ0,,,,(Test)MayBuy-CheckChart(upTrend-lastDayDown),",-0.8144234707346357,1,0,1
"PCTChangeGT3,year2High,,,,volumeUpsergedLast2n3n4DayDown,volBuyContinueLast2DayUp-VolUp,chisCheckConsolidationBreakoutLT(4.5),",-0.5411995013340908,3,1,2
"PCTChangeGT2,_HTGT1.5__HTGTPCTDayChange_,,,##UPTREND:buyMonth3LowReversal(Confirm),",0.47567831503378905,1,1,0
"PCTChangeLT-1,,,,(SMA9LT0),##MANegative_Downtrend_(LT-1),##MA-SMA200LT0SMA100LT0,",-1.7499987284342382,1,0,1
"PCTChangeGT1,_LTGT1.5_,,,(SMA4GT(1.5)),",2.792365681869033,1,1,0
"PCTChangeGT1,,,,volSellReversalLast2DayUp-VolDown,chisSellFinalContinue-(lastDayUp)-(volLow),chisSellFinalContinue-00,buyFinal,",1.3513513513513582,1,1,0
"PCTChangeLT-3,,,,volBuyVolumeUpsergedLast2n3DayUp,##DOWNTREND:sellYearLowBreak,##last2DayLow(LT-3)-M3LLT0,",0.028091602111142998,1,1,0
"PCDCLT0PCTChangeGT0,_HTGT3.0__HTGTPCTDayChange_,,,%%HLTF-Last2HighTail:(DOWNTREND)sellHighUpperTailPre,",2.5210157920838245,1,1,0
"PCDCGT0PCTChangeLT-1,_HTGT1.5__HTGTPCTDayChange_,,,chisBuyYearHigh-3,",0.6804803017735972,2,1,1
"PCTChangeLT-0.5,_LTGT1.5_,,,chisSell:Super03-monthLow,(Test)(check-chart-2-3MidCapCross)MayBuyCheckChart-Risky,",0.07382417988286316,2,1,1
"PCTChangeGT2,,,,chisUpTrend-Risky-nearLow,chis-breakoutup-2week,chisBuy-2week-breakoutup,##UPTREND:buyMonth6LowReversal(Confirm),",-0.758624898976293,1,0,1
"PCTChangeLT-2,,,,checkCupDown-2dayDown-mayReversalBuy,chisDownTrend-Risky-nearHigh,##DOWNTREND:sellYear2HighReversal(InDownTrend),##(Check-chart-buy):YearHigh-InMinus,ReversalHighYear,",-0.5203671361787874,2,1,1
"PCTChangeGT3,_LTGT1.5_,,,weekBarHighChangeGT2,chisBuy-2week-breakoutup(check-chart)(|-|-| or --|),",-0.43795620437956384,1,0,1
"PCTChangeGT5,,,,##MAPositive_Uptrend(GT2),##MA-SMA200LT0SMA100GT0,##last2DayHighGT3-M3HLT0,",3.8011955505299264,2,1,1
"PCTChangeLT-3,,,,checkCupDown-2dayDown,chisDownTrend-Risky-nearHigh,##ML:buyRisingMA-down-Risky,",-2.134277343750005,1,0,1
"PCTChangeLT-2,_LTGT1.5_,,,chisDownTrend-Risky-nearHigh,##DOWNTREND:sellMonth6HighReversal(InDownTrend),MayBuyCheckChart-(IndexNotUpInSecondHalf),##(Check-chart-buy):month3High-InMinus,ReversalHighMonth3,",-0.3468765796116587,1,0,1
"PCTChangeGT1,,,,volumeUpsergedLast2n3n4DayDown,volBuyContinueLast2DayUp-VolUp,chisCheckConsolidationBreakoutLT(4.5),(GLOBALFUTUP-UPTRENDMARKET)checkBuyConsolidationBreakUp-week2-highNotReachedWeek3,week2BarHighChangeGT0,weekHighGTweek2High,brokenToday,",0.147107080660857,1,1,0
"PCTChangeGT3,year2High,,,,checkBuyConsolidationBreakout-allPreLT0,",-0.7906755059984212,17,5,12
"PCTChangeGT1,_HTGT1.5_,,,volSellVolumeUpsergedLast2n3DayDown,",-0.7701578726545032,6,2,4
"PCTChangeLT-1,PCDayChange-0.5to0.5,,,,##(Test)(check-chart)-buySMAUpTrend,buyYearHigh-0,",0.8264476705861618,1,1,0
"PCTChangeGT1,_HTGT1.5__LTGT1.5__HTGTPCTDayChange__LTGTPCTDayChange_,,,chisBuyYearHigh-3,",-2.0380908207824713,3,0,3
"PCTChangeGT3,_HTGT1.5__HTGTPCTDayChange_,,,$$MaySell-CheckChart(monthHigh-minimumLast4DayUp),",-1.3382293538223875,2,0,2
"PCTChangeGT1,_LTGT1.5_,,,##MAPositive_Uptrend(GT2),##MA-SMA200LT0SMA100LT0,",0.7665774851892871,1,1,0
"PCTChangeLT-2,_LTGT1.5_,,,(GLOBALFUTDOWN-DOWNTRENDMARKET)checkSellConsolidationBreakDown-week2-lowNotReachedWeek3,week2BarLowChangeLT-2,weekLowLTweek2Low,##(Check-chart-buy):YearHigh-InMinus,ReversalHighYear,",5.732482599171638,1,1,0
"PCTChangeLT-1,PCDayChange-0.5to0.5,year2High,_HTGT1.5_,,,%%HLTF-Last2HighTail:(DOWNTREND)sellHighUpperTailPre,%%HLTF:(UPTREND-MorningTrend-UP)mayBuyTail-highTailGT2-7,10thDayGT10-Last2DayStockDown,",-0.9822594890934195,1,0,1
"PCTChangeGT2,,,,chisSellFinalContinue-(lastDayDown)-2,",-0.3450648140626962,1,0,1
"PCTChangeGT0,,,,chisSellDowningMA-(check5MinuteDownTrendAndSellDowntrend),chisBuyYearHigh-3,",0.8163623945181104,2,1,1
"PCTChangeLT-3,,,,volumeUpsergedLast2n3n4DayUp,(GLOBALFUTDOWN-DOWNTRENDMARKET)checkSellConsolidationBreakDown-week2-lowNotReachedWeek3,week2BarLowChangeLT0,##(Check-chart-buy):YearHigh-InMinus,ReversalHighYear,",-0.03818848821599724,1,0,1
"PCTChangeGT3,_LTGT1.5_,,,VOL:sell-UpVol-3dayUp-Week2High,weekBarHighChangeGT2,",0.9254420365033975,2,1,1
"PCTChangeLT-8,year2Low,_HTGT3.0__LTGT1.5__HTGTPCTDayChange_,,,(Test)sellUptrendReversal,",-0.5708834280038839,1,0,1
"PCTChangeLT-2,,,,weekBarLowChangeLT-2,chisDownTrend-Risky-nearHigh,##DOWNTREND:sellYear2HighReversal(InDownTrend),##(Check-chart-buy):YearHigh-InMinus,ReversalHighYear,",-0.18712529279373705,6,4,2
"PCTChangeLT-2,,,,volumeUpsergedLast2n3n4DayUp,VOL:sell(GLOBALFUTUP-GLOBALMARKETUP)Buy-UpVol-3dayDown-Week2High,",-3.461279050268304,1,0,1
"PCTChangeLT-2,_HTGT1.5__LTGT3.0__HTGTPCTDayChange__LTGTPCTDayChange_,,,checkSellConsolidationBreakDown-month3HighGTMonth3Low,",-1.2126119474282058,1,0,1
"PCTChangeGT5,,,,chisBuyFinalContinueReversal-2,",-14.462081128747792,1,0,1
"PCDCLT0PCTChangeGT3,_HTGT1.5__LTGT1.5_,,,##lastDayHigh(LT-5)Today(LT-1),",-2.189462413854749,1,0,1
"PCTChangeGT0.5,PCDayChange-0.5to0.5,_HTGT1.5_,,,shortUpTrendSellReversal-MonthHigh-Doji-Last2DayGTToday,",1.0309939281947729,3,2,1
"PCTChangeGT2,,,,chisSellFinalContinue-(lastDayDown)-1,buyFinal1,",-1.0748981168939558,1,0,1
"PCTChangeLT-1,,,,checkCupDown-near2WeekDown-mayReveresalBuy,(GLOBALFUTDOWN-DOWNTRENDMARKET)checkSellConsolidationBreakDown-week2-lowNotReachedWeek3,week2BarLowChangeLT0,##(Check-chart-buy):month3High-InMinus,ReversalHighMonth3,",-2.0820537148853564,2,0,2
"PCTChangeLT-2,,,,chisSellFlagWeek-Risky,chisDownTrend-Risky-nearHigh,##(Check-chart-buy):month3High-InMinus,ReversalHighMonth3,",-0.41509664283608816,1,0,1
"PCTChangeLT-3,year2High,,,,(GLOBALFUTDOWN-DOWNTRENDMARKET)checkSellConsolidationBreakDown-week2-lowNotReachedWeek3,week2BarLowChangeLT0,",0.6264114627503695,5,3,2
"PCTChangeGT16,_HTGT3.0_,,,##MAPositive_Uptrend(GT4.5),##MA-SMA200GT0SMA100GT0,",-0.3029997336870181,5,3,2
"PCTChangeGT0,PCDayChange-0.5to0.5,,,,%%:checkBuyContinue:CupDownDoji-last2dayUp,buyPatternsML,buyPattern-GT1.5-SMAGT0,(SMA9GT0),",1.5177796649445197,1,1,0
"PCTChangeGT3,,,,(GLOBALFUTUP-UPTRENDMARKET)checkBuyConsolidationBreakUp-week2-highNotReachedWeek3,week2BarHighChangeGT0,brokenToday,##(check-chart)sellEMA6>EMA14,",1.132810115814195,1,1,0
"PCTChangeLT-3,,,,volSellVolumeUpsergedLast2n3DayUp,##sellTenDaysMoreThanTen,",-1.3946363061384888,2,0,2
"PCTChangeGT8,_HTGT3.0__LTGT3.0__HTGTPCTDayChange__LTGTPCTDayChange_,,,##lastDayHighGT5TodayGT1,",3.9209537260451843,1,1,0
"PCTChangeLT-3,_HTGT1.5__LTGT1.5_,,,volBuyReversalLast2DayDown-VolDown,##ML:BuyRisingMA-Risky-1,",-1.085047568044355,1,0,1
"PCTChangeGT3,,,,checkBuyConsolidationBreakUp-2week,week2BarHighChangeGT2,weekHighGTweek2High,",-0.6284984720946996,7,1,6
"PCTChangeLT-1,_HTGT1.5__LTGT1.5__LTGTPCTDayChange_,,,(GLOBALFUTDOWN-DOWNTRENDMARKET)checkSellConsolidationBreakDown-week2-lowNotReachedWeek3,week2BarLowChangeLT0,volBuyRevarsalVolCrossed,",-0.24197138744465677,1,0,1
"PCTChangeGT1,year2High,,,,$$MaySell-CheckChart(downTrend-mayReverseLast4DaysUp),shortUpTrendSellReversal-MonthHigh,",-4.597701149425286,1,0,1
"PCTChangeGT2,,,,##UPTREND:buyMonth3LowReversal(Confirm),",-0.08091477814546191,20,10,10
"PCTChangeLT-2,,,,checkCupDown-2dayDown-mayReversalBuy,(GLOBALFUTDOWN-DOWNTRENDMARKET)checkSellConsolidationBreakDown-week2-lowNotReachedWeek3,week2BarLowChangeLT0,##DOWNTREND:sellMonth6HighReversal(InDownTrend),##(Check-chart-buy):month3High-InMinus,ReversalHighMonth3,",-1.6778323827772865,2,1,1
"PCTChangeLT-2,,,,checkCupDown-2dayDown,chisDownTrend-Risky-nearHigh,##(Check-chart-buy):YearHigh-InMinus,ReversalHighYear,",-0.30882095860049896,1,0,1
"PCTChangeGT0.5,_LTGT3.0_,,,chisSellSMA4Reversal,",0.13265181560905526,1,1,0
"PCTChangeGT3,_HTGT1.5_,,,MaySellCheckChart-(IndexNotDownInSecondHalf),volSellVolumeUpsergedLast2n3DayDown,chisCheckConsolidationBreakoutLT(4.5),checkBuyConsolidationBreakUp-2week,week2BarHighChangeGT0,brokenToday,",0.32217370463056094,1,1,0
"PCTChangeLT-2,_HTGT1.5_,,,checkSellConsolidationBreakDown-2week,week2BarLowChangeLT0,brokenToday,chisDownTrend-Risky-nearHigh,##(Check-chart-buy):YearHigh-InMinus,NearHighYear,",1.4072354177779167,1,1,0
"PCTChangeLT-0.5,,,,(GLOBALFUTDOWN-DOWNTRENDMARKET)checkSellConsolidationBreakDown-week2-lowNotReachedWeek3,week2BarLowChangeLT-2,weekLowLTweek2Low,",-2.7507634314652067,2,0,2
"PCTChangeGT1,,,,volSellReversalLast2DayUp-VolDown,chisBuyDownTrend-Risky-2,",0.37593984962405114,1,1,0
"PCTChangeLT-5,_HTGT1.5_,,,##MANegative_Downtrend_(LT-2),##MA-SMA200LT0SMA100LT0,",-2.9376977689152595,5,1,4
"PCTChangeGT1,,,,##ML:sellRisingMAuptrend-1,",0.7755946062259456,1,1,0
"PCTChangeGT3,_HTGT1.5_,,,volBuyContinueLast2DayUp-VolUp,weekBarHighChangeGT0,brokenToday,",-0.012221954271093642,1,0,1
"PCTChangeGT3,_HTGT1.5_,,,%%HLTF:(DOWNTREND-OR-GLOBALDOWN)maySellTail-tailGT2-2,3,4thDayGT0,##(Check-chart-sell):month3Low-InPlus,ReversalLowMonth3,chisUpTrend-Risky-nearLow,",0.7614564899115948,2,1,1
"PCTChangeLT-2,,,,$$(UPTREND-OR-GLOBALUP)$$MayBuyContinue-CheckChart-baseLine(inDownTrend-monthHigh)-PCTDayChangeLT(-2),##ML:buyRisingMA-down-Risky,",-0.5223548533600556,1,0,1
"PCTChangeGT3,year2Low,,,,chisBuyDownTrend-lowTail,",1.6040490281458402,1,1,0
"PCTChangeGT1,,,,(GLOBALFUTUP-UPTRENDMARKET)checkBuyConsolidationBreakUp-week2-highNotReachedWeek3,week2BarHighChangeGT0,weekHighGTweek2High,brokenToday,",-0.776265402377718,9,1,8
"PCTChangeLT-2,,,,(GLOBALFUTDOWN-DOWNTRENDMARKET)checkSellConsolidationBreakDown-week2-lowNotReachedWeek3,week2BarLowChangeLT0,##DOWNTREND:sellYearHighReversal(InDownTrend),##(Check-chart-buy):month3High-InMinus,ReversalHighMonth3,",1.5233012973902944,3,2,1
"PCTChangeLT-0.5,_HTGT3.0__LTGT1.5__HTGTPCTDayChange_,,,%%HLTF:maySellTail-tailGT2-allDayGT0,",3.1893180180521847,1,1,0
"PCTChangeLT-1,_LTGT1.5_,,,(Test)(check-chart-2-3MidCapCross)MayBuyCheckChart-Risky,(Test)MayBuy-CheckChart(upTrend-lastDayDown),",-0.7136716148569013,8,4,4
"PCTChangeGT3,year2High,,,,volumeUpsergedLast2n3n4DayDown,chisCheckConsolidationBreakout2WeekLT(4.5),(GLOBALFUTUP-UPTRENDMARKET)checkBuyConsolidationBreakUp-week2,weekBarHighChangeGT2,",-1.3963557346909239,1,0,1
"PCTChangeLT-0.5,_HTGT3.0__LTGT1.5__HTGTPCTDayChange_,,,##MA-SMA200LT0SMA100LT0,",2.1995043370508,1,1,0
"PCTChangeGT2,year2High,_HTGT3.0__HTGTPCTDayChange_,,,%%:sellUpTrend-month3High,week2BarHighChangeGT2,weekHighGTweek2High,",-0.932921388971413,1,0,1
"PCDCLT0PCTChangeGT1,year2High,_HTGT1.5_,,,%%HLTF-Last2HighTail:(DOWNTREND)sellHighUpperTailPre,",-0.4389044818405401,1,0,1
"PCTChangeGT3,year2High,_HTGT3.0__HTGTPCTDayChange_,,,zigZagVolCrossedFromDown,",-1.1918622393940743,1,0,1
"PCTChangeGT3,_HTGT3.0__LTGT3.0__LTGTPCTDayChange_,,,chisBuyDownTrend-Risky-2,",-2.0127134482704743,1,0,1
"PCTChangeLT-3,_LTGT1.5_,,,chisDownTrend-Risky-nearHigh,##DOWNTREND:sellYearHigh(InDownTrend),##last2DayLow(LT-3)-M3LGT0,",-1.5517598454077166,1,0,1
"PCTChangeLT-3,,,,##ML:BuyRisingMA-Risky-1,",-0.40763569306470887,11,4,7
"PCTChangeLT-2,,,,VOL:buy-DownVol-3dayDown-Week2High,chisDownTrend-Risky-nearHigh,##DOWNTREND:sellYearHighReversal(InDownTrend),##(Check-chart-buy):month3High-InMinus,ReversalHighMonth3,",-0.6236780653904779,1,0,1
"PCTChangeGT2,,,,chisUpTrend-Risky-nearLow,volumeUpsergedLast2n3n4DayDown,(GLOBALFUTUP-UPTRENDMARKET)checkBuyConsolidationBreakUp-week2-highNotReachedWeek3,week2BarHighChangeGT0,weekHighGTweek2High,brokenToday,chisBuy-2week-breakoutup(check-chart)(|-|-| or --|),",-0.07187381270559925,1,0,1
"PCTChangeLT-2,,,,checkSellConsolidationBreakDown-2week,week2BarLowChangeLT-2,weekLowLTweek2Low,",-1.3520711247755357,2,0,2
"PCTChangeLT-8,_HTGT1.5_,,,volumeUpsergedLast2n3n4DayUp,##MANegative_Downtrend_(LT-2),##MA-SMA200GT0SMA100LT0,",14.720739882112479,1,1,0
"PCTChangeLT-8,year2Low,_LTGT1.5_,,,volSellContinueLast2DayDown-VolUp,",-7.719512195121951,1,0,1
"PCTChangeLT-5,_HTGT1.5__LTGT1.5_,,,##MANegative_Downtrend_(LT-4.5),##MA-SMA200LT0SMA100LT0,##DOWNTREND:sellYearLowBreak,##last3DayLow(LT-3)-M3LLT0,chisBuyDayLowVolLow-01,",-2.6456789862840697,1,0,1
"PCTChangeLT-1,_LTGT3.0_,,,%%HLTF:(GLOBAL-DOWN)sellHighLowerTail-Reversal-LastDayMarketUp,chisDownTrend-Risky-nearHigh,##(Check-chart-buy):month3High-InMinus,ReversalHighMonth3,",-0.3100727879723867,1,0,1
"PCDCGT0PCTChangeLT-3,_HTGT1.5__LTGT3.0__HTGTPCTDayChange__LTGTPCTDayChange_,,,%%HLTF-Last2LowTail:(DOWNTREND)sellHighLowerTailPre-1,",6.01680467108719,1,1,0
"PCDCGT0PCTChangeLT-1,_HTGT3.0__HTGTPCTDayChange_,,,%%HLTF-Last2HighTail:(DOWNTREND)sellHighUpperTailPre-1,",2.4344682225075642,2,2,0
"PCTChangeLT-3,,,,##longDownTrend-2-IndexNotDownLastDay(checkBase),##ML:buyRisingMA-down-Risky,",-2.789058836309583,2,0,2
"PCTChangeGT2,,,,checkBuyConsolidationBreakUp-2week,week2BarHighChangeGT0,brokenToday,chis-breakoutup-2week,##RisingMA(Test)(check-chart-buy)-2DayUp,",1.8908513132926557,1,1,0
"PCTChangeLT-3,,,,chisDownTrend-Risky-nearHigh,##(Check-chart-buy):YearHigh-InMinus,NearHighYear,",-1.5896579885840156,13,4,9
"PCTChangeGT2,,,,weekBarHighChangeGT2,##MAPositive_Uptrend(GT2),##MA-SMA200LT0SMA100GT0,",1.023131672597855,1,1,0
"PCTChangeGT1,_HTGT1.5__LTGT3.0__HTGTPCTDayChange__LTGTPCTDayChange_,,,(SMA9GT0),",3.109577328442481,1,1,0
"PCTChangeLT-5,,,,##MANegative_Downtrend_(LT-4.5),##MA-SMA200LT0SMA100LT0,##DOWNTREND:sellMonth3LowBreak,##last2DayLow(LT-3)-M3LLT0,",1.408453058509566,1,1,0
"PCTChangeLT-5,,,,chisSellFinalCandidate-(lastDayUp)-(highChange),",1.5987676054277458,2,1,1
"PCTChangeLT-8,_HTGT1.5__LTGT3.0_,,,(GLOBAL-DOWN)maySellContinueHighVolatileLastDayDOWN-month3LowGT0-(LT-8),chisDownTrend-Risky-nearHigh,",-0.9821414947509759,1,0,1
"PCTDayChangeLT0,_HTGT1.5_,,,##(Test)buyBottomReversal-0,",-0.06345177664974418,1,0,1
"PCTChangeGT2,,,,volBuyContinueLast2DayUp-VolUp,checkBuyConsolidationBreakUp-2week,week2BarHighChangeGT0,brokenToday,",2.0305650202988446,1,1,0
"PCTChangeLT-3,,,,sellFinalCandidate-00,##sellTenDaysMoreThanTen,",-3.9322816973916987,1,0,1
"PCTChangeGT3,,,,chisSell-2week-breakoutup,##UPTREND:buyMonth3LowReversal(Confirm),",-4.478525008618171,1,0,1
"PCTChangeLT-5,_HTGT1.5_,,,##MAPositive_Uptrend(LT-4.5),##MA-SMA200LT0SMA100LT0,",4.346142744440674,2,1,1
"PCTChangeLT-3,_HTGT1.5__LTGT1.5__HTGTPCTDayChange_,,,volBuyReversalLast2DayDown-VolUp,",-0.9933812477823893,1,0,1
"PCTChangeLT-3,,,,chisSellDownTrend-nearHigh,##DOWNTREND:sellMonth3High(InDownTrend),##(Check-chart-buy):month3High-InMinus,NearHighMonth3,",-1.2297695122876213,1,0,1
"PCTChangeGT12,,,,##MAPositive_Uptrend(GT4.5),##MA-SMA200LT0SMA100LT0,",-2.2910841541534954,3,0,3
"PCTChangeLT-1,_LTGT3.0_,,,(GLOBALFUTDOWN-DOWNTRENDMARKET)checkSellConsolidationBreakDown-week2-lowNotReachedWeek3,week2BarLowChangeLT0,%%:checkBuyRevarsalLast3DayDownAtMonth3High,##(Check-chart-buy):month3High-InMinus,ReversalHighMonth3,",-0.10050097901617147,1,0,1
"PCTChangeGT2,_HTGT3.0__HTGTPCTDayChange_,,,weekBarHighChangeGT2,brokenToday,",1.0424399287938177,1,1,0
"PCTChangeGT3,year2High,,,,chisBuyConsolidationBreakUp-2week-(Risky)-year2High,week2BarHighChangeGT0,",1.2605112545522938,1,1,0
"PCTChangeGT1,year2High,,,,chisCheckConsolidationBreakoutLT(4.5),week2BarHighChangeGT0,weekHighGTweek2High,brokenToday,",0.4350391622543108,1,1,0
"PCTChangeLT-3,,,,##MANegative_Downtrend_(LT-1),##MA-SMA200GT0SMA100GT0,",1.5233966296340788,1,1,0
"PCTChangeGT0.5,PCDayChange-0.5to0.5,_LTGT1.5_,,,%%:checkBuyContinue:CupDownDoji,",0.2593642352980883,1,1,0
"PCTChangeLT-2,_LTGT1.5_,,,%%HLTF:(GLOBAL-UP)buyHighLowerTail-LastDayMarketUp,",3.5821601903817974,1,1,0
"PCTChangeLT-3,,,,##MANegative_Downtrend_(LT-2),##MA-SMA200GT0SMA100GT0,##last2DayLow(LT-3)-M3LGT0,",5.301699836530234,1,1,0
"PCTChangeGT0.5,PCDayChange-0.5to0.5,_LTGT3.0_,,,%%HLTF:(GLOBAL-DOWN)sellHighLowerTail-Reversal-LastDayMarketUp,",-4.092289375480423,4,2,2
"PCTChangeGT1,_HTGT1.5__LTGT1.5__HTGTPCTDayChange_,,,%%HLTF-Last2HighTail:(UPTREND)buy(DOWNTREND)sell:HighUpperTailPre-last2DayUp,",0.927794718993908,1,1,0
"PCTChangeGT3,year2High,,,,volSellVolumeUpsergedLast2n3DayDown,",0.3444340577346594,24,14,10
"PCTChangeGT2,_HTGT1.5_,,,%%HLTF-Risky9:30:maySellTail-tailGT2-7,10thDayGT15,",-0.7970142483265752,1,0,1
"PCTChangeGT1,,,,volSellReversalLast2DayUp-VolDown,##UPTREND:buyYear2LowReversal(Confirm),",1.1764705882352946,1,1,0
"PCTChangeGT3,,,,##(Check-chart-sell):month3Low-InPlus,ReversalLowMonth3,(GLOBALFUTUP-UPTRENDMARKET)checkBuyConsolidationBreakUp-week2-highNotReachedWeek3,week2BarHighChangeGT0,brokenToday,##UPTREND:buyMonth3LowReversal(Confirm),##last3DayHighGT3-M3HLT0,",-2.5123876323937897,1,0,1
"PCTChangeGT2,year2High,_HTGT3.0__LTGT1.5__HTGTPCTDayChange__LTGTPCTDayChange_,,,%%HLTF-Last2HighTail:(UPTREND)buy(DOWNTREND)sell:HighUpperTailPre-last2DayUp,",1.643617167226298,2,1,1
"PCTChangeGT1,_HTGT1.5_,,,volBuyContinueLast2DayUp-VolUp,(GLOBALFUTUP-UPTRENDMARKET)checkBuyConsolidationBreakUp-week2-highNotReachedWeek3,week2BarHighChangeGT0,",0.5700439305071213,1,1,0
"PCTChangeLT-1,PCDayChange-0.5to0.5,_LTGT1.5_,,,%%:checkSell:Super01-monthLow,",-3.657305536085625,3,0,3
"PCTChangeLT-3,,,,%%HLTF-Last2DayMarketDown:(GLOBAL-UP)buyHighUpperTailPre1-Reversal-LastDayMarketDown,##ML:buyRisingMA-down-Risky,",0.34586950146358797,1,1,0
"PCTChangeGT5,_LTGT3.0_,,,chisBuyFinalContinueReversal-2,##RisingMA(Test)(check-chart-buy)-2DayUp,",7.085092639055614,1,1,0
"PCTChangeGT3,year2Low,_HTGT1.5__LTGT1.5_,,,zigZagVolCrossedFromDown,",0.535710652669274,1,1,0
"PCTChangeLT-8,,,,chisRSISellCandidate(yearLow)-lessThanMinus5,",4.806585044742107,1,1,0
"PCTChangeLT-2,_LTGT1.5_,,,VOL:sell(GLOBALFUTUP-GLOBALMARKETUP)Buy-UpVol-3dayDown-Week2High,##(Check-chart-buy):month3High-InMinus,ReversalHighMonth3,",2.6208921919096353,1,1,0
"PCDCLT0PCTChangeGT1,PCDayChange-0.5to0.5,_HTGT1.5_,,,%%HLTF:(UPTREND-MorningTrend-UP)mayBuyTail-highTailGT2-7,10thDayGT10-Last2DayStockDown,",-0.7435092678317728,1,0,1
"PCTChangeLT-2,_LTGT1.5_,,,(GLOBALFUTDOWN-DOWNTRENDMARKET)checkSellConsolidationBreakDown-week2-lowNotReachedWeek3,week2BarLowChangeLT-2,##DOWNTREND:sellYear2HighReversal(InDownTrend),##(Check-chart-buy):YearHigh-InMinus,ReversalHighYear,",-0.6317689530686079,1,0,1
"PCTChangeLT-3,_LTGT1.5_,,,volBuyVolumeUpsergedLast2n3DayUp,##MANegative_Downtrend_(LT-2),##MA-SMA200LT0SMA100LT0,##DOWNTREND:sellYearLowBreak,##last2DayLow(LT-3)-M3LLT0,",2.7586206896551677,1,1,0
"PCTChangeGT0.5,_HTGT3.0_,,,(SMA9GT0),",2.265048168873018,1,1,0
"PCTChangeLT-2,_LTGT3.0_,,,volBuyVolumeUpsergedLast2n3DayUp,##MANegative_Downtrend_(LT-2),##MA-SMA200LT0SMA100LT0,",-1.0048768578505949,1,0,1
"PCTChangeLT-2,,,,volBuyVolumeUpsergedLast2n3DayUp,(GLOBALFUTDOWN-DOWNTRENDMARKET)checkSellConsolidationBreakDown-week2-lowNotReachedWeek3,week2BarLowChangeLT-2,",-1.3330789672737937,1,0,1
"PCTChangeGT5,year2Low,_HTGT1.5_,,,chisSellYear2LowLT-40-last4DayDown(triggerAfter-9:15),",-2.5351346328083713,3,1,2
"PCTChangeGT3,,,,VOL:buy(GLOBALFUTDOWN-GLOBALMARKETDOWN)Sell-UpVol-3dayUp-Week2Low,",0.04099265845625616,20,9,11
"PCTChangeGT5,_HTGT1.5_,,,##MAPositive_Uptrend(GT2),##MA-SMA200GT0SMA100LT0,",-2.0100161260020037,1,0,1
"PCTChangeGT3,_HTGT3.0__HTGTPCTDayChange_,,,%%HLTF-Last2HighTail:(UPTREND)buy(DOWNTREND)sell:HighUpperTailPre-last2DayUp,%%HLTF:(DOWNTREND-OR-GLOBALDOWN)maySellTail-tailGT2-2,3,4thDayGT0,sellEveningStar-0,",2.397664388020833,1,1,0
"PCTChangeGT5,_LTGT3.0_,,,chisUpTrend-Risky-nearLow,volumeUpsergedLast2n3n4DayDown,##last2DayHighGT3-M3HLT0,",-4.768292576023664,1,0,1
"PCTChangeGT3,,,,volSellRevarsalVolCrossed,##(Check-chart-sell):month3Low-InPlus,ReversalLowMonth3,",0.553924833929514,1,1,0
"PCTChangeGT1,,,,chisBuyUpTrend-nearLow,volBuyContinueLast2DayUp-VolUp,",4.835870649644704,1,1,0
"PCTChangeLT-3,_HTGT1.5__LTGT1.5_,,,vol-buy-DownVol-3dayDown-Week2Low,(GLOBALFUTDOWN-DOWNTRENDMARKET)checkSellConsolidationBreakDown-week2-lowNotReachedWeek3,week2BarLowChangeLT-2,##MANegative_Downtrend_(LT-4.5),##MA-SMA200GT0SMA100LT0,chisBuyDayLowVolLow-03-checkMorningTrend(.5SL)-after10:30,",-2.2453482839378083,1,0,1
"PCTChangeLT-1,year2High,_HTGT1.5_,,,%%HLTF:(UPTREND-MorningTrend-UP)mayBuyTail-highTailGT2-7,10thDayGT10-Last2DayStockDown,",1.5982702029954645,1,1,0
"PCTChangeLT-0.5,_HTGT1.5__HTGTPCTDayChange_,,,chisBuyMay5DayFloorReversal,",-3.0010341975937944,1,0,1
"PCTChangeGT3,year2High,,,,(GLOBALFUTUP-UPTRENDMARKET)checkBuyConsolidationBreakUp-month,weekBarHighChangeGT2,brokenToday,",1.1564703430121408,1,1,0
"PCTChangeGT3,,,,checkBuyConsolidationBreakUp-2week,week2BarHighChangeGT2,brokenToday,chisBuy-2week-breakoutup(check-chart)(|-|-| or --|),",1.7437880942625885,2,1,1
"PCTChangeLT-2,,,,checkCupDown-inDownTrend-month3HighLTmonth3Low,bar_low,volBuyVolumeUpsergedLast2n3DayUp,chisSellDownTrend-nearHigh,##DOWNTREND:sellYearHigh(InDownTrend),##(Check-chart-buy):month3High-InMinus,NearHighMonth3,",1.6887437428859713,1,1,0
"PCTChangeLT-2,_LTGT1.5_,,,(GLOBALFUTDOWN-DOWNTRENDMARKET)checkSellConsolidationBreakDown-week2-lowNotReachedWeek3,week2BarLowChangeLT-2,chisDownTrend-Risky-nearHigh,##DOWNTREND:sellYear2HighReversal(InDownTrend),##(Check-chart-buy):YearHigh-InMinus,ReversalHighYear,",-3.137281469848574,1,0,1
"PCTChangeGT5,_LTGT1.5_,,,chisSelldowntrendReversalMayFail,",2.7012000896242494,3,3,0
"PCTChangeLT-0.5,PCDayChange-0.5to0.5,_HTGT1.5__LTGT1.5_,,,%%:checkSell:Super01-monthLow,",0.6551703091325294,1,1,0
"PCTChangeLT-2,_HTGT1.5__HTGTPCTDayChange_,,,%%:sellDowntrend-lastDayDown-ReversalHighTail,",1.4081285521724183,2,2,0
"PCTChangeLT-5,_LTGT1.5_,,,volBuyReversalLast2DayDown-VolDown,weekBarLowChangeLT-2,brokenToday,chisSellDayLowVolLow-01,",-3.2202447214305088,1,0,1
"PCTChangeGT2,year2High,_HTGT1.5__LTGT1.5__HTGTPCTDayChange__LTGTPCTDayChange_,,,%%HLTF-Last2HighTail:(UPTREND)buy(DOWNTREND)sell:HighUpperTailPre-last2DayUp,%%:sellUpTrend-month3High,",-7.005594737494169,1,0,1
"PCTChangeLT-3,year2High,_HTGT3.0__HTGTPCTDayChange_,,,%%HLTF:maySellTail-tailGT2-7,10thDayGT20,",-2.9160014229455715,1,0,1
"PCTChangeGT3,,,,##(Check-chart-sell):month3Low-InPlus,ReversalLowMonth3,chisUpTrend-Risky-nearLow,chis-breakoutup-2week,",0.7933136561857288,1,1,0
"PCTChangeLT-2,,,,chisBuyFinalContinue-(lastDayUp),",-3.168846075285194,2,1,1
"PCTChangeGT1,_HTGT1.5_,,,##(Check-chart-sell):month3Low-InPlus,ReversalLowMonth3,chisUpTrend-Risky-nearLow,##UPTREND:buyMonth3LowReversal(Confirm),",-2.9307072112174914,1,0,1
"PCTChangeGT2,,,,chisSellYear2LowLT-40-last4DayDown(triggerAfter-9:15),##buyTenDaysLessThanMinusTen,",0.8246381053414087,2,1,1
"PCTChangeLT-3,,,,%%:checkSell:ConsolidationBreakDown(NotShapeA)-2week,checkSellConsolidationBreakDown-2week,week2BarLowChangeLT0,brokenToday,chisDownTrend-Risky-nearHigh,##(Check-chart-buy):month3High-InMinus,ReversalHighMonth3,",-3.677703988485696,1,0,1
"PCTChangeLT-5,_LTGT3.0_,,,chisDownTrend-Risky-nearHigh,",-2.0085533744976107,11,5,6
"PCTChangeGT3,PCDayChange-0.5to0.5,year2High,_HTGT1.5__LTGT1.5_,,,(SMA9GT0),",0.6636201910217525,1,1,0
"PCTChangeLT-3,,,,checkSellConsolidationBreakDown-2week,week2BarLowChangeLT0,brokenToday,##ML:buyRisingMA-down-Risky,",-1.0277666918591681,1,0,1
"PCTChangeGT5,_HTGT3.0_,,,volSellRevarsalVolCrossed,",-1.8989886659564428,1,0,1
"PCTChangeLT-2,,,,chisSellFinalCandidate-4,chisSellDownTrend-nearHigh,##DOWNTREND:sellMonth3High(InDownTrend),##(Check-chart-buy):month3High-InMinus,NearHighMonth3,",0.0,1,0,0
"PCTChangeLT-2,_HTGT1.5__LTGT1.5__HTGTPCTDayChange__LTGTPCTDayChange_,,,chisDownTrend-Risky-nearHigh,##(Check-chart-buy):month3High-InMinus,ReversalHighMonth3,",-4.0159258012478665,1,0,1
"PCTChangeGT0,PCDayChange-0.5to0.5,,,,chisSellFlag2Week-doji-Risky,",-0.1677969572357204,52,23,29
"PCTChangeGT3,year2High,_HTGT3.0__HTGTPCTDayChange_,,,weekBarHighChangeGT2,",-0.4723620917519049,1,0,1
"PCTChangeGT3,,,,chisSellFinalContinue-(lastDayDown)-1,buyPatternsML,buyFinal,",3.2110791919004136,1,1,0
"PCTChangeGT2,_HTGT1.5__HTGTPCTDayChange_,,,MaySellCheckChart-(IndexNotDownInSecondHalf),volSellVolumeUpsergedLast2n3DayDown,(GLOBALFUTUP-UPTRENDMARKET)checkBuyConsolidationBreakUp-week2-highNotReachedWeek3,week2BarHighChangeGT0,brokenToday,",-5.341247880692266,1,0,1
"PCTChangeGT3,PCDayChange-0.5to0.5,_HTGT3.0_,,,%%HLTF-Last2HighTail:(UPTREND)buy(DOWNTREND)sell:HighUpperTailPre-last2DayUp,##MA-SMA200LT0SMA100GT0,",-1.1216592188461176,1,0,1
"PCTChangeLT-2,_HTGT1.5_,,,##MANegative_Downtrend_(LT-1),##MA-SMA200LT0SMA100LT0,",2.5914533028704616,2,2,0
"PCTChangeGT2,year2High,_HTGT3.0__HTGTPCTDayChange_,,,volumeUpsergedLast2n3n4DayDown,volSellReversalLast2DayUp-VolUp,",1.7587798976798716,1,1,0
"PCTChangeLT-3,_LTGT1.5_,,,volBuyRevarsalVolCrossed,%%:checkBuyRevarsalLast3DayDownAtMonth3High,",1.0460797478170942,1,1,0
"PCTChangeLT-2,,,,volBuyReversalLast2DayDown-VolDown,weekBarLowChangeLT-2,brokenToday,chisDownTrend-Risky-nearHigh,##DOWNTREND:sellYear2HighReversal(InDownTrend),",0.361989372070949,1,1,0
"PCTChangeLT-3,,,,zigZagVolCrossedFromUp,##(Check-chart-buy):month3High-InMinus,ReversalHighMonth3,",-0.020987279785231516,3,2,1
"PCTChangeGT0,PCDayChange-0.5to0.5,_HTGT1.5_,,,chisSellDowningMA-(check5MinuteDownTrendAndSellDowntrend),##(Test)(check-chart)-sellSMADownTrend,",-0.5477574368651184,1,0,1
"PCTChangeGT5,_HTGT3.0_,,,##MAPositive_Uptrend(GT4.5),##MA-SMA200LT0SMA100LT0,##last3DayHighGT3-M3HGT0,",2.6363650235262783,1,1,0
"PCTChangeLT-2,_LTGT1.5_,,,chisSellFlag2Week-Risky,volSellContinueLast2DayDown-VolUp,",-1.610756354808303,2,0,2
"PCTChangeLT-3,,,,##MANegative_Downtrend_(LT-4.5),##MA-SMA200LT0SMA100LT0,##DOWNTREND:sellMonth6LowBreak,",0.32922601948636193,3,1,2
"PCTChangeGT2,,,,shortUpTrendSellReversal-MonthHigh,weekBarHighChangeGT2,",0.7647918144224207,3,2,1
"PCTChangeLT-2,,,,(GLOBALFUTDOWN-DOWNTRENDMARKET)checkSellConsolidationBreakDown-week2-lowNotReachedWeek3,week2BarLowChangeLT-2,##DOWNTREND:sellYearHighReversal(InDownTrend),volBuyRevarsalVolCrossed,##(Check-chart-buy):month3High-InMinus,ReversalHighMonth3,",1.119720029159331,1,1,0
"PCTChangeLT-2,_LTGT1.5_,,,volumeUpsergedLast2n3n4DayUp,weekBarLowChangeLT-2,brokenToday,chisDownTrend-Risky-nearHigh,##DOWNTREND:sellYear2HighReversal(InDownTrend),##(Check-chart-buy):month3High-InMinus,ReversalHighMonth3,",-5.094223408425643,1,0,1
"PCTChangeGT0,,,,chisUpTrend-Risky-nearLow,",0.3143241330700441,36,19,16
"PCTChangeLT-0.5,_LTGT1.5_,,,##MAPositive_Uptrend(LT-1),##MA-SMA200GT0SMA100GT0,",-1.4878015591223803,3,0,3
"PCTChangeGT3,PCDayChange-0.5to0.5,_LTGT3.0_,,,%%HLTF:(SGXNIFTYUP)buyHighLowerTail-Continue,",0.5896908130073276,6,4,2
"PCTDayChangeLT0,PCDayChange-0.5to0.5,_HTGT1.5_,,,%%HLTF-LastDayUp:(DOWNTREND-OR-GLOBALDOWN)MaySellHighTail-LastDayMarketUp,%%HLTF:(UPTREND-MorningTrend-UP)mayBuyTail-highTailGT2-7,10thDayGT10-Last2DayStockDown,",-1.1926030871487179,3,2,1
"PCTChangeGT5,,,,##MAPositive_Uptrend(GT1),##MA-SMA200LT0SMA100GT0,",-3.345213984025719,1,0,1
"PCTChangeLT-2,_LTGT1.5_,,,checkCupDown-month3HighLTmonth3Low,bar_low,%%HLTF:(GLOBAL-DOWN)sellHighLowerTail-Reversal-LastDayMarketUp,##DOWNTREND:sellYearHighReversal(InDownTrend),",-1.7492684233540339,1,0,1
"PCTChangeGT2,_LTGT1.5_,,,##UPTREND:buyMonth6LowReversal(Confirm),",1.990417562189429,2,2,0
"PCTChangeLT-1,,,,(SMA9LT0),##MANegative_Downtrend_(LT-2),##MA-SMA200LT0SMA100LT0,",-1.9116547942886526,1,0,1
"PCTChangeGT3,_HTGT1.5__LTGT1.5_,,,%%HLTF-Risky9:30:maySellTail-tailGT2-7,10thDayGT15,chisCheckConsolidationBreakout2WeekLT(4.5),##MAPositive_Uptrend(GT2),##MA-SMA200GT0SMA100GT0,",-0.8118126225207436,1,0,1
"PCTChangeGT1,_HTGT3.0__HTGTPCTDayChange_,,,%%:sellDowntrend-lastDayUp-ReversalHighTail,",1.0508517738749834,1,1,0
"PCTChangeLT-3,_HTGT1.5_,,,checkCupDown-month3HighLTmonth3Low,bar_low,##(Check-chart-buy):month3High-InMinus,ReversalHighMonth3,",-0.6769475800201227,1,0,1
"PCTChangeLT-2,,,,volBuyReversalLast2DayDown-VolDown,(SMA9GT0),",-1.7157852452004831,1,0,1
"PCTChangeLT-2,,,,VOL:buy-UpVol-3dayDown-Week2Low,##DOWNTREND:sellYear2HighReversal(InDownTrend),",3.8673084345279314,1,1,0
"PCTChangeGT1,_HTGT3.0__HTGTPCTDayChange_,,,sellEveningStar-0,",2.9559418786097593,4,2,2
"PCTChangeGT0.5,year2High,_HTGT3.0_,,,chisSellEveningStar-2(Check2-3MidCapCross),",-0.865942137495858,5,2,3
"PCTChangeGT1,PCDayChange-0.5to0.5,,,,##MA-SMA200LT0SMA100GT0,",0.5941613625897092,2,1,1
"PCTChangeLT-1,,,,%%:checkSell:Super0,##MANegative_Downtrend_(LT-1),##MA-SMA200LT0SMA100LT0,",0.7446563969549143,3,3,0
"PCTChangeLT-0.5,_HTGT1.5__LTGT1.5_,,,%%:checkSell:CupDownDoji-lastDayLT(-2)TodayDoji,chisSellDownTrend-nearHigh,",3.065131131678159,1,1,0
"PCTChangeGT1,_HTGT1.5_,,,%%HLTF-Last2HighTail:(UPTREND)buy(DOWNTREND)sell:HighUpperTailPre-last2DayUp,volSellVolumeUpsergedLast2n3DayDown,##MAPositive_Uptrend(GT2),##MA-SMA200LT0SMA100LT0,",-4.410829969272483,1,0,1
"PCTChangeLT-2,_LTGT1.5_,,,checkCupDown-2dayDown-mayReversalBuy,chisDownTrend-Risky-nearHigh,##DOWNTREND:sellYear2HighReversal(InDownTrend),##(Check-chart-buy):month3High-InMinus,ReversalHighMonth3,",3.226372974806281,1,1,0
"PCTChangeGT1,,,,chisBuyUpTrend-nearLow,",0.37656625028691865,93,51,42
"PCTChangeLT-1,_HTGT1.5__HTGTPCTDayChange_,,,volBuyVolumeUpsergedLast2n3DayUp,",-0.7045468417080948,1,0,1
"PCTChangeLT-0.5,_LTGT1.5_,,,(GLOBALFUTDOWN-DOWNTRENDMARKET)checkSellConsolidationBreakDown-week2-lowNotReachedWeek3,week2BarLowChangeLT0,",-0.15073861368685837,1,0,1
"PCTChangeLT-2,_HTGT1.5_,,,(GLOBALFUTDOWN-DOWNTRENDMARKET)checkSellConsolidationBreakDown-week2-lowNotReachedWeek3,week2BarLowChangeLT-5,weekLowLTweek2Low,##DOWNTREND:sellMonth6HighReversal(InDownTrend),##(Check-chart-buy):month3High-InMinus,ReversalHighMonth3,",0.6823515050551505,1,1,0
"PCTChangeGT1,year2High,_HTGT1.5_,,,chisSellEveningStar-2(Check2-3MidCapCross),",0.004164124035044348,4,1,3
"PCTChangeLT-2,_HTGT1.5_,,,checkCupDown-3dayDown,VOL:buy-DownVol-3dayDown-Week2High,##(Check-chart-buy):month3High-InMinus,ReversalHighMonth3,",-0.6727656733163789,1,0,1
"PCDCLT0PCTChangeGT0,_LTGT1.5_,,,##MA-SMA200GT0SMA100LT0,",5.254377835038779,2,2,0
"PCTChangeLT-3,_HTGT1.5_,,,##DOWNTREND:sellMonth6High(InDownTrend),##(Check-chart-buy):month3High-InMinus,BreakHighMonth3,",1.2999674492403521,1,1,0
"PCDCGT0PCTDayChangeLT0,_HTGT3.0__LTGT1.5_,,,chisBuyYearHigh-1,",-1.1096632498360075,1,0,1
"PCTChangeLT-2,_LTGT1.5_,,,(GLOBALFUTDOWN-DOWNTRENDMARKET)checkSellConsolidationBreakDown-week2-lowNotReachedWeek3,week2BarLowChangeLT0,weekLowLTweek2Low,chisDownTrend-Risky-nearHigh,",0.31054979709908426,3,2,1
"PCTChangeGT3,year2Low,,,,zigZagVolCrossedFromDown,",-2.5260373816438184,1,0,1
"PCTChangeGT3,,,,##RisingMA(Test)(check-chart-buy)-2DayUp,",-0.8052584058888577,7,3,4
"PCTChangeLT-0.5,_HTGT3.0__HTGTPCTDayChange_,,,chisDownTrend-Risky-nearHigh,",0.001606088620202284,2,1,1
"PCDCGT0PCTDayChangeLT0,_LTGT1.5_,,,%%:checkSell:CupDownDoji,buyPatternsML,buyPattern-GT1.5-SMAGT0,(SMA9GT0),",-0.2399544475876012,1,0,1
"PCTChangeGT0,,,,chisSellDowningMA-(check5MinuteDownTrendAndSellDowntrend)-Already10DayDown,chisBuyYearHigh-1,",-0.6006872780834109,2,0,2
"PCTChangeGT2,,,,weekBarHighChangeGT2,##(check-chart)mayBuy-EMA6-LT-May-MT-EMA14,",-1.9804460623755793,1,0,1
"PCTChangeLT-1,,,,volSellVolumeUpsergedLast2n3DayUp,volSellContinueLast2DayDown-VolUp,##(Check-chart-buy):month3High-InMinus,ReversalHighMonth3,",-3.4633878529426765,1,0,1
"PCDCGT0PCTDayChangeLT0,_HTGT1.5__LTGT1.5_,,,$$MaySellContinue-CheckChart(inuptrend-monthlow)-highTail,",0.8545933937539907,1,1,0
"PCTChangeLT-1,_HTGT1.5__LTGT3.0_,,,%%HLTF-Last2DayMarketUp:(GLOBAL-DOWN)sellHighLowerTail-Reversal-LastDayMarketUp,",5.171433221726199,1,1,0
"PCTChangeGT3,_HTGT1.5_,,,##MAPositive_Uptrend(GT2),##MA-SMA200LT0SMA100GT0,##last2DayHighGT3-M3HLT0,",2.8997376230134235,2,2,0
"PCDCLT0PCTChangeGT0,PCDayChange-0.5to0.5,_HTGT1.5_,,,%%HLTF-LastDayUp:(DOWNTREND-OR-GLOBALDOWN)MaySellHighTail-LastDayMarketUp,##MAPositive_Uptrend(LT0),##MA-SMA200LT0SMA100GT0,",-1.8935964339288518,1,0,1
"PCTDayChangeLT0,year2High,_LTGT1.5_,,,%%HLTF:(SGXNIFTYUP)buyHighLowerTail-Continue,(Test)(check-chart-2-3MidCapCross)MayBuyCheckChart-Risky,",0.37149374016925296,2,1,1
"PCTChangeGT2,_HTGT1.5__HTGTPCTDayChange_,,,week2BarHighChangeGT0,",-0.3552322369866279,3,1,2
"PCTChangeLT-1,,,,##sellRisingMA-1,",2.271741784137222,1,1,0
"PCTChangeLT-1,_HTGT1.5__LTGT1.5__HTGTPCTDayChange__LTGTPCTDayChange_,,,$$MayBuy-CheckChart(downTrend-mayReverseLast4DaysDown),",-1.111312748411591,5,1,4
"PCTChangeLT-0.5,year2High,_HTGT3.0__HTGTPCTDayChange_,,,%%HLTF:maySellTail-tailGT2-allDayGT0,",-6.645978382834746,1,0,1
"PCTChangeGT3,_HTGT1.5__LTGT3.0_,,,%%HLTF-Risky:(GLOBAL-DOWN)sellHighLowerTail-Reversal-LastDayMarketUp,##(Check-chart):yearHigh-InPlus,##MAPositive_Uptrend(GT4.5),##MA-SMA200GT0SMA100GT0,##last3DayHighGT3-M3HGT0,",3.54545593261718,1,1,0
"PCTChangeGT0.5,_LTGT1.5_,,,week2BarHighChangeGT0,buyYearHigh-0,",3.8506375472312886,1,1,0
"PCTChangeGT5,,,,volumeUpsergedLast2n3n4DayDown,##MAPositive_Uptrend(GT4.5),##MA-SMA200GT0SMA100GT0,",-0.20470379277152667,5,2,3
"PCTChangeGT3,,,,(GLOBALFUTUP-UPTRENDMARKET)checkBuyConsolidationBreakUp-week2-highNotReachedWeek3,week2BarHighChangeGT2,weekHighGTweek2High,chisSell-2week-breakoutup,##RisingMA(Test)(check-chart-buy)-2DayUp,",-0.8208049727067491,1,0,1
"PCTChangeLT-2,_LTGT1.5_,,,volumeUpsergedLast2n3n4DayUp,MayBuyCheckChart-(IndexNotUpInSecondHalf),",0.826798891012619,1,1,0
"PCTChangeGT3,_LTGT1.5_,,,chisSelldowntrendReversalMayFail,zigZagVolCrossedFromDown,$$(DOWNTREND-OR-GLOBALDOWN)MaySellContinue-CheckChart(inuptrend-monthlow)-PCTDayChangeGT2,",-3.7525675739858126,1,0,1
"PCTChangeLT-1,PCDayChange-0.5to0.5,_HTGT3.0_,,,%%HLTF-Last2HighTail:(DOWNTREND)sellHighUpperTailPre,",-0.5988253298229778,2,0,2
"PCTChangeGT3,,,,volBuyVolumeUpsergedLast2n3DayDown,volBuyContinueLast2DayUp-VolUp,",2.798993376577886,6,4,2
"PCTChangeLT-2,,,,%%:checkSell:ConsolidationBreakDown(NotShapeA)-2week,volumeUpsergedLast2n3n4DayUp,checkSellConsolidationBreakDown-2week,week2BarLowChangeLT0,brokenToday,chisDownTrend-Risky-nearHigh,##(Check-chart-buy):YearHigh-InMinus,ReversalHighYear,",1.844881078342941,1,1,0
"PCDCGT0PCTChangeLT-1,_HTGT1.5__HTGTPCTDayChange_,,,%%:checkSell:CupDownDoji,%%:sellDowntrend-lastDayUp-ReversalHighTail,",-0.1419903056858559,1,0,1
"PCTChangeGT2,_LTGT3.0_,,,volBuyContinueLast2DayUp-VolUp,",7.258302047788127,2,2,0
"PCTChangeLT-12,_HTGT1.5__LTGT3.0_,,,VOL:sellAboveTail-BuyAtClose:upVol3dayDownWeek2Low-highLowerTail,##MANegative_Downtrend_(LT-4.5),##MA-SMA200GT0SMA100LT0,",8.741934171286974,1,1,0
"PCTChangeLT-2,,,,checkCupDown-near2WeekDown-mayReveresalBuy,(GLOBALFUTDOWN-DOWNTRENDMARKET)checkSellConsolidationBreakDown-week2-lowNotReachedWeek3,week2BarLowChangeLT0,weekLowLTweek2Low,chisDownTrend-Risky-nearHigh,##DOWNTREND:sellYear2HighReversal(InDownTrend),##(Check-chart-buy):month3High-InMinus,ReversalHighMonth3,",-1.1350121653156506,1,0,1
"PCDCGT0PCTDayChangeLT0,PCDayChange-0.5to0.5,_HTGT1.5_,,,%%HLTF-Last2HighTail:(DOWNTREND)sellHighUpperTailPre-1,",-0.18919399563494174,7,3,4
"PCTChangeGT3,_HTGT3.0__HTGTPCTDayChange_,,,volSellRevarsalVolCrossed,volSellReversalLast2DayUp-VolUp,##lastDayHighGT5TodayGT1,",-0.4422265450304678,1,0,1
"PCTChangeGT2,year2High,_HTGT1.5__LTGT1.5_,,,checkCupDown-lastDayUp,",1.5251096960616437,1,1,0
"PCDCGT0PCTDayChangeLT0,_LTGT3.0_,,,chisSellFlagWeek-doji-Risky,",1.5893924597537732,1,1,0
"PCTChangeLT-2,,,,volSellContinueLast2DayDown-VolUp,##DOWNTREND:sellYearHighReversal(InDownTrend),##(Check-chart-buy):month3High-InMinus,ReversalHighMonth3,",-0.8864815063333404,1,0,1
"PCTChangeGT3,_HTGT3.0_,,,##MAPositive_Uptrend(GT4.5),##MA-SMA200GT0SMA100GT0,",-4.930406256564091,3,0,3
"PCTChangeGT3,_LTGT1.5_,,,chisBuyUpTrend-nearLow,##UPTREND:buyYear2Low,",7.049262656121999,1,1,0
"PCTChangeGT3,_HTGT1.5__HTGTPCTDayChange_,,,brokenToday,",0.32827974569918006,1,1,0
"PCTChangeLT-1,_LTGT3.0_,,,volumeUpsergedLast2n3n4DayUp,",-2.615384615384611,1,0,1
"PCDCLT0PCTChangeGT5,_LTGT3.0_,,,chisSellLastDayHighUpReversal,",0.22240061084341894,1,1,0
"PCTChangeLT-2,,,,volumeUpsergedLast2n3n4DayUp,volSellContinueLast2DayDown-VolUp,chisDownTrend-Risky-nearHigh,##(Check-chart-buy):month3High-InMinus,ReversalHighMonth3,",1.4907058589116244,1,1,0
"PCDCLT0PCTChangeGT0,_HTGT3.0__LTGT1.5_,,,##MAPositive_Uptrend(LT0),##MA-SMA200LT0SMA100GT0,",0.32000122070312503,1,1,0
"PCTChangeLT-2,,,,##DOWNTREND:sellMonth3HighReversal(InDownTrend),$$MayBuy-CheckChart(monthLow-minimumLast4DayDown),##(Check-chart-buy):month3High-InMinus,ReversalHighMonth3,",-1.128841559121611,1,0,1
"PCTChangeLT-3,,,,volSellContinueLast2DayDown-VolUp,##(Check-chart-buy):month6High-InMinus,NearHighMonth6,",-0.1776672369860206,1,0,1
"PCTChangeLT-3,,,,##DOWNTREND:sellYear2HighReversal(InDownTrend),##last3DayLow(LT-3)-M3LGT0,##(Check-chart-buy):YearHigh-InMinus,ReversalHighYear,",1.8806228307109187,1,1,0
"PCTChangeGT2,_HTGT1.5__HTGTPCTDayChange_,,,chisUpTrend-Risky-nearLow,##UPTREND:buyYearLowReversal(Confirm),",-2.263244747532011,1,0,1
"PCTChangeLT-2,,,,volSellContinueLast2DayDown-VolUp,chisSellDownTrend-nearHigh,##(Check-chart-buy):month3High-InMinus,ReversalHighMonth3,",-0.571684512574295,2,1,1
"PCTChangeGT5,year2High,_HTGT3.0__HTGTPCTDayChange_,,,volBuyContinueLast2DayUp-VolUp,",-0.760174376348792,1,0,1
"PCTChangeGT2,_HTGT3.0__HTGTPCTDayChange_,,,weekBarHighChangeGT0,brokenToday,##MAPositive_Uptrend(GT1),##MA-SMA200GT0SMA100GT0,",0.24115387353984338,1,1,0
"PCTChangeLT-8,_HTGT1.5_,,,maySellHighVolatileDownContinueLT-8,chisSellDownTrend-nearHigh,chisSellDayLowVolLow-0,",-5.011233211903087,1,0,1
"PCTChangeLT-1,_HTGT3.0_,,,%%HLTF:maySellTail-tailGT2-7,10thDayGT0,",-4.689329145654249,1,0,1
"PCTChangeLT-3,,,,(GLOBALFUTDOWN-DOWNTRENDMARKET)checkSellConsolidationBreakDown-week2-lowNotReachedWeek3,week2BarLowChangeLT-2,weekLowLTweek2Low,##MANegative_Downtrend_(LT-4.5),##MA-SMA200LT0SMA100LT0,",-4.975608267435214,1,0,1
"PCTDayChangeLT0,_HTGT1.5_,,,mayBuyFromSellPattern-GT1.8,",2.692525491888351,1,1,0
"PCTChangeLT-2,,,,volSellVolumeUpsergedLast2n3DayUp,chisSellDownTrend-nearHigh,",-2.137562102349141,3,0,3
"PCTChangeLT-2,,,,checkCupDown-near2WeekDown-mayReveresalBuy,(GLOBALFUTDOWN-DOWNTRENDMARKET)checkSellConsolidationBreakDown-week2-lowNotReachedWeek3,week2BarLowChangeLT-2,##(Check-chart-buy):YearHigh-InMinus,ReversalHighYear,",-0.26407492303144076,1,0,1
"PCTChangeGT2,_HTGT3.0__HTGTPCTDayChange_,,,week2BarHighChangeGT2,weekHighGTweek2High,",-0.5718954248365911,1,0,1
"PCTChangeLT-1,year2Low,_HTGT1.5__LTGT3.0__HTGTPCTDayChange__LTGTPCTDayChange_,,,volBuyReversalLast2DayDown-VolUp,",-2.5502126836975423,1,0,1
"PCTChangeGT0,PCDayChange-0.5to0.5,_LTGT1.5_,,,chisSellSuper-Risky,-+,##MANegative_Downtrend_(GT0),##MA-SMA200LT0SMA100LT0,",1.1057190502942542,1,1,0
"PCTChangeGT3,_HTGT3.0_,,,%%HLTF-Last2HighTail:(UPTREND)buy(DOWNTREND)sell:HighUpperTailPre-last2DayUp,##MAPositive_Uptrend(GT4.5),##MA-SMA200GT0SMA100GT0,",0.8691406250000058,1,1,0
"PCDCLT0PCTChangeGT0,_HTGT1.5__HTGTPCTDayChange_,,,%%HLTF-Last2HighTail:(DOWNTREND)sellHighUpperTailPre,",14.891895763085719,1,1,0
"PCTChangeGT5,_HTGT3.0__LTGT1.5__HTGTPCTDayChange_,,,%%HLTF-Last2HighTail:(UPTREND)buy(DOWNTREND)sell:HighUpperTailPre-last2DayUp,volBuyContinueLast2DayUp-VolUp,##last2DayHighGT3-M3HLT0,",14.057286018828854,1,1,0
"PCTChangeGT1,year2High,,,,%%:sellUpTrend-month3High,shortUpTrendSellReversal-MonthHigh,",-0.021012103510392337,1,0,1
"PCTChangeLT-2,_HTGT1.5__HTGTPCTDayChange_,,,chisDownTrend-Risky-nearHigh,##DOWNTREND:sellMonth6HighReversal(InDownTrend),##(Check-chart-buy):month6High-InMinus,ReversalHighMonth6,",-0.6045562351468201,1,0,1
"PCTChangeLT-1,_LTGT3.0_,,,$$MayBuy-CheckChart-baseLine(inuptrend-monthlow)-MHCLT(-10),$$MayBuy-CheckChart(downTrend-mayReverseLast4DaysDown)-Risky,",0.10811376170974948,1,1,0
"PCTChangeEQ0,PCDayChange-0.5to0.5,,,,buyYearHigh-0,",-0.47787826673120576,1,0,1
"PCDCGT0PCTDayChangeLT0,_HTGT1.5_,,,%%HLTF-Last2HighTail:(UPTREND)buy(DOWNTREND)sell:HighUpperTailPre-last2DayUp,%%HLTF:maySellTail-tailGT2-7,10thDayGT20,##MAPositive_Uptrend(GT0),##MA-SMA200GT0SMA100GT0,",1.8613160961735857,1,1,0
"PCTChangeLT-2,_HTGT3.0__HTGTPCTDayChange_,,,zigZagVolCrossedFromUp,##(Check-chart-buy):month3High-InMinus,NearHighMonth3,",-0.7884707693326375,1,0,1
"PCTChangeLT-2,,,,(GLOBALFUTDOWN-DOWNTRENDMARKET)checkSellConsolidationBreakDown-week2-lowNotReachedWeek3,week2BarLowChangeLT-2,weekLowLTweek2Low,sellPatternsML,sellPatterns-LT-1.5-SMALT0,(SMA9LT0),",0.1856430945788466,1,1,0
"PCTChangeLT-2,,,,(GLOBALFUTDOWN-DOWNTRENDMARKET)checkSellConsolidationBreakDown-week2-lowNotReachedWeek3,week2BarLowChangeLT0,weekLowLTweek2Low,##DOWNTREND:sellYear2HighReversal(InDownTrend),##(Check-chart-buy):month3High-InMinus,ReversalHighMonth3,",-0.6515975749643802,6,3,3
"PCTChangeGT0,_HTGT1.5_,,,(GLOBALFUTUP-UPTRENDMARKET)checkBuyConsolidationBreakUp-week2-highNotReachedWeek3,week2BarHighChangeGT0,weekHighGTweek2High,",0.3979482345205141,1,1,0
"PCTChangeLT-1,_LTGT3.0_,,,volSellVolumeUpsergedLast2n3DayUp,",-2.302421031184131,1,0,1
"PCTChangeGT3,,,,##(Check-chart-sell):month3Low-InPlus,ReversalLowMonth3,chisUpTrend-Risky-nearLow,(GLOBALFUTUP-UPTRENDMARKET)checkBuyConsolidationBreakUp-week2-highNotReachedWeek3,week2BarHighChangeGT0,brokenToday,##UPTREND:buyMonth3LowReversal(Confirm),",3.00594404755238,1,1,0
"PCTChangeLT-3,_HTGT1.5__LTGT3.0_,,,##MANegative_Downtrend_(LT-4.5),##MA-SMA200GT0SMA100LT0,",5.434606874344592,2,2,0
"PCTChangeGT0.5,PCDayChange-0.5to0.5,_HTGT1.5__LTGT3.0_,,,chisSellDowningMA-(check5MinuteDownTrendAndSellDowntrend)-Already10DayDown,$$MaySellContinue-CheckChart(inuptrend-monthlow)-highTail,",-0.6439254760683508,1,0,1
"PCDCGT0PCTDayChangeLT0,PCDayChange-0.5to0.5,,,,%%:checkSell:FlagWeek-doji,",-0.6144466054717906,10,4,6
"PCTChangeGT3,,,,vol-sell-DownVol-3dayUp-Week2High,weekBarHighChangeGT2,brokenToday,",0.938479156995675,1,1,0
"PCTChangeLT-3,,,,volBuyVolumeUpsergedLast2n3DayUp,weekBarLowChangeLT-2,chisDownTrend-Risky-nearHigh,##DOWNTREND:sellMonth3HighReversal(InDownTrend),##(Check-chart-buy):month3High-InMinus,ReversalHighMonth3,",0.4752851848902612,1,1,0
"PCTChangeGT2,_HTGT1.5_,,,$$MaySell-CheckChart-baseLine(inDownTrend-monthHigh)-MLCGT10,",3.36215432668964,2,2,0
"PCTChangeLT-3,_HTGT1.5__LTGT1.5_,,,volBuyReversalLast2DayDown-VolUp,(GLOBALFUTDOWN-DOWNTRENDMARKET)checkSellConsolidationBreakDown-week2-lowNotReachedWeek3,week2BarLowChangeLT-2,weekLowLTweek2Low,##DOWNTREND:sellYear2HighReversal(InDownTrend),##last2DayLow(LT-3)-M3LGT0,##(Check-chart-buy):month3High-InMinus,ReversalHighMonth3,",-0.16096333862550144,1,0,1
"PCTChangeGT3,,,,chisUpTrend-Risky-nearLow,chis-breakoutup-2week,##UPTREND:buyYear2LowReversal(Confirm),",1.288983826825631,1,1,0
"PCTChangeGT0.5,_HTGT1.5__LTGT1.5_,,,%%:checkSell:lastDayLT(-4.5),chisSellDowningMA-(check5MinuteDownTrendAndSellDowntrend),",-8.905324901083654,1,0,1
"PCTChangeLT-3,_LTGT1.5_,,,checkCupDown-near2WeekDown-mayReveresalBuy,##last2DayLow(LT-3)-M3LGT0,",4.717177133104346,1,1,0
"PCTChangeGT3,,,,volBuyContinueLast2DayUp-VolUp,(GLOBALFUTUP-UPTRENDMARKET)checkBuyConsolidationBreakUp-week2-highNotReachedWeek3,week2BarHighChangeGT0,brokenToday,##(check-chart)mayBuy-EMA6-LT-May-MT-EMA14,",1.02144369364659,2,2,0
"PCTChangeGT1,year2High,_LTGT3.0_,,,checkCupDown-lastDayUp,",-1.7709593418187601,1,0,1
"PCTChangeGT2,,,,chisUpTrend-Risky-nearLow,chisCheckConsolidationBreakoutLT(4.5),##UPTREND:buyYearLowReversal(Confirm),",-2.3604636968568387,1,0,1
"PCTChangeLT-8,_HTGT1.5__LTGT3.0_,,,##MANegative_Downtrend_(LT-4.5),##MA-SMA200LT0SMA100LT0,chisSellDayLowVolLow-0,",0.9218788146972668,1,1,0
"PCTChangeGT2,,,,chisSellYear2LowLT-40-last3DayDown(triggerAfter-9:15),chisUpTrend-Risky-nearLow,##UPTREND:buyYear2LowReversal(Confirm),",-0.5018532546769917,3,2,1
"PCTChangeLT-2,_HTGT1.5__LTGT1.5__HTGTPCTDayChange_,,,volBuyVolumeUpsergedLast2n3DayUp,weekBarLowChangeLT-2,",-11.631206755942488,1,0,1
"PCTChangeGT0.5,,,,%%:checkSell:Super2,-+,##MANegative_Downtrend_(GT0),##MA-SMA200GT0SMA100GT0,",-0.6744497271460269,1,0,1
"PCTChangeGT0.5,_HTGT3.0__LTGT1.5_,,,%%HLTF-Last2HighTail:(UPTREND)buy(DOWNTREND)sell:HighUpperTailPre-last2DayUp,##MA-SMA200LT0SMA100LT0,",-3.722366293782134,1,0,1
"PCTChangeGT3,,,,volumeUpsergedLast2n3n4DayDown,(GLOBALFUTUP-UPTRENDMARKET)checkBuyConsolidationBreakUp-week2-highNotReachedWeek3,week2BarHighChangeGT0,brokenToday,",0.5941828041689693,4,3,1
"PCTChangeGT3,PCDayChange-0.5to0.5,_HTGT1.5__LTGT1.5_,,,%%:sellDowntrend-lastDayUp-ReversalHighTail,",-3.914289202008911,1,0,1
"PCTChangeGT2,_LTGT3.0_,,,%%HLTF:(SGXNIFTYUP)buyHighLowerTail-Continue,week2BarHighChangeGT0,weekHighGTweek2High,",-0.5494505494505502,1,0,1
"PCTChangeGT2,,,,volBuyContinueLast2DayUp-VolUp,chisBuyConsolidationBreakUp-2week-(Risky)-year2High,week2BarHighChangeGT2,weekHighGTweek2High,brokenToday,",-1.3715982581193438,1,0,1
"PCTChangeLT-0.5,PCDayChange-0.5to0.5,,,,%%:checkSell:Super01-monthLow,##(Test)(check-chart)-buySMAUpTrend,",-1.6419851910163592,1,0,1
"PCTChangeLT-0.5,_HTGT1.5__HTGTPCTDayChange_,,,%%HLTF-Last2HighTail:(DOWNTREND)sellHighUpperTailPre-1,",0.6831240882270511,2,1,1
"PCTChangeGT2,year2High,,,,shortUpTrendSellReversal-MonthHigh,chisCheckConsolidationBreakoutLT(4.5),week2BarHighChangeGT0,",2.509608089243037,1,1,0
"PCTChangeGT2,_HTGT1.5_,,,%%HLTF:(DOWNTREND-OR-GLOBALDOWN)maySellTail-tailGT2-2,3,4thDayGT0,volBuyContinueLast2DayUp-VolUp,(GLOBALFUTUP-UPTRENDMARKET)checkBuyConsolidationBreakUp-week2-highNotReachedWeek3,week2BarHighChangeGT0,",-0.053576070062648654,1,0,1
"PCTChangeLT-2,,,,checkCupDown-month3HighLTmonth3Low,bar_low,##DOWNTREND:sellMonth3HighReversal(InDownTrend),##(Check-chart-buy):month3High-InMinus,ReversalHighMonth3,",-0.6514754870604029,2,1,1
"PCTChangeGT3,,,,##(Check-chart-sell):month3Low-InPlus,NearLowMonth3,chisBuyUpTrend-nearLow,volBuyContinueLast2DayUp-VolUp,",0.616068790773248,1,1,0
"PCTChangeLT-2,,,,vol-buy-DownVol-3dayDown-Week2Low,$$MayBuy-CheckChart(monthLow-minimumLast4DayDown),",-3.8625138606931753,2,0,2
"PCTChangeGT5,_HTGT1.5__LTGT1.5_,,,volBuyContinueLast2DayUp-VolUp,weekBarHighChangeGT5,brokenToday,",-0.42004018834647894,1,0,1
"PCTChangeGT1,_HTGT1.5__HTGTPCTDayChange_,,,%%HLTF-Last2HighTail:(UPTREND)buy(DOWNTREND)sell:HighUpperTailPre-last2DayUp,(Test)(check-chart-2-3MidCapCross)MaySellCheckChart-Risky,",0.26850082726396407,1,1,0
"PCTChangeLT-1,,,,sellFinal,##ML:BuyRisingMA-Risky-1,",2.038922073337084,1,1,0
"PCTChangeLT-2,,,,chisDownTrend-Risky-nearHigh,##DOWNTREND:sellYear2HighReversal(InDownTrend),##(Check-chart-buy):YearHigh-InMinus,ReversalHighYear,",-0.22084039479660617,15,7,8
"PCTChangeLT-3,year2Low,,,,vol-buy-DownVol-3dayDown-Week2Low,chisBuyDayLowVolLow-03-checkMorningTrend(.5SL)-after10:30,",-1.1428553542811308,1,0,1
"PCTChangeLT-1,year2High,,,,chisSellUpTrend-highTail,",1.1184505142829282,1,1,0
"PCTChangeLT-1,_LTGT3.0_,,,%%HLTF:(GLOBAL-UP)buyHighLowerTail-StockInUptrend,chisSellDownTrend-nearHigh,",-0.7953203721740205,1,0,1
"PCTChangeLT-0.5,_HTGT3.0__HTGTPCTDayChange_,,,%%HLTF:maySellTail-tailGT2-allDayGT0,##MA-SMA200LT0SMA100GT0,",-1.7094017094017009,1,0,1
"PCTChangeLT-2,,,,maySellFromBuyPattern-LT-1.8,",1.4474401416344497e-14,1,1,0
"PCTChangeGT3,_HTGT3.0__HTGTPCTDayChange_,,,%%HLTF-Last2HighTail:(UPTREND)buy(DOWNTREND)sell:HighUpperTailPre-last2DayUp,%%:sellUpTrend-month3High,##MAPositive_Uptrend(GT2),##MA-SMA200GT0SMA100GT0,",13.454905802355885,1,1,0
"PCTChangeGT1,_HTGT1.5__HTGTPCTDayChange_,,,chisSellFinalContinue-(lastDayDown)-1,",1.04989888465225,1,1,0
"PCTChangeGT3,,,,VOL:sell-UpVol-3dayUp-Week2High,weekBarHighChangeGT2,",-0.7998584487754377,21,6,15
"PCTChangeGT2,,,,volSellReversalLast2DayUp-VolDown,chisSellFinalContinue-(lastDayUp)-(volLow),buyFinal,##buyTenDaysLessThanMinusTen,",-3.8210027505888053,1,0,1
"PCTChangeGT1,,,,##(Check-chart-sell):month3Low-InPlus,ReversalLowMonth3,chisBuyUpTrend-nearLow,",0.6596827208729813,1,1,0
"PCTChangeGT3,_HTGT1.5_,,,chisCheckConsolidationBreakoutLT(4.5),##MAPositive_Uptrend(GT2),##MA-SMA200LT0SMA100LT0,",0.7357119831408944,1,1,0
"PCDCGT0PCTChangeLT-1,_HTGT3.0_,,,##(Test)(check-chart)-sellSMADownTrend,",-0.191918751784121,2,1,1
"PCTChangeGT5,,,,chisCheckConsolidationBreakout2WeekGT(4.5),weekBarHighChangeGT2,brokenToday,",-2.3314066399940008,1,0,1
"PCTChangeLT-3,_HTGT1.5_,,,checkCupDown-2dayDown-mayReversalBuy,##DOWNTREND:sellYearHigh(InDownTrend),##(Check-chart-buy):month3High-InMinus,NearHighMonth3,##(check-chart)maySell-EMA6-MT-May-LT-EMA14,",-3.4860117353511146,1,0,1
"PCTChangeLT-3,,,,%%:checkSell:FlagWeek,chisDownTrend-Risky-nearHigh,##DOWNTREND:sellYear2HighReversal(InDownTrend),##(Check-chart-buy):YearHigh-InMinus,ReversalHighYear,",-5.992365247420669,1,0,1
"PCTChangeGT2,_HTGT3.0__LTGT1.5__HTGTPCTDayChange_,,,volumeUpsergedLast2n3n4DayDown,",-1.056254041458799,2,1,1
"PCTChangeLT-3,,,,%%:checkSell:FlagWeek,##(Check-chart-buy):month3High-InMinus,ReversalHighMonth3,",-0.9184410332554228,3,2,1
"PCTChangeLT-5,year2High,_LTGT1.5_,,,##last2DayLow(LT-3)-M3LGT0,",-1.9161377884986412,4,1,3
"PCTChangeGT1,PCDayChange-0.5to0.5,year2High,_HTGT1.5_,,,%%HLTF:maySellTail-tailGT2-7,10thDayGT20,",-1.5779135103733803,2,0,2
"PCTChangeLT-3,,,,checkCupDown-near2WeekDown-mayReveresalBuy,(GLOBALFUTDOWN-DOWNTRENDMARKET)checkSellConsolidationBreakDown-week2-lowNotReachedWeek3,week2BarLowChangeLT0,chisDownTrend-Risky-nearHigh,##(Check-chart-buy):month3High-InMinus,ReversalHighMonth3,",1.2712212273594687,2,2,0
"PCTChangeGT3,_HTGT1.5_,,,chisCheckConsolidationBreakoutGT(4.5),",0.4665558446736033,1,1,0
"PCTChangeGT3,_HTGT1.5__LTGT1.5_,,,vol-sell-DownVol-3dayUp-Week2High,(GLOBALFUTUP-UPTRENDMARKET)checkBuyConsolidationBreakUp-week2-highNotReachedWeek3,week2BarHighChangeGT0,",-4.078423021669394,1,0,1
"PCTChangeLT-0.5,_HTGT1.5__LTGT1.5__HTGTPCTDayChange__LTGTPCTDayChange_,,,%%:checkSell:Super01-monthLow,",0.31169148234577965,1,1,0
"PCTChangeGT0.5,PCDayChange-0.5to0.5,_LTGT1.5_,,,##MAPositive_Uptrend(GT0),##MA-SMA200LT0SMA100LT0,",0.6361853294296745,1,1,0
"PCTChangeLT-5,,,,chisSell-smallUptrendReversal,chisSellFinalCandidate-(lastDayUp)-(highChange),",-0.981531584665261,1,0,1
"PCTChangeLT-0.5,_LTGT1.5_,,,buyPatternsML,buyPattern-GT1.5-SMAGT0,(SMA9GT0),",-1.1891313878464396,1,0,1
"PCTChangeLT-2,_LTGT1.5_,,,##MA-SMA200GT0SMA100GT0,",-0.32312540351148455,2,1,1
"PCTChangeGT3,,,,chisCheckConsolidationBreakoutLT(4.5),week2BarHighChangeGT2,",-1.4131480380897632,2,0,2
"PCTChangeLT-1,_HTGT3.0__HTGTPCTDayChange_,,,(GLOBALFUTDOWN-DOWNTRENDMARKET)checkSellConsolidationBreakDown-week2-lowNotReachedWeek3,week2BarLowChangeLT0,weekLowLTweek2Low,",0.4825738434032864,1,1,0
"PCTChangeGT0,_HTGT3.0_,,,chisSellDowningMA-(check5MinuteDownTrendAndSellDowntrend)-Already10DayDown,",-3.3841600695716423,2,0,2
"PCTChangeGT1,,,,chisCheckConsolidationBreakoutLT(4.5),(GLOBALFUTUP-UPTRENDMARKET)checkBuyConsolidationBreakUp-week2-highNotReachedWeek3,week2BarHighChangeGT0,brokenToday,",0.9510924654867232,2,2,0
"PCDCGT0PCTChangeLT-1,,,,%%:checkSell:CupDownDoji,",-1.9454030478227902,1,0,1
"PCTChangeLT-1,_HTGT1.5_,,,%%HLTF-Last2HighTail:(DOWNTREND)sell(UPTREND)buy:HighUpperTailPre,chisSellDownTrend-nearHigh,",0.03390037407309663,1,1,0
"PCTChangeLT-1,_HTGT1.5__HTGTPCTDayChange_,,,(GLOBALFUTDOWN-DOWNTRENDMARKET)checkSellConsolidationBreakDown-week2-lowNotReachedWeek3,week2BarLowChangeLT-2,weekLowLTweek2Low,mayBuyFromSellPattern-GT1.8,",1.6397242733292363,1,1,0
"PCTChangeLT-2,_HTGT1.5__LTGT3.0__HTGTPCTDayChange__LTGTPCTDayChange_,,,##MANegative_Downtrend_(LT-1),##MA-SMA200LT0SMA100LT0,",-2.414966543733817,1,0,1
"PCTDayChangeLT0,,,,shortDownTrendBuyReversal-Month3Low-Doji-Last2DayLTToday,",0.36380296408487994,6,3,3
"PCTChangeLT-2,_HTGT1.5_,,,##MANegative_Downtrend_(LT-2),##MA-SMA200LT0SMA100LT0,##DOWNTREND:sellMonth6LowBreak,",0.8601396670549468,2,1,1
"PCTChangeGT1,_HTGT1.5_,,,(GLOBALFUTUP-UPTRENDMARKET)checkBuyConsolidationBreakUp-week2,weekBarHighChangeGT0,",1.4614050186497392,1,1,0
"PCTChangeGT3,,,,weekBarHighChangeGT0,brokenToday,chisBuy-2week-breakoutup(check-chart)(|-|-| or --|),",2.6570601850272997,1,1,0
"PCTChangeLT-2,,,,volumeUpsergedLast2n3n4DayUp,chisDownTrend-Risky-nearHigh,##(Check-chart-buy):month3High-InMinus,ReversalHighMonth3,",-1.423633646873374,2,0,2
"PCTChangeGT1,_HTGT3.0__HTGTPCTDayChange_,,,$$MaySell-CheckChart(downTrend-mayReverseLast4DaysUp),%%:sellUpTrend-month3High,",3.6941580756013637,1,1,0
"PCTChangeGT3,,,,##UPTREND:buyMonth6Low,",-3.499998572277039,1,0,1
"PCTChangeGT2,,,,chisUpTrend-Risky-nearLow,week2BarHighChangeGT2,weekHighGTweek2High,##(Test)buyBottomReversal-1,##UPTREND:buyYear2LowReversal(Confirm),",2.625966626544323,1,1,0
"PCTChangeGT3,,,,chisUpTrend-Risky-nearLow,buyFinal1,",1.142392526163153,1,1,0
"PCTChangeGT1,,,,volumeUpsergedLast2n3n4DayDown,volBuyContinueLast2DayUp-VolUp,##UPTREND:buyYear2LowReversal(Confirm),",1.2514164900707887,1,1,0
"PCTChangeGT2,_LTGT1.5_,,,vol-sell-DownVol-3dayUp-Week2High,##MAPositive_Uptrend(GT2),##MA-SMA200GT0SMA100GT0,",0.7655784642786347,2,1,1
"PCTChangeGT3,,,,(GLOBALFUTUP-UPTRENDMARKET)checkBuyConsolidationBreakUp-week2-highNotReachedWeek3,week2BarHighChangeGT2,chis-breakoutup-2week,##(check-chart)mayBuy-EMA6-LT-May-MT-EMA14,##last2DayHighGT3-M3HLT0,",-1.6181862571022747,1,0,1
"PCTChangeLT-3,_LTGT3.0_,,,(GLOBALFUTDOWN-DOWNTRENDMARKET)checkSellConsolidationBreakDown-week2-lowNotReachedWeek3,week2BarLowChangeLT-2,chisDownTrend-Risky-nearHigh,",-1.2278007707648497,1,0,1
"PCTChangeLT-5,_LTGT1.5_,,,chisBuy-smallUptrendContinue,",2.7197668771248176,1,1,0
"PCTChangeLT-3,,,,volSellContinueLast2DayDown-VolUp,(SMA9LT0),",0.773946907321252,1,1,0
"PCTChangeLT-0.5,_LTGT1.5_,,,%%:checkSell:Flag2Week,chisBuyYear2Low,",-1.0174802411130695,1,0,1
"PCTChangeGT2,_HTGT1.5_,,,##MAPositive_Uptrend(GT2),##MA-SMA200GT0SMA100GT0,",-0.582348876577772,11,4,7
"PCTChangeGT3,_HTGT1.5_,,,%%:sellDowntrend-lastDayUp-ReversalHighTail,",-0.9878295438012021,2,0,2
"PCTChangeGT1,,,,volSellReversalLast2DayUp-VolDown,",-0.018370764378552114,60,29,31
"PCTChangeLT-12,year2High,,,,maySellHighVolatileDownContinueLT-8,",-1.5908421839262665,1,0,1
"PCTChangeGT5,,,,chisUpTrend-Risky-nearLow,##UPTREND:buyYearLowReversal(Confirm),",3.7357993279489907,2,2,0
"PCTChangeGT0.5,PCDayChange-0.5to0.5,_HTGT1.5__LTGT3.0_,,,%%:checkSell:CupDownDoji,",3.5512324356780036,1,1,0
"PCDCGT0PCTDayChangeLT0,PCDayChange-0.5to0.5,_HTGT1.5_,,,%%HLTF-Last2HighTail:(DOWNTREND)sellHighUpperTailPre-1,maySellFromBuyPattern-LT-1.8,",-2.3294744242009924,1,0,1
"PCDCGT0PCTChangeLT-1,year2Low,_LTGT1.5_,,,buyYear2LowBreakingUp,",-2.4305930326560166,1,0,1
"PCTChangeGT0.5,,,,chisSellFlag2Week-doji-Risky,",0.10837515281657153,19,10,9
"PCTChangeLT-2,,,,checkCupDown-3dayDown,volBuyRevarsalVolCrossed,##(Check-chart-buy):YearHigh-InMinus,ReversalHighYear,",0.150227363010384,1,1,0
"PCTChangeGT3,year2High,_HTGT1.5_,,,zigZagVolCrossedFromDown,",-2.0363961726481645,4,0,4
"PCTChangeLT-3,,,,(GLOBALFUTDOWN-DOWNTRENDMARKET)checkSellConsolidationBreakDown-week2,weekBarLowChangeLT-5,",-0.9859455309184674,1,0,1
"PCTChangeGT3,,,,volSellVolumeUpsergedLast2n3DayDown,##MAPositive_Uptrend(GT2),##MA-SMA200LT0SMA100GT0,##last2DayHighGT3-M3HGT0,",1.1491610034960107,1,1,0
"PCTChangeLT-2,_LTGT3.0_,,,##MAPositive_Uptrend(LT-2),##MA-SMA200GT0SMA100GT0,",-1.3649718402183282,1,0,1
"PCTChangeGT3,PCDayChange-0.5to0.5,_LTGT1.5_,,,chisBuyYearHigh-3,",-1.3054265171100214,1,0,1
"PCTChangeGT2,,,,chisBuyConsolidationBreakUp-2week-(Risky)-year2High,week2BarHighChangeGT0,weekHighGTweek2High,brokenToday,",-1.651052766645443,2,0,2
"PCTChangeGT2,_HTGT1.5_,,,%%HLTF:(GLOBAL-SGX-DOWN)maySellTail-2,3,4thDayGT0,chisUpTrend-Risky-nearLow,",-0.5137543527517521,7,3,4
"PCTChangeLT-3,_LTGT1.5_,,,##ML:sellRisingMA-down-(Risky),",-2.04673810909057,2,0,2
"PCTChangeGT2,,,,VOL:buy(GLOBALFUTDOWN-GLOBALMARKETDOWN)Sell-UpVol-3dayUp-Week2Low,##(Check-chart)buyMonth3High-Continue,",0.6391369476811259,1,1,0
"PCTChangeGT1,_HTGT1.5_,,,shortUpTrendSellReversal-MonthHigh,",1.3192171985769887,2,1,1
"PCTChangeLT-3,_LTGT1.5_,,,##MANegative_Downtrend_(LT-2),##MA-SMA200LT0SMA100LT0,##last3DayLow(LT-3)-M3LGT0,chisBuyDayLowVolLow-03-checkMorningTrend(.5SL)-after10:30,",2.3073790503329925,1,1,0
"PCTChangeLT-3,_LTGT1.5_,,,chisSellDownTrend-nearHigh,##DOWNTREND:sellMonth3High(InDownTrend),##(Check-chart-buy):month3High-InMinus,NearHighMonth3,##sellRisingMA,",1.3014867238982675,1,1,0
"PCTChangeGT3,_HTGT3.0__HTGTPCTDayChange_,,,%%HLTF-Last2HighTail:(UPTREND)buy(DOWNTREND)sell:HighUpperTailPre-last2DayUp,##MAPositive_Uptrend(GT1),##MA-SMA200LT0SMA100LT0,##lastDayHighGT5TodayGT1,",-1.1140726983563154,1,0,1
"PCTChangeGT16,_HTGT3.0_,,,VOL:buyBelowTail-SellAtClose:upVol3dayUpWeek2High-highUpperTail,##MAPositive_Uptrend(GT4.5),##MA-SMA200GT0SMA100GT0,##last2DayHighGT3-M3HGT0,",-3.061226675287896,1,0,1
"PCTChangeLT-3,,,,chisSell:Super03-monthLow,weekBarLowChangeLT0,brokenToday,",-3.9627810168172144,1,0,1
"PCTChangeGT2,_HTGT3.0_,,,%%HLTF-Last2HighTail:(UPTREND)buy(DOWNTREND)sell:HighUpperTailPre-last2DayUp,",1.329743026983793,2,2,0
"PCTChangeLT-1,_HTGT3.0__HTGTPCTDayChange_,,,%%:checkSell:Super0,",2.1008363070149496,2,2,0
"PCTChangeLT-3,,,,(GLOBALFUTDOWN-DOWNTRENDMARKET)checkSellConsolidationBreakDown-week2-lowNotReachedWeek3,week2BarLowChangeLT0,chisDownTrend-Risky-nearHigh,##DOWNTREND:sellYear2HighReversal(InDownTrend),",0.7966377853813911,1,1,0
"PCTChangeLT-3,_HTGT1.5_,,,##MANegative_Downtrend_(LT-4.5),##MA-SMA200LT0SMA100LT0,##last2DayLow(LT-3)-M3LLT0,",-3.1500571636516375,1,0,1
"PCDCGT0PCTChangeLT-1,_HTGT1.5__LTGT1.5__HTGTPCTDayChange__LTGTPCTDayChange_,,,chisBuyYearHigh-1,",-0.9959143813775482,1,0,1
"PCTChangeGT2,,,,##(Check-chart-sell):month3Low-InPlus,ReversalLowMonth3,chisUpTrend-Risky-nearLow,(GLOBALFUTUP-UPTRENDMARKET)checkBuyConsolidationBreakUp-week2-highNotReachedWeek3,week2BarHighChangeGT0,weekHighGTweek2High,brokenToday,chis-breakoutup-2week,##UPTREND:buyYearLowReversal(Confirm),",-1.1178360179776459,1,0,1
"PCDCLT0PCTChangeGT0,PCDayChange-0.5to0.5,_HTGT1.5_,,,%%HLTF-LastDayUp:(DOWNTREND-OR-GLOBALDOWN)MaySellHighTail-LastDayMarketUp,##MAPositive_Uptrend(LT0),##MA-SMA200GT0SMA100GT0,",-3.3661166038794423,3,0,3
"PCTChangeGT3,,,,volumeUpsergedLast2n3n4DayDown,weekBarHighChangeGT2,brokenToday,##last2DayHighGT3-M3HLT0,",-2.760524615934473,1,0,1
"PCTChangeLT-3,_LTGT1.5_,,,chisSellDownTrend-nearHigh,##(Check-chart-buy):month3High-InMinus,BreakHighMonth3,",1.4173435873453237,1,1,0
"PCTChangeLT-0.5,,,,chisSell:Super03-monthLow,##(Test)(check-chart)-buySMAUpTrend,",-5.183944002795065,1,0,1
"PCTChangeGT0.5,PCDayChange-0.5to0.5,_HTGT1.5_,,,buyYearHigh-0,",0.0015471672555005891,7,2,5
"PCTChangeLT-3,,,,VOL:buy-DownVol-3dayDown-Week2High,chisBuyDayLowVolLow-03-checkMorningTrend(.5SL)-after10:30,",0.5783536540928177,1,1,0
"PCTChangeLT-3,_HTGT1.5_,,,##last2DayLow(LT-3)-M3LLT0,",-0.9064280764927738,2,1,1
"PCDCLT0PCTChangeGT1,PCDayChange-0.5to0.5,,,,%%:sellDowntrend-lastDayDown-ReversalHighTail,",1.4698984213250468,2,2,0
"PCTChangeGT3,year2High,_HTGT1.5_,,,weekBarHighChangeGT2,brokenToday,",-0.711261027885008,11,4,7
"PCTChangeLT-2,,,,volBuyReversalLast2DayDown-VolDown,chisSellDownTrend-nearHigh,##(Check-chart-buy):month3High-InMinus,NearHighMonth3,",-0.0917333089141813,2,1,1
"PCTChangeLT-5,_HTGT1.5__LTGT1.5_,,,##DOWNTREND:sellMonth3LowBreak,",-2.728658536585367,1,0,1
"PCTChangeLT-3,_HTGT3.0__LTGT3.0_,,,##MA-SMA200LT0SMA100LT0,",-7.2249984741210875,1,0,1
"PCTChangeGT3,,,,volBuyVolumeUpsergedLast2n3DayDown,(SMA9LT0),",-1.8013510953253393,1,0,1
"PCTChangeGT2,,,,chisBuyDownTrend-lowTail,",1.1508611616867437,5,5,0
"PCTChangeLT-3,_HTGT1.5_,,,%%:checkSell:Flag2Week,chisBuyFinalContinue-(lastDayUp),##sellTenDaysMoreThanTen,",2.32095486019236,1,1,0
"PCTChangeLT-3,,,,volumeUpsergedLast2n3n4DayUp,volSellContinueLast2DayDown-VolUp,(GLOBALFUTDOWN-DOWNTRENDMARKET)checkSellConsolidationBreakDown-week2-lowNotReachedWeek3,week2BarLowChangeLT-2,chisDownTrend-Risky-nearHigh,##DOWNTREND:sellMonth3HighReversal(InDownTrend),##(Check-chart-buy):month3High-InMinus,ReversalHighMonth3,##(check-chart)maySell-EMA6-MT-May-LT-EMA14,",-3.8387077085433465,1,0,1
"PCTChangeGT0,_HTGT1.5__HTGTPCTDayChange_,,,##MANegative_Downtrend_(GT1),##MA-SMA200LT0SMA100LT0,",7.367247110529802,1,1,0
"PCDCLT0PCTChangeGT0,_HTGT1.5_,,,%%HLTF:maySellTail-tailGT2-7,10thDayGT0,",2.7252468372171537,1,1,0
"PCTChangeGT2,_LTGT1.5_,,,VOL:buy-DownVol-3dayUp-Week2Low,buyFinal1,",-3.2889478821734737,1,0,1
"PCTChangeLT-0.5,_HTGT1.5__LTGT1.5__HTGTPCTDayChange__LTGTPCTDayChange_,,,chisSell-smallUptrendReversal,",5.9679444492654525,2,1,1
"PCTChangeEQ0,,,,##(Test)(check-chart)-buySMAUpTrend,",-0.07787449336420448,1,0,1
"PCTDayChangeLT0,,,,chisBuy-smallUptrendContinue,",-1.5788726144175143,1,0,1
"PCTChangeLT-3,_HTGT3.0__LTGT1.5__HTGTPCTDayChange__LTGTPCTDayChange_,,,volumeUpsergedLast2n3n4DayUp,volSellContinueLast2DayDown-VolUp,",-0.4848472518150301,1,0,1
"PCTChangeGT1,_LTGT1.5_,,,%%HLTF:(GLOBAL-DOWN)sellHighLowerTail-Reversal-LastDayMarketUp,chisBuyYearHigh-3,",-0.815438991511404,1,0,1
"PCTChangeGT3,_HTGT3.0__LTGT1.5__HTGTPCTDayChange_,,,##MANegative_Downtrend_(GT2),##MA-SMA200GT0SMA100LT0,",-9.175673716547823,1,0,1
"PCTChangeGT3,,,,zigZagVolCrossedFromDown,",-0.18541831053857172,113,55,56
"PCTChangeLT-2,_LTGT1.5_,,,volBuyVolumeUpsergedLast2n3DayUp,(GLOBALFUTDOWN-DOWNTRENDMARKET)checkSellConsolidationBreakDown-week2-lowNotReachedWeek3,week2BarLowChangeLT-2,weekLowLTweek2Low,chisDownTrend-Risky-nearHigh,MayBuyCheckChart-(IndexNotUpInSecondHalf),##(Check-chart-buy):month3High-InMinus,ReversalHighMonth3,",2.0077267208614846,1,1,0
"PCTChangeLT-3,_HTGT1.5__LTGT1.5_,,,%%checkCupDown-2dayDown-continue,##MANegative_Downtrend_(LT-2),##MA-SMA200LT0SMA100LT0,",-4.4126057009983946,1,0,1
"PCTChangeGT0.5,PCDayChange-0.5to0.5,,,,chisSellFlagWeek-doji-Risky,chisBuyYearHigh-3,",-0.11091261045201839,3,1,2
"PCTDayChangeLT0,year2High,_LTGT3.0_,,,%%HLTF:(GLOBAL-UP)buyHighLowerTail-LastDayMarketUp,",-2.3333304268973274,1,0,1
"PCTChangeLT-0.5,PCDayChange-0.5to0.5,_HTGT1.5__LTGT1.5_,,,%%:sellDowntrend-lastDayDown-ReversalHighTail,shortDownTrendSellContinue-Doji-Last2DayLTToday,",-0.3179180584048611,1,0,1
"PCTChangeLT-0.5,_HTGT1.5_,,,%%HLTF:maySellTail-tailGT2-7,10thDayGT0,",-2.3496240264545007,1,0,1
"PCTChangeGT3,year2Low,_LTGT3.0_,,,chisSellYear2LowLT-40-last3DayDown(triggerAfter-9:15),zigZagVolCrossedFromDown,",-0.7547187528347125,1,0,1
"PCTChangeLT-2,_HTGT1.5_,,,##ML:BuyRisingMA-Risky-1,",-0.12606455157903027,3,2,1
"PCTChangeLT-5,_LTGT3.0_,,,(GLOBALFUTDOWN-DOWNTRENDMARKET)checkSellConsolidationBreakDown-week2-lowNotReachedWeek3,week2BarLowChangeLT0,##last2DayLow(LT-3)-M3LGT0,chisSellDayLowVolLow-01,",2.395703495169021,1,1,0
"PCTChangeGT0,PCDayChange-0.5to0.5,_LTGT1.5_,,,chisSellSuper-Risky,-+,",0.6307059480997448,2,1,1
"PCTChangeGT3,year2High,_LTGT1.5_,,,%%HLTF:(GLOBAL-DOWN)sellHighLowerTail-Reversal-LastDayMarketUp,VOL:sell-UpVol-3dayUp-Week2High,",-0.9543805625113447,1,0,1
"PCTChangeLT-2,,,,(GLOBALFUTDOWN-DOWNTRENDMARKET)checkSellConsolidationBreakDown-week2-lowNotReachedWeek3,week2BarLowChangeLT0,weekLowLTweek2Low,chisDownTrend-Risky-nearHigh,##(Check-chart-buy):month3High-InMinus,ReversalHighMonth3,",-0.11620101986386772,18,11,7
"PCTChangeGT0.5,_HTGT1.5_,,,weekBarHighChangeGT0,",0.998622589531683,2,1,0
"PCTChangeLT-3,,,,##sellTenDaysMoreThanTen,##ML:BuyRisingMA-Risky-1,",-1.2748767003249064,2,0,2
"PCDCLT0PCTChangeGT0,PCDayChange-0.5to0.5,_HTGT3.0_,,,%%HLTF:(UPTREND-GLOBAL/SGX-UP)BuyHighUpperTail-Reversal-7,10thDayGT15-LastDayMarketDown,##MAPositive_Uptrend(LT0),##MA-SMA200GT0SMA100GT0,",-1.3145258684667942,1,0,1
"PCTChangeLT-3,,,,%%HLTF-Last2DayMarketDown:(GLOBAL-UP)buyHighUpperTailPre1-Reversal-LastDayMarketDown,(GLOBALFUTDOWN-DOWNTRENDMARKET)checkSellConsolidationBreakDown-week2-lowNotReachedWeek3,week2BarLowChangeLT0,weekLowLTweek2Low,chisDownTrend-Risky-nearHigh,##(Check-chart-buy):month3High-InMinus,ReversalHighMonth3,",5.4292329226181835,1,1,0
"PCTChangeGT3,_HTGT3.0__LTGT1.5__HTGTPCTDayChange_,,,chisUpTrend-Risky-nearLow,##UPTREND:buyMonth6LowReversal(Confirm),",7.421657072297967,1,1,0
"PCTChangeLT-2,,,,volSellContinueLast2DayDown-VolUp,sellPatternsML,",-4.829873764476829,1,0,1
"PCTChangeLT-3,_HTGT1.5__HTGTPCTDayChange_,,,(GLOBALFUTDOWN-DOWNTRENDMARKET)checkSellConsolidationBreakDown-week2-lowNotReachedWeek3,week2BarLowChangeLT-2,weekLowLTweek2Low,chisDownTrend-Risky-nearHigh,",1.7047448245754055,1,1,0
"PCTChangeGT1,PCDayChange-0.5to0.5,_HTGT1.5_,,,buyYearHigh-0,",-0.44380544081227474,5,1,4
"PCDCGT0PCTChangeLT-1,_LTGT3.0_,,,buyYearHigh-0,",0.6255037607503259,2,1,1
"PCDCGT0PCTChangeLT-3,PCDayChange-0.5to0.5,_HTGT3.0__LTGT3.0_,,,%%HLTF-Last2LowTail:(DOWNTREND)sellHighLowerTailPre-1,##MA-SMA200LT0SMA100LT0,",-1.998110907650302,3,2,1
"PCTChangeLT-2,_HTGT1.5__LTGT1.5_,,,weekBarLowChangeLT-2,brokenToday,",-1.6666678495185419,1,0,1
"PCTChangeLT-5,_LTGT3.0_,,,VOL:sellAboveTail-BuyAtClose:upVol3dayDownWeek2Low-highLowerTail,##MANegative_Downtrend_(LT-4.5),##MA-SMA200LT0SMA100LT0,##last3DayLow(LT-3)-M3LLT0,",1.281272838144187,1,1,0
"PCTChangeGT3,,,,volumeUpsergedLast2n3n4DayDown,(GLOBALFUTUP-UPTRENDMARKET)checkBuyConsolidationBreakUp-week2-highNotReachedWeek3,week2BarHighChangeGT2,weekHighGTweek2High,",-1.156411525467491,1,0,1
"PCTChangeGT3,_LTGT1.5_,,,##MANegative_Downtrend_(GT2),##MA-SMA200GT0SMA100LT0,##buyTenDaysLessThanMinusTen,",0.20704145230822893,1,1,0
"PCTChangeLT-3,,,,%%HLTF-Last2DayMarketDown:(GLOBAL-UP)buyHighUpperTailPre1-Reversal-LastDayMarketDown,(GLOBALFUTDOWN-DOWNTRENDMARKET)checkSellConsolidationBreakDown-week2-lowNotReachedWeek3,week2BarLowChangeLT-2,weekLowLTweek2Low,",-2.5921336247037594,1,0,1
"PCTDayChangeLT0,_LTGT1.5_,,,%%HLTF:(GLOBAL-DOWN)sellHighLowerTail-Reversal-LastDayMarketUp,(Test)(check-chart-2-3MidCapCross)MayBuyCheckChart-Risky,##MAPositive_Uptrend(LT-1),##MA-SMA200GT0SMA100GT0,",-1.2423055532486758,1,0,1
"PCDCLT0PCTChangeGT1,_HTGT1.5__LTGT1.5_,,,##MAPositive_Uptrend(LT0),##MA-SMA200LT0SMA100GT0,",2.1140329461348624,1,1,0
"PCTChangeLT-2,PCDayChange-0.5to0.5,_HTGT1.5_,,,chisBuyYearHigh-3,",0.426200311909382,4,2,2
"PCTDayChangeLT0,PCDayChange-0.5to0.5,,,,(SMA9LT0),",-0.4124319287925505,21,8,13
"PCDCLT0PCTChangeGT3,_LTGT3.0_,,,##MA-SMA200GT0SMA100GT0,",-1.3736264120144157,1,0,1
"PCTChangeGT2,year2High,,,,(GLOBALFUTUP-UPTRENDMARKET)checkBuyConsolidationBreakUp-week2,weekBarHighChangeGT2,",-0.011962784450299524,2,1,1
"PCTChangeLT-3,,,,volSellContinueLast2DayDown-VolUp,chisDownTrend-Risky-nearHigh,##DOWNTREND:sellMonth6HighReversal(InDownTrend),##(Check-chart-buy):month3High-InMinus,ReversalHighMonth3,",1.3943007426456762,2,1,1
"PCTChangeGT3,_LTGT1.5_,,,##MAPositive_Uptrend(GT4.5),##MA-SMA200LT0SMA100LT0,",-1.7642185776352153,4,1,3
"PCTChangeLT-2,,,,checkSellConsolidationBreakDown-month3HighGTMonth3Low,",-0.29886252702524974,21,11,10
"PCTChangeGT5,_LTGT3.0_,,,##last2DayHighGT3-M3HLT0,",-1.3149541195356071,1,0,1
"PCTChangeLT-3,_HTGT3.0__LTGT1.5__HTGTPCTDayChange_,,,checkCupDown-2dayDown-mayReversalBuy,",-0.49331307809886993,1,0,1
"PCTDayChangeLT0,_HTGT1.5_,,,##MA-SMA200GT0SMA100GT0,",-0.40046141830389276,3,1,2
"PCTChangeLT-0.5,,,,sellPatternsML,",-1.8863295089423486,8,1,6
"PCTChangeGT12,_HTGT1.5_,,,##MAPositive_Uptrend(GT4.5),##MA-SMA200LT0SMA100GT0,",3.8121254830434004,5,3,2
"PCTChangeLT-0.5,_HTGT3.0__HTGTPCTDayChange_,,,%%:checkSell:Flag2Week,volBuyReversalLast2DayDown-VolUp,",0.48461604791195406,1,1,0
"PCTChangeGT2,,,,volBuyContinueLast2DayUp-VolUp,##UPTREND:buyYearLowReversal(Confirm),",-2.525032518278075,1,0,1
"PCTChangeGT2,,,,volSellVolumeUpsergedLast2n3DayDown,volBuyContinueLast2DayUp-VolUp,chisCheckConsolidationBreakoutLT(4.5),week2BarHighChangeGT0,brokenToday,",0.7398814754960725,1,1,0
"PCTChangeGT3,,,,weekBarHighChangeGT0,brokenToday,##(check-chart)mayBuy-EMA6-LT-May-MT-EMA14,",-1.0868449830238123,1,0,1
"PCTChangeLT-0.5,_LTGT3.0_,,,shortDownTrendBuyReversal-Month3Low-Doji-Last2DayLTToday,",0.36432634907008876,2,1,1
"PCTChangeGT5,year2High,,,,volBuyContinueLast2DayUp-VolUp,buyPatternsML,",2.3396915396610662,1,1,0
"PCTChangeGT0.5,,,,chisFinalBreakOutBuyContinue-0-test-atYearLow,",0.059926656524703505,1,1,0
"PCTChangeGT3,_HTGT1.5__HTGTPCTDayChange_,,,##MANegative_Downtrend_(GT2),##MA-SMA200LT0SMA100LT0,",0.0478272068243995,1,1,0
"PCTChangeGT8,PCDayChange-0.5to0.5,_HTGT1.5__LTGT3.0_,,,maySellFromBuyPattern-LT-1.8,",-16.09708619349211,1,0,1
"PCTChangeLT-3,year2Low,,,,weekBarLowChangeLT0,brokenToday,",-1.6761647294875137,4,1,3
"PCTChangeLT-3,_LTGT1.5_,,,chisDownTrend-Risky-nearHigh,##(Check-chart-buy):month6High-InMinus,ReversalHighMonth6,",2.1252149786836747,1,1,0
"PCTChangeGT2,,,,chisUpTrend-Risky-nearLow,##(Test)buyBottomReversal-1,##UPTREND:buyYearLowReversal(Confirm),",-0.6872255064200886,3,1,2
"PCTChangeGT1,year2High,,,,$$MaySell-CheckChart(downTrend-mayReverseLast4DaysUp),",-1.1499414520021307,5,1,4
"PCTChangeGT0.5,PCDayChange-0.5to0.5,_LTGT1.5_,,,%%:checkSell:FlagWeek-doji,",0.38000923336069875,3,1,2
"PCTChangeLT-5,_HTGT1.5__HTGTPCTDayChange_,,,chisDownTrend-Risky-nearHigh,##sellRisingMA,",0.7179041074043313,1,1,0
"PCTChangeGT2,,,,chisUpTrend-Risky-nearLow,volSellVolumeUpsergedLast2n3DayDown,##UPTREND:buyYearLowReversal(Confirm),",0.4427115122477284,1,1,0
"PCTChangeGT0,_HTGT3.0__LTGT3.0__HTGTPCTDayChange__LTGTPCTDayChange_,,,chisSellDowningMA-(check5MinuteDownTrendAndSellDowntrend)-Already10DayDown,$$MaySellContinue-CheckChart(inuptrend-monthlow)-highTail,",0.44367753706934215,1,1,0
"PCTChangeGT3,_HTGT1.5_,,,chisSellFinalContinue-(lastDayDown)-1,##buyTenDaysLessThanMinusTen,",-1.9466485323023024,1,0,1
"PCTChangeGT1,year2High,_LTGT1.5_,,,volBuyContinueLast2DayUp-VolUp,",-1.5446114805994413,1,0,1
"PCTChangeGT8,_LTGT1.5_,,,##MAPositive_Uptrend(GT2),##MA-SMA200GT0SMA100GT0,",-0.31553101771086167,1,0,1
"PCTChangeGT0,PCDayChange-0.5to0.5,_HTGT1.5_,,,%%:checkSell:Super2,-+,",-0.08414237917146232,3,1,2
"PCTChangeLT-2,,,,volBuyRevarsalVolCrossed,",4.456908691727232,1,1,0
"PCTChangeLT-1,,,,weekBarLowChangeLT0,brokenToday,",-0.4451468116045798,226,96,130
"PCTChangeGT2,,,,weekBarHighChangeGT0,chis-breakoutup-2week,chisBuy-2week-breakoutup,",0.6417892228311448,1,1,0
"PCTChangeGT3,_LTGT1.5_,,,chisSellYear2LowLT-40-last4DayDown(triggerAfter-9:15),",-0.5446678131536798,3,1,2
"PCTChangeGT1,year2High,,,,shortUpTrendSellReversal-Month3High-Doji-Last2DayGTToday,",0.5719531869066201,5,4,1
"PCTChangeGT0,_HTGT1.5__HTGTPCTDayChange_,,,%%HLTF-Last2HighTail:(UPTREND)buy(DOWNTREND)sell:HighUpperTailPre-last2DayUp,(Test)MaySellCheckChart-last3DayUp,",0.11221767150439366,2,1,1
"PCTChangeGT1,_HTGT1.5__HTGTPCTDayChange_,,,%%HLTF:(GLOBAL-SGX-DOWN)maySellTail-2,3,4thDayGT0,",-0.8955411127667144,31,9,22
"PCTChangeGT1,_HTGT1.5__HTGTPCTDayChange_,,,(Test)(check-chart-2-3MidCapCross)MaySellCheckChart-Risky,MaySellCheckChart-(IndexNotDownInSecondHalf),buyYearHigh-0,",-1.1374521445468129,1,0,1
"PCTChangeLT-3,,,,volSellContinueLast2DayDown-VolUp,weekBarLowChangeLT-2,chisDownTrend-Risky-nearHigh,##(Check-chart-buy):YearHigh-InMinus,ReversalHighYear,",1.4390295937622994,1,1,0
"PCTChangeGT2,,,,buyHeavyUpTrend-Continue-(Risky),##MAPositive_Uptrend(GT2),##MA-SMA200GT0SMA100GT0,",2.9414992205202615,3,2,1
"PCTChangeGT5,_HTGT1.5_,,,chisCheckConsolidationBreakoutGT(4.5),##(check-chart)sellEMA6>EMA14,",0.033335367838533504,1,1,0
"PCTChangeGT0.5,PCDayChange-0.5to0.5,_HTGT1.5__LTGT1.5_,,,%%:checkSell:CupDownDoji,",1.311945944763547,2,2,0
"PCTChangeGT3,year2High,,,,brokenToday,",-0.06147290839524326,1,0,1
"PCTChangeGT5,,,,VOL:sell-UpVol-3dayUp-Week2High,(GLOBALFUTUP-UPTRENDMARKET)checkBuyConsolidationBreakUp-week2,weekBarHighChangeGT5,##MAPositive_Uptrend(GT4.5),##MA-SMA200GT0SMA100GT0,",2.239998372395841,1,1,0
"PCTChangeGT0,PCDayChange-0.5to0.5,_HTGT1.5_,,,%%:checkBuyContinue:CupDownDoji-last2dayUp,",0.7422661798318334,4,2,2
"PCTChangeGT2,year2High,,,,%%:sellUpTrend-month3High,vol-sell-DownVol-3dayUp-Week2High,",-1.0556010778783802,8,1,7
"PCTChangeLT-5,,,,chisDownTrend-Risky-nearHigh,##MANegative_Downtrend_(LT-4.5),##MA-SMA200GT0SMA100LT0,##DOWNTREND:sellYear2HighReversal(InDownTrend),##last2DayLow(LT-3)-M3LGT0,",1.7208468008518818,1,1,0
"PCTChangeLT-1,_HTGT1.5_,,,%%HLTF:(UPTREND-MorningTrend-UP)mayBuyTail-highTailGT2-7,10thDayGT10-Last2DayStockDown,##(Test):buyRisingMA-uptrend-SMA25gt0,",-1.821291446685783,1,0,1
"PCTChangeLT-2,,,,volSellVolumeUpsergedLast2n3DayUp,chisSellFinalCandidate-(lastDayUp),##sellTenDaysMoreThanTen,##ML:BuyRisingMA-Risky-1,",-1.9907708426402044,1,0,1
"PCDCGT0PCTChangeLT-1,PCDayChange-0.5to0.5,_LTGT1.5_,,,%%HLTF:(GLOBAL-DOWN)sellHighLowerTail-Reversal-LastDayMarketUp,chisBuyYearHigh-3,",-0.9272562418815,1,0,1
"PCTChangeLT-8,_HTGT1.5__LTGT1.5_,,,chisDownTrend-Risky-nearHigh,##last2DayLow(LT-3)-M3LGT0,",3.68656898612407,1,1,0
"PCTChangeGT3,,,,$$MaySell-CheckChart(monthHigh-minimumLast4DayUp),vol-sell-DownVol-3dayUp-Week2High,(GLOBALFUTUP-UPTRENDMARKET)checkBuyConsolidationBreakUp-week2-highNotReachedWeek3,week2BarHighChangeGT0,",0.9987669379024721,1,1,0
"PCTChangeGT2,,,,volBuyContinueLast2DayUp-VolUp,week2BarHighChangeGT0,",-0.91527198113592,1,0,1
"PCTChangeLT-2,,,,volBuyReversalLast2DayDown-VolDown,chisDownTrend-Risky-nearHigh,##(Check-chart-buy):month6High-InMinus,ReversalHighMonth6,",1.2083545205581203,1,1,0
"PCTChangeLT-2,_HTGT3.0__HTGTPCTDayChange__LTGTPCTDayChange_,,,%%HLTF-Last2HighTail:(DOWNTREND)sellHighUpperTailPre,chisDownTrend-Risky-nearHigh,",1.7668298442795631,1,1,0
"PCTChangeLT-2,,,,##MANegative_Downtrend_(LT-2),##MA-SMA200LT0SMA100LT0,chisBuyDayLowVolLow-03-checkMorningTrend(.5SL)-after10:30,",-0.9517005159949592,2,0,2
"PCTChangeLT-3,_HTGT1.5_,,,volBuyVolumeUpsergedLast2n3DayUp,weekBarLowChangeLT-2,brokenToday,",12.956992528771838,1,1,0
"PCTChangeGT3,_HTGT1.5_,,,weekBarHighChangeGT2,##MAPositive_Uptrend(GT4.5),##MA-SMA200GT0SMA100GT0,",0.6227150941506405,1,1,0
"PCTChangeGT5,_HTGT1.5__LTGT3.0__LTGTPCTDayChange_,,,##MANegative_Downtrend_(GT4.5),##MA-SMA200GT0SMA100GT0,",1.8524150109554247,1,1,0
"PCTChangeGT2,_HTGT1.5__HTGTPCTDayChange_,,,%%HLTF:(GLOBAL-SGX-DOWN)maySellTail-2,3,4thDayGT0,MaySellCheckChart-(IndexNotDownInSecondHalf),",-1.1287766549573541,3,1,2
"PCTChangeLT-3,_LTGT1.5_,,,%%:checkSell:Flag2Week,##last2DayLow(LT-3)-M3LGT0,",-0.9276998242427223,1,0,1
"PCTChangeGT5,,,,##(Check-chart):yearHigh-InPlus,",1.559792027729636,1,1,0
"PCTChangeLT-2,,,,volSellContinueLast2DayDown-VolUp,weekBarLowChangeLT-2,",-1.6620241831020415,2,0,2
"PCTChangeGT3,_HTGT1.5_,,,$$MaySell-CheckChart-baseLine(inDownTrend-monthHigh)-PCTDayChangeGT0,weekBarHighChangeGT2,brokenToday,",-0.46948039165977024,1,0,1
"PCTChangeLT-2,year2High,_LTGT3.0_,,,%%HLTF:(GLOBAL-DOWN)sellHighLowerTail-Reversal-LastDayMarketUp,",-2.2343139132260514,5,2,3
"PCTChangeLT-2,year2Low,_LTGT1.5_,,,MayBuyCheckChart-(IndexNotUpInSecondHalf),",-2.4507136101482287,7,2,5
"PCTChangeGT3,,,,chisSellYear2LowLT-40-last4DayDown(triggerAfter-9:15),chisBuyUpTrend-nearLow,##UPTREND:buyYearLowReversal(Confirm),",3.0734477070091826,1,1,0
"PCTChangeLT-12,_LTGT1.5_,,,##MANegative_Downtrend_(LT-4.5),##MA-SMA200GT0SMA100GT0,",-6.671948485410378,1,0,1
"PCTChangeGT1,_LTGT1.5_,,,buyPatternsML,",4.076934847255339,1,1,0
"PCTChangeLT-2,_LTGT3.0_,,,##MANegative_Downtrend_(LT-1),##MA-SMA200LT0SMA100LT0,%%:buyDownTrend-month3Low,",-2.0149497372823273,2,0,2
"PCTChangeGT5,_HTGT3.0__LTGT3.0_,,,##MANegative_Downtrend_(GT4.5),##MA-SMA200GT0SMA100GT0,",3.9677579999568273,1,1,0
"PCDCLT0PCTChangeGT1,PCDayChange-0.5to0.5,_HTGT1.5__LTGT3.0_,,,##MA-SMA200GT0SMA100LT0,",-0.8174815899367631,1,0,1
"PCTChangeGT0.5,_HTGT1.5__HTGTPCTDayChange_,,,%%HLTF-Last2HighTail:(UPTREND)buy(DOWNTREND)sell:HighUpperTailPre-last2DayUp,(Test)MaySellCheckChart-last3DayUp,",1.7717380643614438,1,1,0
"PCTChangeLT-1,,,,chisSell:Super03-monthLow,volSellContinueLast2DayDown-VolUp,",-0.3346265749390922,4,2,2
"PCTChangeGT2,,,,(SMA9GT0),##MAPositive_Uptrend(GT2),##MA-SMA200LT0SMA100GT0,",2.7869551670989012,1,1,0
"PCTChangeGT1,_HTGT1.5_,,,volBuyContinueLast2DayUp-VolUp,weekBarHighChangeGT0,",0.9821809655505859,2,2,0
"PCTChangeLT-1,,,,chisSellDownTrend-nearHigh,##(Check-chart-buy):YearHigh-InMinus,ReversalHighYear,",-0.06129095332477341,4,2,2
"PCTChangeGT5,,,,buyPatternsML,##MAPositive_Uptrend(GT4.5),##MA-SMA200GT0SMA100GT0,",4.445061471390095,1,1,0
"PCTChangeLT-3,_HTGT3.0__LTGT1.5__HTGTPCTDayChange_,,,vol-buy-DownVol-3dayDown-Week2Low,##MANegative_Downtrend_(LT-2),##MA-SMA200LT0SMA100LT0,##(Test)(Check-chart-sell):yearLow-InMinus,",-4.478304547463416,1,0,1
"PCTChangeLT-1,_LTGT3.0_,,,chisSell-smallUptrendReversal,%%HLTF:(SGXNIFTYUP)buyHighLowerTail-Continue,",5.3265753442153585,1,1,0
"PCDCGT0PCTDayChangeLT0,_LTGT1.5_,,,buyPatternsML,",6.981705456245225,1,1,0
"PCTChangeLT-1,_HTGT1.5_,,,checkCupDown-3dayDown-mayReversalBuy,##(Check-chart-buy):month3High-InMinus,ReversalHighMonth3,",1.5990064076595527,1,1,0
"PCTChangeGT2,_HTGT1.5__LTGT1.5_,,,##MA-SMA200GT0SMA100GT0,",-1.7548877748369631,1,0,1
"PCDCLT0PCTChangeGT0,PCDayChange-0.5to0.5,_HTGT3.0__LTGT1.5_,,,buyYearHigh-0,",0.7601686922845237,1,1,0
"PCTChangeGT1,,,,##(Check-chart-sell):month3Low-InPlus,ReversalLowMonth3,(GLOBALFUTUP-UPTRENDMARKET)checkBuyConsolidationBreakUp-week2-highNotReachedWeek3,week2BarHighChangeGT0,",-1.0825782329100961,1,0,1
"PCTChangeGT1,,,,%%:checkSell:FlagWeek-doji,chisUpTrend-Risky-nearLow,",0.5932420107897501,1,1,0
"PCTChangeLT-3,_HTGT1.5_,,,week2BarLowChangeLT-2,weekLowLTweek2Low,",-4.122637168517922,1,0,1
"PCTChangeLT-1,PCDayChange-0.5to0.5,year2Low,_LTGT3.0_,,,##(Test)buyBottomReversal-0,",1.1750030517578087,1,1,0
"PCTChangeLT-1,,,,volBuyReversalLast2DayDown-VolDown,chisSellUpTrend-Risky-2,##(Check-chart-sell)Month3Low-Continue(InUpTrend),ReversalLowMonth3,",-0.48429479149623283,1,0,1
"PCDCGT0PCTChangeLT-3,_LTGT1.5_,,,buyYearHigh-0,",0.9779951100244553,1,1,0
"PCTChangeGT2,,,,VOL:sell-UpVol-3dayUp-Week2High,weekBarHighChangeGT2,",-0.34781681666807257,12,5,7
"PCTChangeGT1,_HTGT1.5_,,,%%HLTF-Last2HighTail:(UPTREND)buy(DOWNTREND)sell:HighUpperTailPre-last2DayUp,",0.06748158555214728,36,11,25
"PCTChangeLT-2,PCDayChange-0.5to0.5,year2High,_LTGT3.0_,,,%%HLTF:(GLOBAL-DOWN)sellHighLowerTail-Reversal-LastDayMarketUp,",-0.7676298517205484,1,0,1
"PCTChangeLT-3,_LTGT1.5_,,,(GLOBALFUTDOWN-DOWNTRENDMARKET)checkSellConsolidationBreakDown-week2-lowNotReachedWeek3,week2BarLowChangeLT0,chisDownTrend-Risky-nearHigh,",-1.0128967129494195,2,0,2
"PCTChangeGT8,year2Low,_HTGT3.0__LTGT1.5_,,,chisBuyDayHighVolLow-0,volSellReversalLast2DayUp-VolDown,",-10.585008024951442,1,0,1
"PCDCGT0PCTDayChangeLT0,PCDayChange-0.5to0.5,_LTGT1.5_,,,%%:checkSell:Super-Risky,-+,",-0.8038336564433042,1,0,1
"PCTChangeLT-2,,,,vol-buy-DownVol-3dayDown-Week2Low,weekBarLowChangeLT-2,brokenToday,",-0.5577733404765156,2,0,2
"PCTChangeGT0.5,_HTGT1.5__HTGTPCTDayChange_,,,%%:checkSell:CupDownDoji,(Test)(check-chart-2-3MidCapCross)MaySellCheckChart-Risky,",0.23182650566286886,1,1,0
"PCTChangeGT2,,,,##buyTenDaysLessThanMinusTen,",-0.3130226908205215,57,22,35
"PCTChangeGT3,,,,VOL:buy(GLOBALFUTDOWN-GLOBALMARKETDOWN)Sell-UpVol-3dayUp-Week2Low,buyFinal1,",0.5058318260578878,1,1,0
"PCTChangeLT-3,,,,checkCupDown-month3HighLTmonth3Low,bar_low,sellFinal1,volBuyRevarsalVolCrossed,##(Check-chart-buy):month3High-InMinus,ReversalHighMonth3,",3.7962962962962865,1,1,0
"PCTChangeGT3,_LTGT1.5_,,,chisCheckConsolidationBreakoutLT(4.5),(GLOBALFUTUP-UPTRENDMARKET)checkBuyConsolidationBreakUp-week2-highNotReachedWeek3,week2BarHighChangeGT2,weekHighGTweek2High,brokenToday,",-4.13741914557663,1,0,1
"PCTChangeGT0,_HTGT1.5__LTGT1.5_,,,%%:checkSell:Super2,",-5.984067939103895,1,0,1
"PCTChangeLT-2,,,,##longDownTrend-2-IndexNotDownLastDay(checkBase),chisSellDownTrend-nearHigh,",0.5299290123814983,1,1,0
"PCTChangeGT1,_LTGT1.5_,,,chisBuyYearHigh-3,",0.07702083032493741,65,27,38
"PCTChangeGT3,,,,volBuyContinueLast2DayUp-VolUp,buyPatternsML,",5.832046080272526,1,1,0
"PCTChangeLT-0.5,_HTGT1.5__LTGT1.5__HTGTPCTDayChange__LTGTPCTDayChange_,,,chisSellDownTrend-nearHigh,",-2.239947201498702,1,0,1
"PCTDayChangeLT0,_HTGT3.0__LTGT3.0__HTGTPCTDayChange__LTGTPCTDayChange_,,,##MA-SMA200LT0SMA100LT0,",-1.9653898102341183,1,0,1
"PCTChangeLT-3,,,,##DOWNTREND:sellYear2HighReversal(InDownTrend),##last2DayLow(LT-3)-M3LGT0,##(Check-chart-buy):YearHigh-InMinus,ReversalHighYear,",-1.2490529642135955,4,1,3
"PCTChangeGT5,_HTGT3.0_,,,VOL:buyBelowTail-SellAtClose:upVol3dayUpWeek2High-highUpperTail,##MAPositive_Uptrend(GT4.5),##MA-SMA200GT0SMA100GT0,##last2DayHighGT3-M3HLT0,",0.5621432735021917,1,1,0
"PCTChangeLT-2,,,,%%checkCupDown-2dayDown-continue,",-0.9052541521949158,9,1,8
"PCTChangeGT1,_HTGT1.5_,,,%%HLTF-Last2HighTail:(UPTREND)buy(DOWNTREND)sell:HighUpperTailPre-last2DayUp,volSellReversalLast2DayUp-VolDown,",-1.6454523259943232,1,0,1
"PCTChangeLT-3,_HTGT1.5__LTGT1.5__HTGTPCTDayChange__LTGTPCTDayChange_,,,volBuyRevarsalVolCrossed,",4.641253762367825,1,1,0
"PCTChangeLT-3,,,,checkCupDown-2dayDown-mayReversalBuy,(GLOBALFUTDOWN-DOWNTRENDMARKET)checkSellConsolidationBreakDown-week2-lowNotReachedWeek3,week2BarLowChangeLT0,chisDownTrend-Risky-nearHigh,##last2DayLow(LT-3)-M3LGT0,",2.562601872400245,1,1,0
"PCTChangeGT0,PCDayChange-0.5to0.5,_LTGT1.5_,,,%%:checkSell:FlagWeek-doji,",1.9428536551339168,1,1,0
"PCTChangeGT3,,,,volBuyContinueLast2DayUp-VolUp,week2BarHighChangeGT2,",4.096372770820309,1,1,0
"PCTDayChangeLT0,,,,weekBarLowChangeLT0,chisDownTrend-Risky-nearHigh,",-0.5425335121874963,1,0,1
"PCTChangeLT-3,_HTGT1.5_,,,##DOWNTREND:sellMonth6HighReversal(InDownTrend),##(Check-chart-buy):month3High-InMinus,ReversalHighMonth3,",3.7881825251841796,2,2,0
"PCTChangeGT2,,,,volumeUpsergedLast2n3n4DayDown,chisCheckConsolidationBreakoutLT(4.5),week2BarHighChangeGT0,brokenToday,",-0.3795355526754648,2,1,1
"PCTChangeGT5,year2High,_HTGT3.0__LTGT3.0__HTGTPCTDayChange__LTGTPCTDayChange_,,,volumeUpsergedLast2n3n4DayDown,volSellReversalLast2DayUp-VolUp,",8.37805212997809,1,1,0
"PCTChangeGT0.5,,,,chisSellDowningMA-(check5MinuteDownTrendAndSellDowntrend)-Already10DayDown,chisBuyYearHigh-3,",-1.1934366544397534,7,0,7
"PCTChangeLT-1,_LTGT1.5_,,,chisSell-smallUptrendReversal,(Test)(check-chart-2-3MidCapCross)MayBuyCheckChart-Risky,",2.686023192916296,1,1,0
"PCTChangeLT-2,,,,checkSellConsolidationBreakDown-2week,week2BarLowChangeLT0,weekLowLTweek2Low,",-2.9726190082097457,1,0,1
"PCTChangeLT-2,,,,##sellRisingMA,",1.1026739854649656,3,2,1
"PCTChangeGT3,,,,##MAPositive_Uptrend(GT4.5),##MA-SMA200LT0SMA100GT0,",-1.960593191717161,5,1,4
"PCTChangeLT-3,,,,%%HLTF-Last2DayMarketDown:(GLOBAL-UP)buyHighUpperTailPre1-Reversal-LastDayMarketDown,(GLOBALFUTDOWN-DOWNTRENDMARKET)checkSellConsolidationBreakDown-week2-lowNotReachedWeek3,week2BarLowChangeLT0,chisDownTrend-Risky-nearHigh,##(Check-chart-buy):month3High-InMinus,ReversalHighMonth3,",-0.8826541525931786,1,0,1
"PCTChangeLT-1,PCDayChange-0.5to0.5,_HTGT1.5_,,,%%HLTF-Last2HighTail:(DOWNTREND)sell(UPTREND)buy:HighUpperTailPre,",0.5028423088415273,11,7,4
"PCTChangeGT2,,,,##(Check-chart-sell):month3Low-InPlus,ReversalLowMonth3,chisUpTrend-Risky-nearLow,(GLOBALFUTUP-UPTRENDMARKET)checkBuyConsolidationBreakUp-week2-highNotReachedWeek3,week2BarHighChangeGT2,brokenToday,##UPTREND:buyYear2LowReversal(Confirm),",-8.424985809864276,1,0,1
"PCTChangeGT5,year2High,,,,weekBarHighChangeGT5,brokenToday,",-1.3246833065241717,2,1,1
"PCTChangeGT5,_HTGT3.0_,,,volBuyContinueLast2DayUp-VolUp,(GLOBALFUTUP-UPTRENDMARKET)checkBuyConsolidationBreakUp-week2-highNotReachedWeek3,week2BarHighChangeGT0,brokenToday,",1.5345038023771063,1,1,0
"PCTChangeGT5,_HTGT1.5__LTGT1.5_,,,zigZagVolCrossedFromDown,chisSellYear2LowContinue,",-9.188957192119537,1,0,1
"PCTChangeGT1,,,,$$MaySell-CheckChart(downTrend-mayReverseLast4DaysUp),shortUpTrendSellReversal-MonthHigh,",1.3116488493571172,1,1,0
"PCTChangeLT-3,_HTGT3.0__LTGT3.0__HTGTPCTDayChange__LTGTPCTDayChange_,,,chisSell-smallUptrendReversal,",1.8049155145929257,1,1,0
"PCTDayChangeLT0,year2High,_HTGT3.0_,,,%%HLTF-Last2HighTail:(DOWNTREND)sellHighUpperTailPre,",-4.02997051203405,1,0,1
"PCTChangeGT3,year2High,,,,volumeUpsergedLast2n3n4DayDown,chisCheckConsolidationBreakoutGT(4.5),weekBarHighChangeGT2,",-0.6015022296953323,1,0,1
"PCTChangeLT-3,,,,(GLOBALFUTDOWN-DOWNTRENDMARKET)checkSellConsolidationBreakDown-week2-lowNotReachedWeek3,week2BarLowChangeLT-2,##DOWNTREND:sellYearHighReversal(InDownTrend),##(Check-chart-buy):month3High-InMinus,ReversalHighMonth3,",-0.09876392505787884,1,0,1
"PCTChangeGT5,,,,volumeUpsergedLast2n3n4DayDown,volBuyContinueLast2DayUp-VolUp,weekBarHighChangeGT2,brokenToday,##last2DayHighGT3-M3HLT0,",-2.2129470304888708,1,0,1
"PCTChangeLT-8,_HTGT3.0__LTGT1.5__HTGTPCTDayChange_,,,##MANegative_Downtrend_(LT-2),##MA-SMA200GT0SMA100GT0,",-6.069675728115338,1,0,1
"PCTChangeLT-8,year2Low,_HTGT3.0_,,,##last2DayLow(LT-3)-M3LLT0,chisBuyDayLowVolLow-01,",-0.36364006273674243,1,0,1
"PCTChangeLT-2,,,,(GLOBALFUTDOWN-DOWNTRENDMARKET)checkSellConsolidationBreakDown-week2-lowNotReachedWeek3,week2BarLowChangeLT-5,weekLowLTweek2Low,",-0.7177821646979863,2,0,2
"PCTChangeGT3,_HTGT3.0__HTGTPCTDayChange_,,,sellEveningStar-0,chisBuyEveningStar-0,##lastDayHighGT5TodayGT1,",-2.4573543772977966,1,0,1
"PCTChangeGT2,_HTGT1.5_,,,mayBuyFromSellPattern-GT1.8,",0.5956129665507759,1,1,0
"PCTChangeLT-2,,,,(GLOBALFUTDOWN-DOWNTRENDMARKET)checkSellConsolidationBreakDown-week2-lowNotReachedWeek3,week2BarLowChangeLT0,##DOWNTREND:sellYear2HighReversal(InDownTrend),",0.43676523721780286,3,1,2
"PCTChangeGT5,_HTGT3.0_,,,%%HLTF-Last2HighTail:(UPTREND)buy(DOWNTREND)sell:HighUpperTailPre-last2DayUp,chisSellDayHighVolLow-01-checkMorningTrend(.5SL),",18.081180811808125,1,1,0
"PCTChangeGT3,_HTGT1.5_,,,volumeUpsergedLast2n3n4DayDown,volBuyContinueLast2DayUp-VolUp,(GLOBALFUTUP-UPTRENDMARKET)checkBuyConsolidationBreakUp-week2,weekBarHighChangeGT2,",-0.5515446102470569,1,0,1
"PCTChangeLT-3,,,,volBuyReversalLast2DayDown-VolDown,sellPatternsML,",-3.6724803082394515,1,0,1
"PCTChangeGT0.5,year2High,_HTGT3.0_,,,%%HLTF:maySellTail-tailGT2-7,10thDayGT20,chisSellEveningStar-2(Check2-3MidCapCross),",-3.8911406136225986,1,0,1
"PCTChangeLT-5,year2Low,_HTGT1.5_,,,chisRSISellCandidate(yearLow)-lessThanMinus5,##last2DayLow(LT-3)-M3LLT0,chisBuyDayLowVolLow-01,",-5.5068854090744725,1,0,1
"PCTChangeGT2,_HTGT1.5__LTGT3.0__LTGTPCTDayChange_,,,chisBuyDownTrend-lowTail,",-2.777773551300737,1,0,1
"PCTChangeLT-2,_HTGT1.5__LTGT1.5__HTGTPCTDayChange_,,,chisDownTrend-Risky-nearHigh,##(Check-chart-buy):month3High-InMinus,ReversalHighMonth3,",-1.645325293526527,2,1,1
"PCTChangeGT2,,,,chisUpTrend-Risky-nearLow,(GLOBALFUTUP-UPTRENDMARKET)checkBuyConsolidationBreakUp-week2-highNotReachedWeek3,week2BarHighChangeGT0,weekHighGTweek2High,chisSell-2week-breakoutup,##UPTREND:buyYear2LowReversal(Confirm),",-5.353535353535354,1,0,1
"PCTChangeGT0.5,_HTGT1.5__LTGT3.0__LTGTPCTDayChange_,,,%%HLTF:(GLOBAL-DOWN)sellHighLowerTail-Reversal-LastDayMarketUp,",3.7529018810726686,1,1,0
"PCTChangeGT0,_HTGT1.5__LTGT3.0__LTGTPCTDayChange_,,,chisBuyDownTrend-lowTail,",-1.9268277796303226,1,0,1
"PCTChangeGT2,year2High,_LTGT3.0_,,,%%HLTF:(SGXNIFTYUP)buyHighLowerTail-Continue,",0.13045823314179433,5,2,3
"PCTChangeGT3,_LTGT1.5_,,,##(check-chart)mayBuy-EMA6-LT-May-MT-EMA14,##lastDayHighGT5TodayGT1,",-2.835149350373641,1,0,1
"PCTChangeGT2,_HTGT3.0__HTGTPCTDayChange_,,,volSellVolumeUpsergedLast2n3DayDown,",-3.1237512767433993,1,0,1
"PCTChangeLT-1,,,,(GLOBALFUTDOWN-DOWNTRENDMARKET)checkSellConsolidationBreakDown-week2-lowNotReachedWeek3,week2BarLowChangeLT-5,weekLowLTweek2Low,",1.432924348164393,1,1,0
"PCTChangeGT2,,,,(GLOBALFUTUP-UPTRENDMARKET)checkBuyConsolidationBreakUp-week2-highNotReachedWeek3,week2BarHighChangeGT0,weekHighGTweek2High,brokenToday,chis-breakoutup-2week,chisBuy-2week-breakoutup,",1.0894616798904961,1,1,0
"PCTChangeLT-1,_HTGT1.5__HTGTPCTDayChange_,,,weekBarLowChangeLT0,##(Test)(Check-chart):year2Low-InMinus,",5.779216815898925,1,1,0
"PCTChangeLT-1,,,,chisSellFlagWeek-Risky,##(Check-chart-buy):month3High-InMinus,ReversalHighMonth3,",-1.1108131696121235,6,1,5
"PCTChangeLT-1,_LTGT1.5_,,,chisSellFinalCandidate-(lastDayDown)-(buyPattern),##(Test):buyRisingMA-uptrend-SMA25gt0,",-2.500000000000006,1,0,1
"PCDCLT0PCTChangeGT0,_LTGT3.0_,,,%%HLTF:(SGXNIFTYUP)buyHighLowerTail-Continue,##(Test)(check-chart)-buySMAUpTrend,",-2.8713996024459534,1,0,1
"PCTChangeGT2,year2High,_HTGT3.0__LTGT1.5__HTGTPCTDayChange_,,,%%HLTF-Last2HighTail:(UPTREND)buy(DOWNTREND)sell:HighUpperTailPre-last2DayUp,%%:sellUpTrend-month3High,",-3.2055348258109904,1,0,1
"PCTChangeGT5,_HTGT1.5__LTGT1.5_,,,##MAPositive_Uptrend(GT4.5),##MA-SMA200GT0SMA100GT0,",0.513774475028104,7,2,5
"PCTChangeGT1,_HTGT3.0__LTGT1.5__HTGTPCTDayChange_,,,weekBarHighChangeGT0,",5.720769381392985,1,1,0
"PCTChangeLT-2,_HTGT1.5__LTGT1.5_,,,volSellContinueLast2DayDown-VolUp,(GLOBALFUTDOWN-DOWNTRENDMARKET)checkSellConsolidationBreakDown-week2-lowNotReachedWeek3,week2BarLowChangeLT0,",-1.0822511071166374,1,0,1
"PCTChangeLT-1,_HTGT1.5__HTGTPCTDayChange_,,,##(Test)(Check-chart):year2Low-InMinus,",-0.018515788570966103,1,0,1
"PCTChangeLT-2,_HTGT1.5__LTGT1.5_,,,volBuyReversalLast2DayDown-VolUp,##MANegative_Downtrend_(LT-2),##MA-SMA200LT0SMA100LT0,",-6.918390717779396,1,0,1
"PCTChangeGT3,_LTGT1.5_,,,volBuyContinueLast2DayUp-VolUp,##MAPositive_Uptrend(GT2),##MA-SMA200GT0SMA100GT0,",-3.3829083020174044,1,0,1
"PCTChangeGT5,,,,(GLOBALFUTUP-UPTRENDMARKET)checkBuyConsolidationBreakUp-week2,weekBarHighChangeGT2,##MAPositive_Uptrend(GT4.5),##MA-SMA200LT0SMA100GT0,",0.11235783609112274,1,1,0
"PCTChangeGT5,_LTGT1.5_,,,volSellReversalLast2DayUp-VolDown,",-5.714998746735933,2,0,2
"PCTChangeLT-3,,,,chisBuyFinalContinue-2,chisDownTrend-Risky-nearHigh,##(Check-chart-buy):month3High-InMinus,NearHighMonth3,",-3.6147151056499447,1,0,1
"PCTChangeGT3,_HTGT1.5_,,,%%HLTF-Last2HighTail:(UPTREND)buy(DOWNTREND)sell:HighUpperTailPre-last2DayUp,vol-sell-DownVol-3dayUp-Week2High,",1.4040004977166318,2,1,1
"PCDCLT0PCTChangeGT0,_HTGT3.0__HTGTPCTDayChange_,,,$$(DOWNTREND-OR-GLOBALDOWN)MaySell-CheckChart-baseLine(inDownTrend-monthHigh)-MLCGT10,",3.937501907348643,1,1,0
"PCTChangeGT1,,,,chisSellDowningMA-(check5MinuteDownTrendAndSellDowntrend)-Already10DayDown,(Test)MaySell-CheckChart(downTrend-lastDayUp),",0.4715249429223839,2,1,1
"PCTChangeLT-1,PCDayChange-0.5to0.5,_LTGT1.5_,,,##MAPositive_Uptrend(LT0),##MA-SMA200LT0SMA100LT0,",-0.43425486796597484,1,0,1
"PCTChangeGT2,_LTGT1.5_,,,volBuyVolumeUpsergedLast2n3DayDown,##UPTREND:buyMonth6LowReversal(Confirm),",1.8078788083606825,1,1,0
"PCTChangeGT2,_HTGT1.5_,,,week2BarHighChangeGT2,##(Check-chart):year2High-InPlus,",5.215132771509047,1,1,0
"PCTChangeLT-1,_HTGT1.5__LTGT1.5_,,,checkCupDown-month3HighLTmonth3Low,bar_low,volBuyReversalLast2DayDown-VolUp,volBuyRevarsalVolCrossed,",-2.763136281744706,1,0,1
"PCTChangeLT-1,,,,checkCupDown-near2WeekDown-mayReveresalBuy,(GLOBALFUTDOWN-DOWNTRENDMARKET)checkSellConsolidationBreakDown-week2-lowNotReachedWeek3,week2BarLowChangeLT-2,weekLowLTweek2Low,",-0.21640088735930738,2,1,1
"PCTChangeGT0,_HTGT1.5_,,,chisCheckConsolidationBreakoutLT(4.5),##(Test)(check-chart)-sellSMADownTrend-2DayUp-weekHighTouch,",1.1526841029533745,1,1,0
"PCTChangeLT-2,_HTGT1.5_,,,(GLOBALFUTDOWN-DOWNTRENDMARKET)checkSellConsolidationBreakDown-week2-lowNotReachedWeek3,week2BarLowChangeLT0,weekLowLTweek2Low,chisDownTrend-Risky-nearHigh,",0.042605338938285345,2,1,1
"PCTDayChangeLT0,PCDayChange-0.5to0.5,_HTGT1.5_,,,chisSellSuper-Risky,--,##MANegative_Downtrend_(LT0),##MA-SMA200LT0SMA100LT0,",2.3376673868257756,1,1,0
"PCTChangeLT-3,,,,volSellContinueLast2DayDown-VolUp,weekBarLowChangeLT-2,chisDownTrend-Risky-nearHigh,##DOWNTREND:sellYear2HighReversal(InDownTrend),##(Check-chart-buy):YearHigh-InMinus,ReversalHighYear,",-3.611046255803132,2,0,2
"PCTChangeGT0,,,,shortUpTrendSellReversal-MonthHigh,",-0.5647230136937776,3,2,1
"PCTChangeLT-2,_LTGT1.5_,,,%%checkCupDown-2dayDown-continue,",0.27252520684488984,1,1,0
"PCTChangeGT3,_HTGT1.5_,,,volumeUpsergedLast2n3n4DayDown,chisCheckConsolidationBreakoutLT(4.5),##(Check-chart):year2High-InPlus,",0.8068653461988283,1,1,0
"PCTChangeGT5,_HTGT3.0_,,,%%HLTF-Last2HighTail:(UPTREND)buy(DOWNTREND)sell:HighUpperTailPre-last2DayUp,chisUpTrend-Risky-nearLow,",-0.23250632620358713,2,1,1
"PCTChangeGT3,,,,volumeUpsergedLast2n3n4DayDown,volBuyContinueLast2DayUp-VolUp,chisCheckConsolidationBreakoutGT(4.5),weekBarHighChangeGT2,brokenToday,",-1.5267835344587148,1,0,1
"PCTChangeGT0,_HTGT1.5_,,,%%:checkSell:CupDownDoji-last2lastDayLT0orTodayGT0,",-4.576191046280996,1,0,1
"PCDCGT0PCTDayChangeLT0,_HTGT3.0__LTGT1.5__HTGTPCTDayChange_,,,##MA-SMA200GT0SMA100LT0,",-1.5002845443255037,1,0,1
"PCTChangeLT-0.5,,,,chisSellDayLowVolLow-01,",-1.3900776396974517,2,0,2
"PCTChangeGT0,_LTGT3.0_,,,%%HLTF:(SGXNIFTYUP)buyHighLowerTail-Continue,chisBuyYearHigh-3,",-0.645105810897693,1,0,1
"PCTChangeLT-2,_HTGT1.5__LTGT1.5_,,,##MANegative_Downtrend_(LT-2),##MA-SMA200GT0SMA100LT0,##DOWNTREND:sellMonth3LowBreak,",-5.172411329154244,1,0,1
"PCTChangeGT3,_HTGT1.5_,,,##(Check-chart-sell):month3Low-InPlus,ReversalLowMonth3,chisUpTrend-Risky-nearLow,##(Test)buyBottomReversal-1,##last2DayHighGT3-M3HLT0,",-2.4585126459913043,1,0,1
"PCTChangeGT3,,,,VOL:sell-UpVol-3dayUp-Week2High,weekBarHighChangeGT2,brokenToday,",0.7867793418571818,2,1,1
"PCTChangeGT12,year2High,,,,volBuyContinueLast2DayUp-VolUp,buyPatternsML,",4.482269503546105,1,1,0
"PCTChangeGT5,_HTGT3.0_,,,%%HLTF-Last2HighTail:(UPTREND)buy(DOWNTREND)sell:HighUpperTailPre-last2DayUp,VOL:buyBelowTail-SellAtClose:upVol3dayUpWeek2High-highUpperTail,",-6.991976514274691,1,0,1
"PCDCGT0PCTDayChangeLT0,_HTGT1.5_,,,%%:checkSell:FlagWeek-doji,",0.34268155969522285,3,2,1
"PCTChangeLT-2,,,,##DOWNTREND:sellMonth3HighReversal(InDownTrend),##(Check-chart-buy):month3High-InMinus,ReversalHighMonth3,",-0.09021182647670785,30,14,15
"PCTChangeGT0,_HTGT1.5__LTGT3.0_,,,chisSellDowningMA-(check5MinuteDownTrendAndSellDowntrend),",-0.9895801544189429,1,0,1
"PCTChangeLT-1,_HTGT1.5__HTGTPCTDayChange_,,,chisSellDownTrend-nearHigh,",-0.3088731005695706,8,4,4
"PCTChangeGT3,_LTGT1.5_,,,chisBuyUpTrend-nearLow,##UPTREND:buyYearLowReversal(Confirm),##lastDayHighGT5TodayGT1,",-3.8793103448275863,1,0,1
"PCTChangeLT-3,,,,(GLOBALFUTDOWN-DOWNTRENDMARKET)checkSellConsolidationBreakDown-week2-lowNotReachedWeek3,week2BarLowChangeLT-2,##last2DayLow(LT-3)-M3LGT0,",0.17121318270994768,2,1,1
"PCTChangeLT-3,_HTGT1.5__LTGT1.5_,,,##MAPositive_Uptrend(LT-4.5),##MA-SMA200LT0SMA100GT0,",2.4456521739130332,1,1,0
"PCTChangeGT8,_LTGT1.5_,,,chisSell-2week-breakoutup,",2.3927538556126366,1,1,0
"PCTChangeLT-2,_HTGT1.5_,,,##(Check-chart-sell)Month3Low-Continue(InUpTrend),BreakLowMonth3,##DOWNTREND:sellMonth3LowBreak,",1.3979497003181378,1,1,0
"PCTChangeGT2,year2High,,,,%%:sellUpTrend-month3High,shortUpTrendSellReversal-MonthHigh,VOL:sell-UpVol-3dayUp-Week2High,weekBarHighChangeGT2,",0.39531929307438995,1,1,0
"PCTChangeLT-3,,,,chisSellFlag2Week-Risky,chisDownTrend-Risky-nearHigh,##(Check-chart-buy):month3High-InMinus,ReversalHighMonth3,",1.0935367547498278,1,1,0
"PCTChangeLT-3,_LTGT1.5_,,,%%HLTF:(GLOBAL-DOWN)sellHighLowerTail-Reversal-LastDayMarketUp,VOL:sell(GLOBALFUTUP-GLOBALMARKETUP)Buy-UpVol-3dayDown-Week2High,##DOWNTREND:sellMonth6HighReversal(InDownTrend),##(Check-chart-buy):month3High-InMinus,ReversalHighMonth3,",-0.6938172942327651,1,0,1
"PCTChangeLT-5,,,,##MANegative_Downtrend_(LT-2),##MA-SMA200LT0SMA100GT0,##last2DayLow(LT-3)-M3LGT0,chisSellDayLowVolLow-01,",2.869848940451618,1,1,0
"PCTChangeGT2,_HTGT1.5__HTGTPCTDayChange_,,,%%:sellUpTrend-month3High,",-0.65049023318133,5,2,3
"PCTChangeLT-3,,,,weekBarLowChangeLT-2,brokenToday,chisDownTrend-Risky-nearHigh,##DOWNTREND:sellMonth6HighReversal(InDownTrend),##(Check-chart-buy):month6High-InMinus,ReversalHighMonth6,",4.243914651920159,1,1,0
"PCTDayChangeLT0,PCDayChange-0.5to0.5,year2High,_HTGT1.5_,,,%%HLTF-Last2HighTail:(DOWNTREND)sell(UPTREND)buy:HighUpperTailPre,%%HLTF-LastDayUp:(DOWNTREND-OR-GLOBALDOWN)MaySellHighTail-LastDayMarketUp,",-0.9645992544608581,1,0,1
"PCTChangeLT-3,,,,%%:checkSell:Super01-monthLow,##longDownTrend-2-IndexNotDownLastDay(checkBase),##(Check-chart-sell)Month3Low-Continue(InUpTrend),ReversalLowMonth3,",2.471912398320455,1,1,0
"PCTChangeLT-1,,,,chisSellFinalCandidate-3,##(Check-chart-buy):month3High-InMinus,NearHighMonth3,",-0.36302031841385657,1,0,1
"PCTDayChangeLT0,,,,(Test)MayBuy-CheckChart(upTrend-lastDayDown),",-0.2064190433043107,30,15,15
"PCTChangeGT3,,,,##(Check-chart-sell):month3Low-InPlus,NearLowMonth3,volSellReversalLast2DayUp-VolDown,",0.18484420837960677,1,1,0
"PCTChangeGT3,_HTGT1.5__LTGT3.0__LTGTPCTDayChange_,,,chisSellYear2LowLT-40-last3DayDown(triggerAfter-9:15),##buyTenDaysLessThanMinusTen,##UPTREND:buyYear2LowReversal(Confirm),",0.73224043715847,1,1,0
"PCTChangeLT-3,,,,##MANegative_Downtrend_(LT-4.5),##MA-SMA200LT0SMA100LT0,chisBuyDayLowVolLow-03-checkMorningTrend(.5SL)-after10:30,",-0.6858420582999202,1,0,1
"PCTChangeLT-1,,,,chisBuyFinalContinue-0,",0.5962406947643426,7,4,3
"PCTChangeGT3,,,,$$MaySell-CheckChart(monthHigh-minimumLast4DayUp),weekBarHighChangeGT2,",0.1458766880660578,1,1,0
"PCTChangeLT-3,,,,%%:checkSell:FlagWeek,volBuyReversalLast2DayDown-VolDown,",-2.1171855926513787,1,0,1
"PCTChangeGT3,_HTGT1.5__LTGT1.5_,,,%%HLTF-Last2HighTail:(UPTREND)buy(DOWNTREND)sell:HighUpperTailPre-last2DayUp,(GLOBALFUTUP-UPTRENDMARKET)checkBuyConsolidationBreakUp-week2-highNotReachedWeek3,week2BarHighChangeGT2,##lastDayHighGT5TodayGT1,",-1.6965084337888243,1,0,1
"PCTChangeLT-3,,,,chisBuy-smallUptrendContinue,##MANegative_Downtrend_(LT-4.5),##MA-SMA200LT0SMA100LT0,",-3.209299486736911,1,0,1
"PCTChangeLT-1,,,,chisSellUpTrend-Risky-2,",-0.3450065648337502,19,8,11
"PCTChangeLT-5,_HTGT3.0__HTGTPCTDayChange_,,,##MANegative_Downtrend_(LT-2),##MA-SMA200LT0SMA100LT0,",-2.351683152494053,3,1,2
"PCTChangeLT-5,_LTGT3.0_,,,(SMA9LT0),##MANegative_Downtrend_(LT-2),##MA-SMA200LT0SMA100LT0,",-1.6523631345560705,1,0,1
"PCTChangeGT1,_HTGT1.5_,,,MaySellCheckChart-(IndexNotDownInSecondHalf),(GLOBALFUTUP-UPTRENDMARKET)checkBuyConsolidationBreakUp-week2-highNotReachedWeek3,week2BarHighChangeGT0,brokenToday,",1.1607142857142851,1,1,0
"PCTChangeLT-3,_HTGT1.5__LTGT1.5_,,,##DOWNTREND:sellYearHigh(InDownTrend),##(Check-chart-buy):month3High-InMinus,NearHighMonth3,",2.790414275631209,1,1,0
"PCTChangeLT-2,_HTGT3.0__HTGTPCTDayChange_,,,chisSellFinalCandidate-4,chisSellDownTrend-nearHigh,##DOWNTREND:sellMonth3HighReversal(InDownTrend),##(Check-chart-buy):month3High-InMinus,ReversalHighMonth3,",0.7318262841651528,1,1,0
"PCTDayChangeLT0,PCDayChange-0.5to0.5,,,,%%:sellDowntrend-lastDayDown-ReversalHighTail,",0.2627085291040159,1,1,0
"PCTChangeLT-2,_LTGT1.5_,,,buyMorningStar-HighLowerTail,%%:buyDownTrend-month3Low,",0.43373977342094594,1,1,0
"PCTChangeEQ0,,,,buyYearHigh-0,",1.1860291747606269,3,3,0
"PCTChangeLT-3,_LTGT1.5_,,,(GLOBALFUTDOWN-DOWNTRENDMARKET)checkSellConsolidationBreakDown-week2-lowNotReachedWeek3,week2BarLowChangeLT0,##DOWNTREND:sellYear2HighReversal(InDownTrend),##last2DayLow(LT-3)-M3LGT0,##(Check-chart-buy):month3High-InMinus,ReversalHighMonth3,",-3.500002622604366,1,0,1
"PCTChangeGT3,,,,chisUpTrend-Risky-nearLow,(GLOBALFUTUP-UPTRENDMARKET)checkBuyConsolidationBreakUp-week2-highNotReachedWeek3,week2BarHighChangeGT0,weekHighGTweek2High,brokenToday,BuyYearLow,",-0.12594266020070688,1,0,1
"PCTChangeGT5,_HTGT1.5_,,,weekBarHighChangeGT5,##last2DayHighGT3-M3HGT0,",-1.5313630614333438,1,0,1
"PCTChangeGT3,_LTGT1.5_,,,VOL:buy(GLOBALFUTDOWN-GLOBALMARKETDOWN)Sell-UpVol-3dayUp-Week2Low,",2.249904023787963,3,3,0
"PCTChangeLT-2,,,,checkCupDown-inDownTrend-month3HighLTmonth3Low,bar_low,##DOWNTREND:sellMonth6HighReversal(InDownTrend),##(Check-chart-buy):month3High-InMinus,ReversalHighMonth3,",5.71319981268198,1,1,0
"PCTChangeGT1,PCDayChange-0.5to0.5,_LTGT3.0_,,,chisBuyYearHigh-3,",-3.873655998375288,2,0,2
"PCTChangeLT-2,_HTGT3.0__HTGTPCTDayChange_,,,##ML:BuyRisingMA-Risky-0,",-0.6480222130534987,1,0,1
"PCDCLT0PCTChangeGT1,PCDayChange-0.5to0.5,_HTGT3.0_,,,%%:checkSell:CupDownDoji-lastDayLT(-2)TodayDoji,%%HLTF-Last2HighTail:(DOWNTREND)sellHighUpperTailPre,",-1.3103406182650945,1,0,1
"PCTChangeGT5,_HTGT1.5_,,,volBuyContinueLast2DayUp-VolUp,##MAPositive_Uptrend(GT4.5),##MA-SMA200GT0SMA100GT0,",-0.9384757412060484,3,1,2
"PCTChangeGT5,_HTGT1.5_,,,chisSell-2week-breakoutup,",1.35912213104141,2,2,0
"PCTChangeGT0,PCDayChange-0.5to0.5,_HTGT1.5__LTGT3.0_,,,%%HLTF-Last2LowTail:(DOWNTREND)sellHighLowerTailPre-1,",0.8686669766050337,5,4,1
"PCTChangeLT-2,_LTGT1.5_,,,volBuyReversalLast2DayDown-VolUp,chisSellFinalCandidate-4,##sellTenDaysMoreThanTen,##MAPositive_Uptrend(LT-2),##MA-SMA200LT0SMA100GT0,",2.0387458801269616,1,1,0
"PCTChangeLT-3,,,,##DOWNTREND:sellMonth6LowBreak,chisBuyDayLowVolLow-03-checkMorningTrend(.5SL)-after10:30,",-1.1231323599102225,1,0,1
"PCTChangeLT-3,,,,checkCupDown-2dayDown,##DOWNTREND:sellYear2HighReversal(InDownTrend),##(Check-chart-buy):month3High-InMinus,ReversalHighMonth3,",0.13818788768060183,1,1,0
"PCTChangeLT-2,,,,volBuyReversalLast2DayDown-VolDown,##DOWNTREND:sellMonth3HighReversal(InDownTrend),",0.9152968044020515,1,1,0
"PCTChangeGT0,_HTGT1.5__LTGT1.5_,,,chisBuyDownTrend-highTail,",2.967467229160709,1,1,0
"PCTChangeGT1,_HTGT1.5__HTGTPCTDayChange_,,,(Test)(check-chart-2-3MidCapCross)MaySellCheckChart-Risky,week2BarHighChangeGT0,brokenToday,",1.6499917277385923,3,1,2
"PCTChangeLT-1,PCDayChange-0.5to0.5,_HTGT3.0_,,,%%HLTF-Last2HighTail:(DOWNTREND)sell(UPTREND)buy:HighUpperTailPre,chisBuyYearHigh-1,",1.637220031469517,1,1,0
"PCTChangeGT1,,,,chisBuyConsolidationBreakUp-2week-(Risky)-year2High,week2BarHighChangeGT2,weekHighGTweek2High,",2.3552031250000027,1,1,0
"PCTChangeLT-3,,,,checkCupDown-2dayDown,chisDownTrend-Risky-nearHigh,##DOWNTREND:sellYear2HighReversal(InDownTrend),##(Check-chart-buy):month3High-InMinus,ReversalHighMonth3,",2.1302849573428855,1,1,0
"PCDCGT0PCTDayChangeLT0,_HTGT1.5_,,,%%:checkSell:Super2,-+,%%:sellDowntrend-lastDayUp-ReversalHighTail,##MANegative_Downtrend_(GT0),##MA-SMA200LT0SMA100LT0,",1.4320515555772981,1,1,0
"PCTChangeGT2,_HTGT1.5_,,,%%HLTF-Last2HighTail:(UPTREND)buy(DOWNTREND)sell:HighUpperTailPre-last2DayUp,##MA-SMA200LT0SMA100GT0,",1.140697390534157,1,1,0
"PCTChangeGT0.5,PCDayChange-0.5to0.5,_HTGT1.5_,,,##MAPositive_Uptrend(GT0),##MA-SMA200GT0SMA100GT0,",1.7204370948220238,4,4,0
"PCTChangeGT2,,,,(SMA9LT0),maySellFromBuyPattern-LT-1.8,",-2.0736425495092803,2,0,2
"PCTChangeLT-1,_LTGT3.0_,,,%%HLTF:(GLOBAL-DOWN)sellHighLowerTail-Reversal-LastDayMarketUp,chisSellDownTrend-nearHigh,",1.8686113566377758,1,1,0
"PCTChangeGT1,,,,##MA-SMA200GT0SMA100LT0,",-1.206665039062502,1,0,1
"PCTChangeGT3,,,,##(Check-chart-sell):month3Low-InPlus,ReversalLowMonth3,chisUpTrend-Risky-nearLow,(GLOBALFUTUP-UPTRENDMARKET)checkBuyConsolidationBreakUp-week2-highNotReachedWeek3,week2BarHighChangeGT0,##UPTREND:buyMonth6LowReversal(Confirm),",-1.1708551212581955,1,0,1
"PCTDayChangeLT0,year2High,_HTGT1.5__LTGT3.0_,,,%%HLTF:(GLOBAL-UP)buyHighLowerTail-StockInUptrend,",2.854454949413026,1,1,0
"PCDCGT0PCTDayChangeLT0,PCDayChange-0.5to0.5,_LTGT3.0_,,,buyMorningStar-(checkChart),(SMA9LT0),",-4.43815383202511,1,0,1
"PCTChangeGT2,,,,##(Check-chart-sell):month3Low-InPlus,NearLowMonth3,chisBuyDownTrend-Risky-1,",0.5835981399102786,1,1,0
"PCTChangeGT3,,,,VOL:sell-UpVol-3dayUp-Week2High,weekBarHighChangeGT2,chisBuy-2week-breakoutup(check-chart)(|-|-| or --|),##MAPositive_Uptrend(GT4.5),##MA-SMA200LT0SMA100LT0,",-2.9589007651969257,1,0,1
"PCTChangeGT5,_LTGT1.5_,,,volSellRevarsalVolCrossed,chisSellDayHighVolLow-01-checkMorningTrend(.5SL),",-1.9114247568837381,1,0,1
"PCTChangeGT3,,,,volSellVolumeUpsergedLast2n3DayDown,chisCheckConsolidationBreakoutLT(4.5),chisBuyConsolidationBreakUp-2week-(Risky)-year2High,week2BarHighChangeGT2,brokenToday,##(Check-chart):year2High-InPlus,",3.2076250496557193,1,1,0
"PCTChangeGT2,_LTGT1.5_,,,buyPatternsML,buyPattern-GT1.5-SMAGT0,(SMA9GT0),",6.662033614232003,1,1,0
"PCTChangeLT-2,,,,checkCupDown-2dayDown-mayReversalBuy,##(Check-chart-buy):month3High-InMinus,ReversalHighMonth3,",-0.02460780143147809,1,0,1
"PCTChangeGT2,_HTGT3.0__HTGTPCTDayChange_,,,%%HLTF-Last2HighTail:(UPTREND)buy(DOWNTREND)sell:HighUpperTailPre-last2DayUp,week2BarHighChangeGT2,",3.8041497670611784,1,1,0
"PCTChangeGT3,year2High,_HTGT1.5_,,,volBuyContinueLast2DayUp-VolUp,weekBarHighChangeGT2,brokenToday,",2.164358227052337,1,1,0
"PCTChangeGT5,,,,chisBuyUpTrend-nearLow,volSellReversalLast2DayUp-VolDown,",-2.2409076468128086,1,0,1
"PCDCLT0PCTChangeGT1,PCDayChange-0.5to0.5,_HTGT1.5__LTGT3.0_,,,##MANegative_Downtrend_(LT0),##MA-SMA200GT0SMA100LT0,",4.778258142212076,1,1,0
"PCTChangeGT3,year2High,,,,zigZagVolCrossedFromDown,chisBuyConsolidationBreakUp-2week-(Risky)-year2High,week2BarHighChangeGT2,weekHighGTweek2High,",1.863616324751154,1,1,0
"PCTDayChangeLT0,PCDayChange-0.5to0.5,_HTGT1.5__LTGT1.5_,,,%%:checkBuyContinue:CupDownDoji,",4.528845273531402,1,1,0
"PCTChangeGT5,,,,chisBuyDownTrend-lowTail,",0.5874321353863167,1,1,0
"PCTChangeGT3,_HTGT3.0__HTGTPCTDayChange_,,,chisUpTrend-Risky-nearLow,(GLOBALFUTUP-UPTRENDMARKET)checkBuyConsolidationBreakUp-week2-highNotReachedWeek3,week2BarHighChangeGT0,weekHighGTweek2High,brokenToday,",-3.7318796351336037,1,0,1
"PCTDayChangeLT0,PCDayChange-0.5to0.5,year2Low,_LTGT1.5_,,,buyMorningStar-HighLowerTail-(checkChart),",-6.173234198592105,1,0,1
"PCTChangeGT0,PCDayChange-0.5to0.5,_HTGT1.5_,,,shortUpTrendSellReversal-Month3High-Doji-Last2DayGTToday,",1.228227189394066,6,5,1
"PCTChangeGT3,,,,##(Check-chart-sell):month3Low-InPlus,ReversalLowMonth3,chisUpTrend-Risky-nearLow,##ML:sellRisingMAuptrend-1,##UPTREND:buyYear2LowReversal(Confirm),",-0.0704408924806204,1,0,1
"PCDCGT0PCTChangeLT-1,,,,##(Test):buyRisingMA-uptrend-SMA25gt0,",-3.2803511823518576,3,0,3
"PCTChangeGT1,PCDayChange-0.5to0.5,_HTGT1.5__LTGT1.5_,,,chisSellDowningMA-(check5MinuteDownTrendAndSellDowntrend)-Already10DayDown,",-2.2003227481852385,3,0,3
"PCTChangeGT3,_HTGT3.0__LTGT1.5__HTGTPCTDayChange__LTGTPCTDayChange_,,,%%HLTF-Last2HighTail:(UPTREND)buy(DOWNTREND)sell:HighUpperTailPre-last2DayUp,##MAPositive_Uptrend(GT1),##MA-SMA200GT0SMA100GT0,##lastDayHighGT5TodayGT1,",2.599626976450332,1,1,0
"PCTChangeGT2,,,,chisUpTrend-Risky-nearLow,week2BarHighChangeGT0,weekHighGTweek2High,##UPTREND:buyYear2LowReversal(Confirm),",-0.6187960061843281,1,0,1
"PCTChangeGT3,,,,shortUpTrendSellReversal-MonthHigh,vol-sell-DownVol-3dayUp-Week2High,##lastDayHighGT5TodayGT1,",1.6890353004404315,1,1,0
"PCTChangeGT5,_LTGT1.5_,,,%%HLTF-Risky:(GLOBAL-DOWN)sellHighLowerTail-Reversal-LastDayMarketUp,buyPatternsML,##MAPositive_Uptrend(GT4.5),##MA-SMA200GT0SMA100GT0,",1.8617021276595827,1,1,0
"PCTChangeLT-3,,,,checkSellConsolidationBreakDown-month3HighGTMonth3Low,chisSellDownTrend-nearHigh,",-2.5370581527936196,1,0,1
"PCTChangeGT2,_HTGT1.5_,,,##(Check-chart)ML:buyMonth3High-Continue,",-0.13020412880125637,3,2,1
"PCTDayChangeLT0,PCDayChange-0.5to0.5,_LTGT1.5_,,,%%HLTF:(GLOBAL-DOWN)sellHighLowerTail-Reversal-LastDayMarketUp,",-0.5979100192574934,6,2,4
"PCTChangeLT-2,_LTGT1.5_,,,chisSellDownTrend-nearHigh,##(Check-chart-buy):month3High-InMinus,NearHighMonth3,",-0.33187398943387025,2,1,1
"PCTChangeLT-3,PCDayChange-0.5to0.5,_HTGT3.0_,,,%%:checkSell:Super01-monthLow,",1.9391843427200781,1,1,0
"PCDCGT0PCTChangeLT-1,PCDayChange-0.5to0.5,,,,%%:sellDowntrend-lastDayUp-ReversalHighTail,##(Test)(check-chart)-sellSMADownTrend,",-2.8427642246462175,1,0,1
"PCTChangeLT-3,_HTGT3.0__HTGTPCTDayChange_,,,(GLOBALFUTDOWN-DOWNTRENDMARKET)checkSellConsolidationBreakDown-week2-lowNotReachedWeek3,week2BarLowChangeLT-2,chisDownTrend-Risky-nearHigh,##DOWNTREND:sellYearHighReversal(InDownTrend),",-3.921571899157587,1,0,1
"PCTChangeGT3,_HTGT1.5__LTGT1.5_,,,%%:sellDowntrend-lastDayUp-ReversalHighTail,%%HLTF-Last2LowTail:(DOWNTREND)sellHighLowerTailPre-1,",-4.233608558529721,1,0,1
"PCTChangeGT3,year2High,_HTGT3.0__LTGT1.5__HTGTPCTDayChange_,,,%%HLTF-Last2HighTail:(UPTREND)buy(DOWNTREND)sell:HighUpperTailPre-last2DayUp,",-4.812091530638458,2,0,2
"PCDCGT0PCTDayChangeLT0,PCDayChange-0.5to0.5,_LTGT3.0_,,,%%HLTF-Last2DayMarketUp:(GLOBAL-DOWN)sellHighLowerTail-Reversal-LastDayMarketUp,",2.4036475205441565,1,1,0
"PCTChangeGT8,_HTGT3.0_,,,##MAPositive_Uptrend(GT4.5),##MA-SMA200LT0SMA100GT0,",-1.3411568460521763,6,1,5
"PCTChangeGT3,_HTGT1.5__HTGTPCTDayChange_,,,MaySellCheckChart-(IndexNotDownInSecondHalf),##MAPositive_Uptrend(GT2),##MA-SMA200GT0SMA100LT0,",-0.1354822958669355,1,0,1
"PCDCGT0PCTDayChangeLT0,_HTGT1.5__HTGTPCTDayChange_,,,%%HLTF-Last2HighTail:(DOWNTREND)sellHighUpperTailPre-1,",2.8332913379430034,4,3,1
"PCDCLT0PCTChangeGT0,PCDayChange-0.5to0.5,,,,##MAPositive_Uptrend(LT0),##MA-SMA200LT0SMA100GT0,",-0.836170211965996,4,2,2
"PCTChangeLT-3,_LTGT1.5_,,,VOL:buy-UpVol-3dayDown-Week2Low,##last2DayLow(LT-3)-M3LGT0,",-0.2531606939774493,1,0,1
"PCTChangeGT2,_HTGT1.5_,,,##MANegative_Downtrend_(GT1),##MA-SMA200LT0SMA100LT0,",2.9772313067432545,1,1,0
"PCTChangeGT1,year2High,_HTGT1.5__HTGTPCTDayChange_,,,(Test)(check-chart-2-3MidCapCross)MaySellCheckChart-Risky,%%:sellUpTrend-month3High,",1.8694951361814087,1,1,0
"PCTChangeGT1,year2High,_HTGT1.5__HTGTPCTDayChange_,,,(Test)MaySellCheckChart-last3DayUp,MaySellCheckChart-(IndexNotDownInSecondHalf),$$MaySell-CheckChart(downTrend-mayReverseLast4DaysUp)-Risky,",-3.558988517987501,3,0,3
"PCTChangeLT-2,_LTGT3.0_,,,##MANegative_Downtrend_(LT-1),##MA-SMA200LT0SMA100LT0,buyMorningStar-(checkChart),",0.25513457554678626,1,1,0
"PCTDayChangeLT0,PCDayChange-0.5to0.5,,,,%%:sellDowntrend-lastDayDown-ReversalHighTail,##MANegative_Downtrend_(LT0),##MA-SMA200LT0SMA100LT0,",-4.902611210342776,1,0,1
"PCTChangeGT3,,,,##ML:sellRisingMAuptrend-1,",1.7073137650321817,1,1,0
"PCTChangeGT2,_HTGT1.5_,,,volBuyContinueLast2DayUp-VolUp,",0.24250109211705742,7,4,3
"PCTChangeLT-2,_HTGT3.0__HTGTPCTDayChange_,,,##MANegative_Downtrend_(LT-2),##MA-SMA200LT0SMA100LT0,##DOWNTREND:sellMonth6LowBreak,",-7.773947587113908,1,0,1
"PCTDayChangeLT0,year2Low,,,,shortDownTrendBuyReversal-Month3Low-Doji-Last2DayLTToday,",-0.475532326393054,2,1,1
"PCTChangeLT-2,_LTGT3.0_,,,volSellContinueLast2DayDown-VolUp,chisDownTrend-Risky-nearHigh,buyMorningStar-HighLowerTail,",-3.4595113405039597,1,0,1
"PCTChangeLT-2,_LTGT1.5_,,,weekBarLowChangeLT-2,##DOWNTREND:sellMonth6HighReversal(InDownTrend),##(Check-chart-buy):month6High-InMinus,ReversalHighMonth6,",-3.4657085809602206,2,0,2
"PCTChangeLT-3,,,,chisSellFinalCandidate-(lastDayUp),chisSellUpTrend-Risky-2,",1.622340425531909,1,1,0
"PCDCLT0PCTChangeGT1,year2High,_LTGT1.5_,,,##(Test)(check-chart)-buySMAUpTrend,(Test)MayBuy-CheckChart(upTrend-lastDayDown),",-3.24641778540579,1,0,1
"PCTChangeLT-2,year2High,_HTGT1.5_,,,%%HLTF:(UPTREND-MorningTrend-UP)mayBuyTail-highTailGT2-7,10thDayGT10-Last2DayStockDown,",0.9405101276746285,1,1,0
"PCTChangeLT-2,,,,(GLOBALFUTDOWN-DOWNTRENDMARKET)checkSellConsolidationBreakDown-week2-lowNotReachedWeek3,week2BarLowChangeLT0,##(Check-chart-buy):month3High-InMinus,NearHighMonth3,",-0.9641145478659571,1,0,1
"PCTChangeGT2,,,,volumeUpsergedLast2n3n4DayDown,weekBarHighChangeGT0,brokenToday,",-0.45093161990220093,1,0,1
"PCTChangeLT-1,_LTGT1.5_,,,##(Check-chart-buy):month3High-InMinus,BreakHighMonth3,",-0.9671519541006156,2,1,1
"PCTChangeGT3,,,,checkBuyConsolidationBreakUp-2week,week2BarHighChangeGT2,",-1.0840081132100114,1,0,1
"PCTChangeLT-3,_LTGT1.5_,,,volBuyVolumeUpsergedLast2n3DayUp,##last2DayLow(LT-3)-M3LLT0,",11.12581943453282,1,1,0
"PCDCLT0PCTChangeGT0,PCDayChange-0.5to0.5,_LTGT3.0_,,,buyMorningStar-(checkChart),",-1.2565645479980039,4,1,3
"PCTChangeLT-2,,,,chisDownTrend-Risky-nearHigh,##(Check-chart-buy):month3High-InMinus,NearHighMonth3,",-0.43371163350859937,13,5,8
"PCTChangeLT-5,,,,(Test)sellUptrendReversal,",-1.3585096570788444,3,2,1
"PCTChangeLT-5,_LTGT3.0_,,,##(Test)(Check-chart-sell):year2Low-InMinus,",0.9154915249963221,1,1,0
"PCTChangeGT1,,,,chisSellFlagWeek-doji-Risky,",0.41262031819200395,9,6,3
"PCTChangeLT-5,_LTGT3.0_,,,##(check-chart)buyEMA6<EMA14-Risky,",-0.285020918122139,2,1,1
"PCTChangeLT-2,_LTGT1.5_,,,checkCupDown-2dayDown-mayReversalBuy,chisDownTrend-Risky-nearHigh,",-1.2319129367610353,2,0,2
"PCTChangeGT1,year2High,_HTGT1.5_,,,%%HLTF:(GLOBAL-SGX-DOWN)maySellTail-2,3,4thDayGT0,",-0.33235425562682186,15,6,9
"PCTChangeLT-1,,,,(GLOBALFUTDOWN-DOWNTRENDMARKET)checkSellConsolidationBreakDown-week2-lowNotReachedWeek3,week2BarLowChangeLT0,##longDownTrend-2-IndexNotDownLastDay(checkBase),",2.9815042887989662,1,1,0
"PCDCLT0PCTChangeGT0,PCDayChange-0.5to0.5,_HTGT1.5__LTGT3.0_,,,%%HLTF-Last2DayMarketUp:(GLOBAL-DOWN)sellHighLowerTail-Reversal-LastDayMarketUp,",-1.3749980926513672,1,0,1
"PCTChangeLT-1,_HTGT3.0_,,,%%HLTF-Last2HighTail:(DOWNTREND)sellHighUpperTailPre,chisDownTrend-Risky-nearHigh,",-3.5617784183458117,1,0,1
"PCTChangeGT0,,,,##MANegative_Downtrend_(GT1),##MA-SMA200LT0SMA100LT0,",-1.8570400264962104,3,2,1
"PCTChangeLT-2,_HTGT1.5_,,,chisSellDownTrend-nearHigh,##(Check-chart-buy):YearHigh-InMinus,NearHighYear,",-1.2582781456953598,1,0,1
"PCTChangeLT-2,_LTGT1.5_,,,volBuyReversalLast2DayDown-VolUp,##DOWNTREND:sellYearLowBreak,",-0.7449013846261083,1,0,1
"PCTChangeGT3,,,,chisUpTrend-Risky-nearLow,volBuyContinueLast2DayUp-VolUp,weekBarHighChangeGT2,brokenToday,chisSell-2week-breakoutup,BuyYearLow,##ML:sellRisingMAuptrend-1,##UPTREND:buyYearLowReversal(Confirm),",0.23202091622358104,1,1,0
"PCTChangeLT-0.5,,,,%%:checkSell:Super01-monthLow,chisSell-smallUptrendReversal,",-0.7027362854673889,1,0,1
"PCTDayChangeLT0,PCDayChange-0.5to0.5,_HTGT3.0_,,,%%:checkSell:Super0,",1.8191858670298315,1,1,0
"PCTChangeGT3,_LTGT1.5_,,,%%:sellUpTrend-month3High,(SMA9GT0),##MAPositive_Uptrend(GT2),##MA-SMA200GT0SMA100GT0,",0.8851206156537876,1,1,0
"PCTDayChangeLT0,_LTGT3.0_,,,buyMorningStar-(checkChart),",0.73778804307546,1,1,0
"PCTChangeLT-5,,,,##(Test)(Check-chart):year2Low-InMinus,##last2DayLow(LT-3)-M3LGT0,",5.032144061352159,1,1,0
"PCTChangeGT2,,,,chisSellUpTrend-2,chisCheckConsolidationBreakoutLT(4.5),",-0.17359444328261076,1,0,1
"PCTChangeGT0.5,_HTGT1.5_,,,chisBuyUpTrend-nearLow,chisBuyYearHigh-1,",-7.379353415806654,1,0,1
"PCTChangeGT1,,,,##(Check-chart-sell):month3Low-InPlus,ReversalLowMonth3,##UPTREND:buyMonth6LowReversal(Confirm),",-5.656978817996334,1,0,1
"PCTChangeLT-2,,,,chisBuyMay5DayFloorReversal,(GLOBALFUTDOWN-DOWNTRENDMARKET)checkSellConsolidationBreakDown-week2-lowNotReachedWeek3,week2BarLowChangeLT0,",-1.404252289034803,1,0,1
"PCTChangeLT-2,,,,volSellVolumeUpsergedLast2n3DayUp,##(Check-chart-sell)Month3Low-Continue(InUpTrend),ReversalLowMonth3,",-0.09434280392161527,1,0,1
"PCTChangeLT-2,_LTGT1.5_,,,checkCupDown-2dayDown-mayReversalBuy,chisDownTrend-Risky-nearHigh,##DOWNTREND:sellYear2HighReversal(InDownTrend),##(Check-chart-buy):YearHigh-InMinus,ReversalHighYear,",-2.410299095848664,1,0,1
"PCTChangeLT-1,_HTGT1.5_,,,weekBarLowChangeLT0,brokenToday,",-0.1203215126614241,7,5,2
"PCTChangeLT-2,,,,(GLOBALFUTDOWN-DOWNTRENDMARKET)checkSellConsolidationBreakDown-week2-lowNotReachedWeek3,week2BarLowChangeLT-2,weekLowLTweek2Low,##DOWNTREND:sellYearHighReversal(InDownTrend),",3.980508935181584,1,1,0
"PCTChangeLT-3,,,,VOL:buy-DownVol-3dayDown-Week2High,",-0.12474182729045619,8,4,4
"PCTChangeLT-2,,,,sellFinal,##ML:BuyRisingMA-Risky-0,",1.85808518025329,1,1,0
"PCTChangeGT3,,,,##RisingMA(Test)(check-chart-buy)-1DayUp,",0.7772451502299311,2,1,1
"PCTChangeLT-5,_HTGT3.0__HTGTPCTDayChange_,,,##MAPositive_Uptrend(LT-2),##MA-SMA200GT0SMA100GT0,",-1.751820362397355,1,0,1
"PCTChangeLT-3,_LTGT1.5_,,,##DOWNTREND:sellYear2HighReversal(InDownTrend),",-1.578302278290955,5,3,2
"PCDCLT0PCTChangeGT8,,,,##MA-SMA200GT0SMA100GT0,",-2.5768119198473487,2,0,2
"PCTChangeGT3,,,,chisBuyUpTrend-nearLow,VOL:buy-DownVol-3dayUp-Week2Low,",6.749505408952546,1,1,0
"PCTChangeGT5,,,,volSellReversalLast2DayUp-VolDown,chisBuyFinalContinueReversal-2,",-2.3282723132496486,2,0,2
"PCTChangeGT3,,,,volSellVolumeUpsergedLast2n3DayDown,volBuyContinueLast2DayUp-VolUp,chisCheckConsolidationBreakoutLT(4.5),weekBarHighChangeGT2,brokenToday,",1.6782379114886998,2,1,1
"PCTChangeGT1,,,,week2BarHighChangeGT0,weekHighGTweek2High,chisBuyYearHigh-3,",0.5617030218132664,4,3,1
"PCTChangeLT-5,,,,%%HLTF-Last2DayMarketDown:(GLOBAL-UP)buyHighUpperTailPre1-Reversal-LastDayMarketDown,volSellContinueLast2DayDown-VolUp,chisDownTrend-Risky-nearHigh,##DOWNTREND:sellMonth3HighReversal(InDownTrend),",-8.234765925845627,1,0,1
"PCTChangeGT2,,,,volumeUpsergedLast2n3n4DayDown,volBuyContinueLast2DayUp-VolUp,",-0.21710277708093248,16,7,9
"PCTChangeLT-3,,,,volumeUpsergedLast2n3n4DayUp,weekBarLowChangeLT-2,brokenToday,sellPatternsML,",-2.561711543525018,1,0,1
"PCTChangeLT-2,_HTGT1.5_,,,chisSellFinalCandidate-1-(lastDayUp),chisSellDownTrend-nearHigh,",3.7582903463522492,1,1,0
"PCTChangeLT-3,_HTGT1.5__LTGT3.0_,,,##(Check-chart-buy):month3High-InMinus,ReversalHighMonth3,",0.9891846080467552,1,1,0
"PCTChangeGT2,,,,chisBuyConsolidationBreakUp-2week-(Risky)-year2High,week2BarHighChangeGT2,weekHighGTweek2High,",1.723445083220591,4,2,2
"PCTChangeLT-5,,,,VOL:buy-UpVol-3dayDown-Week2Low,##MANegative_Downtrend_(LT-4.5),##MA-SMA200LT0SMA100LT0,",3.9376414251572984,3,2,1
"PCTChangeGT3,,,,volBuyVolumeUpsergedLast2n3DayDown,(GLOBALFUTUP-UPTRENDMARKET)checkBuyConsolidationBreakUp-week2-highNotReachedWeek3,week2BarHighChangeGT0,brokenToday,chisBuy-2week-breakoutup(check-chart)(|-|-| or --|),",1.118806643130553,1,1,0
"PCTChangeGT0,_HTGT3.0__LTGT3.0_,,,%%:sellDowntrend-lastDayUp-ReversalHighTail,",0.8878933915665334,1,1,0
"PCTChangeLT-2,,,,weekBarLowChangeLT0,brokenToday,##(Check-chart-buy):month3High-InMinus,ReversalHighMonth3,",0.5539892345659804,14,9,5
"PCTChangeGT5,_LTGT1.5_,,,volBuyContinueLast2DayUp-VolUp,##MAPositive_Uptrend(GT4.5),##MA-SMA200GT0SMA100GT0,",3.9062500000000084,1,1,0
"PCTChangeLT-2,_HTGT1.5_,,,weekBarLowChangeLT0,brokenToday,",0.02369815125429996,12,6,6
"PCTChangeLT-1,,,,%%:checkSell:Super01-monthLow,volBuyReversalLast2DayDown-VolUp,",-3.561120811644214,1,0,1
"PCDCLT0PCTChangeGT1,_LTGT3.0_,,,%%HLTF:(GLOBAL-DOWN)sellHighLowerTail-Reversal-LastDayMarketUp,",-2.5182778609938032,4,0,4
"PCTChangeGT0,_HTGT3.0__LTGT1.5_,,,##MA-SMA200LT0SMA100LT0,",6.31293068255125,1,1,0
"PCTChangeLT-3,,,,VOL:sell(GLOBALFUTUP-GLOBALMARKETUP)Buy-UpVol-3dayDown-Week2High,##(Check-chart-buy):month3High-InMinus,NearHighMonth3,",-0.26748891269069913,3,1,2
"PCTChangeLT-2,,,,%%:checkSell:ConsolidationBreakDown(NotShapeA)-2week,checkSellConsolidationBreakDown-2week,week2BarLowChangeLT0,weekLowLTweek2Low,brokenToday,chisDownTrend-Risky-nearHigh,",0.07770482197900253,1,1,0
"PCDCLT0PCTChangeGT0,PCDayChange-0.5to0.5,_LTGT3.0_,,,%%HLTF:(SGXNIFTYUP)buyHighLowerTail-Continue,",0.11174249031861531,12,4,8
"PCTChangeLT-3,,,,##MANegative_Downtrend_(LT-2),##MA-SMA200LT0SMA100LT0,##DOWNTREND:sellMonth6LowBreak,%%:buyDownTrend-month3Low,",-0.09259488858965303,2,1,1
"PCTChangeLT-2,_LTGT1.5_,,,##MANegative_Downtrend_(LT-2),##MA-SMA200LT0SMA100LT0,##DOWNTREND:sellYearLowBreak,%%:buyDownTrend-month3Low,",-0.876569130021893,2,1,1
"PCTChangeLT-3,,,,%%:checkSell:Super01-monthLow,##(Check-chart-sell)Month3Low-Continue(InUpTrend),ReversalLowMonth3,",1.801738110217423,2,2,0
"PCTChangeGT2,,,,shortUpTrendSellReversal-MonthHigh,chisBuyUpTrend-1-YearHigh,",-1.0651994586823774,1,0,1
"PCTChangeGT2,_HTGT3.0__HTGTPCTDayChange_,,,volSellReversalLast2DayUp-VolUp,weekBarHighChangeGT2,brokenToday,",-0.1785732450939383,1,0,1
"PCTChangeGT1,_HTGT1.5__LTGT1.5__HTGTPCTDayChange__LTGTPCTDayChange_,,,$$(DOWNTREND-OR-GLOBALDOWN)MaySellContinue-CheckChart(inuptrend-monthlow)-highTail,",-3.375573244393583,1,0,1
"PCTChangeGT8,_HTGT1.5__LTGT3.0__LTGTPCTDayChange_,,,chisBuyUpTrend-nearLow,##last2DayHighGT3-M3HLT0,",5.005616167385455,1,1,0
"PCTChangeGT2,,,,volSellVolumeUpsergedLast2n3DayDown,brokenToday,",2.811062720514117,1,1,0
"PCTChangeGT3,_HTGT1.5_,,,volumeUpsergedLast2n3n4DayDown,chisCheckConsolidationBreakoutLT(4.5),",0.5649267184060919,1,1,0
"PCDCLT0PCTChangeGT0,_HTGT1.5__HTGTPCTDayChange_,,,%%HLTF:maySellTail-tailGT2-7,10thDayGT20,(SMA9GT0),",1.7118914636147824,1,1,0
"PCDCLT0PCTChangeGT0,_LTGT3.0_,,,##MA-SMA200GT0SMA100LT0,",-0.14762056677430613,1,0,1
"PCTChangeGT1,_HTGT1.5__LTGT1.5__HTGTPCTDayChange__LTGTPCTDayChange_,,,$$MaySell-CheckChart(downTrend-mayReverseLast4DaysUp),",2.6567145959654828,1,1,0
"PCTChangeLT-2,_LTGT3.0_,,,volBuyReversalLast2DayDown-VolUp,##DOWNTREND:sellYearLowBreak,buyMorningStar-HighLowerTail,",0.5920126432795362,1,1,0
"PCTChangeLT-3,_HTGT1.5__LTGT1.5_,,,checkCupDown-2dayDown-mayReversalBuy,##last2DayLow(LT-3)-M3LGT0,",-0.6250044878791288,1,0,1
"PCTChangeGT3,_LTGT1.5_,,,%%HLTF-Risky:(GLOBAL-DOWN)sellHighLowerTail-Reversal-LastDayMarketUp,##MAPositive_Uptrend(GT2),##MA-SMA200LT0SMA100LT0,##lastDayHighGT5TodayGT1,",2.7978324808104924,1,1,0
"PCTChangeGT2,,,,##(Check-chart-sell):month3Low-InPlus,ReversalLowMonth3,chisUpTrend-Risky-nearLow,(GLOBALFUTUP-UPTRENDMARKET)checkBuyConsolidationBreakUp-week2-highNotReachedWeek3,week2BarHighChangeGT0,weekHighGTweek2High,brokenToday,",2.379846938233486,1,1,0
"PCTChangeLT-3,_HTGT1.5__LTGT1.5__LTGTPCTDayChange_,,,##MANegative_Downtrend_(LT-1),##MA-SMA200LT0SMA100LT0,%%:buyDownTrend-month3Low,",6.000000000000005,1,1,0
"PCTChangeLT-5,_HTGT3.0_,,,VOL:sell(GLOBALFUTUP-GLOBALMARKETUP)Buy-UpVol-3dayDown-Week2High,##MANegative_Downtrend_(LT-4.5),##MA-SMA200GT0SMA100LT0,",5.355786173999346,1,1,0
"PCTChangeGT3,_HTGT1.5_,,,##MAPositive_Uptrend(GT4.5),##MA-SMA200LT0SMA100GT0,",1.0804248061373645,1,1,0
"PCTChangeGT1,PCDayChange-0.5to0.5,_HTGT1.5__LTGT1.5_,,,##MAPositive_Uptrend(GT0),##MA-SMA200LT0SMA100GT0,",-1.7989067182148968,1,0,1
"PCTChangeGT2,,,,(GLOBALFUTUP-UPTRENDMARKET)checkBuyConsolidationBreakUp-week2-highNotReachedWeek3,week2BarHighChangeGT0,##(check-chart)mayBuy-EMA6-LT-May-MT-EMA14,",1.7013439437355464,4,2,2
"PCTChangeLT-1,,,,%%:checkSell:Super01-monthLow,volBuyReversalLast2DayDown-VolDown,##longDownTrend-2-IndexNotDownLastDay(checkBase),",-1.543907043053591,1,0,1
"PCTChangeLT-2,_LTGT1.5_,,,##MANegative_Downtrend_(LT-2),##MA-SMA200LT0SMA100LT0,MayBuyCheckChart-(IndexNotUpInSecondHalf),",-1.4130412668421521,1,0,1
"PCTChangeGT0.5,PCDayChange-0.5to0.5,_HTGT3.0__LTGT3.0_,,,%%HLTF-Last2LowTail:(DOWNTREND)sellHighLowerTailPre-1,##MANegative_Downtrend_(GT0),##MA-SMA200GT0SMA100LT0,",-0.8067118319376658,1,0,1
"PCTChangeLT-2,,,,%%:checkSell:Super01-monthLow,VOL:sell(GLOBALFUTUP-GLOBALMARKETUP)Buy-UpVol-3dayDown-Week2High,",-1.3832861352328703,2,0,2
"PCTChangeGT2,_LTGT3.0_,,,%%HLTF:(SGXNIFTYUP)buyHighLowerTail-Continue,week2BarHighChangeGT2,",-1.331521739130433,1,0,1
"PCTChangeLT-2,PCDayChange-0.5to0.5,_HTGT3.0_,,,%%HLTF-Last2HighTail:(DOWNTREND)sellHighUpperTailPre,",-1.7253839323970874,1,0,1
"PCDCLT0PCTChangeGT16,_HTGT1.5__LTGT3.0_,,,%%HLTF-Last2DayMarketUp:(GLOBAL-DOWN)sellHighLowerTail-Reversal-LastDayMarketUp,##MA-SMA200GT0SMA100GT0,",-0.15140223238213946,1,0,1
"PCDCLT0PCTChangeGT0,,,,buyMayYear2LowBreakingUp,",0.18762330157047705,28,12,16
"PCTChangeLT-3,,,,volumeUpsergedLast2n3n4DayUp,volSellContinueLast2DayDown-VolUp,sellFinal,",0.7621951354589824,1,1,0
"PCTChangeGT3,,,,##buyTenDaysLessThanMinusTen,",-0.3114940243577377,57,24,31
"PCTChangeGT2,,,,##MAPositive_Uptrend(GT2),##MA-SMA200LT0SMA100LT0,",-1.4005041800968099,22,4,18
"PCTChangeLT-0.5,PCDayChange-0.5to0.5,_HTGT3.0_,,,buyYearHigh-0,",-1.365908630325069,2,0,2
"PCTChangeLT-3,_LTGT1.5_,,,##MAPositive_Uptrend(LT-4.5),##MA-SMA200GT0SMA100GT0,",4.220779220779223,1,1,0
"PCTChangeGT2,,,,volumeUpsergedLast2n3n4DayDown,chisBuy-2week-breakoutup(check-chart)(|-|-| or --|),",0.6827482321927706,3,2,1
"PCTChangeGT5,,,,(GLOBALFUTUP-UPTRENDMARKET)checkBuyConsolidationBreakUp-week2-highNotReachedWeek3,week2BarHighChangeGT5,weekHighGTweek2High,##last2DayHighGT3-M3HGT0,",3.3225767074092576,1,1,0
"PCTChangeGT2,,,,volSellVolumeUpsergedLast2n3DayDown,chisCheckConsolidationBreakoutLT(4.5),chisBuyConsolidationBreakUp-2week-(Risky)-year2High,week2BarHighChangeGT0,brokenToday,",-1.6222195095486205,1,0,1
"PCTChangeLT-5,,,,VOL:sell(GLOBALFUTUP-GLOBALMARKETUP)Buy-UpVol-3dayDown-Week2High,chisSellDownTrend-nearHigh,",0.36848814853893547,1,1,0
"PCTChangeGT2,_HTGT1.5_,,,%%HLTF:(DOWNTREND-OR-GLOBALDOWN)maySellTail-tailGT2-2,3,4thDayGT0,volBuyVolumeUpsergedLast2n3DayDown,VOL:buy(GLOBALFUTDOWN-GLOBALMARKETDOWN)Sell-UpVol-3dayUp-Week2Low,",-3.8649087953765577,1,0,1
"PCTChangeGT5,_HTGT1.5_,,,%%HLTF:maySellTail-tailGT2-7,10thDayGT20,",-4.3824302234347305,1,0,1
"PCDCGT0PCTDayChangeLT0,_HTGT3.0_,,,%%HLTF:maySellTail-tailGT2-7,10thDayGT20,%%HLTF:(UPTREND-GLOBAL/SGX-UP)BuyHighUpperTail-Reversal-7,10thDayGT15-LastDayMarketDown,",-5.482718799792261,1,0,1
"PCTChangeGT0,_HTGT1.5__HTGTPCTDayChange_,,,chisBuyUpTrend-nearLow,",-6.339378554586296,1,0,1
"PCTChangeGT5,_HTGT1.5__LTGT1.5_,,,##MAPositive_Uptrend(GT2),##MA-SMA200LT0SMA100LT0,##last3DayHighGT3-M3HGT0,",-6.0976015624999995,1,0,1
"PCTChangeLT-1,PCDayChange-0.5to0.5,_LTGT3.0_,,,chisBuyYearHigh-3,",-0.9722167970561869,3,0,3
"PCTChangeLT-1,_LTGT3.0_,,,%%:checkSell:FlagWeek,##MA-SMA200LT0SMA100LT0,",-1.2741249486019737,1,0,1
"PCTChangeGT3,,,,volumeUpsergedLast2n3n4DayDown,##(Check-chart):year2High-InPlus,",1.6094802157686663,2,2,0
"PCTChangeGT3,,,,VOL:sell-UpVol-3dayUp-Week2High,",-0.11298173340240854,28,9,19
"PCTChangeGT1,,,,volBuyVolumeUpsergedLast2n3DayDown,",-0.11529468177172879,28,13,15
"PCTChangeGT0.5,PCDayChange-0.5to0.5,year2High,_HTGT1.5_,,,shortUpTrendSellReversal-MonthHigh,",-1.1383077109639577,6,1,5
"PCTChangeLT-8,,,,volSellContinueLast2DayDown-VolUp,chisDownTrend-Risky-nearHigh,##last2DayLow(LT-3)-M3LGT0,",-0.16180983067249793,1,0,1
"PCTChangeGT5,,,,chisUpTrend-Risky-nearLow,(GLOBALFUTUP-UPTRENDMARKET)checkBuyConsolidationBreakUp-week2-highNotReachedWeek3,week2BarHighChangeGT2,weekHighGTweek2High,brokenToday,##UPTREND:buyYear2LowReversal(Confirm),",-2.089505176389884,1,0,1
"PCTChangeLT-2,,,,chisDownTrend-Risky-nearHigh,##(Check-chart-buy):month6High-InMinus,ReversalHighMonth6,",-0.4362765134605361,15,5,10
"PCTChangeLT-1,_LTGT1.5_,,,weekBarLowChangeLT0,MayBuyCheckChart-(IndexNotUpInSecondHalf),$$MayBuy-CheckChart(downTrend-mayReverseLast4DaysDown),",-1.1960191547091177,1,0,1
"PCTChangeGT3,,,,chisCheckConsolidationBreakout2WeekLT(4.5),weekBarHighChangeGT0,brokenToday,",0.09627422204868347,4,2,2
"PCTChangeGT5,_HTGT3.0__LTGT3.0_,,,%%HLTF:(GLOBAL-DOWN)sellHighLowerTail-Reversal-LastDayMarketUp,volSellRevarsalVolCrossed,",3.5000000000000004,1,1,0
"PCTChangeLT-2,,,,checkCupDown-2dayDown-mayReversalBuy,##DOWNTREND:sellYear2HighReversal(InDownTrend),%%:checkBuyRevarsalLast3DayDownAtMonth3High,##(Check-chart-buy):month3High-InMinus,ReversalHighMonth3,",-3.6682136703758035,1,0,1
"PCTChangeLT-3,,,,%%:checkSell:Super01-monthLow,volBuyReversalLast2DayDown-VolDown,",2.745913143038092,1,1,0
"PCTChangeGT2,_HTGT1.5_,,,chisBuyUpTrend-nearLow,chisSellFinalContinue-(lastDayDown)-1,",-0.19230964856269073,1,0,1
"PCTDayChangeLT0,_LTGT1.5_,,,%%HLTF:(SGXNIFTYUP)buyHighLowerTail-Continue,",0.21531848951384477,9,3,6
"PCTChangeLT-3,,,,volBuyReversalLast2DayDown-VolDown,##(Check-chart-buy):YearHigh-InMinus,NearHighYear,",-1.6550784207572258,1,0,1
"PCTChangeLT-1,,,,chisSellFlag2Week-Risky,",-0.37213463807755004,11,7,4
"PCDCGT0PCTChangeLT-1,,,,%%:checkSell:Super2,%%:sellDowntrend-lastDayUp-ReversalHighTail,",1.3235316557042738,1,1,0
"PCTChangeLT-3,,,,(GLOBALFUTDOWN-DOWNTRENDMARKET)checkSellConsolidationBreakDown-week2-lowNotReachedWeek3,week2BarLowChangeLT0,##DOWNTREND:sellMonth6HighReversal(InDownTrend),##(Check-chart-buy):month3High-InMinus,ReversalHighMonth3,",0.6008920998891302,1,1,0
"PCTChangeLT-5,_HTGT1.5_,,,##last2DayLow(LT-3)-M3LGT0,",1.30800007258044,6,4,2
"PCTChangeGT0,PCDayChange-0.5to0.5,year2High,,,,MaySellCheckChart-(|_|`|),shortUpTrendSellReversal-MonthHigh,",-1.1175699394750478,1,0,1
"PCTChangeLT-2,_LTGT1.5_,,,%%checkCupDown-2dayDown-continue,chisDownTrend-Risky-nearHigh,##(Check-chart-buy):YearHigh-InMinus,NearHighYear,",0.3911311284795583,1,1,0
"PCTChangeGT8,,,,chisUpTrend-Risky-nearLow,##(Test)buyBottomReversal-1,",1.1010442190632592,1,1,0
"PCTChangeGT1,PCDayChange-0.5to0.5,year2High,_HTGT1.5_,,,%%HLTF-Last2HighTail:(UPTREND)buy(DOWNTREND)sell:HighUpperTailPre-last2DayUp,",-2.493411391243368,3,1,2
"PCTChangeLT-3,,,,volSellContinueLast2DayDown-VolUp,(GLOBALFUTDOWN-DOWNTRENDMARKET)checkSellConsolidationBreakDown-week2-lowNotReachedWeek3,week2BarLowChangeLT-2,weekLowLTweek2Low,chisDownTrend-Risky-nearHigh,##DOWNTREND:sellMonth3HighReversal(InDownTrend),##(Check-chart-buy):month3High-InMinus,ReversalHighMonth3,",1.408012064297828,1,1,0
"PCTChangeLT-3,,,,##MANegative_Downtrend_(LT-4.5),##MA-SMA200GT0SMA100GT0,",2.1365009716112313,6,5,1
"PCTChangeLT-3,_HTGT3.0__LTGT1.5_,,,volSellContinueLast2DayDown-VolUp,##MANegative_Downtrend_(LT-4.5),##MA-SMA200GT0SMA100LT0,",2.1498977921343942,1,1,0
"PCTChangeLT-1,,,,chisSellUpTrend-Risky-2,##(Check-chart-buy):month3High-InMinus,NearHighMonth3,",1.8075647884502932,2,1,1
"PCTChangeLT-3,_LTGT1.5_,,,(GLOBALFUTDOWN-DOWNTRENDMARKET)checkSellConsolidationBreakDown-week2-lowNotReachedWeek3,week2BarLowChangeLT-2,weekLowLTweek2Low,",-0.46525358042616105,7,4,3
"PCTChangeGT8,_HTGT1.5_,,,%%HLTF-Last2HighTail:(UPTREND)buy(DOWNTREND)sell:HighUpperTailPre-last2DayUp,volumeUpsergedLast2n3n4DayDown,volBuyContinueLast2DayUp-VolUp,",7.54118736777289,1,1,0
"PCTDayChangeLT0,_LTGT3.0_,,,%%HLTF:(GLOBAL-UP)buyHighLowerTail-StockInUptrend,",-2.6572813453849267,1,0,1
"PCTChangeLT-2,_HTGT1.5__HTGTPCTDayChange_,,,chisSellFlagWeek-Risky,",-3.4897971639827814,1,0,1
"PCTChangeLT-3,,,,vol-buy-DownVol-3dayDown-Week2Low,(GLOBALFUTDOWN-DOWNTRENDMARKET)checkSellConsolidationBreakDown-month,weekBarLowChangeLT-2,##MANegative_Downtrend_(LT-4.5),##MA-SMA200GT0SMA100LT0,",-2.072728128725474,1,0,1
"PCTChangeLT-3,,,,volBuyReversalLast2DayDown-VolDown,chisBuyFinalContinue-3,##last2DayLow(LT-3)-M3LGT0,",1.2762479133024356,1,1,0
"PCTChangeGT2,,,,shortUpTrendSellReversal-MonthHigh,week2BarHighChangeGT0,brokenToday,",-1.8823776910782555,1,0,1
"PCTChangeGT2,_HTGT3.0__LTGT1.5_,,,%%HLTF-Last2HighTail:(UPTREND)buy(DOWNTREND)sell:HighUpperTailPre-last2DayUp,",-1.0032528634605449,2,0,2
"PCTChangeGT0.5,_HTGT1.5_,,,%%:checkSell:FlagWeek-doji,",-1.2758515233736334,2,0,2
"PCTChangeGT0,_HTGT3.0__LTGT3.0__HTGTPCTDayChange__LTGTPCTDayChange_,,,%%HLTF-Last2HighTail:(UPTREND)buy(DOWNTREND)sell:HighUpperTailPre-last2DayUp,",-1.3074248081382511,1,0,1
"PCTChangeLT-2,_HTGT1.5__HTGTPCTDayChange_,,,%%HLTF-Last2HighTail:(DOWNTREND)sell(UPTREND)buy:HighUpperTailPre,%%HLTF:maySellTail-tailGT2-7,10thDayGT0,##ML:buyRisingMA-down-Risky,",3.8234844478322003,1,1,0
"PCTChangeLT-3,year2High,_HTGT1.5__HTGTPCTDayChange_,,,checkCupDown-2dayDown,",-3.439973671530833,1,0,1
"PCTChangeLT-3,_HTGT3.0__LTGT3.0__HTGTPCTDayChange__LTGTPCTDayChange_,,,checkCupDown-2dayDown-mayReversalBuy,",1.1718259476858492,1,1,0
"PCTChangeLT-1,_LTGT1.5_,,,##MAPositive_Uptrend(LT-2),##MA-SMA200GT0SMA100GT0,",-0.27483435303789816,5,3,2
"PCTChangeLT-2,_HTGT1.5_,,,volBuyReversalLast2DayDown-VolDown,##sellTenDaysMoreThanTen,##ML:BuyRisingMA-Risky-1,",2.0571463448660716,1,1,0
"PCTChangeGT3,_HTGT3.0_,,,%%HLTF:(DOWNTREND-OR-GLOBALDOWN)maySellTail-tailGT2-2,3,4thDayGT0,##(Check-chart-sell):month3Low-InPlus,ReversalLowMonth3,##UPTREND:buyYearLowReversal(Confirm),##lastDayHighGT5TodayGT1,",-1.985156770578219,1,0,1
"PCDCGT0PCTChangeLT-5,_LTGT3.0_,,,##MA-SMA200LT0SMA100LT0,",-1.7560383225762615,1,0,1
"PCDCLT0PCTChangeGT0,PCDayChange-0.5to0.5,year2High,,,,##(Test)(check-chart)-buySMAUpTrend,",-0.05818752838275737,4,2,2
"PCTChangeLT-3,_HTGT1.5__LTGT3.0__HTGTPCTDayChange__LTGTPCTDayChange_,,,##MANegative_Downtrend_(LT-2),##MA-SMA200LT0SMA100LT0,##DOWNTREND:sellMonth6LowBreak,",0.5959025889717768,1,1,0
"PCTChangeLT-2,_HTGT1.5__HTGTPCTDayChange__LTGTPCTDayChange_,,,%%:buyDownTrend-month3Low,",-3.56896762190195,1,0,1
"PCTDayChangeLT0,PCDayChange-0.5to0.5,_HTGT1.5__LTGT1.5_,,,shortDownTrendSellContinue-Doji-Last2DayLTToday,##MANegative_Downtrend_(LT0),##MA-SMA200GT0SMA100LT0,",1.9834723354371107,1,1,0
"PCTChangeLT-3,,,,chisSell-smallUptrendReversal,",-0.9424752367558364,38,14,24
"PCTChangeEQ0,PCDayChange-0.5to0.5,_HTGT1.5__LTGT1.5_,,,%%HLTF-LastDayUp:(DOWNTREND-OR-GLOBALDOWN)MaySellHighTail-LastDayMarketUp,",-0.5380807197499834,1,0,1
"PCTChangeGT1,,,,shortUpTrendSellReversal-MonthHigh-Doji-Last2DayGTToday,",0.13847412651877955,6,4,2
"PCTChangeGT5,_LTGT1.5_,,,chisBuyUpTrend-nearLow,volBuyContinueLast2DayUp-VolUp,",4.109015954615451,1,1,0
"PCTChangeGT5,year2Low,_HTGT3.0__LTGT1.5_,,,chisSellYear2LowLT-40-last4DayDown(triggerAfter-9:15),",-22.25714111328125,1,0,1
"PCDCLT0PCTChangeGT1,PCDayChange-0.5to0.5,_LTGT1.5_,,,chisSellSuper-Risky,--,",-0.5308281295202373,2,0,2
"PCTChangeLT-2,_HTGT1.5_,,,##ML:buyRisingMA-down-Risky,",-0.9794939899227207,7,1,6
"PCTChangeGT1,_HTGT1.5_,,,%%HLTF:(GLOBAL-SGX-DOWN)maySellTail-2,3,4thDayGT0,shortUpTrendSellReversal-Month3High-Doji-Last2DayGTToday,",-1.7124012717823818,1,0,1
"PCTChangeGT0,year2High,_HTGT3.0_,,,%%HLTF-Last2HighTail:(UPTREND)buy(DOWNTREND)sell:HighUpperTailPre-last2DayUp,",-1.8150996110315947,1,0,1
"PCDCGT0PCTDayChangeLT0,_HTGT1.5__HTGTPCTDayChange_,,,(Test)MaySell-CheckChart(downTrend-lastDayUp),",-0.9073529168094794,11,2,9
"PCTChangeGT2,_HTGT1.5__HTGTPCTDayChange_,,,%%HLTF:(GLOBAL-SGX-DOWN)maySellTail-2,3,4thDayGT0,",0.049629608283064175,3,2,1
"PCTChangeGT5,year2High,,,,(GLOBALFUTUP-UPTRENDMARKET)checkBuyConsolidationBreakUp-week2,weekBarHighChangeGT2,brokenToday,",-0.1884212514200202,2,1,1
"PCTChangeLT-5,_HTGT3.0__LTGT1.5_,,,chisSell-smallUptrendReversal,",6.049088530402981,1,1,0
"PCTChangeGT3,,,,chisSell-2week-breakoutup,##sellRisingMAuptrend-0,",5.906432748538005,1,1,0
"PCTChangeLT-2,_LTGT1.5_,,,checkCupDown-2dayDown,chisDownTrend-Risky-nearHigh,##(Check-chart-buy):month3High-InMinus,ReversalHighMonth3,",1.085040706448299,2,1,1
"PCTChangeLT-1,_LTGT1.5_,,,checkCupDown-3dayDown,chisBuyMay5DayFloorReversal,%%HLTF:(GLOBAL-DOWN)sellHighLowerTail-Reversal-LastDayMarketUp,##(Check-chart-buy):month3High-InMinus,ReversalHighMonth3,",-0.3795575612964707,1,0,1
"PCTChangeGT1,,,,week2BarHighChangeGT2,weekHighGTweek2High,",0.03431416761441378,22,13,8
"PCTChangeLT-3,,,,(GLOBALFUTDOWN-DOWNTRENDMARKET)checkSellConsolidationBreakDown-week2-lowNotReachedWeek3,week2BarLowChangeLT-2,##(Check-chart-buy):month6High-InMinus,ReversalHighMonth6,",3.024770246019522,1,1,0
"PCTChangeGT5,year2Low,_HTGT1.5_,,,chisSellYear2LowContinue,",-3.0256378956330026,1,0,1
"PCTChangeLT-0.5,_HTGT3.0__HTGTPCTDayChange_,,,%%HLTF:maySellTail-tailGT2-7,10thDayGT20,$$(DOWNTREND-OR-GLOBALDOWN)MaySell-CheckChart-baseLine(inDownTrend-monthHigh)-MLCGT10,",0.02939194813096761,1,1,0
"PCTChangeLT-3,year2Low,,,,volumeUpsergedLast2n3n4DayUp,weekBarLowChangeLT0,brokenToday,",-0.10316684742120341,2,1,1
"PCTChangeGT1,_HTGT1.5__HTGTPCTDayChange__LTGTPCTDayChange_,,,%%:checkSell:Super2,",0.26636073646384995,1,1,0
"PCTChangeLT-0.5,_HTGT3.0__LTGT1.5_,,,chisDownTrend-Risky-nearHigh,",-1.7463267306703871,2,0,2
"PCTChangeGT3,year2High,,,,volumeUpsergedLast2n3n4DayDown,chisBuyConsolidationBreakUp-2week-(Risky)-year2High,week2BarHighChangeGT2,brokenToday,",0.8461538461538597,1,1,0
"PCTChangeLT-5,_LTGT1.5_,,,##MANegative_Downtrend_(LT-4.5),##MA-SMA200GT0SMA100GT0,",-0.07260707816514497,13,7,6
"PCTChangeGT1,_LTGT3.0_,,,%%HLTF:(SGXNIFTYUP)buyHighLowerTail-Continue,chisBuyYearHigh-3,",-2.000543810717279,2,0,2
"PCTChangeGT1,,,,zigZagVolCrossedFromDown,$$(DOWNTREND-OR-GLOBALDOWN)MaySellContinue-CheckChart(inuptrend-monthlow)-PCTDayChangeGT2,",-2.4026418755156773,1,0,1
"PCTChangeGT3,_HTGT1.5_,,,weekBarHighChangeGT2,##last3DayHighGT3-M3HGT0,",-0.5163026892620511,1,0,1
"PCTChangeGT3,,,,chisBuyUpTrend-nearLow,buyFinal1,",-0.22915261540767026,1,0,1
"PCTChangeGT2,,,,vol-sell-DownVol-3dayUp-Week2High,##MAPositive_Uptrend(GT1),##MA-SMA200LT0SMA100GT0,",-0.1606904829225751,2,1,1
"PCTChangeLT-3,,,,(GLOBALFUTDOWN-DOWNTRENDMARKET)checkSellConsolidationBreakDown-week2-lowNotReachedWeek3,week2BarLowChangeLT0,weekLowLTweek2Low,chisDownTrend-Risky-nearHigh,##DOWNTREND:sellMonth3HighReversal(InDownTrend),##(Check-chart-buy):month3High-InMinus,ReversalHighMonth3,",-2.443476137907594,1,0,1
"PCTChangeLT-2,,,,volSellContinueLast2DayDown-VolUp,(GLOBALFUTDOWN-DOWNTRENDMARKET)checkSellConsolidationBreakDown-week2-lowNotReachedWeek3,week2BarLowChangeLT0,weekLowLTweek2Low,##DOWNTREND:sellYear2HighReversal(InDownTrend),##(Check-chart-buy):month3High-InMinus,ReversalHighMonth3,",-0.541603172218403,1,0,1
"PCTChangeLT-1,year2High,,,,%%HLTF-Last2DayMarketDown:(GLOBAL-UP)buyHighUpperTailPre1-Reversal-LastDayMarketDown,",-0.405352215723898,1,0,1
"PCTChangeGT16,_HTGT3.0_,,,chisSellYear2LowLT-40-last3DayDown(triggerAfter-9:15),",1.9804576165513028,1,1,0
"PCDCLT0PCTChangeGT1,_HTGT3.0__LTGT1.5__HTGTPCTDayChange__LTGTPCTDayChange_,,,chisSell-smallUptrendReversal,",-6.510528738028916,1,0,1
"PCTChangeGT2,year2High,,,,chisCheckConsolidationBreakout2WeekLT(4.5),",-0.5240951729427777,12,4,8
"PCTChangeLT-3,_LTGT1.5_,,,weekBarLowChangeLT-2,brokenToday,chisDownTrend-Risky-nearHigh,$$MayBuy-CheckChart-baseLine(inuptrend-monthlow)-PCTDayChangeLT0,##(Check-chart-buy):month3High-InMinus,ReversalHighMonth3,",2.009565484200549,1,1,0
"PCTChangeGT3,_HTGT1.5__LTGT1.5_,,,(GLOBALFUTUP-UPTRENDMARKET)checkBuyConsolidationBreakUp-week2-highNotReachedWeek3,week2BarHighChangeGT2,brokenToday,",-4.0408335828869015,1,0,1
"PCTChangeGT3,_LTGT1.5_,,,chisCheckConsolidationBreakoutLT(4.5),chisBuy-2week-breakoutup(check-chart)(|-|-| or --|),",2.1173150120644064,1,1,0
"PCTChangeGT2,,,,volumeUpsergedLast2n3n4DayDown,VOL:buy(GLOBALFUTDOWN-GLOBALMARKETDOWN)Sell-UpVol-3dayUp-Week2Low,BuyYearLow,",-0.044568088523206845,1,0,1
"PCTChangeLT-8,_LTGT3.0_,,,chisBuyDayLowVolLow,chisBuyYear2Low,NearLowYear2,",-2.2999543708826375,1,0,1
"PCTChangeGT1,,,,zigZagVolCrossedFromDown,",-0.2064083175456429,51,22,29
"PCTChangeLT-3,_LTGT1.5_,,,week2BarLowChangeLT0,",-1.9212182050155615,3,0,3
"PCTChangeGT8,_HTGT1.5_,,,##MAPositive_Uptrend(GT4.5),##MA-SMA200GT0SMA100GT0,",-1.5652609957310393,23,6,16
"PCTChangeLT-3,_LTGT1.5_,,,%%checkCupDown-2dayDown-continue,chisDownTrend-Risky-nearHigh,##DOWNTREND:sellMonth3HighReversal(InDownTrend),##last2DayLow(LT-3)-M3LGT0,",-4.1982818309960575,1,0,1
"PCTChangeGT0.5,,,,volBuyContinueLast2DayUp-VolUp,",0.08665830442161984,10,4,6
"PCTChangeGT3,,,,volSellReversalLast2DayUp-VolDown,(SMA4GT(1.5)),",0.7123046874999927,1,1,0
"PCTChangeLT-1,_HTGT1.5_,,,%%:checkSell:Super01-monthLow,",-0.22225810792687095,13,5,8
"PCTChangeLT-1,year2High,_LTGT1.5_,,,%%HLTF:(GLOBAL-UP)buyHighLowerTail-LastDayMarketUp,",-0.2535207022210403,2,1,1
"PCTChangeLT-3,_HTGT3.0__HTGTPCTDayChange__LTGTPCTDayChange_,,,##sellRisingMA,",-1.8770491105442686,1,0,1
"PCTChangeGT0,PCDayChange-0.5to0.5,_HTGT1.5_,,,chisSellFlag2Week-doji-Risky,buyYearHigh-0,",3.357410231675072,1,1,0
"PCTChangeLT-2,year2High,_LTGT3.0_,,,zigZagVolCrossedFromUp,",-0.058314043686064077,2,1,1
"PCTChangeLT-2,_LTGT1.5_,,,##MANegative_Downtrend_(LT-2),##MA-SMA200GT0SMA100LT0,",-1.2486816395122666,8,2,6
"PCTChangeGT3,,,,(GLOBALFUTUP-UPTRENDMARKET)checkBuyConsolidationBreakUp-week2-highNotReachedWeek3,week2BarHighChangeGT0,",-0.5456185978985059,46,18,28
"PCTChangeLT-0.5,_HTGT3.0_,,,%%:checkSell:Super01-monthLow,",3.944285104701247,1,1,0
"PCTChangeGT1,,,,$$MaySell-CheckChart(monthHigh-minimumLast4DayUp),$$MaySell-CheckChart(downTrend-mayReverseLast4DaysUp)-Risky,shortUpTrendSellReversal-MonthHigh,",3.1253461738539476,1,1,0
"PCTChangeLT-3,,,,##(Check-chart-buy):month3High-InMinus,BreakHighMonth3,",0.4056308644722101,42,26,16
"PCDCGT0PCTDayChangeLT0,PCDayChange-0.5to0.5,_HTGT1.5_,,,chisSellSuper-Risky,-+,##MANegative_Downtrend_(GT0),##MA-SMA200LT0SMA100LT0,(SMA9LT0),",0.28472243472702535,1,1,0
"PCTChangeLT-1,year2High,,,,volSellVolumeUpsergedLast2n3DayUp,",-1.0225861843344846,12,4,8
"PCTChangeGT2,_LTGT1.5_,,,$$MayBuy-CheckChart-baseLine(inuptrend-monthlow)-MHCLT(-10),",1.3622974963181262,1,1,0
"PCTChangeLT-1,,,,volSellContinueLast2DayDown-VolUp,##(Check-chart-buy):YearHigh-InMinus,ReversalHighYear,",0.2921191579225626,8,5,3
"PCDCGT0PCTDayChangeLT0,_HTGT1.5__LTGT3.0_,,,%%HLTF-Last2LowTail:(DOWNTREND)sellHighLowerTailPre-1,(SMA9LT0),",-3.734173352205302,1,0,1
"PCTChangeLT-5,year2Low,,,,VOL:buy-UpVol-3dayDown-Week2Low,chisBuyYear2Low,BreakLowYear2,",-3.4169829423360403,1,0,1
"PCDCGT0PCTChangeLT-1,PCDayChange-0.5to0.5,_HTGT1.5_,,,chisSellFlag2Week-doji-Risky,",4.949015823968386,1,1,0
"PCTChangeLT-1,year2High,_HTGT3.0_,,,%%HLTF-Last2HighTail:(DOWNTREND)sell(UPTREND)buy:HighUpperTailPre,",0.5650870962074416,2,2,0
"PCTChangeGT1,,,,$$MaySell-CheckChart(monthHigh-minimumLast4DayUp),chisCheckConsolidationBreakoutLT(4.5),weekBarHighChangeGT0,",2.5731615449254823,1,1,0
"PCTChangeLT-2,,,,%%:checkSell:ConsolidationBreakDown(NotShapeA)-2week,checkSellConsolidationBreakDown-2week,week2BarLowChangeLT0,weekLowLTweek2Low,brokenToday,chisDownTrend-Risky-nearHigh,##(Check-chart-buy):month3High-InMinus,ReversalHighMonth3,",0.6845935924129033,1,1,0
"PCTChangeGT2,,,,(GLOBALFUTUP-UPTRENDMARKET)checkBuyConsolidationBreakUp-week2-highNotReachedWeek3,week2BarHighChangeGT2,##(check-chart)mayBuy-EMA6-LT-May-MT-EMA14,",0.8280551412637949,1,1,0
"PCTChangeGT5,year2High,,,,VOL:sell-UpVol-3dayUp-Week2High,weekBarHighChangeGT5,",1.885177527669118,3,3,0
"PCDCGT0PCTDayChangeLT0,_HTGT1.5__LTGT1.5__HTGTPCTDayChange__LTGTPCTDayChange_,,,%%HLTF-Last2LowTail:(DOWNTREND)sellHighLowerTailPre-1,",-0.20792544703425606,5,2,3
"PCTChangeGT2,_HTGT1.5_,,,buyYearHigh-0,",-0.41185483590378946,3,1,2
"PCTChangeGT3,,,,chisCheckConsolidationBreakout2WeekLT(4.5),weekBarHighChangeGT2,brokenToday,",-1.2091112709895246,8,1,7
"PCTChangeGT0,_HTGT3.0__LTGT3.0__HTGTPCTDayChange__LTGTPCTDayChange_,,,%%:sellDowntrend-lastDayUp-ReversalHighTail,",-3.698567099349636,1,0,1
"PCTChangeLT-3,,,,VOL:sell(GLOBALFUTUP-GLOBALMARKETUP)Buy-UpVol-3dayDown-Week2High,##DOWNTREND:sellYearHighReversal(InDownTrend),##last2DayLow(LT-3)-M3LGT0,##(Check-chart-buy):month3High-InMinus,ReversalHighMonth3,",-0.627453373927703,1,0,1
"PCTChangeGT1,_HTGT1.5__HTGTPCTDayChange_,,,%%HLTF-Last2HighTail:(UPTREND)buy(DOWNTREND)sell:HighUpperTailPre-last2DayUp,volSellRevarsalVolCrossed,",-0.6108624902785622,1,0,1
"PCTChangeGT2,,,,##(Check-chart-sell):month3Low-InPlus,ReversalLowMonth3,chisUpTrend-Risky-nearLow,volSellReversalLast2DayUp-VolDown,(GLOBALFUTUP-UPTRENDMARKET)checkBuyConsolidationBreakUp-week2-highNotReachedWeek3,week2BarHighChangeGT0,brokenToday,##UPTREND:buyMonth3LowReversal(Confirm),",0.539083056214548,1,1,0
"PCTChangeGT2,,,,##(Check-chart-sell):month3Low-InPlus,ReversalLowMonth3,VOL:buy(GLOBALFUTDOWN-GLOBALMARKETDOWN)Sell-UpVol-3dayUp-Week2Low,",-0.5112084294758026,1,0,1
"PCTChangeLT-3,,,,##MANegative_Downtrend_(LT-1),##MA-SMA200LT0SMA100LT0,",-5.283215210636721,2,0,2
"PCTChangeLT-2,_LTGT1.5_,,,(GLOBALFUTDOWN-DOWNTRENDMARKET)checkSellConsolidationBreakDown-week2-lowNotReachedWeek3,week2BarLowChangeLT0,chisDownTrend-Risky-nearHigh,##DOWNTREND:sellMonth3High(InDownTrend),##(Check-chart-buy):month3High-InMinus,NearHighMonth3,",-1.1612922914566532,1,0,1
"PCTChangeLT-5,_HTGT1.5_,,,maySellHighVolatileDownContinueLT-8,",-0.21462603380078776,2,1,1
"PCTChangeLT-5,year2High,_HTGT1.5_,,,chisSellUpTrend-highTail,",-4.650326782829723,1,0,1
"PCTChangeGT2,,,,(SMA9LT0),",-1.5594843527026192,2,0,2
"PCTChangeGT1,_HTGT1.5__LTGT1.5__HTGTPCTDayChange__LTGTPCTDayChange_,,,##MAPositive_Uptrend(GT1),##MA-SMA200GT0SMA100GT0,",-3.1123180030684825,1,0,1
"PCTChangeLT-2,,,,%%HLTF-Last2DayMarketDown:(GLOBAL-UP)buyHighUpperTailPre1-Reversal-LastDayMarketDown,##(Check-chart-buy):month3High-InMinus,BreakHighMonth3,",-0.8960214056382244,1,0,1
"PCTChangeLT-8,_HTGT3.0__LTGT1.5_,,,##MANegative_Downtrend_(LT-4.5),##MA-SMA200LT0SMA100LT0,##last2DayLow(LT-3)-M3LGT0,",4.820953097878927,1,1,0
"PCDCLT0PCTChangeGT1,_HTGT3.0__HTGTPCTDayChange_,,,%%HLTF:(UPTREND-MorningTrend-UP)mayBuyTail-highTailGT2-7,10thDayGT10-Last2DayStockDown,",2.687192082206743,1,1,0
"PCTChangeGT0,_HTGT3.0__HTGTPCTDayChange_,,,%%:sellDowntrend-lastDayUp-ReversalHighTail,",-2.1461858567609617,1,0,1
"PCTChangeGT3,,,,week2BarHighChangeGT2,brokenToday,",-1.008570425665225,8,3,5
"PCDCLT0PCTChangeGT1,PCDayChange-0.5to0.5,_LTGT1.5_,,,buyYearHigh-0,",0.25324584570065645,4,1,3
"PCTChangeLT-5,_LTGT3.0_,,,VOL:sellAboveTail-BuyAtClose:upVol3dayDownWeek2Low-highLowerTail,",-2.236974140146146,3,2,1
"PCTChangeLT-3,,,,volBuyReversalLast2DayDown-VolDown,weekBarLowChangeLT-2,##DOWNTREND:sellMonth6HighReversal(InDownTrend),##(Check-chart-buy):month6High-InMinus,ReversalHighMonth6,",0.06348947999339516,1,1,0
"PCTChangeGT5,_HTGT1.5_,,,##lastDayHighGT5TodayGT1,",1.4233639525973778,2,1,1
"PCTChangeGT1,_HTGT1.5__HTGTPCTDayChange_,,,(Test)(check-chart-2-3MidCapCross)MaySellCheckChart-Risky,##RisingMA(check-chart-sell)-MaySellCheckChart,",1.4194343146028243,2,1,1
"PCTChangeLT-2,,,,##(Check-chart-buy):month6High-InMinus,ReversalHighMonth6,",-0.39894632548325004,15,4,11
"PCDCLT0PCTChangeGT0,PCDayChange-0.5to0.5,_HTGT1.5__LTGT3.0_,,,##MANegative_Downtrend_(LT0),##MA-SMA200GT0SMA100GT0,",-5.850624939218104,1,0,1
"PCTChangeLT-3,,,,weekBarLowChangeLT-2,##DOWNTREND:sellMonth3LowBreak,",-2.660154301128943,4,1,3
"PCTChangeGT1,_HTGT1.5__LTGT1.5_,,,chisBuyYearHigh-3,",1.2914839550426862,5,4,1
"PCTChangeGT8,year2High,_HTGT3.0__LTGT1.5_,,,%%HLTF-Last2HighTail:(UPTREND)buy(DOWNTREND)sell:HighUpperTailPre-last2DayUp,VOL:buyBelowTail-SellAtClose:upVol3dayUpWeek2High-highUpperTail,",-7.170046410502984,1,0,1
"PCTChangeGT3,,,,%%:checkSellRevarsalLast3DayUpAtMonth3Low,##(Check-chart-sell):month3Low-InPlus,ReversalLowMonth3,##last2DayHighGT3-M3HLT0,",3.6097406400658922,1,1,0
"PCTChangeGT1,PCDayChange-0.5to0.5,_LTGT3.0_,,,##MANegative_Downtrend_(GT0),##MA-SMA200LT0SMA100LT0,",-2.020072219063678,1,0,1
"PCTChangeGT2,_HTGT1.5_,,,weekBarHighChangeGT0,brokenToday,",-0.8336304746678265,7,3,4
"PCTChangeLT-2,_HTGT1.5__LTGT1.5_,,,VOL:buy-UpVol-3dayDown-Week2Low,weekBarLowChangeLT-2,##DOWNTREND:sellYearLowBreak,",0.4258310246007597,1,1,0
"PCTChangeGT3,,,,volumeUpsergedLast2n3n4DayDown,##MAPositive_Uptrend(GT2),##MA-SMA200GT0SMA100GT0,",-1.2876719790302227,2,0,2
"PCTChangeGT3,,,,volSellVolumeUpsergedLast2n3DayDown,brokenToday,##RisingMA(Test)(check-chart-buy)-2DayUp,##last2DayHighGT3-M3HLT0,",-2.9626157505937707,1,0,1
"PCTChangeLT-3,,,,vol-buy-DownVol-3dayDown-Week2Low,##MANegative_Downtrend_(LT-2),##MA-SMA200GT0SMA100LT0,##DOWNTREND:sellMonth3LowBreak,chisBuyDayLowVolLow-03-checkMorningTrend(.5SL)-after10:30,",3.8571326785106628,1,1,0
"PCTChangeLT-2,_HTGT1.5__HTGTPCTDayChange_,,,##MAPositive_Uptrend(LT-1),##MA-SMA200LT0SMA100GT0,",-2.4257383548179643,1,0,1
"PCTChangeLT-3,_HTGT1.5__HTGTPCTDayChange_,,,zigZagVolCrossedFromUp,",2.2380937848772318,1,1,0
"PCTChangeGT0,_HTGT1.5__LTGT1.5_,,,##MA-SMA200LT0SMA100LT0,",-4.803418803418811,1,0,1
"PCTChangeGT8,_HTGT1.5__LTGT1.5_,,,chisSellYear2LowLT-40-last4DayDown(triggerAfter-9:15),",7.81562643672275,1,1,0
"PCTChangeLT-3,,,,checkCupDown-near2WeekDown-mayReveresalBuy,##(Check-chart-buy):month3High-InMinus,ReversalHighMonth3,",-1.6058746915070894,2,0,2
"PCTChangeLT-2,,,,##ML:BuyRisingMA-Risky-0,",0.9543796490505265,7,3,4
"PCTChangeGT0.5,,,,chisSellDowningMA-(check5MinuteDownTrendAndSellDowntrend)-Already10DayDown,",-0.1923550258948161,140,62,77
"PCTChangeGT3,,,,volSellVolumeUpsergedLast2n3DayDown,(GLOBALFUTUP-UPTRENDMARKET)checkBuyConsolidationBreakUp-week2-highNotReachedWeek3,week2BarHighChangeGT0,",2.3204536735334536,2,1,1
"PCDCGT0PCTChangeLT-1,_HTGT3.0__HTGTPCTDayChange_,,,%%:sellDowntrend-lastDayUp-ReversalHighTail,",-6.894370074912065,1,0,1
"PCTChangeLT-1,_HTGT1.5_,,,%%HLTF-Risky9:30:maySellTail-tailGT2-7,10thDayGT15,",1.9916519274503184,1,1,0
"PCTDayChangeLT0,_HTGT1.5__LTGT1.5__HTGTPCTDayChange_,,,##MANegative_Downtrend_(LT-1),##MA-SMA200GT0SMA100LT0,",3.99897612392655,1,1,0
"PCTChangeGT3,_HTGT1.5__LTGT3.0__HTGTPCTDayChange__LTGTPCTDayChange_,,,%%HLTF:(SGXNIFTYUP)buyHighLowerTail-Continue,",-0.2063106956208703,1,0,1
"PCTDayChangeLT0,PCDayChange-0.5to0.5,_HTGT1.5_,,,%%:checkSell:Super01-monthLow,",-0.8059197083756323,18,8,10
"PCTChangeLT-2,year2Low,_HTGT3.0__LTGT3.0_,,,chisRSISellCandidate(yearLow)-lessThanMinus5,",8.546063026685394,1,1,0
"PCDCGT0PCTDayChangeLT0,PCDayChange-0.5to0.5,_LTGT1.5_,,,%%:checkSell:Super2,-+,",0.43940788285617155,10,4,6
"PCTChangeGT8,year2High,,,,zigZagVolCrossedFromDown,",0.08429502829527229,1,1,0
"PCTChangeGT2,,,,##(Check-chart-sell):month3Low-InPlus,ReversalLowMonth3,chisUpTrend-Risky-nearLow,volSellVolumeUpsergedLast2n3DayDown,(GLOBALFUTUP-UPTRENDMARKET)checkBuyConsolidationBreakUp-week2-highNotReachedWeek3,week2BarHighChangeGT0,weekHighGTweek2High,brokenToday,##UPTREND:buyMonth3LowReversal(Confirm),",-0.811812622520751,1,0,1
"PCTChangeGT3,year2High,_HTGT3.0__HTGTPCTDayChange_,,,%%HLTF:(DOWNTREND-OR-GLOBALDOWN)maySellTail-tailGT2-2,3,4thDayGT0,volSellVolumeUpsergedLast2n3DayDown,volSellReversalLast2DayUp-VolUp,##last2DayHighGT3-M3HGT0,",-2.045326169050742,1,0,1
"PCTChangeGT3,_LTGT1.5_,,,volBuyVolumeUpsergedLast2n3DayDown,chisBuyDownTrend-Risky-2,",-1.8026579680953847,1,0,1
"PCTChangeLT-8,_LTGT3.0_,,,##MANegative_Downtrend_(LT-4.5),##MA-SMA200LT0SMA100LT0,",-0.8680896250153458,21,9,12
"PCTChangeGT1,,,,##MA-SMA200GT0SMA100GT0,",1.2856357261665092,6,4,2
"PCTChangeLT-1,PCDayChange-0.5to0.5,_LTGT3.0_,,,(SMA9LT0),",-3.1186482057733067,1,0,1
"PCTChangeLT-1,_HTGT1.5_,,,%%:buyDownTrend-month3Low,",-2.779294879300056,1,0,1
"PCTChangeLT-3,_HTGT1.5__LTGT3.0_,,,##last2DayLow(LT-3)-M3LLT0,",1.1566603794832393,1,1,0
"PCTChangeLT-16,_LTGT3.0_,,,volumeUpsergedLast2n3n4DayUp,##MANegative_Downtrend_(LT-4.5),##MA-SMA200GT0SMA100LT0,",1.0389650022828574,1,1,0
"PCTChangeGT0,_HTGT3.0__HTGTPCTDayChange_,,,buyYearHigh-0,",-1.443722446848033,1,0,1
"PCTChangeLT-3,_HTGT3.0__HTGTPCTDayChange_,,,(GLOBALFUTDOWN-DOWNTRENDMARKET)checkSellConsolidationBreakDown-week2-lowNotReachedWeek3,week2BarLowChangeLT0,",0.053595036131309746,1,1,0
"PCTChangeLT-1,_LTGT3.0_,,,chisSell-smallUptrendReversal,##RisingMA(check-chart-buy)-MayBuyCheckChart,",-6.998510488252221,1,0,1
"PCTChangeGT3,year2High,,,,shortUpTrendSellReversal-MonthHigh,chisBuyConsolidationBreakUp-2week-(Risky)-year2High,week2BarHighChangeGT0,",-0.3834569982263326,1,0,1
"PCTChangeLT-3,_LTGT3.0_,,,volBuyVolumeUpsergedLast2n3DayUp,(GLOBALFUTDOWN-DOWNTRENDMARKET)checkSellConsolidationBreakDown-week2-lowNotReachedWeek3,week2BarLowChangeLT-2,weekLowLTweek2Low,chisDownTrend-Risky-nearHigh,##DOWNTREND:sellYear2HighReversal(InDownTrend),##last2DayLow(LT-3)-M3LGT0,##(Check-chart-buy):month3High-InMinus,ReversalHighMonth3,",-10.71223269878605,1,0,1
"PCTChangeLT-3,,,,weekBarLowChangeLT-2,chisDownTrend-Risky-nearHigh,##DOWNTREND:sellYear2HighReversal(InDownTrend),",-1.1788208929915711,1,0,1
"PCTChangeLT-8,_LTGT1.5_,,,(GLOBAL-DOWN)maySellContinueHighVolatileLastDayDOWN-month3LowGT0-(LT-8),##MANegative_Downtrend_(LT-4.5),##MA-SMA200GT0SMA100GT0,",-3.61479669496819,2,1,1
"PCTChangeGT2,_LTGT1.5_,,,##(Check-chart-sell):month3Low-InPlus,NearLowMonth3,VOL:buy-DownVol-3dayUp-Week2Low,",1.1887269861557828,1,1,0
"PCTChangeGT1,_HTGT1.5__HTGTPCTDayChange_,,,##MAPositive_Uptrend(GT1),##MA-SMA200GT0SMA100GT0,",0.6860586059134437,2,1,1
"PCTChangeLT-2,_LTGT3.0_,,,volSellVolumeUpsergedLast2n3DayUp,",2.2625864152428057,1,1,0
"PCTChangeGT3,year2High,,,,vol-sell-DownVol-3dayUp-Week2High,",-0.06547012602741423,15,8,7
"PCTChangeLT-0.5,_LTGT1.5_,,,(Test)(check-chart-2-3MidCapCross)MayBuyCheckChart-Risky,",-0.017323494615623873,82,35,47
"PCTChangeGT1,,,,chisUpTrend-Risky-nearLow,week2BarHighChangeGT0,brokenToday,##UPTREND:buyMonth3LowReversal(Confirm),",2.2112830152929175,2,2,0
"PCTChangeGT5,,,,zigZagVolCrossedFromDown,",2.0886910035016615,13,8,5
"PCTChangeGT2,,,,chisUpTrend-Risky-nearLow,volBuyContinueLast2DayUp-VolUp,chisCheckConsolidationBreakoutLT(4.5),weekBarHighChangeGT2,chis-breakoutup-2week,##ML:sellRisingMAuptrend-1,##UPTREND:buyYear2LowReversal(Confirm),",1.0705431303399737,1,1,0
"PCTChangeLT-3,_HTGT3.0_,,,volSellContinueLast2DayDown-VolUp,",-3.150908350283853,1,0,1
"PCTChangeLT-2,_HTGT1.5__LTGT1.5__LTGTPCTDayChange_,,,##RisingMA(check-chart-buy)-MayBuyCheckChart,",-2.470501474926254,1,0,1
"PCTChangeGT1,,,,$$MaySell-CheckChart(monthHigh-minimumLast4DayUp),$$MaySell-CheckChart(downTrend-mayReverseLast4DaysUp),",0.8823237814452415,3,1,2
"PCTChangeLT-1,_HTGT3.0_,,,%%HLTF-Last2HighTail:(DOWNTREND)sell(UPTREND)buy:HighUpperTailPre,chisSellFinalCandidate-(lastDayDown)-(buyPattern),",1.0168483902146788,1,1,0
"PCTChangeLT-2,_LTGT3.0_,,,volSellContinueLast2DayDown-VolUp,chisDownTrend-Risky-nearHigh,##(Check-chart-buy):month3High-InMinus,ReversalHighMonth3,",-4.679221444284406,1,0,1
"PCTChangeLT-1,_LTGT1.5_,,,volSellContinueLast2DayDown-VolUp,weekBarLowChangeLT0,brokenToday,",-2.5566608265239257,2,1,1
"PCTChangeGT1,,,,volSellReversalLast2DayUp-VolDown,##RisingMA(Test)(check-chart-buy)-2DayUp,",2.277432712215322,1,1,0
"PCTChangeGT0.5,PCDayChange-0.5to0.5,_HTGT3.0_,,,%%:checkBuyContinue:CupDownDoji,",-1.71752726349036,2,0,2
"PCTChangeGT2,,,,volBuyContinueLast2DayUp-VolUp,(GLOBALFUTUP-UPTRENDMARKET)checkBuyConsolidationBreakUp-week2-highNotReachedWeek3,week2BarHighChangeGT2,weekHighGTweek2High,",-1.8733260505849965,1,0,1
"PCTChangeLT-3,_HTGT3.0__LTGT1.5__HTGTPCTDayChange_,,,%%HLTF:maySellTail-tailGT2-allDayGT0,",2.0646494048976836,1,1,0
"PCTChangeLT-2,,,,volBuyReversalLast2DayDown-VolDown,chisBuyFinalContinue-3,chisSellUpTrend-Risky-2,##DOWNTREND:sellMonth6High(InDownTrend),",-0.32738276890345147,1,0,1
"PCTChangeLT-3,,,,chisSellFlagWeek-Risky,checkCupDown-inDownTrend-month3HighLTmonth3Low,bar_low,volSellContinueLast2DayDown-VolUp,",-0.0788636732961226,1,0,1
"PCTChangeGT2,,,,chisBuyFinalCandidate-3,##buyTenDaysLessThanMinusTen,",3.6767162397895135,1,1,0
"PCTChangeLT-3,_HTGT1.5_,,,vol-buy-DownVol-3dayDown-Week2Low,##MANegative_Downtrend_(LT-2),##MA-SMA200GT0SMA100GT0,chisBuyDayLowVolLow-03-checkMorningTrend(.5SL)-after10:30,",1.3815348385681234,1,1,0
"PCTChangeLT-2,,,,(GLOBALFUTDOWN-DOWNTRENDMARKET)checkSellConsolidationBreakDown-week2-lowNotReachedWeek3,week2BarLowChangeLT-2,",0.008237976638583713,37,21,16
"PCTChangeGT2,year2High,_LTGT1.5_,,,%%HLTF-Risky:(GLOBAL-DOWN)sellHighLowerTail-Reversal-LastDayMarketUp,",-1.2038872674954444,5,2,3
"PCTChangeLT-3,,,,(GLOBALFUTDOWN-DOWNTRENDMARKET)checkSellConsolidationBreakDown-week2-lowNotReachedWeek3,week2BarLowChangeLT-2,##DOWNTREND:sellMonth6HighReversal(InDownTrend),##last2DayLow(LT-3)-M3LGT0,volBuyRevarsalVolCrossed,##(Check-chart-buy):month3High-InMinus,ReversalHighMonth3,",2.1047707838014413,1,1,0
"PCTChangeLT-3,,,,sellFinalCandidate-00,",1.0334887123824672,1,1,0
"PCTChangeLT-0.5,_LTGT3.0_,,,%%HLTF:(GLOBAL-UP)buyHighLowerTail-StockInUptrend,chisSellDownTrend-nearHigh,",1.0000045211226871,1,1,0
"PCTChangeGT1,year2High,_HTGT1.5__LTGT1.5__LTGTPCTDayChange_,,,weekBarHighChangeGT0,",-0.7138457245879023,1,0,1
"PCTChangeLT-1,,,,volSellContinueLast2DayDown-VolUp,##(Check-chart-buy):month3High-InMinus,NearHighMonth3,",1.00849429870572,16,10,6
"PCTChangeGT5,,,,volSellRevarsalVolCrossed,VOL:sell-DownVol-3dayUp-Week2Low,##last2DayHighGT3-M3HLT0,",-3.3333356990370664,1,0,1
"PCTChangeGT3,,,,volBuyVolumeUpsergedLast2n3DayDown,##buyTenDaysLessThanMinusTen,",0.00509663368866109,4,2,2
"PCTChangeLT-3,,,,##last3DayLow(LT-3)-M3LGT0,chisBuyDayLowVolLow-03-checkMorningTrend(.5SL)-after10:30,",2.268704676590402,2,2,0
"PCTChangeLT-2,,,,%%:check(UPTREND-UPMARKET)Buy(DOWNTRENDTREND-DOWNMARKET)Sell:Super01-monthLow,",0.27334733079365586,36,20,16
"PCTChangeGT3,_HTGT3.0__HTGTPCTDayChange_,,,weekBarHighChangeGT2,brokenToday,",-2.883165611226352,4,0,4
"PCTChangeLT-0.5,year2High,_LTGT3.0_,,,%%HLTF:(GLOBAL-DOWN)sellHighLowerTail-Reversal-LastDayMarketUp,",-0.47698084250922373,6,2,4
"PCTChangeLT-3,,,,chisSellConsolidationBreakDown-forecastDayPCT7LT0,chisSellDownTrend-nearHigh,##(Check-chart-buy):month3High-InMinus,ReversalHighMonth3,",-1.3318270646691528,1,0,1
"PCDCGT0PCTChangeLT-3,_LTGT3.0_,,,##MA-SMA200GT0SMA100LT0,",-4.298182779600159,1,0,1
"PCTChangeLT-2,,,,VOL:sell(GLOBALFUTUP-GLOBALMARKETUP)Buy-UpVol-3dayDown-Week2High,##(Check-chart-buy):YearHigh-InMinus,ReversalHighYear,",0.5564595513050227,2,1,1
"PCTChangeLT-1,,,,%%:checkSell:Flag2Week,##ML:sellRisingMA-down-(Risky),",-7.940661950511325,1,0,1
"PCTChangeGT1,PCDayChange-0.5to0.5,_HTGT1.5_,,,%%HLTF-Last2HighTail:(UPTREND)buy(DOWNTREND)sell:HighUpperTailPre-last2DayUp,shortUpTrendSellReversal-Month3High-Doji-Last2DayGTToday,",0.2702702702702767,1,1,0
"PCDCLT0PCTChangeGT0,PCDayChange-0.5to0.5,_LTGT1.5_,,,%%:checkSell:CupDownDoji-last2lastDayLT0orTodayGT0,",-4.934642517488765,1,0,1
"PCTDayChangeLT0,,,,checkSellConsolidationBreakDown-2week,week2BarLowChangeLT0,weekLowLTweek2Low,",0.9066070773313817,1,1,0
"PCTChangeGT2,,,,%%:sellUpTrend-month3High,weekBarHighChangeGT2,brokenToday,",-1.7960014525450236,1,0,1
"PCTChangeLT-2,,,,%%:check(UPTREND-UPMARKET)Buy(DOWNTRENDTREND-DOWNMARKET)Sell:Super01-monthLow,weekBarLowChangeLT0,brokenToday,",-1.0246052606660312,3,0,3
"PCTChangeLT-5,,,,maySellHighVolatileDownContinueLT-8,chisDownTrend-Risky-nearHigh,",0.41622860480530033,8,4,4
"PCTChangeGT16,_HTGT3.0__LTGT3.0__LTGTPCTDayChange_,,,volSellReversalLast2DayUp-VolDown,##MAPositive_Uptrend(GT4.5),##MA-SMA200GT0SMA100GT0,##last2DayHighGT3-M3HGT0,",-10.28421360786388,1,0,1
"PCTChangeGT2,,,,%%:checkSellRevarsalLast3DayUpAtMonth3Low,",-0.3925607224141251,1,0,1
"PCTChangeGT2,PCDayChange-0.5to0.5,_HTGT1.5__LTGT1.5_,,,%%HLTF-Last2LowTail:(DOWNTREND)sellHighLowerTailPre-1,",-14.694320478814141,1,0,1
"PCTChangeLT-0.5,_HTGT3.0__HTGTPCTDayChange_,,,##MANegative_Downtrend_(LT-1),##MA-SMA200LT0SMA100LT0,",-4.737862892521248,1,0,1
"PCTChangeGT0.5,PCDayChange-0.5to0.5,_HTGT1.5_,,,%%HLTF:maySellTail-tailGT2-7,10thDayGT20,chisBuyYearHigh-3,",0.23755552132109625,1,1,0
"PCTChangeGT2,,,,chisFinalBreakOutBuy-1test-atYearLow,##UPTREND:buyYear2LowReversal(Confirm),",-1.0104679220584543,1,0,1
"PCTChangeGT0.5,_LTGT1.5_,,,%%:checkSell:FlagWeek-doji,",1.0060097647022623,2,2,0
"PCTChangeLT-2,,,,chisSellFlagWeek-Risky,checkCupDown-inDownTrend-month3HighLTmonth3Low,bar_low,",0.6271438783323929,3,2,1
"PCTChangeLT-2,,,,%%:checkSell:FlagWeek,volBuyReversalLast2DayDown-VolDown,chisSellDayLowVolLow-01,",-3.2547958583047985,1,0,1
"PCTChangeLT-2,_HTGT1.5_,,,checkCupDown-2dayDown,volSellVolumeUpsergedLast2n3DayUp,chisDownTrend-Risky-nearHigh,##(Check-chart-buy):month3High-InMinus,ReversalHighMonth3,",0.1814138047594768,1,1,0
"PCTChangeGT1,PCDayChange-0.5to0.5,_HTGT1.5__LTGT3.0_,,,%%HLTF:(SGXNIFTYUP)buyHighLowerTail-Continue,##MAPositive_Uptrend(GT0),##MA-SMA200GT0SMA100GT0,",-1.8730441737186965,1,0,1
"PCTDayChangeLT0,PCDayChange-0.5to0.5,,,,%%:checkSell:CupDownDoji-last2lastDayLT0orTodayGT0,",-1.8699431779905673,3,0,3
"PCTChangeGT3,,,,volSellVolumeUpsergedLast2n3DayDown,volBuyContinueLast2DayUp-VolUp,chisCheckConsolidationBreakoutLT(4.5),checkBuyConsolidationBreakUp-2week,week2BarHighChangeGT2,brokenToday,chis-breakoutup-2week,",-1.422155688622742,1,0,1
"PCTChangeLT-3,_LTGT1.5_,,,(GLOBALFUTDOWN-DOWNTRENDMARKET)checkSellConsolidationBreakDown-week2-lowNotReachedWeek3,week2BarLowChangeLT0,##DOWNTREND:sellYear2HighReversal(InDownTrend),##(Check-chart-buy):month3High-InMinus,ReversalHighMonth3,",-4.160735986441735,2,0,2
"PCTChangeLT-3,,,,volBuyReversalLast2DayDown-VolDown,chisSellDownTrend-nearHigh,",-0.8149150746049858,6,3,3
"PCTChangeGT1,,,,chisSellDowningMA-(check5MinuteDownTrendAndSellDowntrend),",-0.18504215019730874,67,26,41
"PCTChangeLT-8,_LTGT1.5_,,,(GLOBAL-DOWN)maySellContinueHighVolatileLastDayDOWN-month3LowGT0-(LT-8),##MANegative_Downtrend_(LT-4.5),##MA-SMA200LT0SMA100LT0,",-2.9555475719074913,2,1,1
"PCTChangeGT1,,,,volumeUpsergedLast2n3n4DayDown,volBuyContinueLast2DayUp-VolUp,chisCheckConsolidationBreakoutLT(4.5),",-9.303217330162513,1,0,1
"PCTChangeLT-2,,,,buyPatternsML,",1.743562288851162,1,1,0
"PCTChangeLT-2,_LTGT3.0_,,,##MA-SMA200LT0SMA100LT0,buyMorningStar-HighLowerTail,",1.8542412902156364,1,1,0
"PCTChangeGT2,_HTGT1.5__LTGT1.5_,,,%%HLTF-Last2HighTail:(UPTREND)buy(DOWNTREND)sell:HighUpperTailPre-last2DayUp,",-0.7631388638025598,2,0,2
"PCTChangeLT-3,_HTGT3.0__HTGTPCTDayChange_,,,chisSellFlagWeek-Risky,volSellContinueLast2DayDown-VolUp,##(Check-chart-buy):month3High-InMinus,BreakHighMonth3,",4.3298041431291905,1,1,0
"PCTChangeLT-5,year2Low,_LTGT1.5_,,,(GLOBAL-DOWN)maySellContinueHighVolatileLastDayDOWN-(LT-5),",3.201801602767533,1,1,0
"PCTChangeGT3,,,,chisBuyUpTrend-1-YearHigh,(GLOBALFUTUP-UPTRENDMARKET)checkBuyConsolidationBreakUp-week2-highNotReachedWeek3,week2BarHighChangeGT0,weekHighGTweek2High,brokenToday,",-1.312120590897072,2,1,1
"PCTChangeGT0.5,_HTGT1.5__LTGT3.0__HTGTPCTDayChange__LTGTPCTDayChange_,,,chisSellDowningMA-(check5MinuteDownTrendAndSellDowntrend),",-6.059655436550002,1,0,1
"PCTChangeGT3,,,,##(Check-chart-sell):month3Low-InPlus,ReversalLowMonth3,chisUpTrend-Risky-nearLow,volumeUpsergedLast2n3n4DayDown,chis-breakoutup-2week,chisBuy-2week-breakoutup,##UPTREND:buyYear2LowReversal(Confirm),##lastDayHighGT5TodayGT1,",-2.289781656795763,1,0,1
"PCTChangeLT-2,,,,%%:checkSell:Flag2Week,##(Check-chart-sell)Month3Low-Continue(InUpTrend),ReversalLowMonth3,",0.3869422827353033,2,1,1
"PCDCLT0PCTChangeGT0,_LTGT3.0_,,,%%HLTF:(SGXNIFTYUP)buyHighLowerTail-Continue,(Test)MayBuy-CheckChart(upTrend-lastDayDown),",1.5951533140879028,1,1,0
"PCTChangeLT-1,PCDayChange-0.5to0.5,_HTGT1.5__LTGT1.5_,,,##MA-SMA200LT0SMA100LT0,",-1.1665656198128966,1,0,1
"PCTChangeLT-5,_LTGT1.5_,,,##MANegative_Downtrend_(LT-2),##MA-SMA200LT0SMA100LT0,##DOWNTREND:sellYearLowBreak,",-0.87158107117706,1,0,1
"PCTChangeLT-2,_LTGT1.5_,,,##DOWNTREND:sellMonth6High(InDownTrend),volBuyRevarsalVolCrossed,##(Check-chart-buy):month3High-InMinus,NearHighMonth3,",-3.180077797608357,1,0,1
"PCTChangeLT-1,,,,chisSellDownTrend-nearHigh,chisSellUpTrend-Risky-1,",1.8693745672744047,1,1,0
"PCTChangeLT-3,,,,checkCupDown-month3HighLTmonth3Low,bar_low,chisDownTrend-Risky-nearHigh,##(Check-chart-buy):month3High-InMinus,NearHighMonth3,",0.2921262644289943,1,1,0
"PCTChangeGT2,_HTGT3.0__HTGTPCTDayChange_,,,checkCupDown-lastDayUp,sellEveningStar-0,",-0.8979579380580369,1,0,1
"PCTChangeGT0,_HTGT1.5__LTGT1.5__HTGTPCTDayChange__LTGTPCTDayChange_,,,week2BarHighChangeGT2,weekHighGTweek2High,",-3.2515276417329715,1,0,1
"PCTChangeLT-3,,,,volBuyReversalLast2DayDown-VolDown,weekBarLowChangeLT-2,##DOWNTREND:sellYear2HighReversal(InDownTrend),##last2DayLow(LT-3)-M3LGT0,chisSellDayLowVolLow-03-checkMorningTrend(.5SL),##(Check-chart-buy):month3High-InMinus,ReversalHighMonth3,",0.6486486486486562,1,1,0
"PCTChangeGT3,_HTGT1.5_,,,chisUpTrend-Risky-nearLow,(GLOBALFUTUP-UPTRENDMARKET)checkBuyConsolidationBreakUp-week2-highNotReachedWeek3,week2BarHighChangeGT0,",-0.3056577148179754,1,0,1
"PCTChangeLT-1,_HTGT1.5__LTGT3.0__HTGTPCTDayChange__LTGTPCTDayChange_,,,chisDownTrend-Risky-nearHigh,",1.6403334679184276,4,3,1
"PCTChangeGT0,PCDayChange-0.5to0.5,_HTGT1.5__LTGT1.5_,,,chisSellSMA4Reversal,",-3.571279453156055,1,0,1
"PCTChangeGT0,_LTGT1.5_,,,%%:checkSell:CupDownDoji,",2.0598139186456708,4,2,2
"PCTChangeLT-3,,,,weekBarLowChangeLT-2,brokenToday,##longDownTrend-2-IndexNotDownLastDay(checkBase),chisDownTrend-Risky-nearHigh,",0.6108735605634507,1,1,0
"PCTDayChangeLT0,PCDayChange-0.5to0.5,_HTGT3.0__LTGT1.5_,,,%%HLTF:maySellTail-tailGT2-allDayGT0,%%HLTF:(UPTREND-GLOBAL/SGX-UP)BuyHighUpperTail-Reversal-7,10thDayGT15-LastDayMarketDown,##buyYear2LowMovingSMA,",-1.1077542799597093,1,0,1
"PCTChangeGT3,,,,volumeUpsergedLast2n3n4DayDown,chisBuyConsolidationBreakUp-2week-(Risky)-year2High,week2BarHighChangeGT2,brokenToday,",-2.2917693445046927,1,0,1
"PCTDayChangeLT0,_LTGT3.0_,,,chisDownTrend-Risky-nearHigh,",-0.5241611039224722,7,5,2
"PCTDayChangeLT0,_LTGT1.5_,,,chisSell:Super03-monthLow,(Test)(check-chart-2-3MidCapCross)MayBuyCheckChart-Risky,",2.119636342367701,2,2,0
"PCTChangeGT5,year2High,_HTGT3.0__HTGTPCTDayChange_,,,weekBarHighChangeGT2,brokenToday,",-0.7564721415488294,1,0,1
"PCTChangeGT2,year2Low,_LTGT1.5_,,,##RisingMA(Test)(check-chart-buy)-2DayUp,",1.279938292360588,1,1,0
"PCTChangeLT-3,,,,checkCupDown-3dayDown-mayReversalBuy,VOL:buy-DownVol-3dayDown-Week2High,##(check-chart)maySell-EMA6-MT-May-LT-EMA14,",-2.3853197010285205,1,0,1
"PCTChangeLT-1,,,,checkCupDown-inDownTrend,bar_low,",-2.1541098027209995,3,0,3
"PCTChangeGT1,year2High,_HTGT1.5__HTGTPCTDayChange_,,,$$MaySell-CheckChart(downTrend-mayReverseLast4DaysUp)-Risky,",-1.1976977474120785,2,0,2
"PCTChangeLT-5,,,,week2BarLowChangeLT-2,##(Test)(Check-chart-sell):year2Low-InMinus,##last2DayLow(LT-3)-M3LGT0,",3.1245340951271623,1,1,0
"PCTChangeLT-3,,,,chisDownTrend-Risky-nearHigh,##(check-chart)buyEMA6<EMA14,##(Check-chart-buy):month6High-InMinus,ReversalHighMonth6,",1.3163687668039374,3,3,0
"PCTChangeLT-2,,,,%%:checkSell:Super01-monthLow,volSellContinueLast2DayDown-VolUp,",0.10467010266578776,3,2,1
"PCTChangeLT-2,_LTGT1.5_,,,weekBarLowChangeLT-2,brokenToday,%%:buyDownTrend-month3Low,",2.218547088420955,1,1,0
"PCTChangeLT-0.5,_HTGT1.5__HTGTPCTDayChange_,,,sellPatternsML,",-8.286292112467937,1,0,1
"PCTChangeGT0,,,,maySellFromBuyPattern-LT-1.8,",-2.4216816449128773,4,0,4
"PCTChangeLT-0.5,year2Low,_LTGT1.5_,,,chisBuyMorningStar-1(NotUpSecondHalfAndUp2to3),",1.3958064345839802,1,1,0
"PCTChangeLT-5,_HTGT3.0__LTGT3.0__HTGTPCTDayChange__LTGTPCTDayChange_,,,##MANegative_Downtrend_(LT-1),##MA-SMA200GT0SMA100LT0,",2.7937308272401324,1,1,0
"PCTDayChangeLT0,PCDayChange-0.5to0.5,,,,##MANegative_Downtrend_(LT0),##MA-SMA200GT0SMA100LT0,",-0.5505535969539853,1,0,1
"PCTChangeGT3,_HTGT1.5_,,,##MAPositive_Uptrend(GT2),##MA-SMA200GT0SMA100GT0,##last2DayHighGT3-M3HLT0,",0.2971709855822084,4,3,1
"PCTChangeGT5,year2Low,,,,volSellReversalLast2DayUp-VolDown,",2.342661610850087,1,1,0
"PCTChangeLT-1,,,,(GLOBALFUTDOWN-DOWNTRENDMARKET)checkSellConsolidationBreakDown-week2-lowNotReachedWeek3,week2BarLowChangeLT0,weekLowLTweek2Low,##(Test):buyRisingMA-uptrend-SMA25gt0,",-1.7460502274326801,2,0,2
"PCTChangeGT2,_HTGT1.5_,,,(GLOBALFUTUP-UPTRENDMARKET)checkBuyConsolidationBreakUp-week2-highNotReachedWeek3,week2BarHighChangeGT0,weekHighGTweek2High,brokenToday,",1.5603174801410495,4,3,1
"PCTChangeGT1,_HTGT1.5_,,,chisCheckConsolidationBreakoutLT(4.5),",1.0950707877963786,1,1,0
"PCTChangeLT-1,PCDayChange-0.5to0.5,_HTGT1.5_,,,##MANegative_Downtrend_(LT0),##MA-SMA200LT0SMA100LT0,",0.5636959589975963,2,1,1
"PCTChangeGT3,,,,##(Check-chart-sell):month3Low-InPlus,ReversalLowMonth3,weekBarHighChangeGT2,brokenToday,##UPTREND:buyYear2LowReversal(Confirm),##last2DayHighGT3-M3HLT0,",-3.3864580988198028,1,0,1
"PCTChangeGT0,_LTGT3.0_,,,buyPatternsML,",4.3603815828160375,2,2,0
"PCTChangeLT-1,_HTGT3.0__LTGT1.5_,,,##MA-SMA200GT0SMA100GT0,chisSellDayLowVolLow-01,",-7.827092917970088,1,0,1
"PCDCLT0PCTChangeGT0,,,,##MA-SMA200LT0SMA100LT0,chisBuyYear2Low,",-2.6692937011981077,1,0,1
"PCTChangeLT-1,,,,weekBarLowChangeLT0,##MANegative_Downtrend_(LT-2),##MA-SMA200LT0SMA100LT0,",-1.0131673136941093,3,1,2
"PCTChangeLT-2,_HTGT3.0__HTGTPCTDayChange_,,,(GLOBALFUTDOWN-DOWNTRENDMARKET)checkSellConsolidationBreakDown-week2-lowNotReachedWeek3,week2BarLowChangeLT0,mayBuyFromSellPattern-GT1.8,",2.0216782938345355,1,1,0
"PCTChangeLT-8,_LTGT3.0_,,,volSellContinueLast2DayDown-VolUp,##MANegative_Downtrend_(LT-4.5),##MA-SMA200LT0SMA100LT0,",-3.741546143233864,1,0,1
"PCTChangeGT3,,,,volBuyContinueLast2DayUp-VolUp,chisCheckConsolidationBreakoutLT(4.5),week2BarHighChangeGT0,",-1.3742164208901255,1,0,1
"PCTChangeLT-2,_LTGT3.0_,,,%%HLTF:(GLOBAL-DOWN)sellHighLowerTail-Reversal-LastDayMarketUp,volBuyReversalLast2DayDown-VolDown,",3.8156986996901106,1,1,0
"PCTChangeGT16,year2High,_HTGT3.0__LTGT3.0_,,,%%HLTF-Risky:(GLOBAL-DOWN)sellHighLowerTail-Reversal-LastDayMarketUp,",-5.1608835563427995,1,0,1
"PCTChangeGT5,_HTGT3.0_,,,%%ACU:sellReversalLast2DayHighGT4,volBuyContinueLast2DayUp-VolUp,##MAPositive_Uptrend(GT4.5),##MA-SMA200GT0SMA100GT0,##last2DayHighGT3-M3HGT0,",-3.754746924746092,1,0,1
"PCTChangeLT-2,_LTGT1.5_,,,checkCupDown-near2WeekDown-mayReveresalBuy,(GLOBALFUTDOWN-DOWNTRENDMARKET)checkSellConsolidationBreakDown-week2-lowNotReachedWeek3,week2BarLowChangeLT0,##(Check-chart-buy):month3High-InMinus,ReversalHighMonth3,",-3.2170554464177568,1,0,1
"PCTDayChangeLT0,_HTGT3.0__HTGTPCTDayChange_,,,chisSellDownTrend-nearHigh,",-2.8357307144346535,1,0,1
"PCTChangeLT-1,,,,%%:check(UPTREND-UPMARKET)Buy(DOWNTRENDTREND-DOWNMARKET)Sell:Super01-monthLow,volBuyReversalLast2DayDown-VolDown,",0.02859518456867588,2,1,1
"PCTChangeLT-1,,,,(GLOBALFUTDOWN-DOWNTRENDMARKET)checkSellConsolidationBreakDown-week2-lowNotReachedWeek3,week2BarLowChangeLT0,weekLowLTweek2Low,volBuyRevarsalVolCrossed,##(Check-chart-buy):month3High-InMinus,ReversalHighMonth3,",0.12283428181714051,1,1,0
"PCDCGT0PCTDayChangeLT0,PCDayChange-0.5to0.5,_HTGT1.5_,,,chisSellFlagWeek-doji-Risky,%%HLTF-Last2HighTail:(UPTREND)buy(DOWNTREND)sell:HighUpperTailPre-last2DayUp,",-0.44197707921222784,1,0,1
"PCDCLT0PCTChangeGT0,_HTGT3.0__LTGT1.5__HTGTPCTDayChange__LTGTPCTDayChange_,,,##MA-SMA200LT0SMA100LT0,",0.9172709702657401,2,1,1
"PCTChangeGT8,_HTGT3.0__LTGT1.5_,,,%%HLTF-Last2HighTail:(UPTREND)buy(DOWNTREND)sell:HighUpperTailPre-last2DayUp,##MAPositive_Uptrend(GT4.5),##MA-SMA200LT0SMA100GT0,",-1.8842013942130895,1,0,1
"PCDCGT0PCTChangeLT-1,PCDayChange-0.5to0.5,_LTGT1.5_,,,%%:checkSell:FlagWeek-doji,",-3.919823185638222,1,0,1
"PCTChangeGT1,year2High,_HTGT3.0_,,,%%HLTF-Risky9:30:maySellTail-tailGT2-7,10thDayGT15,",-0.18386122602498636,1,0,1
"PCTChangeGT3,,,,chisUpTrend-Risky-nearLow,checkBuyConsolidationBreakout-allPreLT0,chis-breakoutup-2week,##UPTREND:buyYear2LowReversal(Confirm),",-2.0234927587980818,1,0,1
"PCTChangeLT-3,year2High,_HTGT3.0_,,,%%HLTF:maySellTail-tailGT2-allDayGT0,",-3.9970458262865325,1,0,1
"PCTChangeGT3,_HTGT1.5_,,,%%HLTF-Last2HighTail:(UPTREND)buy(DOWNTREND)sell:HighUpperTailPre-last2DayUp,%%HLTF:(DOWNTREND-OR-GLOBALDOWN)maySellTail-tailGT2-2,3,4thDayGT0,##last2DayHighGT3-M3HLT0,",1.8691588785046727,1,1,0
"PCTChangeLT-2,PCDayChange-0.5to0.5,_HTGT3.0_,,,%%:checkSell:CupDownDoji-lastDayLT(-2)TodayDoji,%%HLTF-Last2HighTail:(DOWNTREND)sellHighUpperTailPre,",-5.856521473449132,1,0,1
"PCTChangeLT-5,_HTGT1.5_,,,##MANegative_Downtrend_(LT-2),##MA-SMA200GT0SMA100LT0,",1.9402831985500752,2,1,1
"PCTChangeLT-5,year2Low,,,,##last2DayLow(LT-3)-M3LLT0,",0.35469707797047983,7,4,3
"PCTChangeLT-3,,,,chisSellFlagWeek-Risky,checkCupDown-inDownTrend,bar_low,",1.695811870691173,1,1,0
"PCTChangeGT3,_HTGT3.0__HTGTPCTDayChange_,,,sellEveningStar-0,",-0.28495234849598483,2,1,1
"PCTChangeLT-2,,,,checkCupDown-2dayDown,chisDownTrend-Risky-nearHigh,##DOWNTREND:sellYear2HighReversal(InDownTrend),##(Check-chart-buy):YearHigh-InMinus,ReversalHighYear,",1.77403963529147,1,1,0
"PCTChangeLT-3,,,,##DOWNTREND:sellMonth3High(InDownTrend),##(Check-chart-buy):month3High-InMinus,NearHighMonth3,",-0.6239381321461583,2,0,2
"PCTChangeLT-5,,,,volBuyReversalLast2DayDown-VolDown,##last2DayLow(LT-3)-M3LGT0,",-0.2925815125702905,1,0,1
"PCTChangeGT3,,,,chis-breakoutup-2week,chisBuy-2week-breakoutup,##RisingMA(Test)(check-chart-buy)-2DayUp,",4.509151414309486,1,1,0
"PCTChangeLT-3,,,,##MANegative_Downtrend_(LT-4.5),##MA-SMA200LT0SMA100LT0,##(Test)(Check-chart-sell):yearLow-InMinus,",-2.5666707356770933,1,0,1
"PCTChangeGT3,,,,(GLOBALFUTUP-UPTRENDMARKET)checkBuyConsolidationBreakUp-week2-highNotReachedWeek3,week2BarHighChangeGT2,chisFinalBreakOutBuyContinue-11-test-atYearLow,chisFinalBreakOutBuyContinue-00-test-atYearLow,chisBuy-2week-breakoutup(check-chart)(|-|-| or --|),",-1.7882568377465127,1,0,1
"PCTChangeLT-2,,,,volBuyReversalLast2DayDown-VolDown,(SMA9LT0),chisSellDownTrend-nearHigh,",1.7160575334579,1,1,0
"PCTChangeGT3,,,,##(Check-chart-sell):month3Low-InPlus,ReversalLowMonth3,chisUpTrend-Risky-nearLow,##UPTREND:buyYear2LowReversal(Confirm),",0.028444937496191664,3,1,2
"PCTChangeLT-0.5,_LTGT1.5_,,,chisSell-smallUptrendReversal,##buyYear2LowMovingSMA,",-0.2713225608648256,1,0,1
"PCTChangeLT-3,,,,checkCupDown-near2WeekDown-mayReveresalBuy,chisDownTrend-Risky-nearHigh,##(Check-chart-buy):YearHigh-InMinus,ReversalHighYear,##(check-chart)maySell-EMA6-MT-May-LT-EMA14,",2.421214450422748,1,1,0
"PCTChangeGT0.5,year2High,_LTGT1.5_,,,%%HLTF:(SGXNIFTYUP)buyHighLowerTail-Continue,",1.3650460481983964,4,4,0
"PCTChangeLT-1,year2Low,,,,$$MayBuy-CheckChart(downTrend-mayReverseLast4DaysDown),",-0.5127913467105547,2,1,1
"PCTChangeGT0,PCDayChange-0.5to0.5,year2Low,_LTGT3.0_,,,buyMorningStar-(checkChart),",0.3809538341703869,1,1,0
"PCTChangeGT1,,,,chisUpTrend-Risky-nearLow,(GLOBALFUTUP-UPTRENDMARKET)checkBuyConsolidationBreakUp-week2-highNotReachedWeek3,week2BarHighChangeGT0,weekHighGTweek2High,brokenToday,##UPTREND:buyYearLowReversal(Confirm),",2.3258470820294552,1,1,0
"PCTChangeLT-3,,,,weekBarLowChangeLT-2,chisDownTrend-Risky-nearHigh,##DOWNTREND:sellYear2HighReversal(InDownTrend),##(Check-chart-buy):YearHigh-InMinus,ReversalHighYear,##(check-chart)maySell-EMA6-MT-May-LT-EMA14,",2.004622891445967,1,1,0
"PCDCLT0PCTChangeGT0,_HTGT1.5_,,,##MA-SMA200LT0SMA100LT0,",-4.715448650431262,2,0,2
"PCTChangeLT-2,_LTGT1.5_,,,##ML:BuyRisingMA-Risky-0,##MAPositive_Uptrend(LT-2),##MA-SMA200LT0SMA100LT0,",1.5671641791044713,1,1,0
"PCTChangeLT-2,_LTGT1.5_,,,checkCupDown-month3HighLTmonth3Low,bar_low,chisDownTrend-Risky-nearHigh,",-5.88892509124627,1,0,1
"PCTChangeLT-3,,,,chisSellDownTrend-nearHigh,##last2DayLow(LT-3)-M3LGT0,",-0.9923954861311298,3,0,3
"PCTChangeLT-0.5,PCDayChange-0.5to0.5,,,,%%:checkSell:CupDownDoji-lastDayLT(-2)TodayDoji,",-0.7604293954065491,6,3,3
"PCTChangeLT-3,,,,volSellContinueLast2DayDown-VolUp,##(Check-chart-buy):month3High-InMinus,NearHighMonth3,",-1.2751825259568452,6,1,5
"PCTChangeGT3,year2High,,,,volSellVolumeUpsergedLast2n3DayDown,chisCheckConsolidationBreakoutLT(4.5),(GLOBALFUTUP-UPTRENDMARKET)checkBuyConsolidationBreakUp-week2,weekBarHighChangeGT2,brokenToday,",0.54551750431318,1,1,0
"PCTChangeGT1,,,,##(Check-chart):yearHigh-InPlus,",0.2499480166626855,2,1,1
"PCTChangeGT5,,,,checkBuyConsolidationBreakUp-2week,week2BarHighChangeGT2,brokenToday,",0.08639177029898594,1,1,0
"PCTChangeGT5,_HTGT1.5__HTGTPCTDayChange_,,,%%HLTF-Last2HighTail:(UPTREND)buy(DOWNTREND)sell:HighUpperTailPre-last2DayUp,",-2.7459954233409576,1,0,1
"PCTChangeGT3,,,,chisCheckConsolidationBreakoutLT(4.5),weekBarHighChangeGT2,(SMA9GT0),",2.17140416272882,1,1,0
"PCTChangeLT-0.5,PCDayChange-0.5to0.5,_HTGT1.5_,,,##MANegative_Downtrend_(LT0),##MA-SMA200LT0SMA100LT0,",0.735673342711617,3,2,1
"PCTChangeGT5,_HTGT3.0_,,,volBuyContinueLast2DayUp-VolUp,##MAPositive_Uptrend(GT4.5),##MA-SMA200LT0SMA100LT0,##last2DayHighGT3-M3HLT0,",-6.868689951270514,1,0,1
"PCTChangeGT0,_LTGT1.5_,,,chisUpTrend-Risky-nearLow,",0.4739336492890998,1,1,0
"PCTChangeLT-2,_HTGT3.0__LTGT1.5__HTGTPCTDayChange__LTGTPCTDayChange_,,,(GLOBALFUTDOWN-DOWNTRENDMARKET)checkSellConsolidationBreakDown-week2-lowNotReachedWeek3,week2BarLowChangeLT0,",-3.610906427556826,1,0,1
"PCTChangeLT-1,,,,volSellVolumeUpsergedLast2n3DayUp,volSellContinueLast2DayDown-VolUp,",-0.0849399157010511,10,4,6
"PCTChangeGT2,,,,chisCheckConsolidationBreakoutLT(4.5),weekBarHighChangeGT2,brokenToday,",-0.6154294698423426,11,2,9
"PCTChangeLT-1,,,,(GLOBALFUTDOWN-DOWNTRENDMARKET)checkSellConsolidationBreakDown-week2-lowNotReachedWeek3,week2BarLowChangeLT0,##(Check-chart-buy):YearHigh-InMinus,ReversalHighYear,",-0.568138361182062,11,4,7
"PCTChangeGT3,_HTGT1.5__LTGT1.5_,,,chisSelldowntrendReversalMayFail,",-1.357362138884688,1,0,1
"PCTChangeGT5,,,,chisUpTrend-Risky-nearLow,(GLOBALFUTUP-UPTRENDMARKET)checkBuyConsolidationBreakUp-week2-highNotReachedWeek3,week2BarHighChangeGT2,##(Test)buyBottomReversal-1,##UPTREND:buyYear2LowReversal(Confirm),##last2DayHighGT3-M3HLT0,",0.20600713130624043,1,1,0
"PCTChangeGT0.5,_HTGT1.5__LTGT3.0_,,,%%HLTF-Last2LowTail:(DOWNTREND)sellHighLowerTailPre-1,",-3.638890584309904,1,0,1
"PCDCGT0PCTDayChangeLT0,_LTGT1.5_,,,##MA-SMA200GT0SMA100GT0,",-0.3437487284342417,1,0,1
"PCTChangeGT2,_LTGT1.5_,,,%%:checkSell:Super2,",-1.1515098509588853,3,1,2
"PCTChangeLT-3,,,,weekBarLowChangeLT-2,##DOWNTREND:sellYearHighReversal(InDownTrend),##last2DayLow(LT-3)-M3LGT0,volBuyRevarsalVolCrossed,chisSellDayLowVolLow-03-checkMorningTrend(.5SL),",-3.0704544867204815,1,0,1
"PCTChangeLT-2,_HTGT1.5_,,,chisSellUpTrend-highTail,",-1.3536204330846129,2,0,2
"PCTChangeLT-5,_LTGT3.0_,,,volumeUpsergedLast2n3n4DayUp,##MANegative_Downtrend_(LT-4.5),##MA-SMA200GT0SMA100LT0,",6.01635435092375,1,1,0
"PCTDayChangeLT0,_HTGT1.5__LTGT1.5_,,,##buyYear2LowMovingSMA,",-1.1126104131475325,1,0,1
"PCTChangeLT-3,_HTGT3.0_,,,zigZagVolCrossedFromUp,",1.2409623846950302,1,1,0
"PCTChangeGT1,PCDayChange-0.5to0.5,_HTGT3.0_,,,chisSellFlagWeek-doji-Risky,",-5.462969669901959,1,0,1
"PCDCGT0PCTChangeLT-1,_HTGT3.0__LTGT1.5__HTGTPCTDayChange__LTGTPCTDayChange_,,,%%:sellDowntrend-lastDayUp-ReversalHighTail,",0.4958180969759986,1,1,0
"PCTChangeLT-1,,,,%%:checkBuyContinue:CupDownDoji-last2dayUp,",0.7686640365160754,1,1,0
"PCTChangeLT-0.5,_LTGT1.5_,,,##MA-SMA200GT0SMA100GT0,",0.9929034726839354,1,1,0
"PCTChangeGT12,_HTGT3.0__LTGT3.0_,,,##MAPositive_Uptrend(GT4.5),##MA-SMA200LT0SMA100LT0,##last2DayHighGT3-M3HLT0,",3.8809274759681642,1,1,0
"PCTChangeLT-8,year2High,,,,maySellHighVolatileDownContinueLT-8,volumeUpsergedLast2n3n4DayUp,",5.6627594620601105,1,1,0
"PCTChangeLT-0.5,_HTGT1.5_,,,##MA-SMA200GT0SMA100LT0,",-5.592088110560592,1,0,1
"PCTChangeGT0,_HTGT1.5__LTGT1.5_,,,%%:sellDowntrend-lastDayUp-ReversalHighTail,",1.9779430687543824,1,1,0
"PCTChangeLT-3,_HTGT3.0_,,,chisSellFinalCandidate-1-(lastDayUp),",4.513888888888886,1,1,0
"PCTChangeLT-1,_LTGT1.5_,,,volSellContinueLast2DayDown-VolUp,chisSellDownTrend-nearHigh,##(Check-chart-buy):month3High-InMinus,ReversalHighMonth3,",2.5546836853027304,1,1,0
"PCTChangeLT-3,_HTGT1.5_,,,chisSell:Super03-monthLow,##ML:buyRisingMA-down-Risky,",0.48251397116941475,1,1,0
"PCTChangeLT-3,,,,%%:check(UPTREND-UPMARKET)Buy(DOWNTRENDTREND-DOWNMARKET)Sell:Super01-monthLow,",-1.6156659025611535,5,2,3
"PCTChangeGT16,_LTGT1.5_,,,##MAPositive_Uptrend(GT4.5),##MA-SMA200LT0SMA100LT0,##last2DayHighGT3-M3HLT0,",-1.533853216253578,1,0,1
"PCTChangeGT5,_LTGT1.5_,,,##last2DayHighGT3-M3HLT0,",-3.21375940815665,8,0,8
"PCTChangeGT5,year2High,_LTGT1.5_,,,weekBarHighChangeGT2,brokenToday,",-2.1225508561172934,4,0,4
"PCTChangeLT-3,,,,%%checkCupDown-2dayDown-continue,chisDownTrend-Risky-nearHigh,##DOWNTREND:sellYearHighReversal(InDownTrend),##(Check-chart-buy):month3High-InMinus,ReversalHighMonth3,",0.016088736851719458,1,1,0
"PCTChangeGT3,,,,zigZagVolCrossedFromDown,week2BarHighChangeGT0,",-0.34328176014459205,1,0,1
"PCTChangeGT2,year2High,,,,volSellVolumeUpsergedLast2n3DayDown,",-0.40807627240625816,14,4,10
"PCTChangeLT-16,,,,volSellContinueLast2DayDown-VolUp,chisDownTrend-Risky-nearHigh,",-6.203769132305268,1,0,1
"PCTChangeLT-2,_LTGT1.5_,,,vol-buy-DownVol-3dayDown-Week2Low,weekBarLowChangeLT-2,",-4.246573252220679,1,0,1
"PCTChangeLT-5,_LTGT1.5_,,,chisSellDayLowVolLow-0,",0.13520799002412803,4,1,3
"PCTChangeGT1,,,,volSellVolumeUpsergedLast2n3DayDown,weekBarHighChangeGT0,",-1.5720180970619737,1,0,1
"PCTChangeGT5,_HTGT3.0__HTGTPCTDayChange_,,,%%HLTF-Last2HighTail:(UPTREND)buy(DOWNTREND)sell:HighUpperTailPre-last2DayUp,",-2.850842768094357,2,0,2
"PCTChangeLT-1,year2High,,,,volumeUpsergedLast2n3n4DayUp,volSellContinueLast2DayDown-VolUp,chisSellUpTrend-Risky-2,",0.4595870016860096,1,1,0
"PCTChangeLT-2,_LTGT1.5_,,,volBuyReversalLast2DayDown-VolDown,chisSellUpTrend-Risky-2,##DOWNTREND:sellYearHigh(InDownTrend),",2.1408776100774607,1,1,0
"PCTChangeGT3,year2High,_HTGT1.5__LTGT3.0_,,,%%HLTF:(SGXNIFTYUP)buyHighLowerTail-Continue,",1.8260856296705184,1,1,0
"PCTChangeGT5,_LTGT1.5_,,,##MAPositive_Uptrend(GT4.5),##MA-SMA200GT0SMA100GT0,##last3DayHighGT3-M3HGT0,",1.5172898125381318,2,2,0
"PCDCLT0PCTChangeGT5,_LTGT3.0_,,,%%HLTF-Last2DayMarketUp:(GLOBAL-DOWN)sellHighLowerTail-Reversal-LastDayMarketUp,(Test)MayBuy-CheckChart(upTrend-lastDayDown),##MA-SMA200LT0SMA100LT0,",-0.0066630045572937495,1,0,1
"PCTChangeGT3,,,,##(check-chart)mayBuy-EMA6-LT-May-MT-EMA14,##last3DayHighGT3-M3HLT0,",-4.459997558593753,1,0,1
"PCTChangeGT3,_HTGT1.5__LTGT1.5_,,,chisSellYear2LowLT-40-last4DayDown(triggerAfter-9:15),chisUpTrend-Risky-nearLow,BuyYearLow,##UPTREND:buyYearLowReversal(Confirm),",0.6928717301972253,1,1,0
"PCTChangeLT-3,_LTGT1.5_,,,vol-buy-DownVol-3dayDown-Week2Low,weekBarLowChangeLT-2,",-0.2663112685151019,2,1,1
"PCTChangeGT0,_HTGT1.5__HTGTPCTDayChange_,,,chisSellDowningMA-(check5MinuteDownTrendAndSellDowntrend)-Already10DayDown,(Test)(check-chart-2-3MidCapCross)MaySellCheckChart-Risky,",-1.966085111821293,1,0,1
"PCTChangeLT-1,,,,##MANegative_Downtrend_(LT-1),##MA-SMA200GT0SMA100LT0,$$MayBuy-CheckChart(monthLow-minimumLast4DayDown),",2.1678364360249116,1,1,0
"PCTChangeGT3,year2High,,,,volSellVolumeUpsergedLast2n3DayDown,checkBuyConsolidationBreakout-allPreLT0,chisBuyConsolidationBreakUp-2week-(Risky)-year2High,week2BarHighChangeGT0,brokenToday,",-0.3048066408269587,1,0,1
"PCTChangeGT8,_HTGT3.0__HTGTPCTDayChange_,,,##MANegative_Downtrend_(GT4.5),##MA-SMA200GT0SMA100LT0,",-3.9034786739864926,1,0,1
"PCTChangeGT1,year2High,_HTGT3.0__HTGTPCTDayChange_,,,weekBarHighChangeGT0,",-0.24038461538459874,1,0,1
"PCTChangeLT-5,_HTGT3.0__LTGT3.0_,,,##MA-SMA200GT0SMA100LT0,",-2.257169565598006,1,0,1
"PCDCLT0PCTChangeGT0,PCDayChange-0.5to0.5,_LTGT3.0_,,,##MANegative_Downtrend_(LT0),##MA-SMA200GT0SMA100LT0,buyMorningStar-(checkChart),",-3.816015551353555,1,0,1
"PCDCGT0PCTDayChangeLT0,_HTGT3.0__LTGT1.5__HTGTPCTDayChange__LTGTPCTDayChange_,,,%%HLTF-Last2HighTail:(UPTREND)buy(DOWNTREND)sell:HighUpperTailPre-last2DayUp,volSellRevarsalVolCrossed,%%:checkSellRevarsalLast3DayUpAtMonth3Low,",0.7457668498411,1,1,0
"PCTChangeGT5,,,,##(check-chart)sellEMA6>EMA14,",1.9536115179932625,14,10,4
"PCTChangeLT-2,,,,checkCupDown-2dayDown-mayReversalBuy,##DOWNTREND:sellYear2HighReversal(InDownTrend),",-1.4273356401383976,1,0,1
"PCTChangeLT-1,_HTGT3.0__LTGT1.5__HTGTPCTDayChange_,,,(GLOBALFUTDOWN-DOWNTRENDMARKET)checkSellConsolidationBreakDown-week2-lowNotReachedWeek3,week2BarLowChangeLT0,",0.04731668658812621,1,1,0
"PCTChangeLT-3,_HTGT1.5__LTGT3.0_,,,##MANegative_Downtrend_(LT-2),##MA-SMA200LT0SMA100LT0,##DOWNTREND:sellYearLowBreak,",0.6398965034536288,2,2,0
"PCTChangeLT-3,_LTGT1.5_,,,%%HLTF:(GLOBAL-DOWN)sellHighLowerTail-Reversal-LastDayMarketUp,chisSellTrend-lowTail,",-1.942607898184832,1,0,1
"PCDCLT0PCTChangeGT3,year2High,_HTGT3.0__LTGT1.5_,,,chisSellLastDayHighUpReversal,",2.662699250973875,1,1,0
"PCTChangeLT-3,,,,weekBarLowChangeLT-2,sellPatternsML,##last2DayLow(LT-3)-M3LGT0,",-1.6958377348908142,1,0,1
"PCTChangeLT-8,,,,maySellHighVolatileDownContinueLT-8,##MANegative_Downtrend_(LT-4.5),##MA-SMA200GT0SMA100GT0,",-1.0708432851838883,4,2,2
"PCTChangeGT1,,,,chisUpTrend-Risky-nearLow,week2BarHighChangeGT0,brokenToday,##UPTREND:buyYearLowReversal(Confirm),",-0.348274505041336,2,0,2
"PCTChangeGT0,_LTGT1.5_,,,chisBuyYearHigh-3,",0.10670764506309428,12,8,4
"PCTChangeGT3,,,,##RisingMA(Test)(check-chart-buy)-2DayUp,##UPTREND:buyYear2LowReversal(Confirm),",-4.85507393804725,1,0,1
"PCTChangeGT2,,,,chisBuyUpTrend-1,",0.3501096902602078,15,8,7
"PCDCLT0PCTChangeGT0,_HTGT1.5__HTGTPCTDayChange_,,,%%HLTF-Risky9:30:maySellTail-tailGT2-7,10thDayGT15,##MA-SMA200LT0SMA100LT0,",0.17743080967319863,1,1,0
"PCTChangeLT-12,year2Low,_HTGT3.0__HTGTPCTDayChange_,,,chisRSISellCandidate(yearLow)-lessThanMinus5,",0.33333333333334,1,1,0
"PCTChangeGT3,,,,volumeUpsergedLast2n3n4DayDown,volBuyContinueLast2DayUp-VolUp,(GLOBALFUTUP-UPTRENDMARKET)checkBuyConsolidationBreakUp-week2-highNotReachedWeek3,week2BarHighChangeGT2,weekHighGTweek2High,brokenToday,",-1.0429303164132482,1,0,1
"PCTChangeGT3,_LTGT1.5_,,,##UPTREND:buyYearLow,",1.3752163910353525,2,2,0
"PCTChangeLT-1,_HTGT3.0__HTGTPCTDayChange_,,,chisSellDownTrend-nearHigh,",2.192312387319713,1,1,0
"PCTChangeLT-3,_HTGT3.0__HTGTPCTDayChange_,,,weekBarLowChangeLT-2,chisDownTrend-Risky-nearHigh,##(Check-chart-buy):month6High-InMinus,NearHighMonth6,",0.3086372512705602,1,1,0
"PCTChangeLT-3,,,,checkCupDown-inDownTrend-month3HighLTmonth3Low,bar_low,chisSellDownTrend-nearHigh,##(Check-chart-buy):month6High-InMinus,NearHighMonth6,",-0.8214087307133274,1,0,1
"PCDCGT0PCTDayChangeLT0,_HTGT3.0__HTGTPCTDayChange_,,,##MA-SMA200LT0SMA100LT0,",1.460874542537343,5,4,1
"PCTChangeGT1,_HTGT3.0_,,,chisBuyUpTrend-nearLow,##RisingMA(check-chart-sell)-MaySellCheckChart,",6.504248999306099,1,1,0
"PCTChangeGT0,,,,shortUpTrendSellReversal-Month3High-Doji-Last2DayGTToday,",0.2770060867501649,5,4,1
"PCTChangeGT1,_HTGT3.0__LTGT3.0__HTGTPCTDayChange__LTGTPCTDayChange_,,,shortUpTrendSellReversal-MonthHigh-Doji-Last2DayGTToday,",-3.975538575162775,1,0,1
"PCTChangeLT-2,,,,%%:check(UPTREND-UPMARKET)Buy(DOWNTRENDTREND-DOWNMARKET)Sell:Super01-monthLow,checkCupDown-2dayDown-mayReversalBuy,",7.57961394680533,1,1,0
"PCTChangeLT-1,year2High,_LTGT1.5_,,,##(Test)(check-chart)-buySMAUpTrend,",16.245083683212993,1,1,0
"PCTChangeLT-1,,,,weekBarLowChangeLT0,##longDownTrend-2-IndexNotDownLastDay(checkBase),",1.3756908873041516,2,1,1
"PCTChangeLT-2,,,,##DOWNTREND:sellYearHighReversal(InDownTrend),$$MayBuy-CheckChart(monthLow-minimumLast4DayDown),",2.027951949974272,2,2,0
"PCTChangeLT-2,_HTGT1.5__LTGT3.0__LTGTPCTDayChange_,,,(GLOBALFUTDOWN-DOWNTRENDMARKET)checkSellConsolidationBreakDown-week2-lowNotReachedWeek3,week2BarLowChangeLT-5,weekLowLTweek2Low,##MANegative_Downtrend_(LT-2),##MA-SMA200GT0SMA100LT0,##DOWNTREND:sellMonth3LowBreak,",-1.5629374897563366,1,0,1
"PCTChangeLT-3,,,,(GLOBALFUTDOWN-DOWNTRENDMARKET)checkSellConsolidationBreakDown-week2-lowNotReachedWeek3,week2BarLowChangeLT-2,##last2DayLow(LT-3)-M3LLT0,",-2.8172187640525523,1,0,1
"PCTChangeGT3,_HTGT1.5_,,,VOL:sell-UpVol-3dayUp-Week2High,weekBarHighChangeGT2,",0.3929151224866667,2,1,1
"PCTChangeLT-3,_LTGT3.0_,,,(GLOBALFUTDOWN-DOWNTRENDMARKET)checkSellConsolidationBreakDown-week2-lowNotReachedWeek3,week2BarLowChangeLT-2,weekLowLTweek2Low,",1.3861990642176323,2,2,0
"PCTChangeGT2,_HTGT1.5__LTGT1.5_,,,buyPattern-GT1.5-SMAGT0,(SMA9GT0),",2.607522020092208,1,1,0
"PCTChangeGT1,,,,chisUpTrend-Risky-nearLow,buyFinal1,",-1.0569130502096096,1,0,1
"PCTChangeGT2,_HTGT3.0__HTGTPCTDayChange_,,,chisSellYear2LowLT-40-last3DayDown(triggerAfter-9:15),",-1.8037517243201528,1,0,1
"PCTChangeLT-2,,,,volumeUpsergedLast2n3n4DayUp,volBuyReversalLast2DayDown-VolUp,##sellTenDaysMoreThanTen,",2.680410083030695,1,1,0
"PCTChangeLT-3,year2High,_LTGT3.0_,,,volBuyVolumeUpsergedLast2n3DayUp,",0.4812986907044027,1,1,0
"PCTChangeGT2,,,,vol-sell-DownVol-3dayUp-Week2High,weekBarHighChangeGT2,##MAPositive_Uptrend(GT2),##MA-SMA200LT0SMA100GT0,",5.469614618889967,1,1,0
"PCTDayChangeLT0,_HTGT3.0__HTGTPCTDayChange__LTGTPCTDayChange_,,,%%HLTF-Last2HighTail:(DOWNTREND)sellHighUpperTailPre,volBuyRevarsalVolCrossed,",1.1041525074130636,1,1,0
"PCTChangeLT-3,_LTGT1.5_,,,volSellContinueLast2DayDown-VolUp,chisSellDownTrend-nearHigh,##(Check-chart-buy):month3High-InMinus,NearHighMonth3,",1.5320504505410284,1,1,0
"PCTChangeLT-1,_HTGT1.5__HTGTPCTDayChange_,,,chisSell-smallUptrendReversal,##buyYear2LowMovingSMA,",-0.9892239544290267,1,0,1
"PCTChangeLT-3,_HTGT1.5__LTGT1.5_,,,##DOWNTREND:sellMonth6LowBreak,",1.385922580030138,1,1,0
"PCTChangeLT-3,_HTGT1.5_,,,checkCupDown-month3HighLTmonth3Low,bar_low,##(Check-chart-buy):month3High-InMinus,NearHighMonth3,",0.830447715046493,1,1,0
"PCTChangeLT-2,,,,volSellVolumeUpsergedLast2n3DayUp,chisSellDownTrend-nearHigh,##(Check-chart-buy):month3High-InMinus,NearHighMonth3,",-6.3673999428090475,1,0,1
"PCTChangeGT3,,,,##(Check-chart-sell):month3Low-InPlus,ReversalLowMonth3,chisUpTrend-Risky-nearLow,volSellVolumeUpsergedLast2n3DayDown,(GLOBALFUTUP-UPTRENDMARKET)checkBuyConsolidationBreakUp-week2-highNotReachedWeek3,week2BarHighChangeGT0,##(check-chart)mayBuy-EMA6-LT-May-MT-EMA14,##UPTREND:buyYearLowReversal(Confirm),",-2.1259818490095888,1,0,1
"PCTChangeLT-3,_LTGT1.5_,,,##DOWNTREND:sellYear2HighReversal(InDownTrend),volBuyRevarsalVolCrossed,##(Check-chart-buy):YearHigh-InMinus,ReversalHighYear,",-4.111351650327895,1,0,1
"PCDCLT0PCTChangeGT1,_LTGT1.5_,,,sellPatterns-LT-1.5-SMALT0,(SMA9LT0),",0.5005005237985625,1,1,0
"PCTChangeLT-5,,,,##ML:BuyRisingMA-Risky-1,",-0.6037147878692787,4,1,3
"PCTChangeLT-2,,,,##(check-chart)buyEMA6<EMA14-Risky,",1.1153822678786076,1,1,0
"PCTChangeLT-2,,,,chisDownTrend-Risky-nearHigh,##(Check-chart-buy):month6High-InMinus,NearHighMonth6,",1.4872557380840403,1,1,0
"PCTChangeLT-2,PCDayChange-0.5to0.5,_HTGT1.5__LTGT3.0_,,,##MA-SMA200GT0SMA100LT0,",0.30805397937647516,1,1,0
"PCTChangeGT5,_HTGT1.5__LTGT1.5_,,,checkBuyConsolidationBreakout-allPreLT0,",-3.4493771832448505,1,0,1
"PCTChangeGT3,year2High,_LTGT1.5_,,,##last3DayHighGT3-M3HGT0,",-1.3264733408475373,1,0,1
"PCTDayChangeLT0,PCDayChange-0.5to0.5,year2High,_HTGT1.5_,,,%%HLTF-Last2HighTail:(DOWNTREND)sellHighUpperTailPre,",-0.3217367140786858,5,1,4
"PCTChangeGT1,year2High,_LTGT1.5_,,,volumeUpsergedLast2n3n4DayDown,chisCheckConsolidationBreakout2WeekLT(4.5),",0.24352394855084758,1,1,0
"PCTChangeLT-2,_LTGT1.5_,,,checkCupDown-2dayDown-mayReversalBuy,##DOWNTREND:sellMonth3HighReversal(InDownTrend),volBuyRevarsalVolCrossed,##(Check-chart-buy):month3High-InMinus,ReversalHighMonth3,",3.215920195054926,1,1,0
"PCTChangeGT2,_HTGT1.5__LTGT3.0__LTGTPCTDayChange_,,,(GLOBALFUTUP-UPTRENDMARKET)checkBuyConsolidationBreakUp-week2-highNotReachedWeek3,week2BarHighChangeGT2,weekHighGTweek2High,",1.7045418874392748,1,1,0
"PCTChangeGT1,year2High,_LTGT1.5_,,,%%:sellUpTrend-month3High,",0.23123703448482313,7,3,4
"PCTChangeLT-3,,,,(GLOBALFUTDOWN-DOWNTRENDMARKET)checkSellConsolidationBreakDown-week2-lowNotReachedWeek3,week2BarLowChangeLT-2,weekLowLTweek2Low,##last2DayLow(LT-3)-M3LGT0,",-4.074327848717864,1,0,1
"PCTDayChangeLT0,_HTGT1.5__LTGT1.5_,,,##MAPositive_Uptrend(LT0),##MA-SMA200LT0SMA100GT0,",1.6100460195312096,4,3,1
"PCTChangeGT5,,,,VOL:sell-UpVol-3dayUp-Week2High,weekBarHighChangeGT2,brokenToday,##MAPositive_Uptrend(GT4.5),##MA-SMA200GT0SMA100GT0,",5.941550796079392,1,1,0
"PCTChangeGT3,,,,##(Check-chart-sell):month3Low-InPlus,ReversalLowMonth3,chisCheckConsolidationBreakoutLT(4.5),",1.5357390045837684,1,1,0
"PCTChangeGT1,_LTGT1.5_,,,(SMA9GT0),",3.6660359508041576,1,1,0
"PCTChangeLT-3,,,,chisSellFlagWeek-Risky,%%HLTF-Last2DayMarketDown:(GLOBAL-UP)buyHighUpperTailPre1-Reversal-LastDayMarketDown,volBuyReversalLast2DayDown-VolDown,",-0.9528317241548826,1,0,1
"PCTChangeLT-3,_LTGT3.0_,,,volBuyReversalLast2DayDown-VolUp,##last2DayLow(LT-3)-M3LLT0,",5.692769245929035,1,1,0
"PCTChangeGT3,,,,##MAPositive_Uptrend(GT4.5),##MA-SMA200GT0SMA100GT0,##last3DayHighGT3-M3HLT0,",-3.2786885245901525,1,0,1
"PCDCGT0PCTDayChangeLT0,PCDayChange-0.5to0.5,,,,%%:checkSell:CupDownDoji-last2lastDayLT0orTodayGT0,",1.0474449662111966,2,1,0
"PCTChangeGT5,_HTGT1.5_,,,chisSellYear2LowLT-40-last3DayDown(triggerAfter-9:15),",-1.6922823702915504,2,1,1
"PCTChangeLT-3,,,,volumeUpsergedLast2n3n4DayUp,volSellContinueLast2DayDown-VolUp,chisDownTrend-Risky-nearHigh,##DOWNTREND:sellMonth6High(InDownTrend),##(Check-chart-buy):month3High-InMinus,NearHighMonth3,",2.1100637692923345,1,1,0
"PCTChangeGT1,_HTGT3.0__LTGT1.5__HTGTPCTDayChange__LTGTPCTDayChange_,,,sellPattern-LT-1.5-SMALT0,(SMA9LT0),maySellFromBuyPattern-LT-1.8,",0.46795308177730777,1,1,0
"PCTChangeLT-3,,,,chisBuyMay5DayFloorReversal,VOL:sell(GLOBALFUTUP-GLOBALMARKETUP)Buy-UpVol-3dayDown-Week2High,",1.2608510483113258,1,1,0
"PCTChangeLT-2,_LTGT1.5_,,,volBuyReversalLast2DayDown-VolDown,chisSellDownTrend-nearHigh,MayBuyCheckChart-(IndexNotUpInSecondHalf),##(Check-chart-buy):YearHigh-InMinus,ReversalHighYear,",-0.937127210422918,1,0,1
"PCTDayChangeLT0,PCDayChange-0.5to0.5,year2High,_LTGT1.5_,,,%%HLTF:(GLOBAL-DOWN)sellHighLowerTail-Reversal-LastDayMarketUp,",1.8750017339532938,1,1,0
"PCTChangeLT-3,,,,volSellContinueLast2DayDown-VolUp,(GLOBALFUTDOWN-DOWNTRENDMARKET)checkSellConsolidationBreakDown-week2-lowNotReachedWeek3,week2BarLowChangeLT0,weekLowLTweek2Low,",-0.19327405350096932,1,0,1
"PCTDayChangeLT0,PCDayChange-0.5to0.5,,,,%%:checkSell:Super01-monthLow,MayBuyCheckChart-(|`|_|),",-0.636265747545444,1,0,1
"PCTChangeLT-2,,,,checkCupDown-3dayDown,",0.4491800358171821,17,7,10
"PCTChangeGT3,PCDayChange-0.5to0.5,,,,(SMA9GT0),",3.5278735673672283,1,1,0
"PCTChangeLT-1,,,,checkCupDown-2dayDown-mayReversalBuy,(GLOBALFUTDOWN-DOWNTRENDMARKET)checkSellConsolidationBreakDown-week2-lowNotReachedWeek3,week2BarLowChangeLT0,##(Check-chart-buy):month3High-InMinus,ReversalHighMonth3,",-3.2766548040246466,1,0,1
"PCTChangeLT-0.5,year2Low,_HTGT1.5_,,,%%HLTF-LastDayUp:(DOWNTREND-OR-GLOBALDOWN)MaySellHighTail-LastDayMarketUp,",-2.177642831486658,1,0,1
"PCTChangeGT2,,,,(GLOBALFUTUP-UPTRENDMARKET)checkBuyConsolidationBreakUp-week2,weekBarHighChangeGT2,##MAPositive_Uptrend(GT2),##MA-SMA200GT0SMA100GT0,",-3.7363560033585284,1,0,1
"PCTChangeGT1,_HTGT1.5__LTGT1.5_,,,##MAPositive_Uptrend(GT1),##MA-SMA200GT0SMA100GT0,",3.0434221657959863,1,1,0
"PCTChangeLT-3,,,,##(Check-chart-sell)Month3Low-Continue(InUpTrend),ReversalLowMonth3,",0.6432147174103815,2,2,0
"PCTChangeLT-1,_HTGT1.5_,,,%%HLTF-Last2HighTail:(DOWNTREND)sell(UPTREND)buy:HighUpperTailPre,##ML:BuyRisingMA-Risky-1,",-0.11917972884269747,2,1,1
"PCTChangeLT-5,year2High,_LTGT3.0_,,,%%HLTF:(GLOBAL-DOWN)sellHighLowerTail-Reversal-LastDayMarketUp,volumeUpsergedLast2n3n4DayUp,",-0.561034253140419,1,0,1
"PCTChangeLT-2,_LTGT1.5_,,,volBuyVolumeUpsergedLast2n3DayUp,chisSellDownTrend-nearHigh,##(Check-chart-buy):YearHigh-InMinus,ReversalHighYear,",-4.539424202644814,1,0,1
"PCTChangeGT2,,,,$$MaySell-CheckChart(monthHigh-minimumLast4DayUp),chisCheckConsolidationBreakoutLT(4.5),weekBarHighChangeGT2,",1.4311233556160483,1,1,0
"PCTChangeGT1,_HTGT1.5__HTGTPCTDayChange_,,,(Test)(check-chart-2-3MidCapCross)MaySellCheckChart-Risky,MaySellCheckChart-(IndexNotDownInSecondHalf),week2BarHighChangeGT0,weekHighGTweek2High,",1.3237520428663436,1,1,0
"PCTChangeLT-2,,,,checkCupDown-2dayDown,chisBuyFinalContinue-0,chisDownTrend-Risky-nearHigh,##DOWNTREND:sellYear2HighReversal(InDownTrend),##(Check-chart-buy):month3High-InMinus,ReversalHighMonth3,",-2.1539362038170253,1,0,1
"PCTChangeGT3,,,,zigZagVolCrossedFromDown,##(Check-chart-sell):month3Low-InPlus,BreakLowMonth3,",1.1983775271805697,1,1,0
"PCTChangeLT-2,_LTGT3.0_,,,volBuyRevarsalVolCrossed,",-0.9197297313568381,2,1,1
"PCTChangeLT-2,_HTGT3.0_,,,VOL:buy-UpVol-3dayDown-Week2Low,##MANegative_Downtrend_(LT-2),##MA-SMA200LT0SMA100LT0,##DOWNTREND:sellYearLowBreak,",-5.20290954898515,1,0,1
"PCTChangeLT-2,_HTGT1.5__LTGT1.5__LTGTPCTDayChange_,,,checkCupDown,bar_low,",-1.3759213907925643,1,0,1
"PCTChangeLT-3,,,,VOL:buy-UpVol-3dayDown-Week2Low,(GLOBALFUTDOWN-DOWNTRENDMARKET)checkSellConsolidationBreakDown-week2-lowNotReachedWeek3,week2BarLowChangeLT0,",-1.387474754720245,2,1,1
"PCTChangeGT0.5,_HTGT1.5__LTGT1.5_,,,%%:checkSell:CupDownDoji,##MAPositive_Uptrend(GT1),##MA-SMA200LT0SMA100LT0,",-1.9848828383192894,1,0,1
"PCTChangeGT2,_HTGT1.5_,,,##(Check-chart-sell):month3Low-InPlus,ReversalLowMonth3,chisUpTrend-Risky-nearLow,chisCheckConsolidationBreakoutLT(4.5),(GLOBALFUTUP-UPTRENDMARKET)checkBuyConsolidationBreakUp-week2-highNotReachedWeek3,week2BarHighChangeGT0,weekHighGTweek2High,##ML:sellRisingMAuptrend-1,##UPTREND:buyYearLowReversal(Confirm),",11.960509719487481,1,1,0
"PCTChangeLT-3,_HTGT1.5_,,,volBuyReversalLast2DayDown-VolUp,(GLOBALFUTDOWN-DOWNTRENDMARKET)checkSellConsolidationBreakDown-week2-lowNotReachedWeek3,week2BarLowChangeLT-2,##DOWNTREND:sellYear2HighReversal(InDownTrend),##last2DayLow(LT-3)-M3LGT0,##(Check-chart-buy):month3High-InMinus,ReversalHighMonth3,",3.3156034015988842,1,1,0
"PCTChangeGT2,_HTGT3.0__HTGTPCTDayChange_,,,%%HLTF-Last2HighTail:(UPTREND)buy(DOWNTREND)sell:HighUpperTailPre-last2DayUp,sellEveningStar-0,volSellReversalLast2DayUp-VolUp,(GLOBALFUTUP-UPTRENDMARKET)checkBuyConsolidationBreakUp-week2-highNotReachedWeek3,week2BarHighChangeGT2,weekHighGTweek2High,",2.194246799825757,1,1,0
"PCTChangeLT-5,,,,%%HLTF-Last2DayMarketDown:(GLOBAL-UP)buyHighUpperTailPre1-Reversal-LastDayMarketDown,##MANegative_Downtrend_(LT-2),##MA-SMA200GT0SMA100GT0,",-0.5839438333998518,1,0,1
"PCTChangeLT-1,_LTGT1.5_,,,checkCupDown,bar_low,",2.7994268491397523,1,1,0
"PCTChangeLT-3,_HTGT1.5_,,,volBuyReversalLast2DayDown-VolDown,chisBuyFinalContinue-2,##sellTenDaysMoreThanTen,##MAPositive_Uptrend(LT-4.5),##MA-SMA200GT0SMA100GT0,",-1.9930112611997448,1,0,1
"PCTChangeGT0,PCDayChange-0.5to0.5,_HTGT1.5__LTGT1.5_,,,chisSellSuper-Risky,-+,",-0.7251164630495383,2,1,1
"PCTChangeGT0.5,_HTGT3.0_,,,shortUpTrendSellReversal-MonthHigh-Doji-Last2DayGTToday,chisSellEveningStar-2(Check2-3MidCapCross),",2.587626349065727,1,1,0
"PCTChangeGT5,year2High,,,,volumeUpsergedLast2n3n4DayDown,##last2DayHighGT3-M3HGT0,",-3.7680808582786924,1,0,1
"PCTChangeLT-1,_HTGT3.0__LTGT1.5__HTGTPCTDayChange_,,,%%:checkBuyRevarsalLast3DayDownAtMonth3High,##(Check-chart-buy):month3High-InMinus,ReversalHighMonth3,",-3.104050475119178,1,0,1
"PCTChangeLT-2,_HTGT3.0__HTGTPCTDayChange_,,,volBuyReversalLast2DayDown-VolUp,##MANegative_Downtrend_(LT-2),##MA-SMA200LT0SMA100LT0,",1.2986979744866116,1,1,0
"PCTChangeLT-3,,,,VOL:buy-UpVol-3dayDown-Week2Low,weekBarLowChangeLT-2,##last2DayLow(LT-3)-M3LGT0,",0.5954539550590645,2,2,0
"PCDCLT0PCTChangeGT0,_HTGT1.5_,,,##MAPositive_Uptrend(LT0),##MA-SMA200LT0SMA100GT0,",0.7857186453683157,1,1,0
"PCTChangeLT-3,_HTGT3.0_,,,##(check-chart)buyEMA6<EMA14,",-1.250003246550853,1,0,1
"PCTDayChangeLT0,,,,##MAPositive_Uptrend(LT-1),##MA-SMA200LT0SMA100LT0,",0.41683340090506205,2,1,1
"PCTChangeGT3,,,,volumeUpsergedLast2n3n4DayDown,week2BarHighChangeGT0,brokenToday,",-2.264843659897945,2,0,2
"PCTChangeLT-1,_LTGT1.5_,,,shortDownTrendBuyReversal-MonthLow-Doji-Last2DayLTToday,(Test)MayBuyCheckChart-last3DayDown,MayBuyCheckChart-(IndexNotUpInSecondHalf),$$MayBuy-CheckChart(monthLow-minimumLast4DayDown),$$MayBuy-CheckChart(downTrend-mayReverseLast4DaysDown),",2.458330790201826,1,1,0
"PCTChangeGT0,PCDayChange-0.5to0.5,,,,chisSellSuper-Risky,-+,",-0.3177361156819979,4,2,2
"PCTChangeLT-2,year2High,,,,%%HLTF-Last2DayMarketDown:(GLOBAL-UP)buyHighUpperTailPre1-Reversal-LastDayMarketDown,",-0.23403183086924284,4,2,2
"PCTDayChangeLT0,,,,%%:checkBuyContinue:CupDownDoji-last2dayUp,",-0.08536871673255737,6,2,4
"PCTChangeLT-2,_LTGT1.5_,,,checkCupDown-mayReversalBuy,chisDownTrend-Risky-nearHigh,",-4.8870570774447035,1,0,1
"PCTChangeLT-5,,,,weekBarLowChangeLT-5,##DOWNTREND:sellYear2HighReversal(InDownTrend),",1.70870770842888,1,1,0
"PCTChangeLT-1,_HTGT1.5__HTGTPCTDayChange__LTGTPCTDayChange_,,,%%HLTF-Risky9:30:maySellTail-tailGT2-7,10thDayGT15,",-4.84786894452016,1,0,1
"PCTChangeGT3,,,,##MAPositive_Uptrend(GT4.5),##MA-SMA200GT0SMA100GT0,##last2DayHighGT3-M3HLT0,",-3.940340908352385,1,0,1
"PCTChangeLT-16,year2Low,_LTGT3.0_,,,chisBuyYear2Low,BreakLowYear2,",8.040278667198116,3,2,1
"PCTChangeGT5,_HTGT1.5_,,,shortUpTrendSellReversal-MonthHigh,##MAPositive_Uptrend(GT4.5),##MA-SMA200GT0SMA100GT0,",-3.900191540263202,1,0,1
"PCTChangeLT-1,_HTGT1.5_,,,chisDownTrend-Risky-nearHigh,",-0.28780333066478436,81,29,50
"PCTChangeGT0,,,,chisSellFlagWeek-doji-Risky,",-1.445110832037949,4,0,4
"PCTChangeLT-3,,,,VOL:buy-DownVol-3dayDown-Week2High,chisBuyFinalContinue-1,sellFinal,",2.3575071304563577,1,1,0
"PCTChangeLT-5,_HTGT3.0__LTGT1.5__HTGTPCTDayChange_,,,##MANegative_Downtrend_(LT-2),##MA-SMA200LT0SMA100LT0,##last2DayLow(LT-3)-M3LLT0,",-21.842105263157897,1,0,1
"PCTChangeGT2,_HTGT1.5__LTGT3.0__HTGTPCTDayChange__LTGTPCTDayChange_,,,%%HLTF-Last2LowTail:(DOWNTREND)sellHighLowerTailPre-1,",2.4204902698779125,3,3,0
"PCTDayChangeLT0,PCDayChange-0.5to0.5,year2High,_HTGT3.0_,,,%%HLTF:(UPTREND-MorningTrend-UP)mayBuyTail-highTailGT2-7,10thDayGT10-Last2DayStockDown,",0.2739723198187025,2,1,1
"PCTChangeGT2,_HTGT1.5_,,,%%HLTF-Last2HighTail:(UPTREND)buy(DOWNTREND)sell:HighUpperTailPre-last2DayUp,vol-sell-DownVol-3dayUp-Week2High,(GLOBALFUTUP-UPTRENDMARKET)checkBuyConsolidationBreakUp-week2-highNotReachedWeek3,week2BarHighChangeGT2,weekHighGTweek2High,brokenToday,",2.468085106382967,1,1,0
"PCTChangeLT-3,_LTGT3.0_,,,(GLOBALFUTDOWN-DOWNTRENDMARKET)checkSellConsolidationBreakDown-week2-lowNotReachedWeek3,week2BarLowChangeLT0,weekLowLTweek2Low,##DOWNTREND:sellYear2HighReversal(InDownTrend),##(Check-chart-buy):month3High-InMinus,ReversalHighMonth3,",0.6069458739141849,1,1,0
"PCTChangeLT-2,_LTGT1.5_,,,checkSellConsolidationBreakDown-month3HighGTMonth3Low,chisDownTrend-Risky-nearHigh,MayBuyCheckChart-(IndexNotUpInSecondHalf),",1.5061795221528518,1,1,0
"PCTChangeGT1,,,,%%:sellUpTrend-month3High,##MAPositive_Uptrend(GT1),##MA-SMA200GT0SMA100GT0,",-0.09130597008347083,7,3,4
"PCTChangeGT2,_HTGT3.0_,,,BuyYearLow,##RisingMA(check-chart-sell)-MaySellCheckChart,",0.7985525252382032,1,1,0
"PCTChangeLT-3,,,,volSellContinueLast2DayDown-VolUp,##DOWNTREND:sellMonth6HighReversal(InDownTrend),##(Check-chart-buy):month3High-InMinus,ReversalHighMonth3,",-0.3580142264971024,1,0,1
"PCTChangeLT-8,_HTGT1.5__LTGT3.0__LTGTPCTDayChange_,,,##MANegative_Downtrend_(LT-2),##MA-SMA200LT0SMA100LT0,",4.213116755251037,1,1,0
"PCDCGT0PCTChangeLT-1,_HTGT1.5_,,,##MA-SMA200LT0SMA100LT0,",-5.151664187554697,2,0,2
"PCTChangeLT-2,PCDayChange-0.5to0.5,_HTGT1.5_,,,%%HLTF-Last2HighTail:(DOWNTREND)sellHighUpperTailPre,",0.9632480564306187,4,3,1
"PCDCLT0PCTChangeGT0,PCDayChange-0.5to0.5,_LTGT1.5_,,,%%:checkSell:CupDownDoji-lastDayLT(-2)TodayDoji,",-1.587086139883534,9,4,5
"PCTChangeLT-3,_LTGT1.5_,,,sellPatterns-LT-1.5-SMALT0,(SMA9LT0),chisDownTrend-Risky-nearHigh,##DOWNTREND:sellMonth6HighReversal(InDownTrend),##last2DayLow(LT-3)-M3LGT0,##(Check-chart-buy):month6High-InMinus,ReversalHighMonth6,",-3.677941129371156,1,0,1
"PCTChangeGT3,,,,##(check-chart)sellEMA6>EMA14,##UPTREND:buyMonth6LowReversal(Confirm),",-0.2878843459682293,1,0,1
"PCTChangeLT-3,,,,(GLOBALFUTDOWN-DOWNTRENDMARKET)checkSellConsolidationBreakDown-week2-lowNotReachedWeek3,week2BarLowChangeLT-2,##DOWNTREND:sellMonth6HighReversal(InDownTrend),##last2DayLow(LT-3)-M3LGT0,volBuyRevarsalVolCrossed,##(Check-chart-buy):month6High-InMinus,ReversalHighMonth6,##(check-chart)maySell-EMA6-MT-May-LT-EMA14,",-3.7727272727272663,1,0,1
"PCTChangeLT-3,_HTGT1.5_,,,##DOWNTREND:sellMonth3LowBreak,",-5.598316736708046,2,0,2
"PCTChangeGT2,,,,chisUpTrend-Risky-nearLow,(GLOBALFUTUP-UPTRENDMARKET)checkBuyConsolidationBreakUp-week2-highNotReachedWeek3,week2BarHighChangeGT0,brokenToday,",1.5434335648682966,1,1,0
"PCTChangeLT-3,_LTGT3.0_,,,##DOWNTREND:sellYearHighReversal(InDownTrend),##(Check-chart-buy):month3High-InMinus,ReversalHighMonth3,",-2.628574916294645,1,0,1
"PCTChangeLT-1,_LTGT1.5_,,,(GLOBALFUTDOWN-DOWNTRENDMARKET)checkSellConsolidationBreakDown-week2-lowNotReachedWeek3,week2BarLowChangeLT0,chisDownTrend-Risky-nearHigh,",-1.3338665528723974,3,1,2
"PCTChangeLT-3,year2High,_HTGT1.5_,,,%%HLTF:(UPTREND-MorningTrend-UP)mayBuyTail-highTailGT2-7,10thDayGT10-Last2DayStockDown,",5.51386424028854,1,1,0
"PCTChangeGT2,_LTGT3.0_,,,VOL:buy(GLOBALFUTDOWN-GLOBALMARKETDOWN)Sell-UpVol-3dayUp-Week2Low,",-4.190609473953624,1,0,1
"PCTChangeLT-3,PCDayChange-0.5to0.5,_HTGT3.0__LTGT3.0_,,,%%:checkSell:Super01-monthLow,",-0.14492532481317935,1,0,1
"PCTChangeGT1,_HTGT1.5__HTGTPCTDayChange_,,,(Test)(check-chart-2-3MidCapCross)MaySellCheckChart-Risky,sellEveningStar-0,",6.045193142361105,1,1,0
"PCTChangeGT8,_HTGT1.5__LTGT1.5_,,,chisCheckConsolidationBreakoutGT(4.5),",0.13513880091028294,1,1,0
"PCTChangeGT2,,,,chisCheckConsolidationBreakoutLT(4.5),(GLOBALFUTUP-UPTRENDMARKET)checkBuyConsolidationBreakUp-week2,weekBarHighChangeGT0,brokenToday,",-0.8754804613774831,1,0,1
"PCTChangeGT0,PCDayChange-0.5to0.5,_LTGT3.0_,,,%%HLTF:sellStockInUptrendReversal,",-0.556952183441304,1,0,1
"PCTChangeGT3,_HTGT1.5__LTGT3.0_,,,%%HLTF-Risky:(GLOBAL-DOWN)sellHighLowerTail-Reversal-LastDayMarketUp,##MAPositive_Uptrend(GT2),##MA-SMA200GT0SMA100GT0,##lastDayHighGT5TodayGT1,",-0.7014943592583947,1,0,1
"PCTChangeLT-5,_HTGT1.5_,,,##MAPositive_Uptrend(LT-4.5),##MA-SMA200GT0SMA100GT0,",-0.020774497681811017,3,1,2
"PCTChangeGT3,_LTGT1.5_,,,##MAPositive_Uptrend(GT1),##MA-SMA200LT0SMA100GT0,",-1.6608191598948476,1,0,1
"PCDCLT0PCTChangeGT3,_LTGT1.5_,,,##MA-SMA200LT0SMA100GT0,",-2.34449444727421,2,0,2
"PCTChangeLT-2,year2High,_LTGT1.5_,,,%%HLTF:(GLOBAL-DOWN)sellHighLowerTail-Reversal-LastDayMarketUp,volBuyReversalLast2DayDown-VolDown,",0.7386592752711708,1,1,0
"PCTChangeGT16,_HTGT1.5_,,,##(check-chart)sellEMA6>EMA14,",-2.4307317031926408,1,0,1
"PCTChangeLT-3,_LTGT3.0_,,,volBuyVolumeUpsergedLast2n3DayUp,chisDownTrend-Risky-nearHigh,",1.0940581729571761,1,1,0
"PCTChangeGT3,year2High,,,,volumeUpsergedLast2n3n4DayDown,weekBarHighChangeGT2,brokenToday,##last2DayHighGT3-M3HGT0,",-3.5417110559204783,1,0,1
"PCDCGT0PCTChangeLT-1,PCDayChange-0.5to0.5,_LTGT3.0_,,,chisSellSuper-Risky,-+,",8.637256497651133,1,1,0
"PCTChangeGT0.5,_HTGT1.5_,,,##MANegative_Downtrend_(GT0),##MA-SMA200LT0SMA100LT0,",-1.0714298536797533,1,0,1
"PCTChangeGT3,,,,chisUpTrend-Risky-nearLow,##RisingMA(Test)(check-chart-buy)-2DayUp,",-4.495797037076544,1,0,1
"PCTChangeLT-2,_HTGT1.5__HTGTPCTDayChange_,,,%%HLTF-Last2HighTail:(DOWNTREND)sellHighUpperTailPre-1,",-1.3519094128594087,7,1,6
"PCTChangeLT-3,,,,%%:checkSell:Flag2Week,##MANegative_Downtrend_(LT-2),##MA-SMA200LT0SMA100LT0,",-3.2219950358073035,1,0,1
"PCTChangeGT3,,,,volSellVolumeUpsergedLast2n3DayDown,volBuyContinueLast2DayUp-VolUp,chisCheckConsolidationBreakoutLT(4.5),",-1.8068835492525772,4,0,4
"PCTChangeLT-3,,,,weekBarLowChangeLT-2,##DOWNTREND:sellMonth6HighReversal(InDownTrend),##(Check-chart-buy):month3High-InMinus,ReversalHighMonth3,",2.571956144566737,3,3,0
"PCTChangeGT3,PCDayChange-0.5to0.5,year2High,_LTGT3.0_,,,%%HLTF:(SGXNIFTYUP)buyHighLowerTail-Continue,",3.9027979040658565,1,1,0
"PCTChangeGT1,_HTGT1.5_,,,##MANegative_Downtrend_(GT2),##MA-SMA200LT0SMA100LT0,(SMA9LT0),",2.1040252071099,1,1,0
"PCTChangeGT3,,,,volSellVolumeUpsergedLast2n3DayDown,(GLOBALFUTUP-UPTRENDMARKET)checkBuyConsolidationBreakUp-week2-highNotReachedWeek3,week2BarHighChangeGT2,weekHighGTweek2High,brokenToday,",1.3543576610331656,1,1,0
"PCTChangeLT-1,_HTGT1.5__HTGTPCTDayChange_,,,chisSell-smallUptrendReversal,",0.7650635095768759,8,5,3
"PCTDayChangeLT0,PCDayChange-0.5to0.5,_HTGT1.5__LTGT1.5_,,,##buyYear2LowMovingSMA,",0.08711495046339168,2,1,1
"PCTChangeLT-8,_HTGT1.5__LTGT1.5_,,,(GLOBAL-DOWN)maySellContinueHighVolatileLastDayDOWN-(LT-5),##MANegative_Downtrend_(LT-4.5),##MA-SMA200LT0SMA100LT0,",4.024300056620884,1,1,0
"PCTChangeLT-3,,,,volBuyVolumeUpsergedLast2n3DayUp,(GLOBALFUTDOWN-DOWNTRENDMARKET)checkSellConsolidationBreakDown-week2-lowNotReachedWeek3,week2BarLowChangeLT0,##DOWNTREND:sellYearHighReversal(InDownTrend),##(Check-chart-buy):month3High-InMinus,ReversalHighMonth3,##(check-chart)maySell-EMA6-MT-May-LT-EMA14,",-1.2547482102542773,1,0,1
"PCTDayChangeLT0,PCDayChange-0.5to0.5,,,,##MAPositive_Uptrend(LT0),##MA-SMA200GT0SMA100GT0,",-0.7294614080485017,6,1,5
"PCTChangeGT0.5,,,,chisSellFinalContinue-(lastDayUp)-2,",-0.850778893535529,4,2,2
"PCTChangeGT3,year2High,_HTGT1.5_,,,weekBarHighChangeGT2,",-0.2640560929040702,12,5,7
"PCDCLT0PCTChangeGT3,PCDayChange-0.5to0.5,_HTGT3.0__LTGT1.5_,,,%%HLTF:maySellTail-tailGT2-allDayGT0,",-0.2427192109430397,2,1,1
"PCTChangeLT-1,_HTGT1.5__LTGT1.5_,,,shortDownTrendBuyReversal-MonthLow-Doji-Last2DayLTToday,",-1.812165213114279,1,0,1
"PCTChangeLT-2,_HTGT1.5_,,,sellPatternsML,",-4.386717081069948,1,0,1
"PCTChangeGT3,,,,##MAPositive_Uptrend(GT1),##MA-SMA200GT0SMA100LT0,",4.149377593360992,1,1,0
"PCTChangeGT3,_HTGT1.5_,,,zigZagVolCrossedFromDown,",-1.1366670499589866,13,5,8
"PCDCGT0PCTChangeLT-1,PCDayChange-0.5to0.5,,,,chisBuyYearHigh-3,",-0.08598886539151994,22,10,12
"PCTChangeLT-3,_HTGT1.5__LTGT3.0__HTGTPCTDayChange__LTGTPCTDayChange_,,,checkCupDown-3dayDown-mayReversalBuy,",7.597814702627524,1,1,0
"PCTChangeGT2,,,,(GLOBALFUTUP-UPTRENDMARKET)checkBuyConsolidationBreakUp-week2-highNotReachedWeek3,week2BarHighChangeGT0,brokenToday,chisBuy-2week-breakoutup(check-chart)(|-|-| or --|),",-0.21326869584937408,2,0,1
"PCTChangeGT5,,,,##MAPositive_Uptrend(GT4.5),##MA-SMA200LT0SMA100GT0,##last2DayHighGT3-M3HLT0,",2.1406913823564127,5,4,1
"PCTChangeGT5,_HTGT3.0_,,,chisCheckConsolidationBreakoutGT(4.5),",-0.3403479988044588,2,0,2
"PCTChangeLT-5,_HTGT3.0__LTGT1.5__HTGTPCTDayChange_,,,##last2DayLow(LT-3)-M3LGT0,volBuyRevarsalVolCrossed,",-4.2225748626428095,1,0,1
"PCTChangeGT3,_HTGT1.5_,,,(GLOBALFUTUP-UPTRENDMARKET)checkBuyConsolidationBreakUp-week2-highNotReachedWeek3,week2BarHighChangeGT0,",-0.535383105917543,3,1,2
"PCTChangeGT3,year2High,,,,volSellVolumeUpsergedLast2n3DayDown,volBuyContinueLast2DayUp-VolUp,(GLOBALFUTUP-UPTRENDMARKET)checkBuyConsolidationBreakUp-week2,weekBarHighChangeGT2,brokenToday,",-2.161909807095093,1,0,1
"PCTChangeGT3,,,,volBuyVolumeUpsergedLast2n3DayDown,maySellFromBuyPattern-LT-1.8,##(check-chart)mayBuy-EMA6-LT-May-MT-EMA14,",-1.9758039905178861,1,0,1
"PCTChangeGT5,_HTGT1.5__LTGT3.0_,,,##MAPositive_Uptrend(GT4.5),##MA-SMA200GT0SMA100GT0,",0.905273841673687,3,2,1
"PCTChangeGT2,,,,weekBarHighChangeGT2,chisBuy-2week-breakoutup(check-chart)(|-|-| or --|),",-0.8994572641098336,9,3,6
"PCTChangeLT-2,_LTGT1.5_,,,VOL:buy-UpVol-3dayDown-Week2Low,##MANegative_Downtrend_(LT-2),##MA-SMA200LT0SMA100LT0,",2.8915731684803925,2,2,0
"PCTChangeGT2,,,,volumeUpsergedLast2n3n4DayDown,chisCheckConsolidationBreakout2WeekLT(4.5),",0.508063854884442,1,1,0
"PCTChangeLT-3,_HTGT3.0__LTGT1.5__HTGTPCTDayChange__LTGTPCTDayChange_,,,chisDownTrend-Risky-nearHigh,",2.396900987719923,1,1,0
"PCTChangeGT1,_LTGT1.5_,,,checkCupDown-lastDayUp,%%HLTF-Risky:(GLOBAL-DOWN)sellHighLowerTail-Reversal-LastDayMarketUp,",5.544354838709662,1,1,0
"PCTChangeGT16,,,,##MAPositive_Uptrend(GT2),##MA-SMA200GT0SMA100GT0,",-1.2844050696136775,1,0,1
"PCTChangeGT1,_LTGT3.0_,,,##(Check-chart-sell):month3Low-InPlus,NearLowMonth3,",1.7510469886189064,1,1,0
"PCTChangeLT-2,,,,checkCupDown-2dayDown-mayReversalBuy,##DOWNTREND:sellMonth3HighReversal(InDownTrend),##(Check-chart-buy):month3High-InMinus,ReversalHighMonth3,##(check-chart)maySell-EMA6-MT-May-LT-EMA14,",0.7598079107945296,1,1,0
"PCTChangeGT1,_HTGT1.5__LTGT3.0__HTGTPCTDayChange__LTGTPCTDayChange_,,,##UPTREND:buyMonth3Low,",0.981731191451997,1,1,0
"PCTChangeGT0,PCDayChange-0.5to0.5,_HTGT1.5__LTGT1.5_,,,%%:checkSell:CupDownDoji,",-3.667568462674957,2,0,2
"PCTChangeGT2,year2Low,,,,volumeUpsergedLast2n3n4DayDown,",1.2562517438615999,1,1,0
"PCTChangeGT1,,,,weekBarHighChangeGT0,buyPatternsML,",2.4178636521446197,1,1,0
"PCTChangeGT2,year2High,_LTGT1.5_,,,VOL:sell-UpVol-3dayUp-Week2High,",1.6107030868153478,1,1,0
"PCTChangeLT-2,,,,##DOWNTREND:sellYear2HighReversal(InDownTrend),$$MayBuy-CheckChart(monthLow-minimumLast4DayDown),##(Check-chart-buy):month3High-InMinus,ReversalHighMonth3,",-3.503694529937581,1,0,1
"PCTChangeGT2,,,,volumeUpsergedLast2n3n4DayDown,(GLOBALFUTUP-UPTRENDMARKET)checkBuyConsolidationBreakUp-week2-highNotReachedWeek3,week2BarHighChangeGT0,weekHighGTweek2High,brokenToday,",-2.9604008033573073,3,0,3
"PCTChangeGT1,_HTGT3.0__LTGT3.0_,,,volumeUpsergedLast2n3n4DayDown,",-1.2453554288162287,1,0,1
"PCTChangeGT5,_LTGT3.0_,,,##RisingMA(Test)(check-chart-buy)-1DayUp,",12.036330932509493,1,1,0
"PCTChangeLT-2,year2Low,_LTGT3.0_,,,buyMorningStar-HighLowerTail,",0.4069798995213325,4,2,2
"PCTChangeGT2,,,,checkBuyConsolidationBreakout-allPreLT0,weekBarHighChangeGT0,brokenToday,",-2.049722530897657,1,0,1
"PCDCLT0PCTChangeGT5,_HTGT3.0__HTGTPCTDayChange_,,,%%HLTF:maySellTail-tailGT2-7,10thDayGT20,",-3.3345941708554627,1,0,1
"PCTChangeLT-1,,,,%%HLTF-Last2DayMarketDown:(GLOBAL-UP)buyHighUpperTailPre1-Reversal-LastDayMarketDown,",-0.3691702999019845,6,4,2
"PCTChangeGT5,year2High,_HTGT1.5_,,,volumeUpsergedLast2n3n4DayDown,##last2DayHighGT3-M3HGT0,",-4.169636605029418,2,0,2
"PCTChangeLT-3,_HTGT3.0__LTGT1.5_,,,chisSell-smallUptrendReversal,",10.409971489333042,2,2,0
"PCTChangeGT2,_LTGT3.0_,,,(GLOBALFUTUP-UPTRENDMARKET)checkBuyConsolidationBreakUp-week2-highNotReachedWeek3,week2BarHighChangeGT0,weekHighGTweek2High,brokenToday,",-1.031894934333957,1,0,1
"PCTChangeLT-0.5,,,,%%:checkSell:Super0,shortDownTrendBuyReversal-Month3Low-Doji-Last2DayLTToday,",-0.5969486975457782,1,0,1
"PCTChangeLT-3,,,,volBuyReversalLast2DayDown-VolDown,weekBarLowChangeLT-2,##(Check-chart-buy):month3High-InMinus,ReversalHighMonth3,",3.150968031358435,1,1,0
"PCTChangeGT3,,,,volumeUpsergedLast2n3n4DayDown,volBuyContinueLast2DayUp-VolUp,weekBarHighChangeGT2,brokenToday,",-0.687349717226395,3,0,3
"PCTChangeLT-2,_LTGT3.0_,,,chisSellDownTrend-nearHigh,",-3.0676979978152787,2,0,2
"PCTChangeGT3,,,,(GLOBALFUTUP-UPTRENDMARKET)checkBuyConsolidationBreakUp-week2-highNotReachedWeek3,week2BarHighChangeGT0,brokenToday,##last2DayHighGT3-M3HLT0,",-0.011848829691588106,3,2,1
"PCTChangeLT-3,,,,volBuyReversalLast2DayDown-VolDown,chisDownTrend-Risky-nearHigh,##DOWNTREND:sellYear2HighReversal(InDownTrend),##(Check-chart-buy):YearHigh-InMinus,ReversalHighYear,",1.5576876126803016,1,1,0
"PCTChangeLT-5,_HTGT1.5_,,,chisDownTrend-Risky-nearHigh,##(check-chart)buyEMA6<EMA14,",2.19636081056707,1,1,0
"PCTChangeLT-2,,,,volSellVolumeUpsergedLast2n3DayUp,(GLOBALFUTDOWN-DOWNTRENDMARKET)checkSellConsolidationBreakDown-week2-lowNotReachedWeek3,week2BarLowChangeLT0,",-1.213316639545908,1,0,1
"PCTChangeGT0.5,_HTGT1.5__HTGTPCTDayChange_,,,%%:sellDowntrend-lastDayUp-ReversalHighTail,$$(DOWNTREND-OR-GLOBALDOWN)MaySellContinue-CheckChart(inuptrend-monthlow)-highTail,",-3.242505148905824,1,0,1
"PCTChangeLT-3,_LTGT1.5_,,,##MANegative_Downtrend_(LT-1),##MA-SMA200GT0SMA100LT0,",1.4025028428427166,4,3,1
"PCTChangeLT-3,year2High,_HTGT3.0__LTGT1.5_,,,%%checkCupDown-2dayDown-continue,",-2.018345824075411,1,0,1
"PCTChangeLT-1,_HTGT1.5__HTGTPCTDayChange_,,,%%:checkSell:Super0,##MANegative_Downtrend_(LT-1),##MA-SMA200LT0SMA100LT0,%%:buyDownTrend-month3Low,",1.038154130338658,1,1,0
"PCTChangeGT0,PCDayChange-0.5to0.5,_LTGT3.0_,,,chisSellFlag2Week-doji-Risky,",0.016540729224085133,1,1,0
"PCTChangeGT5,,,,chisBuyUpTrend-nearLow,##UPTREND:buyYear2LowReversal(Confirm),",3.2047441522162505,1,1,0
"PCTChangeLT-2,_LTGT1.5_,,,volBuyReversalLast2DayDown-VolDown,##ML:BuyRisingMA-Risky-0,",-0.14638092558263577,1,0,1
"PCTChangeGT5,_HTGT3.0_,,,volumeUpsergedLast2n3n4DayDown,volBuyContinueLast2DayUp-VolUp,",4.719650058529983,1,1,0
"PCTChangeGT3,_HTGT1.5_,,,MaySellCheckChart-(IndexNotDownInSecondHalf),##MAPositive_Uptrend(GT2),##MA-SMA200GT0SMA100GT0,",-1.5729844876260284,2,0,2
"PCDCGT0PCTChangeLT-1,_HTGT3.0__LTGT3.0__LTGTPCTDayChange_,,,##ML:buyRisingMA-down-Risky,",-0.817438692098085,1,0,1
"PCTChangeGT3,,,,##(Check-chart-sell):month3Low-InPlus,ReversalLowMonth3,chisUpTrend-Risky-nearLow,volBuyContinueLast2DayUp-VolUp,##UPTREND:buyMonth3LowReversal(Confirm),",0.5297001317972966,1,1,0
"PCTDayChangeLT0,_HTGT1.5__HTGTPCTDayChange_,,,##MA-SMA200LT0SMA100LT0,",-9.06150015567301,1,0,1
"PCTChangeGT1,,,,chisSellFinalContinue-(lastDayUp)-1,buyFinal,",-1.113545877199852,2,1,1
"PCTChangeGT3,,,,volBuyContinueLast2DayUp-VolUp,(GLOBALFUTUP-UPTRENDMARKET)checkBuyConsolidationBreakUp-week2-highNotReachedWeek3,week2BarHighChangeGT0,brokenToday,",-1.5260922618784023,7,0,7
"PCTChangeLT-3,_HTGT3.0__HTGTPCTDayChange_,,,vol-buy-DownVol-3dayDown-Week2Low,##MANegative_Downtrend_(LT-2),##MA-SMA200LT0SMA100LT0,##last2DayLow(LT-3)-M3LGT0,",0.39805950875042634,1,1,0
"PCTChangeLT-3,_HTGT3.0__HTGTPCTDayChange_,,,##DOWNTREND:sellMonth6HighReversal(InDownTrend),##(Check-chart-buy):month3High-InMinus,ReversalHighMonth3,",-0.28604943140004646,1,0,1
"PCTChangeLT-3,year2Low,_LTGT1.5_,,,volSellContinueLast2DayDown-VolUp,",-4.510423243705069,2,0,2
"PCTChangeGT2,,,,$$MaySell-CheckChart(monthHigh-minimumLast4DayUp),chisBuyUpTrend-1-YearHigh,chisCheckConsolidationBreakout2WeekLT(4.5),",-1.3687576409125237,1,0,1
"PCTChangeGT1,,,,chisBuyUpTrend-nearLow,##RisingMA(Test)(check-chart-buy)-2DayUp,",0.2723127543872089,4,2,2
"PCTChangeGT3,_LTGT1.5_,,,(Test)sellHeavyUpTrend-Reversal-1,VOL:sell-UpVol-3dayUp-Week2High,weekBarHighChangeGT2,",-0.8561643835616457,1,0,1
"PCTChangeLT-3,_HTGT3.0__LTGT3.0__HTGTPCTDayChange__LTGTPCTDayChange_,,,volBuyRevarsalVolCrossed,",-0.7817000547796696,1,0,1
"PCTChangeGT2,_LTGT3.0_,,,%%HLTF-Risky:(GLOBAL-DOWN)sellHighLowerTail-Reversal-LastDayMarketUp,##MAPositive_Uptrend(GT1),##MA-SMA200LT0SMA100GT0,",2.527201131293575,1,1,0
"PCDCGT0PCTDayChangeLT0,,,,buyYearHigh-0,",-0.19810231471023063,28,13,15
"PCTChangeLT-3,,,,##last2DayLow(LT-3)-M3LGT0,chisSellDayLowVolLow-02-checkMorningTrend(.5SL),",1.187045968693793,1,1,0
"PCTDayChangeLT0,PCDayChange-0.5to0.5,_HTGT3.0__LTGT3.0_,,,weekLowLTweek2,",13.879315606478986,1,1,0
"PCTChangeLT-1,_HTGT1.5__LTGT3.0__HTGTPCTDayChange__LTGTPCTDayChange_,,,%%HLTF:(SGXNIFTYUP)buyHighLowerTail-Continue,",-0.471378416324707,1,0,1
"PCTChangeLT-3,,,,checkCupDown-2dayDown-mayReversalBuy,##DOWNTREND:sellMonth3HighReversal(InDownTrend),##last2DayLow(LT-3)-M3LGT0,##(Check-chart-buy):month3High-InMinus,ReversalHighMonth3,",-3.155773699722416,1,0,1
"PCTChangeGT8,_HTGT1.5_,,,%%HLTF-Last2HighTail:(UPTREND)buy(DOWNTREND)sell:HighUpperTailPre-last2DayUp,volumeUpsergedLast2n3n4DayDown,##MAPositive_Uptrend(GT4.5),##MA-SMA200GT0SMA100GT0,",6.115112149609183,1,1,0
"PCTChangeLT-0.5,_HTGT1.5_,,,%%:checkSell:Super01-monthLow,%%HLTF:maySellTail-tailGT2-7,10thDayGT0,",0.40909481299604206,1,1,0
"PCTChangeGT5,_HTGT1.5_,,,%%HLTF-Last2HighTail:(UPTREND)buy(DOWNTREND)sell:HighUpperTailPre-last2DayUp,VOL:sell-UpVol-3dayUp-Week2High,##MAPositive_Uptrend(GT4.5),##MA-SMA200GT0SMA100GT0,##last2DayHighGT3-M3HGT0,",3.5631553248355217,1,1,0
"PCTDayChangeLT0,_HTGT1.5__LTGT1.5_,,,(SMA9GT0),",3.7953921526858787,1,1,0
"PCTChangeGT3,,,,volSellReversalLast2DayUp-VolDown,chisCheckConsolidationBreakoutLT(4.5),(GLOBALFUTUP-UPTRENDMARKET)checkBuyConsolidationBreakUp-week2-highNotReachedWeek3,week2BarHighChangeGT2,weekHighGTweek2High,brokenToday,",1.7704407791400973,1,1,0
"PCTChangeLT-0.5,_HTGT1.5__LTGT1.5__HTGTPCTDayChange__LTGTPCTDayChange_,,,%%HLTF:(UPTREND-MorningTrend-UP)mayBuyTail-highTailGT2-7,10thDayGT10-Last2DayStockDown,",6.996979958341207,1,1,0
"PCTChangeLT-3,_HTGT1.5__LTGT1.5_,,,checkCupDown-2dayDown-mayReversalBuy,",2.0143770073870217,2,2,0
"PCTChangeGT1,_HTGT3.0__HTGTPCTDayChange__LTGTPCTDayChange_,,,%%HLTF-Last2HighTail:(UPTREND)buy(DOWNTREND)sell:HighUpperTailPre-last2DayUp,shortUpTrendSellReversal-Month3High-Doji-Last2DayGTToday,",0.32216494845361493,1,1,0
"PCTChangeLT-5,_HTGT3.0__LTGT1.5__HTGTPCTDayChange_,,,##MANegative_Downtrend_(LT-1),##MA-SMA200LT0SMA100LT0,",-0.3999982561383954,1,0,1
"PCTChangeLT-3,,,,%%HLTF-Last2DayMarketDown:(GLOBAL-UP)buyHighUpperTailPre1-Reversal-LastDayMarketDown,##DOWNTREND:sellYear2HighReversal(InDownTrend),##(Check-chart-buy):month3High-InMinus,ReversalHighMonth3,",-0.2824345959169063,1,0,1
"PCTChangeLT-12,_LTGT3.0_,,,volSellContinueLast2DayDown-VolUp,##MANegative_Downtrend_(LT-4.5),##MA-SMA200LT0SMA100LT0,",6.012467505727042,2,2,0
"PCTChangeLT-3,,,,chisSellFlagWeek-Risky,##sellTenDaysMoreThanTen,",-1.696429933820447,1,0,1
"PCTChangeGT3,,,,chisUpTrend-Risky-nearLow,checkBuyConsolidationBreakout-allPreLT0,(GLOBALFUTUP-UPTRENDMARKET)checkBuyConsolidationBreakUp-week2-highNotReachedWeek3,week2BarHighChangeGT0,brokenToday,",-0.7112301285453584,2,0,2
"PCTChangeLT-5,_HTGT1.5__HTGTPCTDayChange_,,,chisDownTrend-Risky-nearHigh,",-4.313041355298916,1,0,1
"PCTChangeLT-1,_LTGT1.5_,,,weekBarLowChangeLT0,chisDownTrend-Risky-nearHigh,",-2.5647736464790545,1,0,1
"PCTChangeLT-3,,,,%%checkCupDown-2dayDown-continue,##(check-chart)maySell-EMA6-MT-May-LT-EMA14,",1.5483160613749831,2,1,1
"PCTChangeLT-3,,,,checkCupDown-2dayDown,##longDownTrend-2-IndexNotDownLastDay(checkBase),chisSellDownTrend-nearHigh,",-3.2669699315387426,1,0,1
"PCTChangeLT-1,,,,volumeUpsergedLast2n3n4DayUp,(GLOBALFUTDOWN-DOWNTRENDMARKET)checkSellConsolidationBreakDown-week2-lowNotReachedWeek3,week2BarLowChangeLT0,chisDownTrend-Risky-nearHigh,##(Check-chart-buy):month3High-InMinus,ReversalHighMonth3,",3.679894896677608,1,1,0
"PCDCGT0PCTChangeLT-1,year2Low,_HTGT1.5_,,,volSellRevarsalVolCrossed,",-3.123972314806911,1,0,1
"PCTChangeLT-3,year2Low,_HTGT1.5__LTGT3.0__LTGTPCTDayChange_,,,volBuyVolumeUpsergedLast2n3DayUp,volSellContinueLast2DayDown-VolUp,##last2DayLow(LT-3)-M3LLT0,",-6.026376146788991,1,0,1
"PCTChangeLT-3,,,,weekBarLowChangeLT-2,brokenToday,",-0.5391383627185617,148,62,84
"PCTChangeLT-3,_HTGT1.5_,,,volSellContinueLast2DayDown-VolUp,chisDownTrend-Risky-nearHigh,##(Check-chart-buy):month3High-InMinus,ReversalHighMonth3,",-3.3615462869369708,1,0,1
"PCDCGT0PCTDayChangeLT0,PCDayChange-0.5to0.5,year2High,_HTGT3.0__LTGT1.5_,,,%%HLTF-Last2HighTail:(UPTREND)buy(DOWNTREND)sell:HighUpperTailPre-last2DayUp,",-0.14140197486652975,2,1,1
"PCTChangeLT-1,PCDayChange-0.5to0.5,_HTGT1.5_,,,(SMA9GT0),",-0.8434859907881476,1,0,1
"PCTChangeLT-2,_LTGT1.5_,,,##MANegative_Downtrend_(LT-2),##MA-SMA200LT0SMA100LT0,buyMorningStar-HighLowerTail,chisBuyYear2Low,",-1.849054300560143,1,0,1
"PCTChangeEQ0,,,,%%:checkSell:CupDownDoji-lastDayLT(-2)TodayDoji,",-1.0781288146972707,1,0,1
"PCTChangeGT1,,,,week2BarHighChangeGT0,brokenToday,chisBuyYearHigh-3,",0.24445008428194281,7,5,2
"PCTChangeLT-1,_LTGT1.5_,,,chisSell-smallUptrendReversal,",-0.5385942311802626,12,3,9
"PCTChangeLT-1,,,,volBuyReversalLast2DayDown-VolDown,##ML:BuyRisingMA-Risky-0,",-0.421687972593499,1,0,1
"PCTChangeGT5,year2Low,_HTGT3.0_,,,chisSellYear2LowLT-40-last4DayDown(triggerAfter-9:15),zigZagVolCrossedFromDown,",2.2579026247337,1,1,0
"PCTChangeGT1,,,,##(Check-chart-sell):month3Low-InPlus,NearLowMonth3,volSellReversalLast2DayUp-VolDown,chisBuyFinalCandidate-3,",3.1663500732436263,1,1,0
"PCTChangeLT-3,,,,checkCupDown-2dayDown-mayReversalBuy,##DOWNTREND:sellYearHigh(InDownTrend),##(Check-chart-buy):month3High-InMinus,BreakHighMonth3,",-0.011573927685838549,1,0,1
"PCTChangeGT3,_HTGT1.5_,,,##(Check-chart-sell):month3Low-InPlus,ReversalLowMonth3,chisUpTrend-Risky-nearLow,weekBarHighChangeGT2,##UPTREND:buyMonth6LowReversal(Confirm),##last2DayHighGT3-M3HLT0,",3.0587059899291944,1,1,0
"PCTChangeLT-3,,,,chisSellFlagWeek-Risky,checkCupDown-2dayDown,volBuyReversalLast2DayDown-VolDown,",-2.3976707337953678,1,0,1
"PCTChangeLT-2,_HTGT1.5__LTGT1.5__HTGTPCTDayChange__LTGTPCTDayChange_,,,volBuyRevarsalVolCrossed,",-4.024928476104296,1,0,1
"PCTChangeLT-3,,,,chisSellDownTrend-nearHigh,zigZagVolCrossedFromUp,",-3.784213648618998,2,0,2
"PCTChangeGT3,year2Low,_HTGT1.5_,,,chisSellYear2LowLT-40-last3DayDown(triggerAfter-9:15),",-0.5303741125403112,1,0,1
"PCTChangeGT2,_HTGT1.5__LTGT1.5__HTGTPCTDayChange__LTGTPCTDayChange_,,,%%HLTF-Last2HighTail:(UPTREND)buy(DOWNTREND)sell:HighUpperTailPre-last2DayUp,%%:sellUpTrend-month3High,",1.5720550670373863,1,1,0
"PCTDayChangeLT0,PCDayChange-0.5to0.5,_HTGT3.0__LTGT3.0_,,,chisBuyYearHigh-3,",-5.452169667119563,1,0,1
"PCTChangeLT-3,_HTGT1.5__HTGTPCTDayChange_,,,%%HLTF-Last2HighTail:(DOWNTREND)sell(UPTREND)buy:HighUpperTailPre,chisSellDownTrend-nearHigh,",-7.872256250314652,1,0,1
"PCTChangeLT-3,_HTGT1.5__LTGT3.0__LTGTPCTDayChange_,,,##MANegative_Downtrend_(LT-4.5),##MA-SMA200LT0SMA100LT0,##last3DayLow(LT-3)-M3LLT0,",-9.618059794108081,1,0,1
"PCTChangeGT3,,,,volSellVolumeUpsergedLast2n3DayDown,checkBuyConsolidationBreakUp-2week,week2BarHighChangeGT2,chis-breakoutup-2week,",-1.6611295470541354,1,0,1
"PCTChangeGT0,,,,(GLOBALFUTUP-UPTRENDMARKET)checkBuyConsolidationBreakUp-week2-highNotReachedWeek3,week2BarHighChangeGT0,",-2.4664794076851804,2,0,2
"PCTChangeGT5,year2High,,,,checkBuyConsolidationBreakout-allPreLT0,weekBarHighChangeGT2,",1.2145346783576976,1,1,0
"PCTChangeLT-3,,,,checkCupDown-2dayDown-mayReversalBuy,VOL:buy-UpVol-3dayDown-Week2Low,##last2DayLow(LT-3)-M3LGT0,",1.2803979013480422,1,1,0
"PCTChangeGT2,_HTGT3.0__LTGT1.5__HTGTPCTDayChange__LTGTPCTDayChange_,,,%%HLTF-Last2HighTail:(UPTREND)buy(DOWNTREND)sell:HighUpperTailPre-last2DayUp,%%:sellUpTrend-month3High,volSellReversalLast2DayUp-VolUp,",4.29411944221048,1,1,0
"PCTChangeGT3,_HTGT1.5__LTGT3.0__HTGTPCTDayChange__LTGTPCTDayChange_,,,%%HLTF-Risky:(GLOBAL-DOWN)sellHighLowerTail-Reversal-LastDayMarketUp,",-1.199224796712227,4,2,2
"PCDCLT0PCTChangeGT1,_HTGT3.0_,,,%%HLTF:maySellTail-tailGT2-allDayGT0,##MA-SMA200GT0SMA100GT0,",1.7396887895188629,1,1,0
"PCTChangeLT-1,,,,%%:checkSell:FlagWeek,volSellContinueLast2DayDown-VolUp,",-2.651927767252158,2,0,2
"PCTChangeGT5,,,,volSellReversalLast2DayUp-VolDown,##MAPositive_Uptrend(GT4.5),##MA-SMA200GT0SMA100LT0,",-2.451838879159367,1,0,1
"PCTChangeLT-2,,,,vol-buy-DownVol-3dayDown-Week2Low,weekBarLowChangeLT-2,",0.7043067732080639,15,8,7
"PCTChangeGT2,,,,chisUpTrend-Risky-nearLow,chisCheckConsolidationBreakoutLT(4.5),(GLOBALFUTUP-UPTRENDMARKET)checkBuyConsolidationBreakUp-week2-highNotReachedWeek3,week2BarHighChangeGT0,weekHighGTweek2High,brokenToday,##UPTREND:buyYearLowReversal(Confirm),",-3.0469540759262226,1,0,1
"PCTChangeGT0.5,_HTGT3.0__HTGTPCTDayChange_,,,buyYearHigh-0,",0.2846121681660731,5,3,2
"PCTChangeLT-2,,,,volBuyReversalLast2DayDown-VolDown,chisSellUpTrend-Risky-2,",-0.3083360638443044,7,2,5
"PCTChangeGT2,year2High,,,,(GLOBALFUTUP-UPTRENDMARKET)checkBuyConsolidationBreakUp-month,weekBarHighChangeGT0,brokenToday,",-1.4932780204338516,1,0,1
"PCTDayChangeLT0,PCDayChange-0.5to0.5,_HTGT1.5_,,,%%:check(UPTREND-UPMARKET)Buy(DOWNTRENDTREND-DOWNMARKET)Sell:Super01-monthLow,%%HLTF:maySellTail-tailGT2-7,10thDayGT0,",-2.2148113396133233,1,0,1
"PCTChangeLT-3,_LTGT1.5_,,,(GLOBALFUTDOWN-DOWNTRENDMARKET)checkSellConsolidationBreakDown-week2-lowNotReachedWeek3,week2BarLowChangeLT-2,##DOWNTREND:sellMonth3HighReversal(InDownTrend),##(Check-chart-buy):month3High-InMinus,ReversalHighMonth3,",0.1732703482750504,1,1,0
"PCTChangeLT-3,_HTGT1.5_,,,chisSell-smallUptrendReversal,%%HLTF:maySellTail-tailGT2-7,10thDayGT0,chisSellDownTrend-nearHigh,##DOWNTREND:sellMonth3High(InDownTrend),##(Check-chart-buy):month3High-InMinus,NearHighMonth3,",-2.5203239627000826,1,0,1
"PCTChangeLT-1,_HTGT1.5_,,,volSellVolumeUpsergedLast2n3DayUp,",-1.5443458321743802,2,0,2
"PCTChangeGT3,_LTGT1.5_,,,buyHeavyUpTrend-Continue-(Risky),##MAPositive_Uptrend(GT2),##MA-SMA200GT0SMA100GT0,",-3.3547052199939893,1,0,1
"PCTChangeGT1,_HTGT1.5_,,,weekBarHighChangeGT0,brokenToday,",-0.9645753336725026,5,1,4
"PCTChangeLT-0.5,_HTGT1.5__LTGT1.5__HTGTPCTDayChange__LTGTPCTDayChange_,,,chisDownTrend-Risky-nearHigh,",-0.28152092746572543,4,2,2
"PCTChangeLT-2,,,,checkCupDown-month3HighLTmonth3Low,bar_low,##(Check-chart-buy):month3High-InMinus,BreakHighMonth3,",1.03574966762887,2,2,0
"PCTChangeGT3,_LTGT1.5_,,,##MAPositive_Uptrend(GT2),##MA-SMA200LT0SMA100GT0,",0.2763818811999326,5,3,2
"PCTChangeLT-2,year2High,_HTGT1.5_,,,%%HLTF:(UPTREND-MorningTrend-UP)mayBuyTail-highTailGT2-7,10thDayGT10-Last2DayStockDown,volumeUpsergedLast2n3n4DayUp,volSellContinueLast2DayDown-VolUp,##sellTenDaysMoreThanTen,",0.3719564500625786,1,1,0
"PCDCLT0PCTChangeGT5,_HTGT1.5__LTGT1.5_,,,chisSellLastDayHighUpReversal,",0.8587849950257576,1,1,0
"PCDCGT0PCTChangeLT-1,_HTGT1.5__HTGTPCTDayChange_,,,%%HLTF-Last2HighTail:(DOWNTREND)sellHighUpperTailPre-1,(Test)MaySell-CheckChart(downTrend-lastDayUp),",3.214285714285716,1,1,0
"PCTChangeGT2,_HTGT3.0__HTGTPCTDayChange_,,,%%HLTF-Risky9:30:maySellTail-tailGT2-7,10thDayGT15,%%HLTF:(UPTREND-GLOBAL/SGX-UP)BuyHighUpperTail-Reversal-7,10thDayGT15-LastDayMarketDown,sellEveningStar-0,%%:sellUpTrend-month3High,##MAPositive_Uptrend(GT1),##MA-SMA200LT0SMA100GT0,",-2.427533283325789,1,0,1
"PCTChangeGT5,_LTGT3.0_,,,##MAPositive_Uptrend(GT2),##MA-SMA200LT0SMA100LT0,",2.424439603119462,1,1,0
"PCTChangeGT2,_LTGT3.0_,,,chisSellFlag2Week-doji-Risky,",5.115742153591579,1,1,0
"PCTChangeGT12,,,,##MAPositive_Uptrend(GT4.5),##MA-SMA200GT0SMA100LT0,",0.05216802561693626,1,1,0
"PCTChangeGT1,_HTGT3.0_,,,%%:checkSell:Super2,",9.188607416740636,1,1,0
"PCTChangeGT0,PCDayChange-0.5to0.5,year2High,_HTGT3.0__LTGT3.0_,,,%%HLTF:(GLOBAL-DOWN)sellHighLowerTail-Reversal-LastDayMarketUp,",-1.061739322338582,1,0,1
"PCTChangeGT0.5,_HTGT1.5__HTGTPCTDayChange_,,,%%HLTF-Last2HighTail:(UPTREND)buy(DOWNTREND)sell:HighUpperTailPre-last2DayUp,%%HLTF:(GLOBAL-SGX-DOWN)maySellTail-2,3,4thDayGT0,",-0.365069649460235,2,0,2
"PCTChangeLT-2,_LTGT1.5_,,,chisSellFinalCandidate-1-(lastDayUp),##sellTenDaysMoreThanTen,",-0.30755694059469274,1,0,1
"PCTChangeGT3,,,,##MAPositive_Uptrend(GT2),##MA-SMA200LT0SMA100GT0,",-1.0310800742300177,35,12,23
"PCTDayChangeLT0,,,,##MAPositive_Uptrend(LT-1),##MA-SMA200GT0SMA100LT0,",-1.672471650164059,1,0,1
"PCTDayChangeLT0,_HTGT1.5__HTGTPCTDayChange_,,,%%HLTF:maySellTail-tailGT2-7,10thDayGT20,",-0.21428789411272764,1,0,1
"PCTChangeGT2,_HTGT1.5_,,,%%HLTF-Last2HighTail:(UPTREND)buy(DOWNTREND)sell:HighUpperTailPre-last2DayUp,##MAPositive_Uptrend(GT2),##MA-SMA200LT0SMA100GT0,",-1.1170819099089009,1,0,1
"PCTChangeGT3,_HTGT3.0__HTGTPCTDayChange_,,,##MAPositive_Uptrend(GT2),##MA-SMA200LT0SMA100GT0,",3.5301296931860606,2,1,1
"PCTChangeLT-3,,,,%%HLTF-Last2DayMarketDown:(GLOBAL-UP)buyHighUpperTailPre1-Reversal-LastDayMarketDown,volSellContinueLast2DayDown-VolUp,(GLOBALFUTDOWN-DOWNTRENDMARKET)checkSellConsolidationBreakDown-week2-lowNotReachedWeek3,week2BarLowChangeLT0,weekLowLTweek2Low,",-6.385869565217389,1,0,1
"PCTChangeGT2,year2Low,_LTGT1.5_,,,VOL:buy(GLOBALFUTDOWN-GLOBALMARKETDOWN)Sell-UpVol-3dayUp-Week2Low,",-1.8774876081611096,1,0,1
"PCTChangeGT1,,,,chisUpTrend-Risky-nearLow,##UPTREND:buyYear2Low,",0.317209778524292,1,1,0
"PCTChangeLT-5,_HTGT1.5__LTGT1.5_,,,##MANegative_Downtrend_(LT-4.5),##MA-SMA200LT0SMA100LT0,##last3DayLow(LT-3)-M3LLT0,chisBuyDayLowVolLow-01,",11.303277354422827,1,1,0
"PCTChangeGT3,_HTGT1.5__LTGT1.5_,,,volBuyVolumeUpsergedLast2n3DayDown,##buyTenDaysLessThanMinusTen,",0.23334753237226047,2,1,1
"PCTChangeLT-2,year2High,_HTGT1.5__LTGT1.5_,,,volSellVolumeUpsergedLast2n3DayUp,",-0.8136696400198491,1,0,1
"PCTChangeGT2,,,,##MAPositive_Uptrend(GT1),##MA-SMA200LT0SMA100GT0,",0.33094333578600676,5,4,1
"PCTChangeEQ0,PCDayChange-0.5to0.5,,,,(SMA9GT0),",-1.1335728427208576,1,0,1
"PCTChangeLT-2,_LTGT1.5_,,,volumeUpsergedLast2n3n4DayUp,volSellContinueLast2DayDown-VolUp,weekBarLowChangeLT-2,brokenToday,",-0.7941356139279049,1,0,1
"PCTChangeLT-1,PCDayChange-0.5to0.5,_HTGT3.0__LTGT1.5_,,,##MANegative_Downtrend_(LT0),##MA-SMA200LT0SMA100LT0,",-9.46011673151751,1,0,1
"PCTChangeGT0.5,PCDayChange-0.5to0.5,_HTGT1.5_,,,(SMA9LT0),",1.7145284930723477,3,2,1
"PCTChangeLT-2,,,,##DOWNTREND:sellYear2HighReversal(InDownTrend),##(Check-chart-buy):YearHigh-InMinus,ReversalHighYear,",-0.41736738644555543,27,14,13
"PCTChangeGT0.5,_HTGT1.5_,,,chisSellEveningStar-2(Check2-3MidCapCross),",-0.5909634506784897,18,6,12
"PCTChangeLT-0.5,PCDayChange-0.5to0.5,,,,sellPatternsML,sellPatterns-LT-1.5-SMALT0,(SMA9LT0),shortDownTrendSellContinue-Doji-Last2DayLTToday,",-2.5388992909890806,1,0,1
"PCTChangeLT-2,_HTGT1.5_,,,volumeUpsergedLast2n3n4DayUp,",1.5172024068698258,2,2,0
"PCTChangeLT-16,PCDayChange-0.5to0.5,,,,chisSellUpTrend-Risky-2,",0.6986827490532229,1,1,0
"PCTChangeGT2,,,,volBuyVolumeUpsergedLast2n3DayDown,##(Check-chart)ML:buyMonth3High-Continue,",0.0322861840057016,2,1,1
"PCTChangeGT5,_HTGT1.5__LTGT1.5_,,,(GLOBALFUTUP-UPTRENDMARKET)checkBuyConsolidationBreakUp-week2-highNotReachedWeek3,week2BarHighChangeGT0,",-0.6122364025853587,1,0,1
"PCTChangeLT-0.5,,,,##MANegative_Downtrend_(LT-1),##MA-SMA200LT0SMA100LT0,",0.5538648878312223,9,5,4
"PCTChangeLT-2,,,,%%:checkSell:Super0,##MANegative_Downtrend_(LT-2),##MA-SMA200LT0SMA100LT0,",0.4787750142668263,6,4,2
"PCTChangeLT-2,year2Low,_LTGT1.5_,,,weekBarLowChangeLT-2,",-1.9067405138215645,2,0,2
"PCTChangeGT3,,,,##ML:sellRisingMAuptrend-1,##UPTREND:buyYear2LowReversal(Confirm),",2.9100488341794137,1,1,0
"PCTChangeLT-12,year2Low,_HTGT3.0__LTGT3.0_,,,chisRSISellCandidate(yearLow)-lessThanMinus5,",-2.7683715848469195,1,0,1
"PCDCGT0PCTDayChangeLT0,PCDayChange-0.5to0.5,_HTGT1.5__LTGT1.5_,,,%%:sellDowntrend-lastDayUp-ReversalHighTail,",-1.985484446574399,4,0,4
"PCTChangeGT5,_HTGT1.5_,,,chisBuyDayHighVolLow-0,##last2DayHighGT3-M3HLT0,",-1.3843188895608172,1,0,1
"PCDCGT0PCTDayChangeLT0,PCDayChange-0.5to0.5,_HTGT1.5_,,,%%:checkBuyContinue:CupDownDoji-last2dayUp,",-2.7489663288838617,4,0,4
"PCTChangeGT2,_HTGT3.0__HTGTPCTDayChange_,,,%%HLTF-Last2HighTail:(UPTREND)buy(DOWNTREND)sell:HighUpperTailPre-last2DayUp,volumeUpsergedLast2n3n4DayDown,chisCheckConsolidationBreakout2WeekLT(4.5),(GLOBALFUTUP-UPTRENDMARKET)checkBuyConsolidationBreakUp-week2-highNotReachedWeek3,week2BarHighChangeGT0,weekHighGTweek2High,brokenToday,",2.2808002222287107,1,1,0
"PCTChangeLT-2,,,,checkCupDown-near2WeekDown-mayReveresalBuy,(GLOBALFUTDOWN-DOWNTRENDMARKET)checkSellConsolidationBreakDown-week2-lowNotReachedWeek3,week2BarLowChangeLT0,##DOWNTREND:sellYear2HighReversal(InDownTrend),volBuyRevarsalVolCrossed,%%:checkBuyRevarsalLast3DayDownAtMonth3High,##(Check-chart-buy):month3High-InMinus,ReversalHighMonth3,",-4.70632732050915,1,0,1
"PCTChangeGT2,year2High,,,,%%:sellUpTrend-month3High,VOL:sell-UpVol-3dayUp-Week2High,",0.11441691196341058,2,1,1
"PCTChangeGT2,,,,volSellReversalLast2DayUp-VolDown,week2BarHighChangeGT0,brokenToday,",1.6911354803771694,1,1,0
"PCTChangeLT-1,_HTGT1.5__HTGTPCTDayChange_,,,%%HLTF-Last2HighTail:(DOWNTREND)sellHighUpperTailPre,chisDownTrend-Risky-nearHigh,",1.032964293564964,10,6,4
"PCTChangeGT3,,,,chisUpTrend-Risky-nearLow,chisCheckConsolidationBreakoutLT(4.5),weekBarHighChangeGT2,##UPTREND:buyMonth6LowReversal(Confirm),",-1.1208761401449294,1,0,1
"PCTChangeGT3,year2High,_HTGT3.0__HTGTPCTDayChange_,,,volBuyContinueLast2DayUp-VolUp,",-2.0653186071807315,3,0,3
"PCTChangeLT-2,_HTGT1.5_,,,vol-buy-DownVol-3dayDown-Week2Low,weekBarLowChangeLT-2,",0.6802721088435382,1,1,0
"PCTChangeGT1,PCDayChange-0.5to0.5,_HTGT1.5__LTGT1.5_,,,%%HLTF-Last2HighTail:(UPTREND)buy(DOWNTREND)sell:HighUpperTailPre-last2DayUp,",-0.959353878036932,2,1,1
"PCTChangeLT-1,,,,chisSell-smallUptrendReversal,##buyYear2LowMovingSMA,",-1.9438298897902198,1,0,1
"PCTChangeLT-2,,,,weekBarLowChangeLT-2,##DOWNTREND:sellYearLowBreak,",-1.1995435316222283,5,1,4
"PCTChangeLT-2,_HTGT1.5__HTGTPCTDayChange_,,,volBuyReversalLast2DayDown-VolDown,##MAPositive_Uptrend(LT-2),##MA-SMA200GT0SMA100GT0,",-0.7312575590497343,1,0,1
"PCTChangeLT-1,_LTGT1.5_,,,MayBuyCheckChart-(IndexNotUpInSecondHalf),$$MayBuy-CheckChart(monthLow-minimumLast4DayDown),$$MayBuy-CheckChart(downTrend-mayReverseLast4DaysDown)-Risky,",0.007746882980672424,6,3,3
"PCDCGT0PCTDayChangeLT0,,,,chisSellSuper-Risky,-+,",0.808485422292173,3,2,1
"PCTDayChangeLT0,PCDayChange-0.5to0.5,_LTGT1.5_,,,chisBuyYearHigh-3,",-0.1854929035424248,46,20,25
"PCTChangeGT3,_HTGT3.0__HTGTPCTDayChange_,,,volSellReversalLast2DayUp-VolUp,weekBarHighChangeGT2,brokenToday,",-1.771900645674868,1,0,1
"PCTChangeLT-3,_HTGT1.5_,,,volBuyReversalLast2DayDown-VolDown,chisSellDayLowVolLow-02-checkMorningTrend(.5SL),",-0.9638875325520833,1,0,1
"PCTChangeLT-2,_HTGT1.5_,,,chisDownTrend-Risky-nearHigh,##(Check-chart-buy):YearHigh-InMinus,ReversalHighYear,",1.0085053141613234,2,1,1
"PCTChangeGT3,_HTGT1.5_,,,chisSellDayHighVolLow-01-checkMorningTrend(.5SL),volSellReversalLast2DayUp-VolDown,",4.765220310377035,1,1,0
"PCTChangeGT2,year2High,_HTGT1.5_,,,VOL:sell-UpVol-3dayUp-Week2High,",0.16179535829742225,2,2,0
"PCDCGT0PCTDayChangeLT0,_HTGT1.5_,,,%%:sellDowntrend-lastDayUp-ReversalHighTail,##(Test)(check-chart)-sellSMADownTrend,",0.2690775630536004,2,1,1
"PCTChangeGT2,PCDayChange-0.5to0.5,_HTGT1.5__LTGT1.5_,,,%%:sellDowntrend-lastDayUp-ReversalHighTail,%%HLTF-Last2LowTail:(DOWNTREND)sellHighLowerTailPre-1,",1.3075313807531435,1,1,0
"PCTChangeGT1,_HTGT1.5_,,,shortUpTrendBuyContinue-Doji-Last2DayGTToday,",-1.1805534362792969,1,0,1
"PCTChangeLT-3,_LTGT1.5_,,,##ML:BuyRisingMA-Risky-2,",10.523991266004979,1,1,0
"PCTChangeLT-2,PCDayChange-0.5to0.5,_HTGT3.0__LTGT1.5_,,,##ML:BuyRisingMA-Risky-1,",5.657120852650673,1,1,0
"PCTChangeGT2,_HTGT1.5_,,,chisUpTrend-Risky-nearLow,checkBuyConsolidationBreakout-allPreLT0,(GLOBALFUTUP-UPTRENDMARKET)checkBuyConsolidationBreakUp-week2-highNotReachedWeek3,week2BarHighChangeGT0,brokenToday,",-1.398601398601411,1,0,1
"PCTChangeGT2,,,,(GLOBALFUTUP-UPTRENDMARKET)checkBuyConsolidationBreakUp-week2-highNotReachedWeek3,week2BarHighChangeGT2,weekHighGTweek2High,chis-breakoutup-2week,chisSell-2week-breakoutup,##ML:sellRisingMAuptrend-1,##UPTREND:buyYear2LowReversal(Confirm),",3.2352957496031114,1,1,0
"PCTChangeLT-8,_HTGT1.5__HTGTPCTDayChange_,,,##MANegative_Downtrend_(LT-2),##MA-SMA200LT0SMA100LT0,",4.2145607869442765,1,1,0
"PCTChangeGT1,,,,$$MaySell-CheckChart(monthHigh-minimumLast4DayUp),chisCheckConsolidationBreakoutLT(4.5),weekBarHighChangeGT0,brokenToday,",-1.26163465498865,1,0,1
"PCTChangeGT1,year2Low,_HTGT3.0__LTGT3.0__HTGTPCTDayChange__LTGTPCTDayChange_,,,zigZagVolCrossedFromDown,",5.2579681838768,1,1,0
"PCTChangeLT-3,_HTGT1.5_,,,chisSell-smallUptrendReversal,",1.6733343772822122,4,3,1
"PCTChangeLT-1,,,,##MAPositive_Uptrend(LT-1),##MA-SMA200GT0SMA100LT0,",-1.0741138736731226,1,0,1
"PCTChangeGT5,_HTGT3.0__LTGT1.5_,,,##MAPositive_Uptrend(GT4.5),##MA-SMA200GT0SMA100GT0,##last2DayHighGT3-M3HLT0,",-3.51833496093749,1,0,1
"PCTChangeLT-8,_HTGT3.0_,,,(GLOBAL-DOWN)maySellContinueHighVolatileLastDayDOWN-month3LowGT0-(LT-8),",-2.6602708522988143,1,0,1
"PCTChangeGT3,,,,volumeUpsergedLast2n3n4DayDown,VOL:buy(GLOBALFUTDOWN-GLOBALMARKETDOWN)Sell-UpVol-3dayUp-Week2Low,##buyTenDaysLessThanMinusTen,",-2.202007114114447,1,0,1
"PCTChangeLT-0.5,_HTGT3.0__HTGTPCTDayChange_,,,(GLOBALFUTDOWN-DOWNTRENDMARKET)checkSellConsolidationBreakDown-week2-lowNotReachedWeek3,week2BarLowChangeLT0,weekLowLTweek2Low,",-1.140841631822183,1,0,1
"PCTChangeLT-5,,,,chisSellDayLowVolLow-0,##ML:sellRisingMA-down-(Risky),",-10.995441920649728,1,0,1
"PCTChangeGT3,year2High,,,,volBuyContinueLast2DayUp-VolUp,chisCheckConsolidationBreakout2WeekLT(4.5),",1.0780312581706673,2,2,0
"PCTChangeGT3,,,,##MAPositive_Uptrend(GT1),##MA-SMA200LT0SMA100GT0,",0.35619956643043754,1,1,0
"PCTChangeLT-3,year2High,,,,volSellVolumeUpsergedLast2n3DayUp,",-1.2100307478012544,4,2,2
"PCTChangeLT-3,,,,weekBarLowChangeLT-2,brokenToday,chisDownTrend-Risky-nearHigh,##DOWNTREND:sellMonth6HighReversal(InDownTrend),##(Check-chart-buy):month3High-InMinus,ReversalHighMonth3,##(check-chart)maySell-EMA6-MT-May-LT-EMA14,",-2.3447678541728236,1,0,1
"PCTDayChangeLT0,_HTGT1.5_,,,(SMA9GT0),",1.2954926989959148,1,1,0
"PCTChangeGT3,PCDayChange-0.5to0.5,_LTGT1.5_,,,%%HLTF:(SGXNIFTYUP)buyHighLowerTail-Continue,",-0.6995206376099355,1,0,1
"PCTDayChangeLT0,PCDayChange-0.5to0.5,_HTGT1.5_,,,%%HLTF-LastDayUp:(DOWNTREND-OR-GLOBALDOWN)MaySellHighTail-LastDayMarketUp,##MANegative_Downtrend_(LT0),##MA-SMA200LT0SMA100LT0,",-2.176951362867421,1,0,1
"PCTChangeGT3,_HTGT1.5_,,,chisSellYear2LowLT-40-last3DayDown(triggerAfter-9:15),volBuyVolumeUpsergedLast2n3DayDown,",-0.440673828125,1,0,1
"PCDCLT0PCTChangeGT1,_HTGT3.0__LTGT1.5__HTGTPCTDayChange_,,,chisSell-smallUptrendReversal,",1.1638612824726873,2,1,1
"PCTChangeGT1,,,,shortUpTrendBuyContinue-Doji-Last2DayGTToday,##MAPositive_Uptrend(GT0),##MA-SMA200GT0SMA100GT0,",-3.304472185427797,1,0,1
"PCDCGT0PCTDayChangeLT0,PCDayChange-0.5to0.5,_LTGT1.5_,,,(SMA9GT0),",2.720033196997874,1,1,0
"PCTChangeLT-3,_LTGT1.5_,,,(GLOBALFUTDOWN-DOWNTRENDMARKET)checkSellConsolidationBreakDown-week2-lowNotReachedWeek3,week2BarLowChangeLT0,chisDownTrend-Risky-nearHigh,##DOWNTREND:sellMonth3HighReversal(InDownTrend),##(Check-chart-buy):month3High-InMinus,ReversalHighMonth3,",-2.5444190082945024,1,0,1
"PCTChangeGT3,,,,chisUpTrend-Risky-nearLow,volSellVolumeUpsergedLast2n3DayDown,##UPTREND:buyYearLowReversal(Confirm),",0.08733624454147158,1,1,0
"PCTChangeLT-1,year2High,,,,checkCupDown-3dayDown,",1.192126581410113,4,3,1
"PCTChangeGT3,,,,##(Check-chart-sell):month3Low-InPlus,ReversalLowMonth3,chisCheckConsolidationBreakoutLT(4.5),weekBarHighChangeGT2,brokenToday,##UPTREND:buyMonth3LowReversal(Confirm),",-2.0599401807161355,1,0,1
"PCTChangeLT-3,,,,chisSellDownTrend-nearHigh,##DOWNTREND:sellMonth6HighReversal(InDownTrend),##(Check-chart-buy):month3High-InMinus,ReversalHighMonth3,",2.1131338982524466,1,1,0
"PCTChangeGT5,_HTGT3.0__HTGTPCTDayChange_,,,##last2DayHighGT3-M3HGT0,",-0.24337695499521025,1,0,1
"PCTChangeLT-1,,,,chisSellFlag2Week-Risky,volBuyReversalLast2DayDown-VolDown,",-2.325574870151739,1,0,1
"PCTChangeGT2,,,,##(Check-chart-sell):month3Low-InPlus,NearLowMonth3,VOL:buy(GLOBALFUTDOWN-GLOBALMARKETDOWN)Sell-UpVol-3dayUp-Week2Low,",-2.6127364127431476,1,0,1
"PCTChangeLT-3,,,,volBuyVolumeUpsergedLast2n3DayUp,(GLOBALFUTDOWN-DOWNTRENDMARKET)checkSellConsolidationBreakDown-week2-lowNotReachedWeek3,week2BarLowChangeLT-2,chisDownTrend-Risky-nearHigh,##DOWNTREND:sellYear2HighReversal(InDownTrend),",1.422346071321006,1,1,0
"PCTChangeGT3,_HTGT3.0__LTGT3.0__HTGTPCTDayChange__LTGTPCTDayChange_,,,%%HLTF-Last2HighTail:(UPTREND)buy(DOWNTREND)sell:HighUpperTailPre-last2DayUp,volumeUpsergedLast2n3n4DayDown,",-6.9647073184742645,1,0,1
"PCTChangeGT2,,,,chisBuyUpTrend-nearLow,volSellVolumeUpsergedLast2n3DayDown,chisBuyConsolidationBreakUp-forecastDayPCT7changeGT0,##RisingMA(Test)(check-chart-buy)-2DayUp,##UPTREND:buyYearLowReversal(Confirm),",0.38043035977127637,1,1,0
"PCDCGT0PCTDayChangeLT0,_HTGT1.5__HTGTPCTDayChange__LTGTPCTDayChange_,,,%%:checkSell:Super2,",6.625293390011477,1,1,0
"PCTChangeLT-0.5,_LTGT3.0_,,,%%HLTF:(GLOBAL-UP)buyHighLowerTail-LastDayMarketUp,",0.4252347571328275,3,2,1
"PCTChangeLT-2,,,,volBuyReversalLast2DayDown-VolDown,##ML:buyRisingMA-down-Risky,",-1.244192424779189,5,1,4
"PCTChangeLT-1,_LTGT1.5_,,,checkCupDown-2dayDown-mayReversalBuy,##(Check-chart-buy):month3High-InMinus,NearHighMonth3,",-2.4925012543689276,1,0,1
"PCTChangeGT0.5,_HTGT1.5_,,,%%:checkBuyContinue:CupDownDoji,",1.30217550462629,1,1,0
"PCTChangeGT3,,,,##RisingMA(Test)(check-chart-buy)-1DayUp,##MAPositive_Uptrend(GT2),##MA-SMA200LT0SMA100LT0,",-0.027937507274212115,1,0,1
"PCTChangeLT-3,,,,##MAPositive_Uptrend(LT-2),##MA-SMA200GT0SMA100GT0,",0.6669174889950961,5,3,2
"PCTChangeGT1,_LTGT1.5_,,,%%HLTF-Risky:(GLOBAL-DOWN)sellHighLowerTail-Reversal-LastDayMarketUp,##MAPositive_Uptrend(GT1),##MA-SMA200LT0SMA100GT0,",0.9067002412700466,1,1,0
"PCTChangeLT-2,,,,checkCupDown-2dayDown-mayReversalBuy,##DOWNTREND:sellYearHighReversal(InDownTrend),%%:checkBuyRevarsalLast3DayDownAtMonth3High,",-1.3318627281526552,1,0,1
"PCTChangeGT3,_HTGT3.0__HTGTPCTDayChange_,,,%%HLTF-Last2HighTail:(UPTREND)buy(DOWNTREND)sell:HighUpperTailPre-last2DayUp,%%HLTF-Risky9:30:maySellTail-tailGT2-7,10thDayGT15,%%HLTF:(UPTREND-GLOBAL/SGX-UP)BuyHighUpperTail-Reversal-7,10thDayGT15-LastDayMarketDown,sellEveningStar-0,##MAPositive_Uptrend(GT2),##MA-SMA200GT0SMA100GT0,",5.356584199227827,1,1,0
"PCDCLT0PCTChangeGT0,PCDayChange-0.5to0.5,_LTGT1.5_,,,chisSellSuper-Risky,--,",1.1778772295078368,5,4,1
"PCDCLT0PCTChangeGT0,PCDayChange-0.5to0.5,_LTGT3.0_,,,chisSellSuper-Risky,--,",1.6616314199395896,1,1,0
"PCTChangeGT3,,,,chisCheckConsolidationBreakoutLT(4.5),chisBuyConsolidationBreakUp-2week-(Risky)-year2High,week2BarHighChangeGT0,brokenToday,##(Check-chart):year2High-InPlus,",-0.5899986853966344,1,0,1
"PCTChangeLT-2,,,,checkCupDown-2dayDown-mayReversalBuy,##(check-chart)maySell-EMA6-MT-May-LT-EMA14,",-0.6097059185696097,2,0,2
"PCTChangeGT3,_HTGT1.5_,,,volBuyContinueLast2DayUp-VolUp,checkBuyConsolidationBreakUp-2week,week2BarHighChangeGT2,brokenToday,",5.293787106096117,1,1,0
"PCTChangeGT3,,,,volSellReversalLast2DayUp-VolDown,weekBarHighChangeGT0,brokenToday,",2.6718735694885263,1,1,0
"PCTChangeLT-3,_LTGT1.5_,,,(GLOBALFUTDOWN-DOWNTRENDMARKET)checkSellConsolidationBreakDown-week2-lowNotReachedWeek3,week2BarLowChangeLT-2,##MANegative_Downtrend_(LT-4.5),##MA-SMA200LT0SMA100LT0,##last2DayLow(LT-3)-M3LGT0,",-4.877991522881519,1,0,1
"PCTDayChangeLT0,,,,%%:check(UPTREND-UPMARKET)Buy(DOWNTRENDTREND-DOWNMARKET)Sell:Super01-monthLow,(SMA9LT0),",-1.7269116404188662,1,0,1
"PCTChangeGT3,,,,chisBuyUpTrend-nearLow,volBuyVolumeUpsergedLast2n3DayDown,##UPTREND:buyMonth3LowReversal(Confirm),",-5.430118818270032,1,0,1
"PCTChangeLT-1,_HTGT3.0__LTGT1.5__HTGTPCTDayChange__LTGTPCTDayChange_,,,(GLOBALFUTDOWN-DOWNTRENDMARKET)checkSellConsolidationBreakDown-week2-lowNotReachedWeek3,week2BarLowChangeLT0,weekLowLTweek2Low,",0.3940719683731258,2,1,1
"PCTChangeLT-1,_HTGT3.0_,,,##MAPositive_Uptrend(LT0),##MA-SMA200LT0SMA100LT0,",2.733320388469208,1,1,0
"PCTChangeGT2,,,,checkBuyConsolidationBreakUp-2week,week2BarHighChangeGT0,brokenToday,chisBuy-2week-breakoutup(check-chart)(|-|-| or --|),",-1.0057266394007707,2,0,2
"PCTChangeLT-1,_LTGT3.0_,,,##MA-SMA200GT0SMA100LT0,buyMorningStar-HighLowerTail-(checkChart),(SMA9LT0),",-2.7575030458599525,1,0,1
"PCTChangeGT5,_HTGT1.5_,,,chisUpTrend-Risky-nearLow,weekBarHighChangeGT2,brokenToday,##UPTREND:buyYear2LowReversal(Confirm),",-0.1849568434031997,1,0,1
"PCDCLT0PCTChangeGT0,year2High,,,,##(Test)(check-chart)-buySMAUpTrend,",-2.2706074230665854,1,0,1
"PCTChangeGT2,year2Low,_HTGT3.0__LTGT1.5_,,,%%HLTF-Last2LowTail:(DOWNTREND)sellHighLowerTailPre-1,",-2.798787468724953,1,0,1
"PCTChangeLT-0.5,_HTGT1.5__HTGTPCTDayChange_,,,weekBarLowChangeLT0,",-0.31250000000000594,1,0,1
"PCTChangeGT3,_HTGT1.5_,,,%%HLTF:(DOWNTREND-OR-GLOBALDOWN)maySellTail-tailGT2-2,3,4thDayGT0,chisBuyUpTrend-nearLow,volumeUpsergedLast2n3n4DayDown,##UPTREND:buyMonth3LowReversal(Confirm),",2.2816167791778583,1,1,0
"PCTChangeGT3,_HTGT1.5_,,,volumeUpsergedLast2n3n4DayDown,",-0.42968629681661324,15,8,7
"PCTChangeLT-8,_LTGT1.5_,,,(GLOBAL-DOWN)maySellContinueHighVolatileLastDayDOWN-month6LowGT0-(LT-8),volSellContinueLast2DayDown-VolUp,##MANegative_Downtrend_(LT-4.5),##MA-SMA200LT0SMA100LT0,",3.0141819751330994,2,1,1
"PCTChangeGT8,_HTGT3.0__LTGT3.0_,,,##MAPositive_Uptrend(GT4.5),##MA-SMA200LT0SMA100LT0,",0.056500623455159195,1,1,0
"PCTChangeGT0,,,,buyYearHigh-0,",0.366170994748251,57,33,24
"PCTChangeLT-2,_LTGT1.5_,,,checkCupDown-3dayDown,VOL:sell(GLOBALFUTUP-GLOBALMARKETUP)Buy-UpVol-3dayDown-Week2High,##(Check-chart-buy):month3High-InMinus,ReversalHighMonth3,",-2.9146165540318343,1,0,1
"PCTChangeGT8,year2High,_HTGT3.0__HTGTPCTDayChange_,,,%%HLTF-Last2HighTail:(UPTREND)buy(DOWNTREND)sell:HighUpperTailPre-last2DayUp,",-0.8457446808510637,1,0,1
"PCTChangeGT2,year2High,_HTGT3.0__LTGT1.5__HTGTPCTDayChange__LTGTPCTDayChange_,,,volSellReversalLast2DayUp-VolUp,",1.946078431372554,1,1,0
"PCTChangeGT2,_HTGT1.5__LTGT1.5__HTGTPCTDayChange__LTGTPCTDayChange_,,,chisSellFinalContinue-(lastDayDown)-1,chisBuyDownTrend-Risky-1,",2.8846153846153846,1,1,0
"PCTChangeLT-5,_HTGT1.5_,,,chisSellDownTrend-nearHigh,##ML:BuyRisingMA-Risky-0,",-2.4967515699879206,1,0,1
"PCTChangeLT-5,,,,VOL:buy-UpVol-3dayDown-Week2Low,##DOWNTREND:sellYear2HighReversal(InDownTrend),",-8.329250118384564,1,0,1
"PCTChangeLT-2,PCDayChange-0.5to0.5,,,,%%:checkSell:Super01-monthLow,##(Check-chart-sell)Month3Low-Continue(InUpTrend),ReversalLowMonth3,",5.205476459703949,1,1,0
"PCTChangeLT-3,year2Low,_LTGT1.5_,,,vol-buy-DownVol-3dayDown-Week2Low,",1.5315333644190983,1,1,0
"PCTChangeLT-3,,,,volSellContinueLast2DayDown-VolUp,##(Check-chart-sell)Month3Low-Continue(InUpTrend),ReversalLowMonth3,",0.6929526241976866,1,1,0
"PCTChangeGT2,,,,%%:sellUpTrend-month3High,buyPatternsML,",-0.3422222001899853,1,0,1
"PCTChangeLT-3,,,,chisSellDownTrend-nearHigh,##(Check-chart-buy):month3High-InMinus,NearHighMonth3,",0.2046016129793209,41,23,18
"PCTChangeGT2,,,,chisCheckConsolidationBreakoutLT(4.5),weekBarHighChangeGT0,brokenToday,",-0.883843204009548,12,4,8
"PCTChangeLT-1,,,,##MANegative_Downtrend_(LT-1),##MA-SMA200LT0SMA100LT0,$$MayBuy-CheckChart(downTrend-mayReverseLast4DaysDown)-Risky,",0.4709872962334282,1,1,0
"PCTChangeLT-3,_HTGT1.5_,,,%%:checkSell:Super01-monthLow,",-1.4319792652037522,1,0,1
"PCTChangeLT-2,year2Low,_HTGT3.0__LTGT1.5__HTGTPCTDayChange__LTGTPCTDayChange_,,,%%:buyDownTrend-month3Low,",5.656032697528812,1,1,0
"PCTChangeLT-3,,,,%%:checkSell:Flag2Week,checkCupDown,bar_low,sellFinal,##longDownTrend-2-IndexNotDownLastDay(checkBase),",3.983078815247566,1,1,0
"PCTChangeGT5,,,,(GLOBALFUTUP-UPTRENDMARKET)checkBuyConsolidationBreakUp-week2-highNotReachedWeek3,week2BarHighChangeGT0,brokenToday,##last2DayHighGT3-M3HLT0,",-1.7546597198507863,1,0,1
"PCTChangeGT3,_HTGT1.5_,,,%%HLTF:(DOWNTREND-OR-GLOBALDOWN)maySellTail-tailGT2-2,3,4thDayGT0,##last2DayHighGT3-M3HLT0,",0.2888921038950144,1,1,0
"PCTChangeGT3,,,,checkBuyConsolidationBreakout-allPreLT0,week2BarHighChangeGT0,weekHighGTweek2High,brokenToday,",0.48734102309909005,2,1,0
"PCTChangeGT2,_LTGT1.5_,,,weekBarHighChangeGT2,##UPTREND:buyMonth3LowReversal(Confirm),",-1.447493695822372,1,0,1
"PCTChangeLT-3,_HTGT1.5_,,,checkCupDown-2dayDown-mayReversalBuy,chisDownTrend-Risky-nearHigh,##DOWNTREND:sellYearHigh(InDownTrend),##(Check-chart-buy):month3High-InMinus,NearHighMonth3,##(check-chart)maySell-EMA6-MT-May-LT-EMA14,",4.222219961660874,1,1,0
"PCTChangeLT-2,,,,checkCupDown-2dayDown-mayReversalBuy,##DOWNTREND:sellMonth6High(InDownTrend),##(Check-chart-buy):month3High-InMinus,NearHighMonth3,",-0.7279346235909372,1,0,1
"PCTChangeLT-5,,,,(GLOBALFUTDOWN-DOWNTRENDMARKET)checkSellConsolidationBreakDown-week2-lowNotReachedWeek3,week2BarLowChangeLT-2,chisDownTrend-Risky-nearHigh,##DOWNTREND:sellMonth6HighReversal(InDownTrend),",3.682287615528917,1,1,0
"PCTChangeLT-3,_LTGT3.0_,,,##DOWNTREND:sellMonth3LowBreak,",-3.7628713729609227,1,0,1
"PCTChangeLT-12,year2Low,_HTGT1.5__LTGT3.0_,,,VOL:sellAboveTail-BuyAtClose:upVol3dayDownWeek2Low-highLowerTail,",-14.949492894439183,1,0,1
"PCTChangeLT-2,_LTGT1.5_,,,##DOWNTREND:sellYear2HighReversal(InDownTrend),",1.1720118718860302,5,4,1
"PCTChangeGT1,_HTGT1.5__HTGTPCTDayChange_,,,%%HLTF:(GLOBAL-SGX-DOWN)maySellTail-2,3,4thDayGT0,MaySellCheckChart-(IndexNotDownInSecondHalf),",-0.4582931932422799,4,1,3
"PCTChangeLT-1,_LTGT1.5_,,,%%:checkSell:Flag2Week,",0.06136070273572258,3,1,2
"PCTChangeLT-5,_HTGT3.0__LTGT3.0__HTGTPCTDayChange__LTGTPCTDayChange_,,,volBuyReversalLast2DayDown-VolUp,##MANegative_Downtrend_(LT-4.5),##MA-SMA200GT0SMA100LT0,##DOWNTREND:sellYear2HighReversal(InDownTrend),##last2DayLow(LT-3)-M3LLT0,",1.0072408431691744,1,1,0
"PCTChangeGT3,_HTGT3.0__LTGT1.5__HTGTPCTDayChange_,,,volSellReversalLast2DayUp-VolUp,##MAPositive_Uptrend(GT2),##MA-SMA200GT0SMA100GT0,##last2DayHighGT3-M3HLT0,",-4.1163482228378,1,0,1
"PCDCLT0PCTChangeGT1,PCDayChange-0.5to0.5,_LTGT1.5_,,,%%HLTF:(SGXNIFTYUP)buyHighLowerTail-Continue,##MA-SMA200LT0SMA100LT0,",-0.13440654848146852,1,0,1
"PCTChangeGT2,,,,chisCheckConsolidationBreakout2WeekLT(4.5),(GLOBALFUTUP-UPTRENDMARKET)checkBuyConsolidationBreakUp-week2,weekBarHighChangeGT2,",12.829919039446732,1,1,0
"PCTChangeLT-2,,,,volSellVolumeUpsergedLast2n3DayUp,volSellContinueLast2DayDown-VolUp,chisSellDownTrend-nearHigh,##(Check-chart-buy):month3High-InMinus,ReversalHighMonth3,",-0.4445266733743734,1,0,1
"PCTChangeLT-1,,,,checkCupDown-month3HighLTmonth3Low,bar_low,chisDownTrend-Risky-nearHigh,",-0.517645143995116,1,0,1
"PCTChangeGT0.5,_LTGT1.5_,,,buyPatternsML,",2.0475743161606563,2,1,1
"PCTChangeLT-2,_LTGT3.0_,,,checkCupDown-inDownTrend-month3HighLTmonth3Low,%%HLTF:(GLOBAL-DOWN)sellHighLowerTail-Reversal-LastDayMarketUp,",2.0580442725511214,1,1,0
"PCTChangeLT-1,_LTGT1.5_,,,weekBarLowChangeLT0,(Test)(check-chart-2-3MidCapCross)MayBuyCheckChart-Risky,",0.8457965642206373,2,1,1
"PCTChangeLT-16,_HTGT1.5_,,,##MANegative_Downtrend_(LT-4.5),##MA-SMA200LT0SMA100LT0,",-2.2924003074814454,2,1,1
"PCTChangeLT-5,_LTGT3.0_,,,%%:checkSell:Flag2Week,##last2DayLow(LT-3)-M3LGT0,",-8.418207493574211,1,0,1
"PCTChangeGT12,_HTGT3.0_,,,%%HLTF-Last2HighTail:(UPTREND)buy(DOWNTREND)sell:HighUpperTailPre-last2DayUp,##MAPositive_Uptrend(GT4.5),##MA-SMA200GT0SMA100GT0,",-6.690269010920186,2,0,2
"PCTChangeLT-1,year2Low,_HTGT1.5__LTGT1.5_,,,%%:buyDownTrend-month3Low,",3.578071005602485,1,1,0
"PCTChangeGT1,year2High,_HTGT3.0__HTGTPCTDayChange_,,,$$MaySell-CheckChart(downTrend-mayReverseLast4DaysUp)-Risky,volSellReversalLast2DayUp-VolUp,",-3.471850409392695,1,0,1
"PCTChangeGT8,_HTGT1.5__LTGT1.5_,,,VOL:buy(GLOBALFUTDOWN-GLOBALMARKETDOWN)Sell-UpVol-3dayUp-Week2Low,##MAPositive_Uptrend(GT4.5),##MA-SMA200LT0SMA100LT0,",-2.885871757204649,1,0,1
"PCTChangeGT1,_HTGT1.5_,,,chisSellDowningMA-(check5MinuteDownTrendAndSellDowntrend),",-1.1360798636396006,4,2,2
"PCTChangeGT5,,,,zigZagVolCrossedFromDown,chisUpTrend-Risky-nearLow,(GLOBALFUTUP-UPTRENDMARKET)checkBuyConsolidationBreakUp-week2-highNotReachedWeek3,week2BarHighChangeGT0,brokenToday,",4.429054860859768,1,1,0
"PCTChangeGT5,_HTGT1.5__LTGT3.0__LTGTPCTDayChange_,,,chisBuyUpTrend-nearLow,",1.6187050359712267,1,1,0
"PCTChangeGT0,_HTGT1.5__HTGTPCTDayChange_,,,(Test)MaySellCheckChart-last3DayUp,",-0.8970319778094898,6,0,6
"PCTChangeLT-2,PCDayChange-0.5to0.5,_HTGT1.5_,,,%%HLTF:(UPTREND-MorningTrend-UP)mayBuyTail-highTailGT2-7,10thDayGT10-Last2DayStockDown,chisSellUpTrend-highTail,",-6.185865573540413,1,0,1
"PCTChangeLT-0.5,year2High,_HTGT3.0_,,,%%HLTF:maySellTail-tailGT2-allDayGT0,",-0.22071221247870476,2,1,1
"PCTChangeGT12,_HTGT3.0_,,,volSellReversalLast2DayUp-VolDown,",-5.23214067731586,1,0,1
"PCTChangeLT-3,,,,VOL:sell(GLOBALFUTUP-GLOBALMARKETUP)Buy-UpVol-3dayDown-Week2High,##DOWNTREND:sellMonth3HighReversal(InDownTrend),%%:checkBuyRevarsalLast3DayDownAtMonth3High,##(Check-chart-buy):month3High-InMinus,ReversalHighMonth3,",0.45275350255291813,1,1,0
"PCTChangeLT-2,PCDayChange-0.5to0.5,_HTGT1.5_,,,%%HLTF-Last2HighTail:(DOWNTREND)sellHighUpperTailPre-1,",-1.9939982664201394,1,0,1
"PCTChangeGT2,,,,(GLOBALFUTUP-UPTRENDMARKET)checkBuyConsolidationBreakUp-week2,weekBarHighChangeGT0,brokenToday,",-0.09932179059095277,3,1,2
"PCTChangeLT-2,,,,chisSell:Super03-monthLow,volBuyVolumeUpsergedLast2n3DayUp,weekBarLowChangeLT0,brokenToday,",-3.005538344844937,1,0,1
"PCTChangeLT-1,,,,checkSellConsolidationBreakDown-month3HighGTMonth3Low,chisSellDownTrend-nearHigh,##(Check-chart-buy):month3High-InMinus,NearHighMonth3,",-1.571120217545642,1,0,1
"PCTChangeLT-2,,,,%%:checkSell:ConsolidationBreakDown(NotShapeA)-2week,checkSellConsolidationBreakDown-2week,week2BarLowChangeLT0,brokenToday,##(Check-chart-buy):month3High-InMinus,ReversalHighMonth3,",1.9058295964125676,1,1,0
"PCTChangeLT-2,,,,vol-buy-DownVol-3dayDown-Week2Low,chisDownTrend-Risky-nearHigh,##DOWNTREND:sellYear2HighReversal(InDownTrend),",0.4514932063580036,1,1,0
"PCTChangeGT0.5,_HTGT1.5_,,,%%HLTF-Last2HighTail:(DOWNTREND)sellHighUpperTailPre-1,",-1.1847362192987883,2,1,1
"PCTChangeGT3,_HTGT1.5__HTGTPCTDayChange_,,,##MAPositive_Uptrend(GT2),##MA-SMA200GT0SMA100GT0,##lastDayHighGT5TodayGT1,",-4.428325638587386,1,0,1
"PCDCLT0PCTChangeGT0,_HTGT1.5_,,,%%HLTF-Last2HighTail:(DOWNTREND)sell(UPTREND)buy:HighUpperTailPre,%%HLTF-LastDayUp:(DOWNTREND-OR-GLOBALDOWN)MaySellHighTail-LastDayMarketUp,%%HLTF:(UPTREND-MorningTrend-UP)mayBuyTail-highTailGT2-7,10thDayGT10-Last2DayStockDown,",6.113769073282898,1,1,0
"PCTChangeLT-3,year2High,_LTGT1.5_,,,zigZagVolCrossedFromUp,",-3.415497255996918,1,0,1
"PCTChangeGT0.5,_HTGT1.5__LTGT1.5_,,,%%:checkSell:Super2,",-1.9245694752505316,1,0,1
"PCTChangeLT-3,_LTGT1.5_,,,(GLOBALFUTDOWN-DOWNTRENDMARKET)checkSellConsolidationBreakDown-week2-lowNotReachedWeek3,week2BarLowChangeLT-2,##DOWNTREND:sellYear2HighReversal(InDownTrend),##(Check-chart-buy):month3High-InMinus,ReversalHighMonth3,",-0.8070587045235614,3,1,2
"PCTChangeGT3,year2High,,,,%%:sellUpTrend-month3High,chisCheckConsolidationBreakout2WeekLT(4.5),weekBarHighChangeGT2,brokenToday,",3.127081976996532,1,1,0
"PCTChangeGT2,_HTGT1.5_,,,%%:sellUpTrend-month3High,volSellVolumeUpsergedLast2n3DayDown,##MAPositive_Uptrend(GT2),##MA-SMA200GT0SMA100GT0,",-2.1717065099021817,2,0,2
"PCTChangeLT-5,_HTGT3.0__LTGT3.0__HTGTPCTDayChange__LTGTPCTDayChange_,,,##MANegative_Downtrend_(LT-1),##MA-SMA200LT0SMA100LT0,",7.1183501332769765,1,1,0
"PCTChangeLT-2,_LTGT3.0_,,,%%HLTF:(GLOBAL-DOWN)sellHighLowerTail-Reversal-LastDayMarketUp,",0.8338772890646091,8,4,4
"PCTChangeGT2,,,,volumeUpsergedLast2n3n4DayDown,weekBarHighChangeGT2,brokenToday,##(Check-chart):yearHigh-InPlus,",1.7351844723019951,1,1,0
"PCTChangeLT-3,,,,volBuyVolumeUpsergedLast2n3DayUp,(GLOBALFUTDOWN-DOWNTRENDMARKET)checkSellConsolidationBreakDown-week2-lowNotReachedWeek3,week2BarLowChangeLT0,chisSellDownTrend-nearHigh,##(Check-chart-buy):YearHigh-InMinus,NearHighYear,",-2.7672658373732064,1,0,1
"PCTChangeGT1,PCDayChange-0.5to0.5,year2High,_HTGT3.0_,,,%%HLTF-Last2HighTail:(UPTREND)buy(DOWNTREND)sell:HighUpperTailPre-last2DayUp,",-1.8875832309963054,1,0,1
"PCTChangeGT2,,,,chisSell-2week-breakoutup,BuyYearLow,##UPTREND:buyYear2LowReversal(Confirm),",1.5662666943817052,1,1,0
"PCTDayChangeLT0,PCDayChange-0.5to0.5,_HTGT1.5_,,,%%:sellDowntrend-lastDayDown-ReversalHighTail,",-1.8853343165232244,2,0,2
"PCTChangeGT2,,,,chisUpTrend-Risky-nearLow,##UPTREND:buyYearLowReversal(Confirm),",-1.3470005900750115,11,2,9
"PCTChangeGT5,,,,volumeUpsergedLast2n3n4DayDown,chisSell-2week-breakoutup,BuyYearLow,",-0.013551791736080322,1,0,1
"PCTChangeGT0.5,year2High,_HTGT1.5__HTGTPCTDayChange_,,,shortUpTrendSellReversal-MonthHigh,",-1.7566291083723526,1,0,1
"PCTChangeLT-3,,,,weekBarLowChangeLT-2,##DOWNTREND:sellYear2HighReversal(InDownTrend),##last2DayLow(LT-3)-M3LGT0,##(Check-chart-buy):YearHigh-InMinus,ReversalHighYear,",-0.6776361684952943,4,1,3
"PCTChangeGT3,_HTGT1.5_,,,chisUpTrend-Risky-nearLow,(GLOBALFUTUP-UPTRENDMARKET)checkBuyConsolidationBreakUp-week2-highNotReachedWeek3,week2BarHighChangeGT2,weekHighGTweek2High,brokenToday,##UPTREND:buyYearLowReversal(Confirm),",-2.113209850383244,1,0,1
"PCTChangeLT-2,_LTGT3.0_,,,%%HLTF-Last2DayMarketUp:(GLOBAL-DOWN)sellHighLowerTail-Reversal-LastDayMarketUp,##MA-SMA200GT0SMA100GT0,",7.586209527377428,1,1,0
"PCTChangeLT-8,_HTGT1.5_,,,volSellContinueLast2DayDown-VolUp,##MANegative_Downtrend_(LT-4.5),##MA-SMA200LT0SMA100LT0,",-9.82059040013417,1,0,1
"PCTChangeLT-3,_HTGT1.5_,,,sellPatternsML,sellPatterns-LT-1.5-SMALT0,(SMA9LT0),",-5.286315156920316,1,0,1
"PCDCLT0PCTChangeGT1,PCDayChange-0.5to0.5,_HTGT3.0_,,,%%HLTF:maySellTail-tailGT2-allDayGT0,##MAPositive_Uptrend(LT0),##MA-SMA200LT0SMA100GT0,",10.330704142158407,1,1,0
"PCTChangeGT2,,,,chisSellYear2LowLT-40-last4DayDown(triggerAfter-9:15),zigZagVolCrossedFromDown,chisBuyUpTrend-nearLow,",3.8273615635179157,1,1,0
"PCTChangeEQ0,_HTGT1.5__LTGT1.5_,,,%%HLTF-Last2HighTail:(UPTREND)buy(DOWNTREND)sell:HighUpperTailPre-last2DayUp,",-1.858952172087788,1,0,1
"PCDCGT0PCTChangeLT-1,,,,chisBuyYearHigh-3,",0.3918608667147631,21,10,11
"PCTChangeLT-8,_HTGT1.5__LTGT1.5_,,,(GLOBAL-DOWN)maySellContinueHighVolatileLastDayDOWN-month3LowGT0-(LT-8),volSellContinueLast2DayDown-VolUp,",2.2077882444703727,1,1,0
"PCTChangeGT5,,,,##MAPositive_Uptrend(GT4.5),##MA-SMA200GT0SMA100GT0,##last2DayHighGT3-M3HGT0,",-0.44343552296551664,11,4,7
"PCTChangeLT-0.5,,,,volBuyRevarsalVolCrossed,",1.2958033365076755,8,6,2
"PCTChangeLT-2,_LTGT3.0_,,,%%checkCupDown-2dayDown-continue,%%HLTF:(GLOBAL-UP)buyHighLowerTail-LastDayMarketUp,chisDownTrend-Risky-nearHigh,##DOWNTREND:sellYear2HighReversal(InDownTrend),##(Check-chart-buy):month3High-InMinus,ReversalHighMonth3,",-0.3076920142540542,1,0,1
"PCTChangeLT-3,,,,chisBuyMay5DayFloorReversal,chisSellDayLowVolLow-01,",-2.3473024653817345,1,0,1
"PCTChangeLT-1,,,,volBuyReversalLast2DayDown-VolDown,##(Check-chart-buy):month3High-InMinus,BreakHighMonth3,",-0.9642811982335426,4,2,2
"PCTChangeGT2,_HTGT3.0__HTGTPCTDayChange_,,,volSellVolumeUpsergedLast2n3DayDown,volBuyContinueLast2DayUp-VolUp,week2BarHighChangeGT0,weekHighGTweek2High,brokenToday,",3.8549641616471764,1,1,0
"PCTChangeLT-1,PCDayChange-0.5to0.5,_LTGT1.5_,,,buyYearHigh-0,",-0.3420691304874948,5,1,4
"PCTChangeGT1,_HTGT1.5__LTGT3.0_,,,##MA-SMA200LT0SMA100LT0,",-5.769732086055506,2,0,2
"PCTChangeLT-1,,,,%%:checkBuyRevarsalLast3DayDownAtMonth3High,##(Check-chart-buy):month3High-InMinus,ReversalHighMonth3,",-1.1647254575707178,1,0,1
"PCTChangeLT-3,,,,##DOWNTREND:sellYear2HighReversal(InDownTrend),##(Check-chart-buy):month3High-InMinus,ReversalHighMonth3,",0.3553283890775533,36,21,15
"PCTChangeLT-3,,,,##DOWNTREND:sellYear2HighReversal(InDownTrend),##last2DayLow(LT-3)-M3LGT0,##(Check-chart-buy):month3High-InMinus,ReversalHighMonth3,",-0.641856132959833,3,1,2
"PCTChangeLT-1,,,,sellPatternsML,",-1.180649670700221,9,2,7
"PCTChangeGT5,_HTGT3.0__HTGTPCTDayChange_,,,%%HLTF:(UPTREND-GLOBAL/SGX-UP)BuyHighUpperTail-Reversal-7,10thDayGT15-LastDayMarketDown,sellEveningStar-0,##MAPositive_Uptrend(GT4.5),##MA-SMA200GT0SMA100GT0,",3.307888040712468,1,1,0
"PCTChangeGT5,_HTGT1.5__LTGT1.5_,,,chisSellDayHighVolLow-01-checkMorningTrend(.5SL),chisBuyUpTrend-nearLow,volSellReversalLast2DayUp-VolDown,chisBuyFinalContinueReversal-2,",-0.9862229754478061,1,0,1
"PCTChangeGT1,PCDayChange-0.5to0.5,_LTGT1.5_,,,buyMorningStar-(checkChart),",1.3565906659677955,1,1,0
"PCTChangeLT-3,_LTGT3.0_,,,chisDownTrend-Risky-nearHigh,##DOWNTREND:sellMonth3HighReversal(InDownTrend),$$MayBuy-CheckChart-baseLine(inuptrend-monthlow)-PCTDayChangeLT0,##(Check-chart-buy):month3High-InMinus,ReversalHighMonth3,",2.771243425755734,1,1,0
"PCTChangeLT-1,_HTGT3.0__LTGT1.5__HTGTPCTDayChange__LTGTPCTDayChange_,,,volBuyReversalLast2DayDown-VolUp,volBuyRevarsalVolCrossed,%%:checkBuyRevarsalLast3DayDownAtMonth3High,",1.4046488917151094,1,1,0
"PCTChangeGT2,year2High,_HTGT3.0__HTGTPCTDayChange_,,,%%HLTF-Risky9:30:maySellTail-tailGT2-7,10thDayGT15,volumeUpsergedLast2n3n4DayDown,volBuyContinueLast2DayUp-VolUp,weekBarHighChangeGT0,brokenToday,",-0.43855086616847616,1,0,1
"PCTChangeLT-2,,,,##(Check-chart-buy):month3High-InMinus,NearHighMonth3,##buyRisingMA-1,",-0.34171099638819713,1,0,1
"PCTChangeGT8,year2High,_HTGT3.0__LTGT3.0__HTGTPCTDayChange__LTGTPCTDayChange_,,,%%HLTF-Last2HighTail:(UPTREND)buy(DOWNTREND)sell:HighUpperTailPre-last2DayUp,",3.0037546933667074,1,1,0
"PCTChangeGT5,,,,volumeUpsergedLast2n3n4DayDown,##MAPositive_Uptrend(GT4.5),##MA-SMA200LT0SMA100LT0,",2.3450920437151708,1,1,0
"PCTChangeGT3,,,,VOL:sell-DownVol-3dayUp-Week2Low,",-0.5526225926215534,9,3,6
"PCTChangeGT2,year2High,,,,chisCheckConsolidationBreakout2WeekLT(4.5),weekBarHighChangeGT0,brokenToday,",-1.9291314553088041,1,0,1
"PCTChangeGT5,,,,chisBuyDayHighVolLow-0,vol-sell-DownVol-3dayUp-Week2High,##MAPositive_Uptrend(GT4.5),##MA-SMA200GT0SMA100GT0,##last2DayHighGT3-M3HLT0,",2.986173378413379,1,1,0
"PCTChangeLT-0.5,_HTGT1.5__HTGTPCTDayChange__LTGTPCTDayChange_,,,%%HLTF-Last2HighTail:(DOWNTREND)sell(UPTREND)buy:HighUpperTailPre,",1.1825050433095248,1,1,0
"PCTChangeLT-5,,,,weekBarLowChangeLT-2,brokenToday,chisDownTrend-Risky-nearHigh,",-1.2552459027534186,2,1,1
"PCTChangeLT-3,_HTGT3.0_,,,##MANegative_Downtrend_(LT-4.5),##MA-SMA200LT0SMA100LT0,",0.5682234890822292,2,1,1
"PCTChangeGT8,,,,chisUpTrend-Risky-nearLow,",0.6280242401562584,16,8,8
"PCTChangeLT-2,_HTGT1.5_,,,volBuyReversalLast2DayDown-VolDown,##sellTenDaysMoreThanTen,",-3.353313357189659,1,0,1
"PCDCLT0PCTChangeGT0,_LTGT3.0_,,,##MA-SMA200LT0SMA100LT0,",-1.7451047351858278,4,1,3
"PCTChangeGT0,PCDayChange-0.5to0.5,_LTGT1.5_,,,buyYearHigh-0,",0.8368870615545594,4,3,1
"PCTChangeGT5,,,,chis-breakoutup-2week,chisSell-2week-breakoutup,",3.4176335858471822,1,1,0
"PCTChangeGT3,_HTGT1.5__LTGT1.5__LTGTPCTDayChange_,,,(GLOBALFUTUP-UPTRENDMARKET)checkBuyConsolidationBreakUp-week2-highNotReachedWeek3,week2BarHighChangeGT0,brokenToday,",-0.34340659340660057,1,0,1
"PCTChangeGT2,,,,volBuyVolumeUpsergedLast2n3DayDown,##(check-chart)mayBuy-EMA6-LT-May-MT-EMA14,",0.6233201754830549,2,1,1
"PCTChangeLT-3,,,,VOL:buy-DownVol-3dayDown-Week2High,chisBuyFinalContinue-1,##sellRisingMA,",-0.5235621961910748,1,0,1
"PCTChangeLT-2,_HTGT1.5__LTGT1.5__HTGTPCTDayChange_,,,weekBarLowChangeLT-2,##longDownTrend-2-IndexNotDownLastDay(checkBase),",-4.355679761004269,1,0,1
"PCTChangeLT-3,,,,chisBuyDayLowVolLow-03-checkMorningTrend(.5SL)-after10:30,",-0.8818940187380191,2,0,2
"PCTChangeLT-12,_HTGT1.5__LTGT1.5_,,,volSellContinueLast2DayDown-VolUp,",-1.748769976235371,1,0,1
"PCTChangeGT3,,,,volumeUpsergedLast2n3n4DayDown,volBuyContinueLast2DayUp-VolUp,(GLOBALFUTUP-UPTRENDMARKET)checkBuyConsolidationBreakUp-week2-highNotReachedWeek3,week2BarHighChangeGT0,brokenToday,",1.6985979946460779,2,2,0
"PCTChangeGT1,_HTGT1.5_,,,volumeUpsergedLast2n3n4DayDown,",2.187072559650929,2,2,0
"PCTChangeGT2,,,,shortUpTrendSellReversal-MonthHigh,chisCheckConsolidationBreakoutLT(4.5),",-2.976190476190476,1,0,1
"PCDCLT0PCTChangeGT1,PCDayChange-0.5to0.5,_LTGT1.5_,,,chisBuyYearHigh-3,",0.49133124253972515,9,5,4
"PCTChangeGT5,_LTGT1.5_,,,%%HLTF-Risky:(GLOBAL-DOWN)sellHighLowerTail-Reversal-LastDayMarketUp,##MAPositive_Uptrend(GT2),##MA-SMA200GT0SMA100GT0,##lastDayHighGT5TodayGT1,",2.5740918216818534,1,1,0
"PCTChangeLT-5,_HTGT1.5__LTGT3.0__HTGTPCTDayChange__LTGTPCTDayChange_,,,##MANegative_Downtrend_(LT-1),##MA-SMA200LT0SMA100LT0,",0.35481420642839817,1,1,0
"PCTChangeGT2,_LTGT1.5_,,,volBuyVolumeUpsergedLast2n3DayDown,(GLOBALFUTUP-UPTRENDMARKET)checkBuyConsolidationBreakUp-week2-highNotReachedWeek3,week2BarHighChangeGT0,brokenToday,",-2.5553661805978476,1,0,1
"PCTChangeLT-5,_HTGT1.5_,,,chisDownTrend-Risky-nearHigh,zigZagVolCrossedFromUp,",-0.8269518924768228,2,1,1
"PCTChangeGT5,_LTGT1.5_,,,%%HLTF-Risky:(GLOBAL-DOWN)sellHighLowerTail-Reversal-LastDayMarketUp,##MAPositive_Uptrend(GT4.5),##MA-SMA200GT0SMA100GT0,##last2DayHighGT3-M3HGT0,",3.312238862242884,1,1,0
"PCTChangeLT-2,,,,##MANegative_Downtrend_(LT-2),##MA-SMA200GT0SMA100LT0,##DOWNTREND:sellMonth3LowBreak,%%:buyDownTrend-month3Low,",-2.567693780746861,1,0,1
"PCTChangeGT2,_HTGT1.5_,,,volSellReversalLast2DayUp-VolDown,",0.5256191592455295,7,5,2
"PCTChangeGT3,_LTGT1.5_,,,%%HLTF:(SGXNIFTYUP)buyHighLowerTail-Continue,zigZagVolCrossedFromDown,",4.018520779079867,1,1,0
"PCTChangeLT-1,_LTGT1.5_,,,##MANegative_Downtrend_(LT-1),##MA-SMA200LT0SMA100LT0,(Test)MayBuyCheckChart-last3DayDown,$$MayBuy-CheckChart(downTrend-mayReverseLast4DaysDown),",0.6395055435997622,1,1,0
"PCDCLT0PCTChangeGT0,PCDayChange-0.5to0.5,_HTGT3.0__LTGT3.0_,,,%%HLTF-Last2DayMarketUp:(GLOBAL-DOWN)sellHighLowerTail-Reversal-LastDayMarketUp,##MAPositive_Uptrend(LT0),##MA-SMA200LT0SMA100LT0,",-0.35612537160697333,1,0,1
"PCTChangeLT-3,,,,##DOWNTREND:sellYearHighReversal(InDownTrend),##last2DayLow(LT-3)-M3LGT0,##(Check-chart-buy):YearHigh-InMinus,ReversalHighYear,",0.3937007874015767,1,1,0
"PCTChangeLT-8,,,,volumeUpsergedLast2n3n4DayUp,VOL:sell(GLOBALFUTUP-GLOBALMARKETUP)Buy-UpVol-3dayDown-Week2High,chisDownTrend-Risky-nearHigh,",-3.3176404528418773,1,0,1
"PCTChangeGT3,_HTGT1.5_,,,MaySellCheckChart-(IndexNotDownInSecondHalf),",0.7000679526837402,2,1,1
"PCTChangeGT1,PCDayChange-0.5to0.5,_LTGT1.5_,,,%%HLTF:(SGXNIFTYUP)buyHighLowerTail-Continue,##MA-SMA200GT0SMA100GT0,",-0.6750373301363904,1,0,1
"PCTChangeLT-2,_LTGT1.5_,,,$$(UPTREND-OR-GLOBALUP)MayBuyContinue-CheckChart(inUpTrend-monthHigh)-lowTail,##sellTenDaysMoreThanTen,",-0.4804227861266827,1,0,1
"PCTChangeLT-1,_HTGT1.5__HTGTPCTDayChange_,,,volSellContinueLast2DayDown-VolUp,",-2.480754053058687,1,0,1
"PCTDayChangeLT0,_HTGT1.5__LTGT1.5_,,,chisSell:Super03-monthLow,",0.6469802382417053,2,2,0
"PCTChangeGT0,PCDayChange-0.5to0.5,,,,chisSellDowningMA-(check5MinuteDownTrendAndSellDowntrend)-Already10DayDown,",-0.004638045764995411,116,57,58
"PCTChangeLT-3,,,,chisSellFlagWeek-Risky,##last2DayLow(LT-3)-M3LGT0,##ML:BuyRisingMA-Risky-1,",2.866164807766545,1,1,0
"PCTChangeLT-3,,,,##MANegative_Downtrend_(LT-2),##MA-SMA200GT0SMA100LT0,##last3DayLow(LT-3)-M3LGT0,",-1.2331269914511325,2,1,1
"PCTChangeLT-2,year2Low,,,,VOL:buy-UpVol-3dayDown-Week2Low,weekBarLowChangeLT0,brokenToday,",-0.8944543584109295,1,0,1
"PCTChangeGT0.5,PCDayChange-0.5to0.5,,,,chisBuyYearHigh-1,",-0.28250529541768127,24,11,13
"PCTChangeLT-3,,,,##MANegative_Downtrend_(LT-2),##MA-SMA200GT0SMA100GT0,",0.9887794982718117,14,10,4
"PCTChangeGT2,,,,(GLOBALFUTUP-UPTRENDMARKET)checkBuyConsolidationBreakUp-week2-highNotReachedWeek3,week2BarHighChangeGT2,weekHighGTweek2High,chis-breakoutup-2week,",0.2984146064986952,1,1,0
"PCTChangeGT2,year2Low,_HTGT1.5__LTGT3.0_,,,##buyTenDaysLessThanMinusTen,",4.022292641215234,1,1,0
"PCTChangeGT3,_HTGT1.5_,,,%%HLTF:(DOWNTREND-OR-GLOBALDOWN)maySellTail-tailGT2-2,3,4thDayGT0,volBuyContinueLast2DayUp-VolUp,chisCheckConsolidationBreakoutLT(4.5),",-2.070100596060367,1,0,1
"PCTChangeLT-0.5,PCDayChange-0.5to0.5,_HTGT1.5__LTGT1.5_,,,chisBuyYearHigh-1,",-0.2655942799868172,1,0,1
"PCTChangeGT5,year2High,_HTGT3.0_,,,volumeUpsergedLast2n3n4DayDown,VOL:buyBelowTail-SellAtClose:upVol3dayUpWeek2High-highUpperTail,chisCheckConsolidationBreakoutGT(4.5),",1.135415895341541,1,1,0
"PCTChangeGT3,,,,checkBuyConsolidationBreakUp-2week,week2BarHighChangeGT0,brokenToday,chisBuy-2week-breakoutup(check-chart)(|-|-| or --|),",0.5560175059947414,2,1,1
"PCTDayChangeLT0,PCDayChange-0.5to0.5,_LTGT3.0_,,,%%HLTF:(GLOBAL-UP)buyHighLowerTail-LastDayMarketUp,",-0.07513912910914862,3,2,1
"PCTChangeGT1,,,,(GLOBALFUTUP-UPTRENDMARKET)checkBuyConsolidationBreakUp-month,weekBarHighChangeGT0,",-1.0034096363054603,1,0,1
"PCTChangeLT-5,,,,##MANegative_Downtrend_(LT-4.5),##MA-SMA200GT0SMA100LT0,##last2DayLow(LT-3)-M3LGT0,",-0.5267635323232835,2,1,1
"PCDCLT0PCTChangeGT0,_HTGT1.5_,,,%%HLTF-LastDayUp:(DOWNTREND-OR-GLOBALDOWN)MaySellHighTail-LastDayMarketUp,##MAPositive_Uptrend(LT0),##MA-SMA200LT0SMA100LT0,",-1.3999972873263888,1,0,1
"PCTChangeLT-8,_HTGT1.5__LTGT3.0_,,,##MANegative_Downtrend_(LT-4.5),##MA-SMA200LT0SMA100LT0,",5.883675052818917,2,2,0
"PCTChangeLT-1,_HTGT3.0__LTGT1.5__HTGTPCTDayChange_,,,##MANegative_Downtrend_(LT-2),##MA-SMA200GT0SMA100LT0,",-0.7509410373041187,1,0,1
"PCTChangeGT1,year2High,_HTGT1.5_,,,weekBarHighChangeGT0,",0.40780207717324335,3,1,2
"PCTChangeLT-2,,,,checkCupDown-3dayDown,VOL:buy-DownVol-3dayDown-Week2High,##(Check-chart-buy):YearHigh-InMinus,NearHighYear,",-1.4276390850114604,1,0,1
"PCTChangeGT3,,,,##MAPositive_Uptrend(GT2),##MA-SMA200LT0SMA100GT0,##lastDayHighGT5TodayGT1,",0.9793091673523001,2,1,1
"PCTChangeLT-5,,,,volumeUpsergedLast2n3n4DayUp,volSellContinueLast2DayDown-VolUp,##ML:BuyRisingMA-Risky-0,",-0.3768881194107406,1,0,1
"PCTChangeGT5,year2High,,,,chisBuyConsolidationBreakUp-2week-(Risky)-year2High,week2BarHighChangeGT5,weekHighGTweek2High,",-2.0332840562247823,2,0,2
"PCTChangeGT2,_HTGT1.5_,,,MaySellCheckChart-(IndexNotDownInSecondHalf),weekBarHighChangeGT2,",1.1224386001673148,2,2,0
"PCTChangeLT-5,_LTGT1.5_,,,chisSellDayLowVolLow-03-checkMorningTrend(.5SL),",-4.138300469581126,1,0,1
"PCTChangeLT-2,_HTGT1.5_,,,weekBarLowChangeLT-2,##DOWNTREND:sellYear2HighReversal(InDownTrend),##(Check-chart-buy):month3High-InMinus,ReversalHighMonth3,",0.26539843389939166,2,1,1
"PCTChangeLT-5,_HTGT1.5__LTGT1.5_,,,volBuyReversalLast2DayDown-VolDown,chisSellDayLowVolLow-02-checkMorningTrend(.5SL),",-2.8720489837103935,1,0,1
"PCTChangeGT3,,,,volSellReversalLast2DayUp-VolDown,chisCheckConsolidationBreakoutLT(4.5),",3.041750912395323,1,1,0
"PCDCGT0PCTChangeLT-1,PCDayChange-0.5to0.5,_HTGT1.5_,,,chisSellFlag2Week-doji-Risky,##ML:buyRisingMA-down-Risky,",1.1661807580174919,1,1,0
"PCTChangeLT-0.5,_LTGT1.5_,,,##MA-SMA200LT0SMA100LT0,",-0.6955370370489788,3,1,2
"PCTChangeLT-3,_HTGT1.5__LTGT1.5__LTGTPCTDayChange_,,,chisDownTrend-Risky-nearHigh,##DOWNTREND:sellYear2HighReversal(InDownTrend),##(Check-chart-buy):month3High-InMinus,ReversalHighMonth3,",3.903142565212059,1,1,0
"PCTChangeLT-3,PCDayChange-0.5to0.5,,,,##ML:buyRisingMA-down-Risky,",-0.4029832179852466,1,0,1
"PCTChangeGT3,,,,buyFinal1,##lastDayHighGT5TodayGT1,",-1.5667595394714673,1,0,1
"PCTChangeLT-5,_HTGT1.5_,,,##DOWNTREND:sellYear2HighReversal(InDownTrend),",-2.0428383924425453,3,0,3
"PCTChangeGT5,_HTGT3.0__LTGT3.0__HTGTPCTDayChange__LTGTPCTDayChange_,,,chisUpTrend-Risky-nearLow,volumeUpsergedLast2n3n4DayDown,##MAPositive_Uptrend(GT2),##MA-SMA200GT0SMA100GT0,##lastDayHighGT5TodayGT1,",3.5887527465820273,1,1,0
"PCTChangeGT1,_HTGT1.5_,,,%%HLTF:(GLOBAL-SGX-DOWN)maySellTail-2,3,4thDayGT0,chisBuyYearHigh-3,",0.051825001879058995,3,1,2
"PCTChangeLT-0.5,PCDayChange-0.5to0.5,_HTGT1.5_,,,%%:checkSell:Super01-monthLow,",0.3594594844753821,8,5,3
"PCTChangeGT5,,,,volBuyContinueLast2DayUp-VolUp,weekBarHighChangeGT2,brokenToday,",-0.3299040881534861,8,2,6
"PCTChangeGT3,_HTGT3.0__HTGTPCTDayChange_,,,%%HLTF:(DOWNTREND-OR-GLOBALDOWN)maySellTail-tailGT2-2,3,4thDayGT0,volumeUpsergedLast2n3n4DayDown,##lastDayHighGT5TodayGT1,",-3.9772727272727195,1,0,1
"PCDCLT0PCTChangeGT1,_HTGT1.5__LTGT1.5__HTGTPCTDayChange__LTGTPCTDayChange_,,,##MA-SMA200LT0SMA100LT0,",10.86538461538462,1,1,0
"PCTChangeLT-1,,,,volumeUpsergedLast2n3n4DayUp,weekBarLowChangeLT0,##longDownTrend-1-IndexNotDownLastDay(checkBase),",-0.11229815967581418,1,0,1
"PCTChangeLT-2,,,,(GLOBALFUTDOWN-DOWNTRENDMARKET)checkSellConsolidationBreakDown-week2-lowNotReachedWeek3,week2BarLowChangeLT-2,chisDownTrend-Risky-nearHigh,##DOWNTREND:sellYearHighReversal(InDownTrend),",-2.249998612837357,1,0,1
"PCTChangeGT1,_HTGT1.5__LTGT1.5__LTGTPCTDayChange_,,,chisUpTrend-Risky-nearLow,",2.8306360773674326,1,1,0
"PCTChangeLT-2,,,,chisDownTrend-Risky-nearHigh,##(Check-chart-buy):YearHigh-InMinus,NearHighYear,",-0.8128561889471305,10,2,8
"PCTChangeLT-5,,,,volSellContinueLast2DayDown-VolUp,chisDownTrend-Risky-nearHigh,##DOWNTREND:sellYear2HighReversal(InDownTrend),",-0.7728993019105456,8,2,6
"PCTChangeLT-5,year2Low,_LTGT1.5_,,,volumeUpsergedLast2n3n4DayUp,##last2DayLow(LT-3)-M3LLT0,",-4.122560772184306,1,0,1
"PCDCGT0PCTChangeLT-1,_HTGT1.5__LTGT1.5_,,,##MA-SMA200GT0SMA100LT0,",-0.6666637602306532,1,0,1
"PCTChangeGT3,year2High,,,,volBuyContinueLast2DayUp-VolUp,chisCheckConsolidationBreakoutGT(4.5),weekBarHighChangeGT2,",-0.4966887417218603,1,0,1
"PCTChangeLT-2,year2High,_HTGT1.5__HTGTPCTDayChange_,,,chisSellUpTrend-Risky-2,",0.23792515934054848,4,2,2
"PCDCLT0PCTChangeGT1,PCDayChange-0.5to0.5,_HTGT1.5__LTGT3.0_,,,%%HLTF-Last2DayMarketUp:(GLOBAL-DOWN)sellHighLowerTail-Reversal-LastDayMarketUp,",-3.6025096227049866,1,0,1
"PCTChangeGT2,year2High,_LTGT1.5_,,,volSellReversalLast2DayUp-VolDown,",-0.7284187467494119,1,0,1
"PCTChangeLT-3,,,,%%:checkSell:Super0,weekBarLowChangeLT-2,brokenToday,",1.7369180840373422,1,1,0
"PCTChangeLT-3,_HTGT3.0__LTGT1.5__HTGTPCTDayChange_,,,chisSell-smallUptrendReversal,%%HLTF:maySellTail-tailGT2-allDayGT0,",-1.8965517241379233,1,0,1
"PCTChangeLT-0.5,PCDayChange-0.5to0.5,_HTGT1.5_,,,buyYearHigh-0,",-0.045039872889203664,9,3,5
"PCTChangeGT0.5,PCDayChange-0.5to0.5,_LTGT3.0_,,,chisSellDowningMA-(check5MinuteDownTrendAndSellDowntrend)-Already10DayDown,",3.557995357507443,3,2,1
"PCTChangeLT-0.5,_LTGT1.5_,,,%%HLTF:(GLOBAL-UP)buyHighLowerTail-LastDayMarketUp,(Test)(check-chart-2-3MidCapCross)MayBuyCheckChart-Risky,",3.5852194208295836,1,1,0
"PCTChangeLT-8,_LTGT3.0_,,,(GLOBAL-DOWN)maySellContinueHighVolatileLastDayDOWN-month6LowGT0-(LT-8),volSellContinueLast2DayDown-VolUp,##MANegative_Downtrend_(LT-4.5),##MA-SMA200LT0SMA100LT0,",3.1425403935994023,3,2,1
"PCTChangeGT0.5,PCDayChange-0.5to0.5,_HTGT3.0_,,,shortUpTrendBuyContinue-Doji-Last2DayGTToday,",-0.6726986366178674,1,0,1
"PCTChangeGT0,_HTGT1.5_,,,%%:checkBuyContinue:CupDownDoji,##RisingMA(check-chart-sell)-MaySellCheckChart,",0.7307715838506085,1,1,0
"PCTChangeLT-0.5,year2Low,_LTGT1.5_,,,weekBarLowChangeLT0,chisBuyYear2Low,BreakLowYear2,##ML:sellRisingMA-down-(Risky),",-0.11467889908257607,1,0,1
"PCTChangeLT-3,,,,%%checkCupDown-2dayDown-continue,##DOWNTREND:sellYear2HighReversal(InDownTrend),##(Check-chart-buy):month3High-InMinus,ReversalHighMonth3,##(check-chart)maySell-EMA6-MT-May-LT-EMA14,",1.582995435010301,1,1,0
"PCTChangeLT-1,_LTGT1.5_,,,%%HLTF:(GLOBAL-DOWN)sellHighLowerTail-Reversal-LastDayMarketUp,##(Check-chart-buy):month3High-InMinus,ReversalHighMonth3,",5.550341898949468,2,2,0
"PCTChangeGT0.5,,,,week2BarHighChangeGT0,weekHighGTweek2High,buyYearHigh-0,",1.3758394276024932,1,1,0
"PCTChangeGT0.5,PCDayChange-0.5to0.5,,,,##MAPositive_Uptrend(GT0),##MA-SMA200GT0SMA100GT0,",-1.7780164745171407,13,2,11
"PCTChangeLT-3,,,,volBuyReversalLast2DayDown-VolDown,(GLOBALFUTDOWN-DOWNTRENDMARKET)checkSellConsolidationBreakDown-week2-lowNotReachedWeek3,week2BarLowChangeLT0,chisDownTrend-Risky-nearHigh,",1.7847137293579518,1,1,0
"PCTChangeGT3,year2Low,_HTGT1.5_,,,chisSellYear2LowContinue,",2.112983736196516,1,1,0
"PCTChangeGT1,_HTGT1.5__LTGT1.5_,,,maySellFromBuyPattern-LT-1.8,",-4.823271652844796,1,0,1
"PCDCLT0PCTChangeGT1,_HTGT1.5__LTGT1.5__HTGTPCTDayChange__LTGTPCTDayChange_,,,##MA-SMA200GT0SMA100LT0,",-0.9987113402061891,1,0,1
"PCTChangeLT-2,_HTGT1.5_,,,weekBarLowChangeLT-2,brokenToday,",-0.16533706872142243,3,2,1
"PCTChangeLT-0.5,year2High,,,,chisSellUpTrend-Risky-2,",-0.17171021352777655,1,0,1
"PCTChangeLT-3,_LTGT1.5_,,,volBuyReversalLast2DayDown-VolDown,(GLOBALFUTDOWN-DOWNTRENDMARKET)checkSellConsolidationBreakDown-week2,weekBarLowChangeLT-2,brokenToday,##DOWNTREND:sellMonth3LowBreak,",8.396946564885493,1,1,0
"PCTChangeGT1,_HTGT1.5__HTGTPCTDayChange_,,,##UPTREND:buyYear2LowReversal(Confirm),",3.209874659408749,1,1,0
"PCTChangeLT-0.5,_HTGT1.5_,,,(SMA9LT0),",-3.6390743206383593,1,0,1
"PCTChangeGT2,_HTGT1.5__HTGTPCTDayChange_,,,$$MaySell-CheckChart-baseLine(inDownTrend-monthHigh)-MLCGT10,",1.058094622103815,2,1,1
"PCTChangeGT1,,,,chisBuyUpTrend-nearLow,chisSellFinalContinue-(lastDayDown)-1,buyFinal,",-3.2971942159952636,1,0,1
"PCTChangeLT-1,,,,checkCupDown-mayReversalBuy,",-2.2301232780472144,2,1,1
"PCTChangeGT3,,,,chisUpTrend-Risky-nearLow,##UPTREND:buyYear2LowReversal(Confirm),##last2DayHighGT3-M3HLT0,",-0.7317073170731708,1,0,1
"PCTChangeLT-5,,,,##(Test)(Check-chart):yearLow-InMinus,##last2DayLow(LT-3)-M3LGT0,chisSellDayLowVolLow-0,",-4.36709118291799,1,0,1
"PCTChangeGT2,,,,##MAPositive_Uptrend(GT2),##MA-SMA200GT0SMA100GT0,",0.08438862561256251,119,56,63
"PCTChangeGT3,_LTGT1.5_,,,volumeUpsergedLast2n3n4DayDown,VOL:buy(GLOBALFUTDOWN-GLOBALMARKETDOWN)Sell-UpVol-3dayUp-Week2Low,",1.304919628563942,2,1,1
"PCTChangeLT-1,,,,%%HLTF-Last2DayMarketDown:(GLOBAL-UP)buyHighUpperTailPre1-Reversal-LastDayMarketDown,volSellContinueLast2DayDown-VolUp,",0.654195293649207,1,1,0
"PCTChangeLT-5,_HTGT1.5__LTGT1.5_,,,##(check-chart)buyEMA6<EMA14-Risky,",-1.4214494281873438,1,0,1
"PCDCLT0PCTChangeGT0,_HTGT3.0__LTGT3.0__HTGTPCTDayChange_,,,chisSell-smallUptrendReversal,",-5.494315407492898,1,0,1
"PCTChangeLT-1,PCDayChange-0.5to0.5,_HTGT1.5_,,,buyYearHigh-0,",-0.4068781270450164,6,3,3
"PCTChangeGT1,_HTGT1.5__HTGTPCTDayChange_,,,%%:sellDowntrend-lastDayUp-ReversalHighTail,",-0.0006626384057513146,4,1,3
"PCTChangeLT-3,,,,chisDownTrend-Risky-nearHigh,##DOWNTREND:sellYear2HighReversal(InDownTrend),##last2DayLow(LT-3)-M3LGT0,##(Check-chart-buy):YearHigh-InMinus,ReversalHighYear,",1.260675422633454,2,2,0
"PCTChangeLT-2,_LTGT3.0_,,,zigZagVolCrossedFromUp,buyMorningStar-HighLowerTail,",3.044637495708793,2,1,1
"PCDCGT0PCTChangeLT-5,_HTGT3.0__HTGTPCTDayChange_,,,##(Test)(check-chart)-sellSMADownTrend,",-2.3333304268973345,1,0,1
"PCTChangeGT1,_HTGT1.5_,,,week2BarHighChangeGT0,",-1.0000704940583889,3,1,2
"PCTChangeGT3,,,,chisCheckConsolidationBreakoutLT(4.5),##(Check-chart):year2High-InPlus,",-0.6765356525178312,3,1,2
"PCTChangeGT2,_LTGT3.0_,,,%%HLTF:(SGXNIFTYUP)buyHighLowerTail-Continue,week2BarHighChangeGT0,",-4.926176135171987,1,0,1
"PCTChangeGT2,_HTGT1.5__LTGT1.5_,,,%%HLTF-Last2HighTail:(UPTREND)buy(DOWNTREND)sell:HighUpperTailPre-last2DayUp,(Test)sellHeavyUpTrend-Reversal-1,##MA-SMA200GT0SMA100GT0,",3.806999579176785,1,1,0
"PCTChangeGT3,,,,##MANegative_Downtrend_(GT2),##MA-SMA200LT0SMA100LT0,",0.8839841559430597,8,4,4
"PCTChangeGT5,_LTGT1.5_,,,##MAPositive_Uptrend(GT4.5),##MA-SMA200GT0SMA100GT0,",-0.7444609267886044,18,6,12
"PCTChangeGT1,year2High,_HTGT1.5__HTGTPCTDayChange_,,,%%HLTF-Last2HighTail:(UPTREND)buy(DOWNTREND)sell:HighUpperTailPre-last2DayUp,(Test)(check-chart-2-3MidCapCross)MaySellCheckChart-Risky,MaySellCheckChart-(IndexNotDownInSecondHalf),",-0.25625217533643646,2,1,1
"PCTChangeGT0.5,PCDayChange-0.5to0.5,,,,%%:checkSell:CupDownDoji-last2lastDayLT0orTodayGT0,",2.087314997927971,3,3,0
"PCTChangeLT-5,_LTGT1.5_,,,volSellContinueLast2DayDown-VolUp,##last2DayLow(LT-3)-M3LGT0,",-1.6945679242217044,3,2,1
"PCTDayChangeLT0,,,,chisDownTrend-Risky-nearHigh,##(check-chart)maySell-EMA6-MT-May-LT-EMA14,",-4.371318866301128,1,0,1
"PCTChangeGT12,_LTGT1.5_,,,chisUpTrend-Risky-nearLow,##last2DayHighGT3-M3HLT0,",-3.387096774193549,1,0,1
"PCTChangeGT2,_LTGT1.5_,,,##buyTenDaysLessThanMinusTen,##(Check-chart)sellMonth3High-Continue,",2.50834477036293,1,1,0
"PCTChangeLT-1,,,,chisDownTrend-Risky-nearHigh,##(Test):buyRisingMA-uptrend-SMA25gt0,",-0.8513106154671767,9,2,7
"PCTChangeGT3,_HTGT3.0__LTGT1.5__HTGTPCTDayChange_,,,##MANegative_Downtrend_(GT2),##MA-SMA200LT0SMA100LT0,##buyTenDaysLessThanMinusTen,",-2.150004069010411,1,0,1
"PCTChangeLT-5,,,,volumeUpsergedLast2n3n4DayUp,chisDownTrend-Risky-nearHigh,",1.9115284877376058,2,2,0
"PCTChangeGT3,_LTGT1.5_,,,%%HLTF:(GLOBAL-DOWN)sellHighLowerTail-Reversal-LastDayMarketUp,(GLOBALFUTUP-UPTRENDMARKET)checkBuyConsolidationBreakUp-week2-highNotReachedWeek3,week2BarHighChangeGT2,",-0.6976726443268437,1,0,1
"PCTChangeGT3,year2High,_HTGT1.5_,,,MaySellCheckChart-(IndexNotDownInSecondHalf),%%:sellUpTrend-month3High,volumeUpsergedLast2n3n4DayDown,",4.49590213963243,1,1,0
"PCTChangeGT1,_HTGT1.5_,,,%%HLTF-Last2HighTail:(UPTREND)buy(DOWNTREND)sell:HighUpperTailPre-last2DayUp,%%HLTF-Risky9:30:maySellTail-tailGT2-7,10thDayGT15,",-1.5272846460389458,1,0,1
"PCTChangeGT2,_LTGT1.5_,,,##UPTREND:buyYear2LowReversal(Confirm),",-0.22711607104960008,8,3,5
"PCTChangeGT3,,,,(GLOBALFUTUP-UPTRENDMARKET)checkBuyConsolidationBreakUp-week2-highNotReachedWeek3,week2BarHighChangeGT0,##(check-chart)mayBuy-EMA6-LT-May-MT-EMA14,##last2DayHighGT3-M3HLT0,",-0.03715357629576721,1,0,1
"PCTChangeGT3,,,,volSellVolumeUpsergedLast2n3DayDown,checkBuyConsolidationBreakout-allPreLT0,weekBarHighChangeGT2,brokenToday,",-2.562877668122016,1,0,1
"PCTChangeLT-2,,,,(GLOBALFUTDOWN-DOWNTRENDMARKET)checkSellConsolidationBreakDown-week2-lowNotReachedWeek3,week2BarLowChangeLT0,weekLowLTweek2Low,mayBuyFromSellPattern-GT1.8,",-1.088544869188363,1,0,1
"PCTDayChangeLT0,_HTGT1.5_,,,%%HLTF-Last2HighTail:(DOWNTREND)sellHighUpperTailPre,chisSellDownTrend-nearHigh,",-0.22568268184785417,1,0,1
"PCTChangeLT-2,year2High,_HTGT3.0__LTGT1.5__HTGTPCTDayChange_,,,%%HLTF:maySellTail-tailGT2-allDayGT0,",-3.726556181790177,1,0,1
"PCTChangeLT-1,year2High,_HTGT3.0__LTGT1.5_,,,%%HLTF:maySellTail-tailGT2-allDayGT0,",1.4273369789432024,1,1,0
"PCTChangeGT3,_HTGT1.5_,,,volSellVolumeUpsergedLast2n3DayDown,##MAPositive_Uptrend(GT2),##MA-SMA200GT0SMA100GT0,##last2DayHighGT3-M3HGT0,",-0.050867802853981736,1,0,1
"PCTChangeGT3,_HTGT3.0__LTGT1.5__HTGTPCTDayChange_,,,buyPattern-GT1.5-SMAGT0,(SMA9GT0),",5.741911336435107,1,1,0
"PCTChangeGT3,_LTGT1.5_,,,##UPTREND:buyMonth6Low,",5.359118053356035,1,1,0
"PCTChangeLT-2,,,,mayBuyFromSellPattern-GT1.8,chisDownTrend-Risky-nearHigh,",1.20119332113665,4,3,1
"PCTChangeGT1,_HTGT1.5_,,,%%:sellDowntrend-lastDayUp-ReversalHighTail,chisSellDowningMA-(check5MinuteDownTrendAndSellDowntrend),",0.5506843079608715,1,1,0
"PCTChangeGT1,year2High,,,,(SMA9GT0),",2.7817300043914357,3,2,1
"PCTChangeLT-0.5,_HTGT3.0__HTGTPCTDayChange_,,,%%HLTF-Risky9:30:maySellTail-tailGT2-7,10thDayGT15,##buyYear2LowMovingSMA,",-4.971260860048492,1,0,1
"PCTChangeLT-3,_HTGT1.5_,,,chisDownTrend-Risky-nearHigh,##DOWNTREND:sellYear2HighReversal(InDownTrend),##(Check-chart-buy):YearHigh-InMinus,ReversalHighYear,",1.5236518568449056,1,1,0
"PCTChangeLT-5,,,,##DOWNTREND:sellYear2HighReversal(InDownTrend),chisSellDayLowVolLow-03-checkMorningTrend(.5SL),",-3.212789106277186,1,0,1
"PCTChangeLT-5,_LTGT1.5_,,,##MANegative_Downtrend_(LT-4.5),##MA-SMA200GT0SMA100GT0,chisSellDayLowVolLow-01,",-7.666664937728748,1,0,1
"PCTChangeGT3,year2Low,_HTGT3.0__HTGTPCTDayChange_,,,zigZagVolCrossedFromDown,",-2.6026853465485336,2,1,1
"PCTChangeGT3,_HTGT1.5_,,,##MAPositive_Uptrend(GT2),##MA-SMA200LT0SMA100GT0,##lastDayHighGT5TodayGT1,",-4.69731215404288,1,0,1
"PCTChangeLT-2,_HTGT1.5_,,,##(Check-chart-sell)Month3Low-Continue(InUpTrend),ReversalLowMonth3,",-0.4546621335125596,1,0,1
"PCTChangeLT-0.5,PCDayChange-0.5to0.5,_LTGT1.5_,,,%%:checkSell:Super01-monthLow,",1.1906130635106158,5,4,1
"PCTChangeLT-3,_LTGT1.5_,,,checkSellConsolidationBreakDown-month3HighGTMonth3Low,",-0.5525639322203796,3,0,3
"PCTChangeLT-3,_HTGT1.5__LTGT3.0__LTGTPCTDayChange_,,,##MANegative_Downtrend_(LT-2),##MA-SMA200LT0SMA100LT0,",-1.1237728163904515,5,1,4
"PCTChangeLT-2,_LTGT1.5_,,,chisBuyMay5DayFloorReversal,",0.2527362766241505,1,1,0
"PCTChangeGT5,_HTGT3.0__LTGT1.5_,,,##MANegative_Downtrend_(GT4.5),##MA-SMA200LT0SMA100LT0,",-4.025764895330099,1,0,1
"PCDCGT0PCTChangeLT-1,_HTGT3.0__LTGT3.0__HTGTPCTDayChange__LTGTPCTDayChange_,,,%%:sellDowntrend-lastDayUp-ReversalHighTail,%%HLTF-Last2LowTail:(DOWNTREND)sellHighLowerTailPre-1,",-0.9506187909915047,1,0,1
"PCDCGT0PCTChangeLT-1,_HTGT3.0__HTGTPCTDayChange_,,,%%HLTF-Risky9:30:maySellTail-tailGT2-7,10thDayGT15,%%HLTF:(UPTREND-GLOBAL/SGX-UP)BuyHighUpperTail-Reversal-7,10thDayGT15-LastDayMarketDown,(SMA9GT0),##RisingMA(check-chart-sell)-MaySellCheckChart,",7.153614567425194,1,1,0
"PCDCLT0PCTChangeGT3,_HTGT1.5__LTGT3.0__LTGTPCTDayChange_,,,##RisingMA(check-chart-buy)-MayBuyCheckChart,",-0.015995328742837708,1,0,1
"PCTChangeGT3,,,,%%:sellUpTrend-month3High,VOL:sell-UpVol-3dayUp-Week2High,weekBarHighChangeGT2,##MAPositive_Uptrend(GT2),##MA-SMA200GT0SMA100GT0,",0.0399483993237851,1,1,0
"PCTChangeLT-1,,,,checkSellConsolidationBreakDown-2week,week2BarLowChangeLT0,weekLowLTweek2Low,brokenToday,chisDownTrend-Risky-nearHigh,##(Check-chart-buy):month3High-InMinus,ReversalHighMonth3,",-0.3138310858543931,1,0,1
"PCTChangeLT-1,_LTGT3.0_,,,%%HLTF:(GLOBAL-DOWN)sellHighLowerTail-Reversal-LastDayMarketUp,##(Check-chart-buy):month3High-InMinus,NearHighMonth3,",0.857873642347047,2,1,1
"PCTChangeLT-1,_LTGT1.5_,,,##MANegative_Downtrend_(LT-2),##MA-SMA200LT0SMA100LT0,%%:buyDownTrend-month3Low,",-2.7335256880158068,3,0,3
"PCTChangeGT3,year2High,_HTGT3.0__HTGTPCTDayChange_,,,%%:sellUpTrend-month3High,",-0.2433893322985079,4,1,3
"PCTChangeGT1,PCDayChange-0.5to0.5,year2High,_LTGT3.0_,,,%%HLTF:(GLOBAL-DOWN)sellHighLowerTail-Reversal-LastDayMarketUp,",-1.2569832402234637,1,0,1
"PCDCLT0PCTChangeGT0,_HTGT3.0__HTGTPCTDayChange_,,,##MA-SMA200GT0SMA100LT0,",-3.187206102454148,2,1,1
"PCTChangeLT-1,,,,checkCupDown-inDownTrend-month3HighLTmonth3Low,bar_low,sellFinal,##(Check-chart-buy):month3High-InMinus,NearHighMonth3,##ML:BuyRisingMA-Risky-1,",-1.7237280336641772,1,0,1
"PCTChangeLT-2,_HTGT1.5__HTGTPCTDayChange_,,,%%HLTF:maySellTail-tailGT2-7,10thDayGT0,",-0.15163637945197672,3,2,1
"PCTChangeLT-1,_LTGT1.5_,,,chisSellFlagWeek-Risky,##(Check-chart-buy):month3High-InMinus,ReversalHighMonth3,",-1.9193585853033002,1,0,1
"PCTDayChangeLT0,_LTGT3.0_,,,##MA-SMA200LT0SMA100LT0,",-2.75381461769785,3,1,2
"PCTChangeGT2,,,,chisUpTrend-Risky-nearLow,volumeUpsergedLast2n3n4DayDown,VOL:buy(GLOBALFUTDOWN-GLOBALMARKETDOWN)Sell-UpVol-3dayUp-Week2Low,chisCheckConsolidationBreakoutLT(4.5),",-4.198716644547936,1,0,1
"PCTChangeGT3,_LTGT1.5_,,,%%HLTF:(SGXNIFTYUP)buyHighLowerTail-Continue,weekBarHighChangeGT2,",-6.227781507703997,1,0,1
"PCTChangeGT1,,,,%%HLTF:(GLOBAL-SGX-DOWN)maySellTail-2,3,4thDayGT0,",-0.14796027916134438,70,30,40
"PCTChangeLT-1,,,,checkCupDown-3dayDown,",0.0919309389682093,17,9,8
"PCTChangeLT-2,_HTGT1.5_,,,(GLOBALFUTDOWN-DOWNTRENDMARKET)checkSellConsolidationBreakDown-week2,weekBarLowChangeLT-2,brokenToday,",-1.4584068682973397,1,0,1
"PCTChangeLT-2,_HTGT3.0__HTGTPCTDayChange_,,,chisSell-smallUptrendReversal,",-1.4476271481901473,2,1,1
"PCTChangeLT-2,,,,volSellVolumeUpsergedLast2n3DayUp,volSellContinueLast2DayDown-VolUp,##(Check-chart-buy):month3High-InMinus,BreakHighMonth3,",-0.8797356645809231,1,0,1
"PCTChangeGT3,,,,##(Check-chart-sell):month3Low-InPlus,NearLowMonth3,VOL:buy-DownVol-3dayUp-Week2Low,",3.951888052258749,1,1,0
"PCTDayChangeLT0,_LTGT3.0_,,,$$MayBuy-CheckChart-baseLine(inuptrend-monthlow)-PCTDayChangeLT0,buyMorningStar-HighLowerTail-(checkChart),",-1.2021854809985648,1,0,1
"PCTChangeLT-3,_HTGT3.0__LTGT1.5__HTGTPCTDayChange_,,,chisSell-smallUptrendReversal,volSellVolumeUpsergedLast2n3DayUp,",-6.402563228421895,1,0,1
"PCTChangeLT-1,year2High,_HTGT1.5_,,,volSellContinueLast2DayDown-VolUp,",-0.6557360372908118,1,0,1
"PCTChangeLT-3,_HTGT1.5_,,,##MA-SMA200LT0SMA100LT0,",1.111556103131397,3,2,1
"PCTChangeLT-3,,,,chisSellConsolidationBreakDown-forecastDayPCT7LT0,chisSellDownTrend-nearHigh,",0.024190802005969583,2,1,1
"PCTChangeGT3,_LTGT1.5_,,,chisUpTrend-Risky-nearLow,##UPTREND:buyMonth6LowReversal(Confirm),##last2DayHighGT3-M3HLT0,",1.6153893103966417,1,1,0
"PCTChangeLT-1,_HTGT1.5__LTGT3.0__LTGTPCTDayChange_,,,##ML:BuyRisingMA-Risky-1,",3.7428023032629474,1,1,0
"PCTChangeLT-1,year2High,_HTGT3.0__HTGTPCTDayChange_,,,%%HLTF:maySellTail-tailGT2-allDayGT0,",-2.7370552626873663,2,0,2
"PCDCLT0PCTChangeGT0,,,,chisSell-smallUptrendReversal,sellPatternsML,",-6.705539358600583,1,0,1
"PCDCLT0PCTChangeGT1,_LTGT3.0_,,,%%HLTF-Last2DayMarketUp:(GLOBAL-DOWN)sellHighLowerTail-Reversal-LastDayMarketUp,##MA-SMA200LT0SMA100LT0,",2.851851851851848,1,1,0
"PCTChangeLT-3,,,,##MAPositive_Uptrend(LT-1),##MA-SMA200LT0SMA100LT0,",1.0243932212271218,1,1,0
"PCTChangeLT-3,_HTGT1.5__LTGT1.5__HTGTPCTDayChange_,,,checkCupDown-near2WeekDown-mayReveresalBuy,chisDownTrend-Risky-nearHigh,##DOWNTREND:sellYear2HighReversal(InDownTrend),##(Check-chart-buy):month3High-InMinus,ReversalHighMonth3,",-0.6632252515638881,1,0,1
"PCTChangeGT5,,,,week2BarHighChangeGT0,brokenToday,",-0.19918194174343673,4,1,3
"PCTChangeGT3,_HTGT1.5__HTGTPCTDayChange__LTGTPCTDayChange_,,,%%HLTF-Risky9:30:maySellTail-tailGT2-7,10thDayGT15,",-1.9301470588235294,1,0,1
"PCTChangeGT1,,,,##MA-SMA200LT0SMA100LT0,",-3.2361528316049415,5,1,4
"PCTChangeLT-2,_LTGT1.5_,,,%%HLTF:(GLOBAL-DOWN)sellHighLowerTail-Reversal-LastDayMarketUp,##(Check-chart-buy):month3High-InMinus,BreakHighMonth3,",-1.5194919662997732,1,0,1
"PCTChangeGT2,,,,(Test)sellHeavyUpTrend-Reversal-1,checkBuyConsolidationBreakUp-2week,week2BarHighChangeGT0,",0.40183846859744055,1,1,0
"PCTChangeLT-2,,,,(GLOBALFUTDOWN-DOWNTRENDMARKET)checkSellConsolidationBreakDown-week2-lowNotReachedWeek3,week2BarLowChangeLT0,chisSellDownTrend-nearHigh,",-0.30311299135988223,1,0,1
"PCTChangeLT-2,_HTGT1.5_,,,(GLOBALFUTDOWN-DOWNTRENDMARKET)checkSellConsolidationBreakDown-week2-lowNotReachedWeek3,week2BarLowChangeLT0,##ML:sellRisingMA-down-(Risky),",-2.1590909090909016,1,0,1
"PCTChangeLT-1,,,,chisSellFlagWeek-Risky,chisDownTrend-Risky-nearHigh,##(Check-chart-buy):YearHigh-InMinus,NearHighYear,",-0.9024017923304829,1,0,1
"PCTChangeGT3,_LTGT1.5_,,,##MAPositive_Uptrend(GT2),##MA-SMA200GT0SMA100LT0,##lastDayHighGT5TodayGT1,",-3.368988663131247,1,0,1
"PCTChangeLT-2,,,,(GLOBALFUTDOWN-DOWNTRENDMARKET)checkSellConsolidationBreakDown-week2-lowNotReachedWeek3,week2BarLowChangeLT0,weekLowLTweek2Low,chisDownTrend-Risky-nearHigh,##DOWNTREND:sellYear2HighReversal(InDownTrend),##(Check-chart-buy):YearHigh-InMinus,ReversalHighYear,",0.44570370370745493,3,2,1
"PCTChangeLT-3,,,,volBuyReversalLast2DayDown-VolUp,weekBarLowChangeLT-2,",1.2889483832772757,1,1,0
"PCTChangeGT1,,,,chisUpTrend-Risky-nearLow,",0.08263883391920457,363,177,186
"PCTChangeGT8,_HTGT1.5__LTGT3.0__LTGTPCTDayChange_,,,chisSell-2week-breakoutup,",2.1599975585937505,1,1,0
"PCTChangeLT-2,,,,volumeUpsergedLast2n3n4DayUp,volSellContinueLast2DayDown-VolUp,chisDownTrend-Risky-nearHigh,",1.099025815743874,1,1,0
"PCTChangeGT0,PCDayChange-0.5to0.5,year2High,,,,MaySellCheckChart-(|_|`|),",0.16602799489062087,1,1,0
"PCTChangeGT5,,,,(GLOBALFUTUP-UPTRENDMARKET)checkBuyConsolidationBreakUp-week2,weekBarHighChangeGT5,##MAPositive_Uptrend(GT4.5),##MA-SMA200GT0SMA100GT0,",-2.6070622104247616,1,0,1
"PCTChangeLT-0.5,,,,chisSellFlagWeek-Risky,volBuyReversalLast2DayDown-VolUp,",-0.9378302237532391,1,0,1
"PCTChangeGT2,,,,volSellReversalLast2DayUp-VolDown,chisCheckConsolidationBreakoutLT(4.5),(GLOBALFUTUP-UPTRENDMARKET)checkBuyConsolidationBreakUp-week2-highNotReachedWeek3,week2BarHighChangeGT2,",3.6502207736566255,1,1,0
"PCTChangeLT-3,_LTGT1.5_,,,(GLOBALFUTDOWN-DOWNTRENDMARKET)checkSellConsolidationBreakDown-week2-lowNotReachedWeek3,week2BarLowChangeLT-2,chisDownTrend-Risky-nearHigh,##DOWNTREND:sellYear2HighReversal(InDownTrend),##last2DayLow(LT-3)-M3LGT0,##(Check-chart-buy):month3High-InMinus,ReversalHighMonth3,",0.3459408962156214,2,1,1
"PCTChangeGT0.5,PCDayChange-0.5to0.5,_HTGT1.5_,,,chisBuyYearHigh-3,",0.4591148804886631,27,15,12
"PCTChangeGT2,year2Low,,,,VOL:sell-DownVol-3dayUp-Week2Low,",-1.2671062101167032,2,0,2
"PCTChangeGT5,year2Low,,,,chisSellYear2LowContinue,",5.854696714965236,1,1,0
"PCTChangeGT5,,,,volumeUpsergedLast2n3n4DayDown,(GLOBALFUTUP-UPTRENDMARKET)checkBuyConsolidationBreakUp-week2-highNotReachedWeek3,week2BarHighChangeGT2,brokenToday,##last2DayHighGT3-M3HLT0,",0.3760704627403869,1,1,0
"PCTChangeLT-1,,,,%%HLTF-Last2DayMarketDown:(GLOBAL-UP)buyHighUpperTailPre1-Reversal-LastDayMarketDown,chisDownTrend-Risky-nearHigh,##(Test):buyRisingMA-uptrend-SMA25gt0,",5.709026028366549,1,1,0
"PCTChangeGT3,,,,VOL:sell-DownVol-3dayUp-Week2Low,##last2DayHighGT3-M3HLT0,",-1.622191228125543,1,0,1
"PCTChangeLT-3,year2Low,,,,vol-buy-DownVol-3dayDown-Week2Low,%%:buyDownTrend-month3Low,",1.5060240963855422,1,1,0
"PCTChangeGT0.5,PCDayChange-0.5to0.5,_LTGT1.5_,,,chisSellDowningMA-(check5MinuteDownTrendAndSellDowntrend)-Already10DayDown,sellPattern-LT-1.5-SMALT0,(SMA9LT0),maySellFromBuyPattern-LT-1.8,",1.8585842454385306,1,1,0
"PCTChangeGT3,,,,volBuyVolumeUpsergedLast2n3DayDown,chisCheckConsolidationBreakoutLT(4.5),",0.8771929824561502,1,1,0
"PCTChangeLT-3,_HTGT1.5_,,,volSellContinueLast2DayDown-VolUp,##ML:buyRisingMA-down-Risky,",2.7898706517205816,1,1,0
"PCTChangeLT-2,,,,%%:checkSell:Flag2Week,chisBuyFinalContinue-3,##sellTenDaysMoreThanTen,##ML:buyRisingMA-down-Risky,",2.149637628118657,1,1,0
"PCTChangeLT-3,_LTGT1.5_,,,chisSellDownTrend-nearHigh,zigZagVolCrossedFromUp,##(Check-chart-buy):YearHigh-InMinus,NearHighYear,",1.1948212459570113,1,1,0
"PCTChangeLT-0.5,,,,%%:checkSell:CupDownDoji-lastDayLT(-2)TodayDoji,chisDownTrend-Risky-nearHigh,",0.21033546078359588,2,1,1
"PCTChangeLT-3,_LTGT1.5_,,,chisSellFinalCandidate-(lastDayUp)-(highChange),##sellTenDaysMoreThanTen,##ML:BuyRisingMA-Risky-1,##MAPositive_Uptrend(LT-4.5),##MA-SMA200LT0SMA100LT0,",0.41184198288691176,1,1,0
"PCDCGT0PCTDayChangeLT0,,,,chisSellFlagWeek-doji-Risky,chisBuyYearHigh-3,",-2.1331731975992465,1,0,1
"PCTChangeLT-0.5,year2High,_HTGT3.0__HTGTPCTDayChange_,,,%%HLTF-Risky9:30:maySellTail-tailGT2-7,10thDayGT15,",0.8661450564823573,1,1,0
"PCTChangeLT-5,_HTGT1.5__LTGT3.0_,,,##MANegative_Downtrend_(LT-4.5),##MA-SMA200GT0SMA100GT0,chisSellDayLowVolLow-01,",5.945800750093606,1,1,0
"PCTChangeGT3,_LTGT1.5_,,,##(Check-chart-sell):month3Low-InPlus,ReversalLowMonth3,chisUpTrend-Risky-nearLow,",-1.6456713298841215,1,0,1
"PCTChangeGT3,,,,volBuyContinueLast2DayUp-VolUp,chisCheckConsolidationBreakoutLT(4.5),(GLOBALFUTUP-UPTRENDMARKET)checkBuyConsolidationBreakUp-week2-highNotReachedWeek3,week2BarHighChangeGT0,brokenToday,",-2.309435472364782,3,0,3
"PCTChangeGT3,,,,(GLOBALFUTUP-UPTRENDMARKET)checkBuyConsolidationBreakUp-week2-highNotReachedWeek3,week2BarHighChangeGT2,weekHighGTweek2High,chisBuy-2week-breakoutup(check-chart)(|-|-| or --|),",-0.09615384615384273,1,0,1
"PCTChangeLT-1,PCDayChange-0.5to0.5,_LTGT3.0_,,,shortDownTrendSellContinue-Doji-Last2DayLTToday,buyMorningStar-HighLowerTail-(checkChart),",-1.1000067423903634,1,0,1
"PCTChangeGT3,,,,sellHeavyUpTrend-Reversal-(Risky),##MAPositive_Uptrend(GT2),##MA-SMA200GT0SMA100GT0,##last2DayHighGT3-M3HLT0,",0.5723859029134386,1,1,0
"PCTChangeGT2,_HTGT1.5__HTGTPCTDayChange_,,,week2BarHighChangeGT0,brokenToday,##RisingMA(check-chart-sell)-MaySellCheckChart,",-2.737655067158066,1,0,1
"PCTChangeGT1,PCDayChange-0.5to0.5,_HTGT1.5_,,,shortUpTrendSellReversal-Month3High-Doji-Last2DayGTToday,chisBuyYearHigh-3,",2.170296355835246,1,1,0
"PCTChangeLT-3,_HTGT1.5_,,,%%:checkSell:Flag2Week,chisSellFinalCandidate-4,##sellRisingMA,",1.5789443090147244,1,1,0
"PCTChangeGT1,_LTGT3.0_,,,chisSellDowningMA-(check5MinuteDownTrendAndSellDowntrend)-Already10DayDown,",0.44915398220295016,15,9,6
"PCTChangeGT3,_HTGT1.5_,,,chisUpTrend-Risky-nearLow,chisCheckConsolidationBreakoutLT(4.5),##UPTREND:buyYearLowReversal(Confirm),",4.058559067856338,1,1,0
"PCTChangeLT-1,_HTGT3.0__LTGT1.5__HTGTPCTDayChange__LTGTPCTDayChange_,,,%%:checkSell:Super01-monthLow,",0.5806088161490119,2,1,1
"PCTChangeLT-3,_HTGT1.5_,,,checkCupDown-3dayDown,VOL:buy-DownVol-3dayDown-Week2High,",4.56997066743495,1,1,0
"PCTChangeLT-2,,,,##DOWNTREND:sellYear2HighReversal(InDownTrend),volBuyRevarsalVolCrossed,##(Check-chart-buy):month3High-InMinus,ReversalHighMonth3,",2.0332832454229512,1,1,0
"PCTChangeGT5,_HTGT1.5_,,,BuyYearLow,",-1.687407371697254,1,0,1
"PCTChangeLT-1,,,,volBuyReversalLast2DayDown-VolUp,shortDownTrendSellContinue-Doji-Last2DayLTToday,",-0.01128003113252573,1,0,1
"PCTChangeLT-0.5,_HTGT1.5__HTGTPCTDayChange_,,,##buyYear2LowMovingSMA,",1.1829693333789348,2,1,1
"PCTChangeLT-5,,,,chisSellFlagWeek-Risky,volBuyReversalLast2DayDown-VolDown,(SMA9LT0),",1.134922902710311,1,1,0
"PCTChangeLT-5,,,,##DOWNTREND:sellYear2HighReversal(InDownTrend),",1.9565540915848405,12,8,4
"PCTChangeGT2,_HTGT1.5_,,,(GLOBALFUTUP-UPTRENDMARKET)checkBuyConsolidationBreakUp-week2-highNotReachedWeek3,week2BarHighChangeGT0,brokenToday,",0.7921964439977079,7,5,2
"PCTChangeLT-3,_LTGT1.5_,,,##MANegative_Downtrend_(LT-2),##MA-SMA200LT0SMA100LT0,%%:buyDownTrend-month3Low,",0.40041439532590567,3,1,2
"PCTChangeGT2,,,,chisBuyConsolidationBreakUp-2week-(Risky)-year2High,week2BarHighChangeGT2,brokenToday,",-2.1280740241955116,1,0,1
"PCTChangeGT5,_LTGT1.5_,,,chisUpTrend-Risky-nearLow,##RisingMA(Test)(check-chart-buy)-2DayUp,",-0.7653316082858335,1,0,1
"PCTChangeGT2,PCDayChange-0.5to0.5,,,,chisSellFlag2Week-doji-Risky,",-1.9273697552956275,1,0,1
"PCTChangeGT2,_LTGT1.5_,,,week2BarHighChangeGT0,weekHighGTweek2High,brokenToday,",0.9196128882992707,1,1,0
"PCTChangeGT2,_LTGT1.5_,,,zigZagVolCrossedFromDown,week2BarHighChangeGT0,brokenToday,",-1.8956027188143865,1,0,1
"PCTChangeGT2,_HTGT1.5__LTGT1.5_,,,chisSellYear2LowLT-40-last4DayDown(triggerAfter-9:15),##MA-SMA200LT0SMA100LT0,",-4.966573002349599,1,0,1
"PCTChangeLT-2,year2Low,_HTGT1.5__HTGTPCTDayChange_,,,%%:buyDownTrend-month3Low,",1.1147351693025014,2,1,1
"PCTChangeLT-1,_LTGT3.0_,,,%%HLTF:(GLOBAL-UP)buyHighLowerTail-StockInUptrend,volBuyReversalLast2DayDown-VolDown,chisBuyFinalContinue-1,##MAPositive_Uptrend(LT-2),##MA-SMA200LT0SMA100GT0,",3.2955675746717454,1,1,0
"PCTChangeLT-1,_HTGT3.0_,,,%%HLTF-Last2HighTail:(DOWNTREND)sellHighUpperTailPre-1,",1.8772607245600192,1,1,0
"PCTChangeGT0,year2High,_HTGT1.5__LTGT1.5_,,,%%HLTF-Last2HighTail:(UPTREND)buy(DOWNTREND)sell:HighUpperTailPre-last2DayUp,",-1.041938021254192,1,0,1
"PCTChangeGT1,PCDayChange-0.5to0.5,_HTGT1.5_,,,shortUpTrendSellReversal-MonthHigh,",0.6848258898824757,1,1,0
"PCTChangeLT-1,_LTGT1.5_,,,(GLOBALFUTDOWN-DOWNTRENDMARKET)checkSellConsolidationBreakDown-week2-lowNotReachedWeek3,week2BarLowChangeLT-2,weekLowLTweek2Low,chisDownTrend-Risky-nearHigh,",0.1407437998957633,1,1,0
"PCTChangeLT-3,_LTGT1.5_,,,%%HLTF:(SGXNIFTYUP)buyHighLowerTail-Continue,##MAPositive_Uptrend(LT-4.5),##MA-SMA200LT0SMA100GT0,",-4.086647969175754,1,0,1
"PCTChangeLT-2,_HTGT1.5__LTGT1.5_,,,(GLOBALFUTDOWN-DOWNTRENDMARKET)checkSellConsolidationBreakDown-week2-lowNotReachedWeek3,week2BarLowChangeLT0,##DOWNTREND:sellYear2HighReversal(InDownTrend),##(Check-chart-buy):YearHigh-InMinus,ReversalHighYear,",1.593406593406602,1,1,0
"PCTChangeLT-3,_HTGT1.5_,,,chisRSISellCandidate(yearLow)-lessThanMinus5,##MANegative_Downtrend_(LT-4.5),##MA-SMA200LT0SMA100LT0,##last2DayLow(LT-3)-M3LLT0,",-6.069175214498567,1,0,1
"PCDCGT0PCTChangeLT-1,_HTGT1.5_,,,(Test)MaySell-CheckChart(downTrend-lastDayUp),",-2.19162346915842,1,0,1
"PCTChangeLT-1,_HTGT1.5__LTGT3.0_,,,chisSell-smallUptrendReversal,",-1.608694325322693,1,0,1
"PCTChangeLT-0.5,,,,##MA-SMA200LT0SMA100GT0,",2.7363199895095875,1,1,0
"PCTChangeGT3,year2High,_HTGT3.0__HTGTPCTDayChange_,,,%%HLTF-Last2HighTail:(UPTREND)buy(DOWNTREND)sell:HighUpperTailPre-last2DayUp,%%:sellUpTrend-month3High,##lastDayHighGT5TodayGT1,",-0.06684899694884702,1,0,1
"PCTChangeLT-3,_LTGT1.5_,,,%%:buyDownTrend-month3Low,",0.11429859665960851,2,1,1
"PCTChangeLT-2,,,,%%HLTF-Last2DayMarketDown:(GLOBAL-UP)buyHighUpperTailPre1-Reversal-LastDayMarketDown,##sellTenDaysMoreThanTen,",1.2414706773531745,1,1,0
"PCTChangeLT-0.5,PCDayChange-0.5to0.5,_HTGT1.5_,,,%%:checkSell:Super01-monthLow,%%HLTF:maySellTail-tailGT2-7,10thDayGT0,",-1.0752631409993432,1,0,1
"PCTChangeLT-2,,,,##MANegative_Downtrend_(LT-2),##MA-SMA200LT0SMA100LT0,%%:buyDownTrend-month3Low,",1.9925414256383895,3,2,1
"PCDCLT0PCTChangeGT1,_LTGT3.0_,,,volBuyRevarsalVolCrossed,",-1.1805443935895528,1,0,1
"PCTChangeGT8,,,,zigZagVolCrossedFromDown,",-1.1615973350209978,4,1,3
"PCTChangeLT-1,,,,volSellContinueLast2DayDown-VolUp,##(Check-chart-buy):month6High-InMinus,ReversalHighMonth6,",-5.288122939657914,1,0,1
"PCTChangeLT-3,_HTGT1.5_,,,volSellVolumeUpsergedLast2n3DayUp,##sellTenDaysMoreThanTen,",2.5421560119548814,1,1,0
"PCTChangeLT-3,,,,VOL:sell(GLOBALFUTUP-GLOBALMARKETUP)Buy-UpVol-3dayDown-Week2High,##last2DayLow(LT-3)-M3LGT0,##(Check-chart-buy):month3High-InMinus,NearHighMonth3,",-2.124343025994315,1,0,1
"PCTChangeLT-8,_HTGT3.0__LTGT3.0_,,,VOL:sellAboveTail-BuyAtClose:upVol3dayDownWeek2Low-highLowerTail,chisRSISellCandidate(yearLow)-lessThanMinus5,##MANegative_Downtrend_(LT-4.5),##MA-SMA200LT0SMA100LT0,##last2DayLow(LT-3)-M3LLT0,",-0.6993531937855315,1,0,1
"PCTChangeGT1,_HTGT3.0_,,,%%HLTF:maySellTail-tailGT2-7,10thDayGT20,%%HLTF:(UPTREND-GLOBAL/SGX-UP)BuyHighUpperTail-Reversal-7,10thDayGT15-LastDayMarketDown,##MA-SMA200LT0SMA100LT0,",-2.3268876004068852,1,0,1
"PCTChangeGT3,_LTGT1.5_,,,volSellVolumeUpsergedLast2n3DayDown,(GLOBALFUTUP-UPTRENDMARKET)checkBuyConsolidationBreakUp-week2-highNotReachedWeek3,week2BarHighChangeGT2,brokenToday,chisBuy-2week-breakoutup(check-chart)(|-|-| or --|),",-1.6752232142857073,1,0,1
"PCTChangeGT5,,,,chisCheckConsolidationBreakout2WeekGT(4.5),##MAPositive_Uptrend(GT4.5),##MA-SMA200LT0SMA100LT0,",-2.7551020408163174,1,0,1
"PCTChangeLT-0.5,_HTGT1.5__HTGTPCTDayChange_,,,%%HLTF:maySellTail-tailGT2-7,10thDayGT0,",-0.33423106631428007,3,1,2
"PCTChangeGT5,_HTGT1.5__LTGT1.5_,,,##last3DayHighGT3-M3HLT0,",-5.293770312875313,1,0,1
"PCTChangeGT3,,,,##(check-chart)mayBuy-EMA6-LT-May-MT-EMA14,",0.152872656058733,39,17,22
"PCTChangeLT-3,_HTGT1.5_,,,%%:checkSell:Super0,##MANegative_Downtrend_(LT-2),##MA-SMA200LT0SMA100LT0,##DOWNTREND:sellMonth3LowBreak,%%:buyDownTrend-month3Low,",-4.885176178806759,1,0,1
"PCTChangeLT-2,,,,(GLOBALFUTDOWN-DOWNTRENDMARKET)checkSellConsolidationBreakDown-week2-lowNotReachedWeek3,week2BarLowChangeLT0,chisSellDownTrend-nearHigh,##(Check-chart-buy):month3High-InMinus,NearHighMonth3,",1.6547406082289773,1,1,0
"PCTChangeLT-2,_HTGT1.5_,,,##MANegative_Downtrend_(LT-2),##MA-SMA200GT0SMA100LT0,zigZagVolCrossedFromUp,",0.4803277709512308,1,1,0
"PCTChangeGT3,_LTGT1.5_,,,##UPTREND:buyYearLowReversal(Confirm),",-0.40993084716920136,6,3,3
"PCTChangeLT-2,_HTGT1.5__HTGTPCTDayChange_,,,%%:check(UPTREND-UPMARKET)Buy(DOWNTRENDTREND-DOWNMARKET)Sell:Super01-monthLow,",-0.3234622276290076,3,1,2
"PCTChangeGT0.5,PCDayChange-0.5to0.5,_HTGT1.5_,,,shortUpTrendBuyContinue-Doji-Last2DayGTToday,",-0.004595441679317057,7,3,4
"PCTChangeGT0.5,_LTGT3.0_,,,%%HLTF:(GLOBAL-DOWN)sellHighLowerTail-Reversal-LastDayMarketUp,",-0.3210079777769199,12,6,6
"PCTChangeGT0,PCDayChange-0.5to0.5,_HTGT1.5_,,,chisSellSuper-Risky,-+,%%:sellDowntrend-lastDayUp-ReversalHighTail,##MANegative_Downtrend_(GT0),##MA-SMA200LT0SMA100LT0,",-7.759823220920484,1,0,1
"PCTChangeGT0,PCDayChange-0.5to0.5,_HTGT3.0_,,,%%HLTF-Risky9:30:maySellTail-tailGT2-7,10thDayGT15,%%HLTF:(UPTREND-GLOBAL/SGX-UP)BuyHighUpperTail-Reversal-7,10thDayGT15-LastDayMarketDown,",-1.304121043191765,1,0,1
"PCTChangeGT2,,,,week2BarHighChangeGT0,brokenToday,##(Check-chart):year2High-InPlus,",-0.012746618580139405,3,2,1
"PCTChangeLT-3,,,,(GLOBALFUTDOWN-DOWNTRENDMARKET)checkSellConsolidationBreakDown-week2-lowNotReachedWeek3,week2BarLowChangeLT-2,weekLowLTweek2Low,##DOWNTREND:sellYear2HighReversal(InDownTrend),##(Check-chart-buy):month3High-InMinus,ReversalHighMonth3,",-1.0797176370936954,3,1,2
"PCTChangeLT-5,year2Low,_LTGT3.0_,,,buyMorningStar-HighLowerTail-(checkChart),",-1.2500021192762545,1,0,1
"PCDCGT0PCTChangeLT-1,_LTGT1.5_,,,##MA-SMA200LT0SMA100LT0,",-2.657629498142472,1,0,1
"PCTDayChangeLT0,_HTGT1.5_,,,%%:checkSell:CupDownDoji-last2lastDayLT0orTodayGT0,",-0.3485478940217351,1,0,1
"PCTChangeLT-3,,,,(GLOBALFUTDOWN-DOWNTRENDMARKET)checkSellConsolidationBreakDown-week2-lowNotReachedWeek3,week2BarLowChangeLT0,chisDownTrend-Risky-nearHigh,##(check-chart)maySell-EMA6-MT-May-LT-EMA14,##ML:BuyRisingMA-Risky-0,",2.221939821551898,1,1,0
"PCTChangeLT-2,_HTGT3.0__HTGTPCTDayChange_,,,##MANegative_Downtrend_(LT-2),##MA-SMA200LT0SMA100LT0,",-3.3270362449857394,5,2,3
"PCTChangeGT3,_HTGT1.5_,,,volBuyContinueLast2DayUp-VolUp,weekBarHighChangeGT2,brokenToday,",-1.3480373709442561,1,0,1
"PCTChangeLT-2,,,,VOL:buy-UpVol-3dayDown-Week2Low,weekBarLowChangeLT-2,(SMA9LT0),",-1.8696224429628068,2,1,1
"PCTChangeLT-0.5,_HTGT1.5__HTGTPCTDayChange__LTGTPCTDayChange_,,,##buyYear2LowMovingSMA,",-1.1329305135951804,1,0,1
"PCTChangeLT-1,_LTGT1.5_,,,chisDownTrend-Risky-nearHigh,##(Check-chart-buy):month6High-InMinus,ReversalHighMonth6,",1.2660931108335722,1,1,0
"PCTChangeLT-2,_LTGT3.0_,,,checkCupDown-mayReversalBuy,(Test)MayBuy-CheckChart(upTrend-lastDayDown),",1.5652200450067846,1,1,0
"PCTChangeGT2,,,,##(Check-chart-sell):month3Low-InPlus,ReversalLowMonth3,chisUpTrend-Risky-nearLow,",-0.04676742370716025,8,5,3
"PCTChangeLT-2,_HTGT3.0__LTGT1.5__HTGTPCTDayChange__LTGTPCTDayChange_,,,##sellTenDaysMoreThanTen,##MAPositive_Uptrend(LT-2),##MA-SMA200GT0SMA100GT0,",-1.8943760674911565,1,0,1
"PCTChangeLT-2,,,,volSellContinueLast2DayDown-VolUp,##ML:BuyRisingMA-Risky-1,",4.347830165989771,1,1,0
"PCTChangeLT-2,_LTGT3.0_,,,##MANegative_Downtrend_(LT-2),##MA-SMA200LT0SMA100LT0,%%:buyDownTrend-month3Low,",1.482410526754857,1,1,0
"PCTChangeGT5,year2High,_HTGT1.5__LTGT1.5_,,,volSellReversalLast2DayUp-VolDown,##last2DayHighGT3-M3HGT0,",6.572849703150851,1,1,0
"PCTChangeLT-0.5,_HTGT3.0__HTGTPCTDayChange_,,,##MA-SMA200LT0SMA100LT0,",0.371941989142539,1,1,0
"PCTChangeLT-1,_LTGT3.0_,,,$$MayBuy-CheckChart(downTrend-mayReverseLast4DaysDown),",-3.9646495472301044,1,0,1
"PCTChangeGT16,,,,chisSellDayHighVolLow-0,",14.838166057743429,1,1,0
"PCTChangeGT0.5,_HTGT1.5_,,,##MAPositive_Uptrend(GT1),##MA-SMA200LT0SMA100LT0,",3.1013982598614254,1,1,0
"PCTChangeGT0.5,PCDayChange-0.5to0.5,,,,##MAPositive_Uptrend(GT0),##MA-SMA200LT0SMA100LT0,",1.5204409852207017,1,1,0
"PCTChangeGT2,_HTGT1.5__LTGT1.5__HTGTPCTDayChange_,,,##buyTenDaysLessThanMinusTen,",1.0740287062206133,2,1,1
"PCTChangeGT3,_HTGT1.5_,,,volumeUpsergedLast2n3n4DayDown,volBuyContinueLast2DayUp-VolUp,weekBarHighChangeGT2,",-0.073941666185305,1,0,1
"PCTChangeLT-2,,,,volumeUpsergedLast2n3n4DayUp,volSellContinueLast2DayDown-VolUp,chisSellDownTrend-nearHigh,##(Check-chart-buy):month3High-InMinus,BreakHighMonth3,",0.07181085512897573,1,1,0
"PCTChangeLT-2,_HTGT1.5_,,,%%:checkSell:CupDownDoji-last2lastDayLT0orTodayGT0,",1.0043681448724147,1,1,0
"PCTChangeLT-3,_HTGT1.5__LTGT1.5_,,,##last2DayLow(LT-3)-M3LGT0,",1.1970355388587,8,4,4
"PCTChangeGT3,_HTGT3.0__HTGTPCTDayChange_,,,volSellVolumeUpsergedLast2n3DayDown,volBuyContinueLast2DayUp-VolUp,chisCheckConsolidationBreakoutLT(4.5),",-2.644145910226423,1,0,1
"PCTChangeLT-1,_HTGT1.5_,,,(GLOBALFUTDOWN-DOWNTRENDMARKET)checkSellConsolidationBreakDown-week2-lowNotReachedWeek3,week2BarLowChangeLT0,",-0.2427266981535415,6,3,3
"PCTChangeGT3,_HTGT1.5__LTGT3.0__HTGTPCTDayChange__LTGTPCTDayChange_,,,##MAPositive_Uptrend(GT1),##MA-SMA200LT0SMA100GT0,",-1.3637721356307397,1,0,1
"PCTChangeGT5,,,,chisBuy-2week-breakoutup(check-chart)(|-|-| or --|),",0.2122351299841708,3,2,1
"PCDCGT0PCTDayChangeLT0,PCDayChange-0.5to0.5,_HTGT3.0__LTGT1.5_,,,chisBuyYearHigh-3,",-0.9709262225648841,3,0,3
"PCTChangeGT3,,,,chisCheckConsolidationBreakoutLT(4.5),(GLOBALFUTUP-UPTRENDMARKET)checkBuyConsolidationBreakUp-week2-highNotReachedWeek3,week2BarHighChangeGT0,brokenToday,",-0.03758511206758911,17,7,10
"PCTChangeGT12,_HTGT3.0__LTGT3.0_,,,chisSellYear2LowLT-40-last3DayDown(triggerAfter-9:15),",-5.419764672497491,1,0,1
"PCTChangeLT-1,,,,%%HLTF-Last2DayMarketDown:(GLOBAL-UP)buyHighUpperTailPre1-Reversal-LastDayMarketDown,volBuyReversalLast2DayDown-VolDown,chisBuyFinalContinue-1,##sellRisingMA,",1.8548411707724293,1,1,0
"PCTChangeGT1,PCDayChange-0.5to0.5,_LTGT1.5_,,,##MANegative_Downtrend_(GT0),##MA-SMA200LT0SMA100LT0,",-0.1161085330869088,1,0,1
"PCTChangeGT0.5,PCDayChange-0.5to0.5,,,,sellPattern-LT-1.5-SMALT0,(SMA9LT0),",1.739895368593283,1,1,0
"PCTChangeGT1,_HTGT1.5__HTGTPCTDayChange_,,,%%HLTF-Last2HighTail:(UPTREND)buy(DOWNTREND)sell:HighUpperTailPre-last2DayUp,",2.151060978304523,15,13,2
"PCTChangeGT2,_HTGT1.5__LTGT3.0__LTGTPCTDayChange_,,,##buyTenDaysLessThanMinusTen,",1.7408512035380943,2,2,0
"PCDCGT0PCTChangeLT-1,PCDayChange-0.5to0.5,,,,##(Test)(check-chart)-sellSMADownTrend,",0.21726224401904864,4,2,2
"PCTChangeLT-1,_HTGT3.0_,,,%%:checkSell:Super0,shortDownTrendSellContinue-Doji-Last2DayLTToday,##MA-SMA200LT0SMA100LT0,",-2.1241817334221063,1,0,1
"PCTChangeGT2,_LTGT1.5_,,,##MAPositive_Uptrend(GT2),##MA-SMA200LT0SMA100LT0,",1.6077785785115757,5,4,1
"PCTChangeLT-0.5,PCDayChange-0.5to0.5,,,,chisSellSuper-Risky,--,##MANegative_Downtrend_(LT0),##MA-SMA200LT0SMA100LT0,",1.4187272165772657,1,1,0
"PCTChangeLT-3,,,,(GLOBALFUTDOWN-DOWNTRENDMARKET)checkSellConsolidationBreakDown-week2-lowNotReachedWeek3,week2BarLowChangeLT-2,weekLowLTweek2Low,##longDownTrend-1-IndexNotDownLastDay(checkBase),",-4.0289663670786835,1,0,1
"PCTChangeGT2,,,,volSellVolumeUpsergedLast2n3DayDown,##MAPositive_Uptrend(GT2),##MA-SMA200GT0SMA100GT0,",-0.3362746577064781,4,1,3
"PCTChangeGT3,,,,chisFinalBreakOutBuy-1test-atYearLow,BuyYearLow,##UPTREND:buyYear2LowReversal(Confirm),",0.46679657628118587,1,1,0
"PCTChangeLT-1,_HTGT3.0__LTGT3.0__HTGTPCTDayChange__LTGTPCTDayChange_,,,##MANegative_Downtrend_(LT-2),##MA-SMA200LT0SMA100LT0,%%:buyDownTrend-month3Low,",0.2488878038194429,1,1,0
"PCDCLT0PCTChangeGT1,PCDayChange-0.5to0.5,year2High,_LTGT3.0_,,,%%HLTF:(SGXNIFTYUP)buyHighLowerTail-Continue,",-1.9046637145397844,4,0,4
"PCTChangeGT0.5,_LTGT3.0_,,,##MANegative_Downtrend_(GT0),##MA-SMA200LT0SMA100LT0,",0.7451962202023185,1,1,0
"PCTChangeGT5,_LTGT1.5_,,,volBuyContinueLast2DayUp-VolUp,",0.6907784748834285,6,3,3
"PCDCLT0PCTChangeGT0,_HTGT1.5__LTGT3.0_,,,##MANegative_Downtrend_(LT0),##MA-SMA200LT0SMA100LT0,",-2.421800045915062,1,0,1
"PCTChangeGT3,_HTGT1.5__LTGT1.5_,,,(GLOBALFUTUP-UPTRENDMARKET)checkBuyConsolidationBreakUp-week2-highNotReachedWeek3,week2BarHighChangeGT0,brokenToday,",-1.414827415493549,1,0,1
"PCTChangeLT-3,_LTGT1.5_,,,volBuyVolumeUpsergedLast2n3DayUp,##MANegative_Downtrend_(LT-2),##MA-SMA200LT0SMA100LT0,##DOWNTREND:sellYearLowBreak,",-2.0166127118559647,1,0,1
"PCTChangeGT3,,,,chisCheckConsolidationBreakout2WeekLT(4.5),##MAPositive_Uptrend(GT2),##MA-SMA200LT0SMA100GT0,",-0.2238790787274582,1,0,1
"PCTChangeGT3,_LTGT1.5_,,,##(Check-chart-sell):month3Low-InPlus,ReversalLowMonth3,chisBuyUpTrend-nearLow,chisSell-2week-breakoutup,##UPTREND:buyMonth3LowReversal(Confirm),##lastDayHighGT5TodayGT1,",0.27225795135254555,1,1,0
"PCTChangeGT3,,,,chisCheckConsolidationBreakoutLT(4.5),",-0.2925525807895266,139,51,88
"PCTChangeLT-2,,,,vol-buy-DownVol-3dayDown-Week2Low,##MANegative_Downtrend_(LT-2),##MA-SMA200GT0SMA100LT0,",-6.097017687766959,2,0,2
"PCTChangeLT-0.5,year2High,_HTGT1.5__HTGTPCTDayChange_,,,%%HLTF-Risky9:30:maySellTail-tailGT2-7,10thDayGT15,",0.6937807856397262,4,3,1
"PCTChangeLT-8,_HTGT3.0__LTGT3.0__HTGTPCTDayChange__LTGTPCTDayChange_,,,volSellContinueLast2DayDown-VolUp,chisDownTrend-Risky-nearHigh,##MANegative_Downtrend_(LT-4.5),##MA-SMA200GT0SMA100LT0,##last2DayLow(LT-3)-M3LGT0,",-1.7240629773938672,1,0,1
"PCTChangeLT-2,_LTGT1.5_,,,(Test)MayBuy-CheckChart(upTrend-lastDayDown),##ML:BuyRisingMA-Risky-1,",-0.8087863119058585,1,0,1
"PCTChangeLT-2,_HTGT3.0_,,,chisSellDownTrend-nearHigh,",4.095105103118945,1,1,0
"PCTChangeLT-3,_HTGT3.0__LTGT1.5_,,,##MANegative_Downtrend_(LT-4.5),##MA-SMA200LT0SMA100LT0,",0.8850900424237875,3,3,0
"PCTChangeLT-1,_LTGT3.0_,,,chisSell-smallUptrendReversal,%%HLTF:(SGXNIFTYUP)buyHighLowerTail-Continue,##buyYear2LowMovingSMA,",14.116279923775355,1,1,0
"PCTChangeGT2,_LTGT1.5_,,,%%:sellUpTrend-month3High,##MAPositive_Uptrend(GT1),##MA-SMA200LT0SMA100GT0,",-1.902495247504004,1,0,1
"PCTChangeGT2,,,,volumeUpsergedLast2n3n4DayDown,chisBuyConsolidationBreakUp-2week-(Risky)-year2High,week2BarHighChangeGT2,weekHighGTweek2High,brokenToday,",-0.12340881833592014,1,0,1
"PCDCLT0PCTChangeGT1,_HTGT1.5__LTGT3.0__HTGTPCTDayChange__LTGTPCTDayChange_,,,##MA-SMA200LT0SMA100LT0,",1.4953203564883868,2,1,1
"PCTChangeLT-3,PCDayChange-0.5to0.5,_LTGT3.0_,,,$$MayBuy-CheckChart-baseLine(inuptrend-monthlow)-MHCLT(-10),",6.986959706182071,1,1,0
"PCTChangeLT-1,year2Low,_HTGT3.0__LTGT3.0__HTGTPCTDayChange__LTGTPCTDayChange_,,,%%:buyDownTrend-month3Low,",0.62068766362392,2,1,1
"PCTChangeLT-1,_LTGT3.0_,,,##MANegative_Downtrend_(LT-2),##MA-SMA200LT0SMA100LT0,chisBuyYear2Low,NearLowYear2,",2.507572617523825,1,1,0
"PCTChangeGT3,,,,volSellReversalLast2DayUp-VolDown,##last2DayHighGT3-M3HLT0,",-0.01754412819223655,1,0,1
"PCTChangeLT-5,,,,volBuyReversalLast2DayDown-VolDown,##MANegative_Downtrend_(LT-4.5),##MA-SMA200LT0SMA100LT0,",3.203883179157229,2,2,0
"PCTChangeGT0,PCDayChange-0.5to0.5,,,,sellPattern-LT-1.5-SMALT0,(SMA9LT0),maySellFromBuyPattern-LT-1.8,",-0.6155764803192199,5,2,3
"PCTChangeGT0.5,PCDayChange-0.5to0.5,_LTGT1.5_,,,buyYearHigh-0,",-0.8139147679478141,4,0,4
"PCTChangeGT3,_LTGT1.5_,,,##MAPositive_Uptrend(GT2),##MA-SMA200LT0SMA100GT0,##last2DayHighGT3-M3HGT0,",1.5424124693720915,1,1,0
"PCTChangeLT-5,,,,maySellAfter10:30HighVolatileDownContinueLT-8-Risky,chisDownTrend-Risky-nearHigh,##MANegative_Downtrend_(LT-4.5),##MA-SMA200GT0SMA100LT0,chisSellDayLowVolLow-01,",1.754269803725815,1,1,0
"PCTChangeGT0.5,PCDayChange-0.5to0.5,,,,chisSellFlag2Week-doji-Risky,shortUpTrendBuyContinue-Doji-Last2DayGTToday,",-0.04696886673005271,1,0,1
"PCTChangeGT2,_HTGT1.5__HTGTPCTDayChange_,,,%%HLTF-Risky9:30:maySellTail-tailGT2-7,10thDayGT15,$$MaySell-CheckChart-baseLine(inDownTrend-monthHigh)-MLCGT10,##RisingMA(check-chart-sell)-MaySellCheckChart,",-0.4859867778095149,1,0,1
"PCTChangeGT1,,,,zigZagVolCrossedFromDown,chisBuyUpTrend-nearLow,",3.348508812370733,1,1,0
"PCTChangeLT-3,year2High,,,,chisSellUpTrend-Risky-1,",0.2504260766987052,2,1,1
"PCTChangeLT-5,,,,maySellHighVolatileDownContinueLT-8,volumeUpsergedLast2n3n4DayUp,volSellContinueLast2DayDown-VolUp,",1.6906021158004139,1,1,0
"PCTChangeGT5,,,,##MAPositive_Uptrend(GT4.5),##MA-SMA200LT0SMA100LT0,",-0.7222873862847259,25,8,17
"PCTChangeGT2,year2High,,,,chisBuyConsolidationBreakUp-2week-(Risky)-year2High,week2BarHighChangeGT2,brokenToday,",0.3264936809526306,1,1,0
"PCTDayChangeLT0,_LTGT1.5_,,,(Test)(check-chart-2-3MidCapCross)MayBuyCheckChart-Risky,(Test)MayBuy-CheckChart(upTrend-lastDayDown),##MAPositive_Uptrend(LT-1),##MA-SMA200GT0SMA100GT0,",-0.4773826171067851,1,0,1
"PCTChangeLT-1,,,,chisSell:Super03-monthLow,sellPatternsML,",-1.6340763866253816,1,0,1
"PCTChangeLT-2,,,,checkCupDown-3dayDown,VOL:buy-DownVol-3dayDown-Week2High,",-0.2627674924116567,3,1,2
"PCTChangeGT0.5,,,,chisUpTrend-Risky-nearLow,##(Test)buyBottomReversal-1,",1.242782140157012,3,2,1
"PCTChangeLT-3,_HTGT3.0__LTGT3.0_,,,%%HLTF:(GLOBAL-DOWN)sellHighLowerTail-Reversal-LastDayMarketUp,",0.15221629857061633,1,1,0
"PCTChangeGT3,,,,(GLOBALFUTUP-UPTRENDMARKET)checkBuyConsolidationBreakUp-week2-highNotReachedWeek3,week2BarHighChangeGT2,weekHighGTweek2High,chisBuy-2week-breakoutup(check-chart)(|-|-| or --|),##(check-chart)mayBuy-EMA6-LT-May-MT-EMA14,",0.7775138011277672,1,1,0
"PCTChangeLT-2,,,,%%:checkSell:Super0,weekBarLowChangeLT-2,brokenToday,##MANegative_Downtrend_(LT-2),##MA-SMA200LT0SMA100LT0,##DOWNTREND:sellYearLowBreak,%%:buyDownTrend-month3Low,",-4.404190202518352,1,0,1
"PCTChangeGT3,_HTGT3.0_,,,chisCheckConsolidationBreakoutGT(4.5),weekBarHighChangeGT2,",0.33333333333333337,1,1,0
"PCTDayChangeLT0,PCDayChange-0.5to0.5,,,,%%:checkSell:Super0,",-0.13428158918060107,2,0,2
"PCTChangeLT-5,_HTGT1.5_,,,maySellHighVolatileDownContinueLT-8,volSellContinueLast2DayDown-VolUp,",2.3050428316812592,1,1,0
"PCTChangeLT-2,,,,%%:checkSell:Flag2Week,VOL:buy-DownVol-3dayDown-Week2High,",1.839619762492627,1,1,0
"PCDCLT0PCTChangeGT0,PCDayChange-0.5to0.5,_HTGT1.5_,,,buyMayYear2LowBreakingUp,",-0.7277346922674426,2,0,2
"PCTChangeGT3,_HTGT1.5_,,,chisUpTrend-Risky-nearLow,week2BarHighChangeGT2,weekHighGTweek2High,##(Test)buyBottomReversal-1,",3.7226117644068175,1,1,0
"PCTChangeGT3,year2High,_HTGT3.0__HTGTPCTDayChange_,,,checkCupDown-lastDayUp,",-3.335804450408699,1,0,1
"PCTChangeLT-2,_LTGT1.5_,,,%%HLTF:(GLOBAL-DOWN)sellHighLowerTail-Reversal-LastDayMarketUp,chisSellDownTrend-nearHigh,##(Check-chart-buy):YearHigh-InMinus,ReversalHighYear,",-1.3629702323484347,1,0,1
"PCTChangeLT-5,_HTGT1.5__HTGTPCTDayChange__LTGTPCTDayChange_,,,chisDownTrend-Risky-nearHigh,",-1.1130533835429237,1,0,1
"PCDCLT0PCTChangeGT1,,,,##MAPositive_Uptrend(LT0),##MA-SMA200GT0SMA100GT0,",4.929577464788722,1,1,0
"PCTChangeGT0,_LTGT1.5_,,,##MAPositive_Uptrend(GT0),##MA-SMA200LT0SMA100GT0,",5.59858788498729,1,1,0
"PCTChangeGT3,_HTGT1.5_,,,%%HLTF-Last2HighTail:(UPTREND)buy(DOWNTREND)sell:HighUpperTailPre-last2DayUp,%%:checkSellRevarsalLast3DayUpAtMonth3Low,##(Check-chart-sell):month3Low-InPlus,ReversalLowMonth3,##UPTREND:buyMonth3LowReversal(Confirm),",-1.9970082737761543,1,0,1
"PCTChangeLT-5,,,,volumeUpsergedLast2n3n4DayUp,volSellContinueLast2DayDown-VolUp,chisDownTrend-Risky-nearHigh,",1.1999976748511787,1,1,0
"PCTDayChangeLT0,PCDayChange-0.5to0.5,,,,(SMA9GT0),mayBuyFromSellPattern-GT1.8,",1.3474051734468449,3,2,1
"PCDCLT0PCTChangeGT16,_LTGT3.0_,,,%%HLTF-Last2DayMarketUp:(GLOBAL-DOWN)sellHighLowerTail-Reversal-LastDayMarketUp,##MA-SMA200GT0SMA100GT0,",-1.451612903225814,1,0,1
"PCTChangeGT2,_HTGT3.0__LTGT1.5_,,,chisBuyUpTrend-nearLow,",7.352941176470597,1,1,0
"PCTChangeGT2,_HTGT1.5_,,,%%HLTF-Last2HighTail:(UPTREND)buy(DOWNTREND)sell:HighUpperTailPre-last2DayUp,week2BarHighChangeGT0,weekHighGTweek2High,",-2.8729927536456707,2,0,2
"PCTChangeGT0.5,,,,weekBarHighChangeGT0,",-0.6153408890549774,9,3,6
"PCTChangeGT1,,,,week2BarHighChangeGT0,##UPTREND:buyYearLowReversal(Confirm),",-0.5055613331980463,1,0,1
"PCTChangeLT-1,PCDayChange-0.5to0.5,_HTGT3.0__LTGT3.0_,,,##MANegative_Downtrend_(LT0),##MA-SMA200LT0SMA100LT0,",-6.916527433515564,1,0,1
"PCTChangeGT3,year2High,_LTGT1.5_,,,##last2DayHighGT3-M3HGT0,",0.25133825317666203,4,3,1
"PCDCLT0PCTChangeGT0,PCDayChange-0.5to0.5,_HTGT1.5__LTGT3.0_,,,%%HLTF:(SGXNIFTYUP)buyHighLowerTail-Continue,",-0.2150250038871191,2,0,2
"PCTChangeGT2,PCDayChange-0.5to0.5,,,,buyPatternsML,",-0.33641843628728235,1,0,1
"PCDCGT0PCTChangeLT-3,PCDayChange-0.5to0.5,_HTGT1.5__LTGT1.5_,,,chisSellSuper-Risky,-+,%%HLTF-Last2LowTail:(DOWNTREND)sellHighLowerTailPre-1,##MA-SMA200LT0SMA100LT0,",-4.032258064516135,1,0,1
"PCTChangeLT-5,_LTGT1.5_,,,volSellContinueLast2DayDown-VolUp,chisDownTrend-Risky-nearHigh,",-0.9660005492313596,5,1,4
"PCTChangeGT2,,,,##(Check-chart-sell):month3Low-InPlus,ReversalLowMonth3,chisUpTrend-Risky-nearLow,chisCheckConsolidationBreakoutLT(4.5),##UPTREND:buyMonth3LowReversal(Confirm),",0.6692533474109369,5,3,2
"PCTChangeLT-5,year2High,,,,VOL:sell(GLOBALFUTUP-GLOBALMARKETUP)Buy-UpVol-3dayDown-Week2High,",2.0725558154722163,2,1,1
"PCTChangeGT2,,,,week2BarHighChangeGT0,weekHighGTweek2High,",0.48269776063853814,17,8,9
"PCTChangeLT-1,_LTGT1.5_,,,chisSellDownTrend-nearHigh,##(Check-chart-buy):month3High-InMinus,NearHighMonth3,",-0.9711130896861085,3,0,3
"PCTChangeLT-2,_HTGT3.0__HTGTPCTDayChange_,,,##(Check-chart-buy):month3High-InMinus,NearHighMonth3,",1.365966525486665,3,2,1
"PCTChangeGT8,_LTGT3.0_,,,##lastDayHighGT5TodayGT1,",-0.1649602412475982,1,0,1
"PCTChangeLT-0.5,,,,##(Test)(check-chart)-buySMAUpTrend,##buyYear2LowMovingSMA,",-1.190218718155563,1,0,1
"PCTChangeLT-0.5,PCDayChange-0.5to0.5,year2Low,_HTGT1.5_,,,%%HLTF-LastDayUp:(DOWNTREND-OR-GLOBALDOWN)MaySellHighTail-LastDayMarketUp,",2.328288666441367,1,1,0
"PCTChangeGT3,year2High,,,,week2BarHighChangeGT2,",0.6642872538669239,1,1,0
"PCTChangeLT-1,,,,%%:checkSell:Super0,weekBarLowChangeLT0,$$MayBuy-CheckChart(monthLow-minimumLast4DayDown),$$MayBuy-CheckChart(downTrend-mayReverseLast4DaysDown),",1.2981095224056503,1,1,0
"PCTChangeLT-3,year2Low,,,,%%HLTF-Last2DayMarketDown:(GLOBAL-UP)buyHighUpperTailPre1-Reversal-LastDayMarketDown,volBuyReversalLast2DayDown-VolDown,",-0.9249594651147721,1,0,1
"PCTChangeGT3,,,,chisUpTrend-Risky-nearLow,volSellVolumeUpsergedLast2n3DayDown,checkBuyConsolidationBreakout-allPreLT0,##UPTREND:buyYear2LowReversal(Confirm),",1.0256735696482995,1,1,0
"PCTChangeLT-2,,,,checkSellConsolidationBreakDown-month3HighGTMonth3Low,chisDownTrend-Risky-nearHigh,",1.3417951829346393,3,2,1
"PCTChangeGT2,_HTGT1.5__HTGTPCTDayChange_,,,volSellReversalLast2DayUp-VolUp,buyYearHigh-0,",-0.24719238281250008,1,0,1
"PCTChangeLT-5,,,,(GLOBALFUTDOWN-DOWNTRENDMARKET)checkSellConsolidationBreakDown-week2-lowNotReachedWeek3,week2BarLowChangeLT-2,sellPatternsML,chisDownTrend-Risky-nearHigh,",-4.938673173692735,1,0,1
"PCTDayChangeLT0,_LTGT1.5_,,,chisSell-smallUptrendReversal,##buyYear2LowMovingSMA,",6.914376057022417,1,1,0
"PCTChangeLT-3,,,,##DOWNTREND:sellMonth6HighReversal(InDownTrend),",2.5213221185013204,1,1,0
"PCTChangeGT3,_HTGT1.5_,,,volBuyVolumeUpsergedLast2n3DayDown,volBuyContinueLast2DayUp-VolUp,(GLOBALFUTUP-UPTRENDMARKET)checkBuyConsolidationBreakUp-week2-highNotReachedWeek3,week2BarHighChangeGT0,brokenToday,",-0.30522380678473743,1,0,1
"PCTChangeLT-3,,,,%%:checkSell:FlagWeek,chisDownTrend-Risky-nearHigh,##(Check-chart-buy):month3High-InMinus,NearHighMonth3,",-2.7114631737648964,1,0,1
"PCDCLT0PCTChangeGT1,_LTGT1.5_,,,%%HLTF:(SGXNIFTYUP)buyHighLowerTail-Continue,",0.24170608624429235,9,4,5
"PCTChangeEQ0,PCDayChange-0.5to0.5,,,,MaySellCheckChart-(|_|`|),",0.09647920012188749,3,1,2
"PCTChangeGT3,,,,VOL:sell-DownVol-3dayUp-Week2Low,##UPTREND:buyMonth3LowReversal(Confirm),",0.8717563831406575,1,1,0
"PCTChangeLT-1,,,,%%:checkSell:Super01-monthLow,chisBuyMay5DayFloorReversal,",1.5944833830585616,1,1,0
"PCTChangeLT-1,_LTGT1.5_,,,%%HLTF:(GLOBAL-DOWN)sellHighLowerTail-Reversal-LastDayMarketUp,chisDownTrend-Risky-nearHigh,",0.531626994929436,5,4,1
"PCTChangeLT-2,,,,chisSellUpTrend-Risky-2,##(Check-chart-buy):month3High-InMinus,BreakHighMonth3,",-4.718307710029709,1,0,1
"PCTChangeLT-5,year2High,,,,zigZagVolCrossedFromUp,",3.3084778866525424,1,1,0
"PCTChangeGT8,_HTGT3.0__LTGT3.0__HTGTPCTDayChange__LTGTPCTDayChange_,,,##MAPositive_Uptrend(GT4.5),##MA-SMA200GT0SMA100GT0,",0.9007670861164141,1,1,0
"PCTChangeLT-3,,,,checkSellConsolidationBreakDown-month3HighGTMonth3Low,chisDownTrend-Risky-nearHigh,zigZagVolCrossedFromUp,##(Check-chart-buy):month3High-InMinus,ReversalHighMonth3,",-2.1980863718644947,1,0,1
"PCTChangeLT-3,_HTGT1.5__LTGT1.5__HTGTPCTDayChange__LTGTPCTDayChange_,,,(GLOBALFUTDOWN-DOWNTRENDMARKET)checkSellConsolidationBreakDown-week2-lowNotReachedWeek3,week2BarLowChangeLT0,",4.863279289233332,1,1,0
"PCTChangeLT-2,,,,checkCupDown-3dayDown,VOL:sell(GLOBALFUTUP-GLOBALMARKETUP)Buy-UpVol-3dayDown-Week2High,##(Check-chart-buy):month3High-InMinus,ReversalHighMonth3,",1.90282459173198,2,1,1
"PCTChangeLT-3,,,,##DOWNTREND:sellYear2HighReversal(InDownTrend),##(Check-chart-buy):YearHigh-InMinus,ReversalHighYear,",-0.2682319635085911,16,8,8
"PCTChangeGT2,_LTGT1.5_,,,VOL:sell-UpVol-3dayUp-Week2High,weekBarHighChangeGT2,",1.040031393235412,1,1,0
"PCTChangeGT8,_LTGT1.5_,,,zigZagVolCrossedFromDown,chisUpTrend-Risky-nearLow,",-4.678895349531734,1,0,1
"PCDCLT0PCTChangeGT0,_HTGT1.5__HTGTPCTDayChange_,,,%%HLTF-Last2HighTail:(DOWNTREND)sell(UPTREND)buy:HighUpperTailPre,",0.8756287184538948,4,2,2
"PCTChangeLT-5,_HTGT1.5__LTGT1.5__HTGTPCTDayChange_,,,##MANegative_Downtrend_(LT-2),##MA-SMA200LT0SMA100LT0,",-2.3275835760708454,1,0,1
"PCTChangeLT-1,,,,$$MayBuy-CheckChart(monthLow-minimumLast4DayDown),##(Check-chart-buy):month3High-InMinus,ReversalHighMonth3,",3.120248321126693,1,1,0
"PCDCLT0PCTChangeGT1,PCDayChange-0.5to0.5,_LTGT1.5_,,,%%:checkSell:CupDownDoji-lastDayLT(-2)TodayDoji,",-0.8886082960227238,5,2,3
"PCDCLT0PCTChangeGT0,_LTGT3.0_,,,%%HLTF-Last2DayMarketUp:(GLOBAL-DOWN)sellHighLowerTail-Reversal-LastDayMarketUp,##MAPositive_Uptrend(LT0),##MA-SMA200LT0SMA100LT0,",0.7209993081406886,1,1,0
"PCTChangeGT3,,,,(Test)sellHeavyUpTrend-Reversal-1,chisCheckConsolidationBreakoutLT(4.5),weekBarHighChangeGT2,brokenToday,",-2.7586190706855067,1,0,1
"PCTChangeLT-0.5,,,,sellPatternsML,sellPatterns-LT-1.5-SMALT0,(SMA9LT0),",-0.8896367446784588,5,2,3
"PCTChangeLT-1,_LTGT3.0_,,,$$MayBuy-CheckChart(downTrend-mayReverseLast4DaysDown)-Risky,",1.1493479857928481,4,3,1
"PCTChangeLT-1,,,,##MANegative_Downtrend_(LT-1),##MA-SMA200LT0SMA100LT0,",-0.3644247173673891,47,19,27
"PCTChangeGT3,year2High,_HTGT1.5__HTGTPCTDayChange_,,,%%HLTF-Last2HighTail:(UPTREND)buy(DOWNTREND)sell:HighUpperTailPre-last2DayUp,volSellReversalLast2DayUp-VolUp,week2BarHighChangeGT2,brokenToday,",-1.7226916401326196,1,0,1
"PCTChangeGT3,_HTGT3.0__LTGT1.5_,,,##MAPositive_Uptrend(GT4.5),##MA-SMA200LT0SMA100LT0,",-3.499706821804379,1,0,1
"PCTChangeLT-2,_LTGT3.0_,,,volumeUpsergedLast2n3n4DayUp,volSellContinueLast2DayDown-VolUp,",1.714181165805995,1,1,0
"PCTChangeLT-2,,,,weekBarLowChangeLT-2,brokenToday,(SMA9LT0),",1.7468016537964055,1,1,0
"PCTChangeGT2,,,,(GLOBALFUTUP-UPTRENDMARKET)checkBuyConsolidationBreakUp-week2-highNotReachedWeek3,week2BarHighChangeGT0,weekHighGTweek2High,",0.09641436419427425,5,3,2
"PCTChangeLT-2,,,,chisDownTrend-Risky-nearHigh,##DOWNTREND:sellMonth6High(InDownTrend),##(Check-chart-buy):month3High-InMinus,BreakHighMonth3,",0.1266563607504246,1,1,0
"PCTChangeLT-2,_LTGT1.5_,,,checkCupDown-near2WeekDown-mayReveresalBuy,##DOWNTREND:sellYear2HighReversal(InDownTrend),##(Check-chart-buy):month3High-InMinus,ReversalHighMonth3,",-3.464009754641437,1,0,1
"PCTChangeLT-2,,,,checkCupDown-3dayDown-mayReversalBuy,(GLOBALFUTDOWN-DOWNTRENDMARKET)checkSellConsolidationBreakDown-week2-lowNotReachedWeek3,week2BarLowChangeLT0,",0.952380952380954,1,1,0
"PCTChangeLT-0.5,,,,(GLOBALFUTDOWN-DOWNTRENDMARKET)checkSellConsolidationBreakDown-week2-lowNotReachedWeek3,week2BarLowChangeLT0,weekLowLTweek2Low,",-0.20973326265876682,52,24,27
"PCTChangeLT-3,_HTGT3.0_,,,checkCupDown-3dayDown-mayReversalBuy,##last3DayLow(LT-3)-M3LGT0,",3.0745322659889407,1,1,0
"PCTChangeLT-0.5,PCDayChange-0.5to0.5,,,,%%:checkSell:Super0,",-2.0535650739059026,1,0,1
"PCTChangeLT-1,_HTGT1.5__HTGTPCTDayChange__LTGTPCTDayChange_,,,%%HLTF-Last2HighTail:(DOWNTREND)sell(UPTREND)buy:HighUpperTailPre,%%HLTF:(UPTREND-MorningTrend-UP)mayBuyTail-highTailGT2-7,10thDayGT10-Last2DayStockDown,volBuyReversalLast2DayDown-VolUp,mayBuyFromSellPattern-GT1.8,",2.14388840490108,1,1,0
"PCTChangeGT3,year2High,_HTGT1.5__HTGTPCTDayChange_,,,weekBarHighChangeGT2,brokenToday,",-0.14036780801651494,3,1,2
"PCTChangeLT-2,,,,volSellContinueLast2DayDown-VolUp,weekBarLowChangeLT-2,brokenToday,##(Check-chart-buy):month3High-InMinus,ReversalHighMonth3,",1.0597985100676834,1,1,0
"PCTChangeLT-3,,,,VOL:buy-UpVol-3dayDown-Week2Low,weekBarLowChangeLT-2,##DOWNTREND:sellMonth3LowBreak,",-0.01477103781670347,2,1,1
"PCTChangeLT-3,,,,volBuyVolumeUpsergedLast2n3DayUp,##ML:sellRisingMA-down-(Risky),",-2.2627781777486344,1,0,1
"PCTChangeLT-2,,,,volSellContinueLast2DayDown-VolUp,##DOWNTREND:sellYear2HighReversal(InDownTrend),##(Check-chart-buy):month3High-InMinus,ReversalHighMonth3,",4.521426246279763,1,1,0
"PCTChangeGT3,_HTGT1.5__LTGT1.5__LTGTPCTDayChange_,,,weekBarHighChangeGT2,",0.563563275618448,1,1,0
"PCTChangeGT5,,,,volBuyContinueLast2DayUp-VolUp,chisCheckConsolidationBreakoutGT(4.5),weekBarHighChangeGT2,brokenToday,chisBuy-2week-breakoutup(check-chart)(|-|-| or --|),",1.155782983930077,1,1,0
"PCTChangeGT5,year2High,,,,weekBarHighChangeGT2,brokenToday,",-0.4812404732292338,16,7,9
"PCTChangeLT-2,_HTGT1.5__LTGT1.5_,,,chisDownTrend-Risky-nearHigh,##(Check-chart-buy):month3High-InMinus,NearHighMonth3,",0.15789634303043582,1,1,0
"PCTChangeLT-0.5,_LTGT1.5_,,,##MAPositive_Uptrend(LT0),##MA-SMA200GT0SMA100GT0,",0.3565627995054406,2,1,1
"PCTChangeGT3,_HTGT1.5__LTGT3.0_,,,##MAPositive_Uptrend(GT4.5),##MA-SMA200GT0SMA100GT0,",-3.369317033207915,2,0,2
"PCTChangeLT-2,_HTGT1.5_,,,##longDownTrend-1-IndexNotDownLastDay(checkBase),",1.5795688230556577,2,2,0
"PCDCLT0PCTChangeGT0,PCDayChange-0.5to0.5,_LTGT1.5_,,,##MANegative_Downtrend_(LT0),##MA-SMA200LT0SMA100LT0,",1.291413255853246,4,3,1
"PCTChangeGT0.5,_HTGT1.5_,,,%%HLTF-Last2HighTail:(UPTREND)buy(DOWNTREND)sell:HighUpperTailPre-last2DayUp,(GLOBALFUTUP-UPTRENDMARKET)checkBuyConsolidationBreakUp-week2-highNotReachedWeek3,week2BarHighChangeGT0,weekHighGTweek2High,brokenToday,",1.8232649403316454,1,1,0
"PCTChangeLT-0.5,PCDayChange-0.5to0.5,_LTGT3.0_,,,sellPatterns-LT-1.5-SMALT0,(SMA9LT0),",-5.061542217548068,1,0,1
"PCTChangeLT-1,_LTGT3.0_,,,volSellContinueLast2DayDown-VolUp,##(Check-chart-buy):month3High-InMinus,ReversalHighMonth3,",-1.7200220024007278,1,0,1
"PCTChangeLT-1,_HTGT1.5__HTGTPCTDayChange_,,,%%HLTF-Last2HighTail:(DOWNTREND)sell(UPTREND)buy:HighUpperTailPre,chisSellDownTrend-nearHigh,",-2.030543459789692,3,1,2
"PCTChangeLT-5,_HTGT1.5_,,,chisDownTrend-Risky-nearHigh,##last2DayLow(LT-3)-M3LGT0,",-2.1686722475840754,1,0,1
"PCTChangeLT-2,_LTGT1.5_,,,volBuyReversalLast2DayDown-VolDown,chisDownTrend-Risky-nearHigh,##(Check-chart-buy):month3High-InMinus,ReversalHighMonth3,",0.6092227493004281,1,1,0
"PCTChangeGT8,_HTGT3.0__LTGT3.0_,,,##last2DayHighGT3-M3HLT0,",-0.15991471215351644,1,0,1
"PCTChangeGT3,_HTGT1.5__HTGTPCTDayChange_,,,%%HLTF:(DOWNTREND-OR-GLOBALDOWN)maySellTail-tailGT2-2,3,4thDayGT0,sellEveningStar-0,##RisingMA(check-chart-sell)-MaySellCheckChart,",-2.6726501191143495,1,0,1
"PCTDayChangeLT0,_LTGT1.5_,,,chisSellDownTrend-nearHigh,",-0.03584582169787817,9,4,5
"PCTChangeLT-3,,,,checkCupDown-2dayDown-mayReversalBuy,VOL:sell(GLOBALFUTUP-GLOBALMARKETUP)Buy-UpVol-3dayDown-Week2High,##DOWNTREND:sellMonth6HighReversal(InDownTrend),##(Check-chart-buy):month3High-InMinus,ReversalHighMonth3,",-0.30397173784507825,1,0,1
"PCTChangeGT2,year2High,_HTGT1.5_,,,%%:sellUpTrend-month3High,shortUpTrendSellReversal-MonthHigh,week2BarHighChangeGT2,weekHighGTweek2High,",-2.387374630575148,1,0,1
"PCTChangeGT3,,,,volBuyContinueLast2DayUp-VolUp,week2BarHighChangeGT2,weekHighGTweek2High,brokenToday,",0.6040742425146566,1,1,0
"PCTChangeGT1,_HTGT1.5__HTGTPCTDayChange_,,,%%HLTF:(GLOBAL-SGX-DOWN)maySellTail-2,3,4thDayGT0,buyYearHigh-0,",-0.9877518529088889,1,0,1
"PCTChangeLT-1,_LTGT1.5_,,,chisDownTrend-Risky-nearHigh,##sellRisingMA,",-2.5181203648664043,1,0,1
"PCTChangeLT-1,_LTGT3.0_,,,shortDownTrendSellContinue-Doji-Last2DayLTToday,",0.266912404605296,4,2,2
"PCTChangeLT-0.5,PCDayChange-0.5to0.5,_LTGT1.5_,,,chisBuyYearHigh-1,",-1.5488248485006437,1,0,1
"PCDCGT0PCTChangeLT-1,PCDayChange-0.5to0.5,_HTGT1.5__LTGT3.0_,,,##MA-SMA200LT0SMA100LT0,",-3.1204167144267267,2,1,1
"PCDCLT0PCTChangeGT8,_LTGT1.5_,,,chisSell-smallUptrendReversal,",-5.793450881612097,1,0,1
"PCTChangeLT-0.5,PCDayChange-0.5to0.5,,,,%%:check(UPTREND-UPMARKET)Buy(DOWNTRENDTREND-DOWNMARKET)Sell:Super01-monthLow,",-0.6062435610814848,9,4,5
"PCTChangeGT1,_LTGT1.5_,,,chisBuyFinalContinueReversal-2,",-5.891091123272477,1,0,1
"PCTChangeLT-2,_HTGT1.5__HTGTPCTDayChange_,,,%%HLTF-Last2HighTail:(DOWNTREND)sellHighUpperTailPre,chisSellUpTrend-highTail,",1.0163934426229508,1,1,0
"PCTChangeLT-2,,,,(GLOBALFUTDOWN-DOWNTRENDMARKET)checkSellConsolidationBreakDown-week2-lowNotReachedWeek3,week2BarLowChangeLT-2,weekLowLTweek2Low,##(Test)(Check-chart-sell):yearLow-InMinus,",3.4273814934118567,1,1,0
"PCTChangeGT2,year2High,_LTGT3.0_,,,%%HLTF:(SGXNIFTYUP)buyHighLowerTail-Continue,volSellReversalLast2DayUp-VolDown,",0.00983044109513578,1,1,0
"PCTChangeGT3,_LTGT3.0_,,,##UPTREND:buyMonth6LowReversal(Confirm),",-1.1328101158142079,1,0,1
"PCTChangeLT-3,_HTGT1.5__LTGT1.5_,,,volBuyReversalLast2DayDown-VolUp,(GLOBALFUTDOWN-DOWNTRENDMARKET)checkSellConsolidationBreakDown-week2-lowNotReachedWeek3,week2BarLowChangeLT-5,weekLowLTweek2Low,chisDownTrend-Risky-nearHigh,##DOWNTREND:sellYear2HighReversal(InDownTrend),##last2DayLow(LT-3)-M3LGT0,",4.069773196862094,1,1,0
"PCTChangeLT-3,year2Low,_LTGT3.0_,,,##last2DayLow(LT-3)-M3LLT0,buyMorningStar-HighLowerTail,chisBuyYear2Low,BreakLowYear2,",-1.6140842985944561,1,0,1
"PCTChangeLT-3,,,,VOL:buy-UpVol-3dayDown-Week2Low,##MANegative_Downtrend_(LT-4.5),##MA-SMA200LT0SMA100LT0,",1.1070285703601046,7,5,2
"PCTChangeLT-2,_HTGT1.5_,,,%%HLTF-Last2HighTail:(DOWNTREND)sellHighUpperTailPre-1,",-0.5101603607017585,3,1,2
"PCTChangeLT-2,_HTGT1.5__LTGT1.5_,,,checkCupDown-2dayDown-mayReversalBuy,chisDownTrend-Risky-nearHigh,##DOWNTREND:sellYear2HighReversal(InDownTrend),##(Check-chart-buy):month3High-InMinus,ReversalHighMonth3,",-2.5159888684368337,1,0,1
"PCTChangeGT0.5,_HTGT3.0__HTGTPCTDayChange_,,,%%:checkSell:CupDownDoji,",-0.47879409223928243,1,0,1
"PCTChangeGT3,_HTGT1.5__LTGT1.5__HTGTPCTDayChange_,,,weekBarHighChangeGT0,brokenToday,",-0.5777791341145884,1,0,1
"PCTChangeGT8,_HTGT3.0__HTGTPCTDayChange_,,,%%HLTF:maySellTail-tailGT2-7,10thDayGT20,%%HLTF:(UPTREND-GLOBAL/SGX-UP)BuyHighUpperTail-Reversal-7,10thDayGT15-LastDayMarketDown,",-1.6521752398947012,1,0,1
"PCDCGT0PCTDayChangeLT0,PCDayChange-0.5to0.5,_HTGT1.5__LTGT3.0_,,,%%HLTF-Last2DayMarketUp:(GLOBAL-DOWN)sellHighLowerTail-Reversal-LastDayMarketUp,",-3.8479290799611174,1,0,1
"PCTChangeGT1,_HTGT1.5__LTGT1.5_,,,##(Check-chart)ML:buyMonth3High-Continue,",1.018535627025121,1,1,0
"PCTChangeGT8,_HTGT1.5__LTGT1.5_,,,volBuyContinueLast2DayUp-VolUp,##(Test)buyBottomReversal-1,",6.872725053267047,1,1,0
"PCDCGT0PCTChangeLT-8,_HTGT3.0__LTGT3.0__HTGTPCTDayChange__LTGTPCTDayChange_,,,##MA-SMA200LT0SMA100LT0,",9.02903610903631,3,2,1
"PCTChangeGT3,,,,chisBuyUpTrend-nearLow,##UPTREND:buyYearLowReversal(Confirm),",-0.7833065883153644,3,1,2
"PCTChangeGT5,_LTGT3.0_,,,%%HLTF-Risky:(GLOBAL-DOWN)sellHighLowerTail-Reversal-LastDayMarketUp,##MAPositive_Uptrend(GT2),##MA-SMA200GT0SMA100GT0,##last2DayHighGT3-M3HGT0,",3.6730945307190455,1,1,0
"PCTChangeGT0,_LTGT1.5_,,,chisBuyYearHigh-1,",-1.284595703956365,2,1,1
"PCTChangeLT-2,_LTGT1.5_,,,weekBarLowChangeLT-2,$$MayBuy-CheckChart(monthLow-minimumLast4DayDown),",0.21763350610809468,2,1,1
"PCTChangeLT-8,_LTGT3.0_,,,(GLOBAL-DOWN)maySellContinueHighVolatileLastDayDOWN-month3LowGT0-(LT-8),##MANegative_Downtrend_(LT-4.5),##MA-SMA200LT0SMA100LT0,",-3.990184750165228,2,0,2
"PCTChangeGT3,_LTGT3.0_,,,chisUpTrend-Risky-nearLow,volumeUpsergedLast2n3n4DayDown,volSellReversalLast2DayUp-VolUp,##last2DayHighGT3-M3HLT0,",-2.371246402820967,1,0,1
"PCTChangeGT3,_LTGT3.0_,,,##last2DayHighGT3-M3HLT0,",-0.6212513594699456,5,3,2
"PCTChangeGT5,_HTGT3.0__LTGT3.0__LTGTPCTDayChange_,,,volumeUpsergedLast2n3n4DayDown,volBuyContinueLast2DayUp-VolUp,",-1.2307931364635234,1,0,1
"PCTChangeGT2,,,,chisSellYear2LowLT-40-last4DayDown(triggerAfter-9:15),",0.2138219744492065,8,4,4
"PCTChangeGT5,,,,weekBarHighChangeGT2,brokenToday,##UPTREND:buyMonth6LowReversal(Confirm),",-1.4863639537276647,1,0,1
"PCTChangeGT1,year2High,_HTGT3.0__HTGTPCTDayChange_,,,$$MaySell-CheckChart(downTrend-mayReverseLast4DaysUp)-Risky,weekBarHighChangeGT0,brokenToday,",1.2240389894985682,1,1,0
"PCTChangeLT-2,_HTGT3.0__LTGT1.5__HTGTPCTDayChange_,,,volBuyVolumeUpsergedLast2n3DayUp,weekBarLowChangeLT-2,",-6.592962370445976,1,0,1
"PCTChangeLT-3,,,,##MANegative_Downtrend_(LT-2),##MA-SMA200GT0SMA100LT0,##last2DayLow(LT-3)-M3LLT0,chisSellDayLowVolLow-03-checkMorningTrend(.5SL),",-2.346022450800163,1,0,1
"PCTChangeLT-1,,,,checkCupDown-month3HighLTmonth3Low,bar_low,",0.19989041540675032,5,3,2
"PCTChangeLT-5,,,,maySellHighVolatileDownContinueLT-8,##MANegative_Downtrend_(LT-4.5),##MA-SMA200LT0SMA100LT0,",-1.413788538174836,8,3,5
"PCTChangeLT-2,,,,checkCupDown-2dayDown,##DOWNTREND:sellYearHigh(InDownTrend),##(Check-chart-buy):month3High-InMinus,NearHighMonth3,",0.714283072071161,1,1,0
"PCTChangeGT12,,,,volBuyContinueLast2DayUp-VolUp,##MAPositive_Uptrend(GT4.5),##MA-SMA200LT0SMA100LT0,",3.6499412221224907,1,1,0
"PCTChangeGT3,,,,volSellReversalLast2DayUp-VolDown,chisCheckConsolidationBreakoutGT(4.5),",1.422551591558765,2,2,0
"PCTChangeGT1,,,,%%:sellUpTrend-month3High,chisBuyYearHigh-1,",-3.3233741661170755,1,0,1
"PCTChangeLT-2,,,,%%:checkSell:Super0,##MANegative_Downtrend_(LT-2),##MA-SMA200LT0SMA100LT0,##DOWNTREND:sellYearLowBreak,",0.59834671413842,1,1,0
"PCTChangeGT3,_HTGT3.0__HTGTPCTDayChange_,,,chisCheckConsolidationBreakoutGT(4.5),",-3.4516168409778234,1,0,1
"PCTChangeLT-1,,,,(GLOBALFUTDOWN-DOWNTRENDMARKET)checkSellConsolidationBreakDown-week2-lowNotReachedWeek3,week2BarLowChangeLT0,volBuyRevarsalVolCrossed,##(Check-chart-buy):month3High-InMinus,ReversalHighMonth3,",-1.646346524121998,1,0,1
"PCTChangeGT3,_HTGT1.5__HTGTPCTDayChange_,,,weekBarHighChangeGT2,",-0.24089631102667872,3,0,3
"PCTChangeGT5,_HTGT3.0_,,,chisCheckConsolidationBreakoutGT(4.5),##MAPositive_Uptrend(GT4.5),##MA-SMA200GT0SMA100GT0,",-0.9266123473357474,1,0,1
"PCTChangeGT0,_HTGT1.5_,,,%%:sellDowntrend-lastDayUp-ReversalHighTail,checkCupDown-lastDayUp,",-0.9782625281292512,1,0,1
"PCTChangeLT-2,,,,VOL:buy-DownVol-3dayDown-Week2High,##ML:buyRisingMA-down-Risky,",0.597440421141317,2,1,1
"PCTChangeLT-2,,,,checkCupDown-3dayDown,##DOWNTREND:sellYearHighReversal(InDownTrend),##(Check-chart-buy):month3High-InMinus,ReversalHighMonth3,",-1.1337871795080667,3,0,3
"PCTChangeGT0.5,PCDayChange-0.5to0.5,year2High,_HTGT1.5__LTGT3.0_,,,%%HLTF:(SGXNIFTYUP)buyHighLowerTail-Continue,",0.3967209406526822,1,1,0
"PCTChangeGT3,_HTGT1.5_,,,zigZagVolCrossedFromDown,##MAPositive_Uptrend(GT4.5),##MA-SMA200GT0SMA100GT0,",2.2818750983116614,1,1,0
"PCDCLT0PCTChangeGT0,PCDayChange-0.5to0.5,_HTGT1.5_,,,%%HLTF-LastDayUp:(DOWNTREND-OR-GLOBALDOWN)MaySellHighTail-LastDayMarketUp,buyYearHigh-0,",-1.2134735157819374,7,2,5
"PCTChangeGT1,_HTGT3.0_,,,%%HLTF-Risky9:30:maySellTail-tailGT2-7,10thDayGT15,chisSellEveningStar-2(Check2-3MidCapCross),",-3.0478836349946374,1,0,1
"PCTChangeGT3,,,,chisCheckConsolidationBreakoutLT(4.5),(GLOBALFUTUP-UPTRENDMARKET)checkBuyConsolidationBreakUp-week2-highNotReachedWeek3,week2BarHighChangeGT2,weekHighGTweek2High,brokenToday,",1.3529120531295435,3,3,0
"PCTChangeGT3,,,,vol-sell-DownVol-3dayUp-Week2High,##MAPositive_Uptrend(GT2),##MA-SMA200LT0SMA100GT0,##last3DayHighGT3-M3HLT0,",0.4596549290298124,1,1,0
"PCTChangeLT-1,_HTGT1.5__LTGT1.5__HTGTPCTDayChange__LTGTPCTDayChange_,,,chisDownTrend-Risky-nearHigh,##(Check-chart-buy):month3High-InMinus,ReversalHighMonth3,",-0.3745302146076425,1,0,1
"PCTChangeLT-5,_HTGT1.5_,,,chisSellFlag2Week-Risky,",-1.1827093918766862,1,0,1
"PCTChangeGT3,_HTGT3.0_,,,zigZagVolCrossedFromDown,##MANegative_Downtrend_(GT4.5),##MA-SMA200GT0SMA100LT0,",-4.175824175824173,1,0,1
"PCTChangeLT-0.5,_HTGT3.0__LTGT1.5_,,,##MANegative_Downtrend_(LT0),##MA-SMA200LT0SMA100LT0,",-1.3613997921456242,1,0,1
"PCTChangeLT-2,,,,checkCupDown-month3HighLTmonth3Low,bar_low,chisSellDownTrend-nearHigh,##(Check-chart-buy):month6High-InMinus,NearHighMonth6,",-0.9206018845921103,1,0,1
"PCTChangeGT8,_LTGT3.0_,,,chisSelldowntrendReversalMayFail,",-1.9013157894736727,1,0,1
"PCTChangeLT-5,_HTGT1.5__HTGTPCTDayChange_,,,%%HLTF-Last2HighTail:(DOWNTREND)sellHighUpperTailPre,chisSellDownTrend-nearHigh,",-0.4133112320590244,1,0,1
"PCTChangeGT2,,,,volSellVolumeUpsergedLast2n3DayDown,chisCheckConsolidationBreakoutLT(4.5),(GLOBALFUTUP-UPTRENDMARKET)checkBuyConsolidationBreakUp-week2-highNotReachedWeek3,week2BarHighChangeGT0,brokenToday,",-0.6743843645480323,1,0,1
"PCTChangeGT2,,,,chisBuyFinalCandidate-(lastDayDown),",2.6080591120436516,1,1,0
"PCTChangeGT1,,,,chisBuyUpTrend-1,",0.8982072224460779,1,1,0
"PCTChangeGT2,year2High,,,,volSellVolumeUpsergedLast2n3DayDown,chisBuyConsolidationBreakUp-2week-(Risky)-year2High,week2BarHighChangeGT2,brokenToday,",1.6853889240911066,1,1,0
"PCTChangeLT-2,_HTGT1.5_,,,VOL:buy-UpVol-3dayDown-Week2Low,##MANegative_Downtrend_(LT-2),##MA-SMA200LT0SMA100LT0,##DOWNTREND:sellMonth3LowBreak,",-2.46019824281018,1,0,1
"PCTChangeGT0,_HTGT3.0__LTGT1.5__HTGTPCTDayChange__LTGTPCTDayChange_,,,%%HLTF-Last2LowTail:(DOWNTREND)sellHighLowerTailPre-1,##MANegative_Downtrend_(GT1),##MA-SMA200LT0SMA100LT0,",-2.701870923345032,1,0,1
"PCTChangeGT1,_HTGT1.5__HTGTPCTDayChange_,,,(Test)(check-chart-2-3MidCapCross)MaySellCheckChart-Risky,chisBuyUpTrend-nearLow,",-3.1867432724686937,1,0,1
"PCTChangeLT-3,,,,sellPatternsML,",-3.1504434899370963,9,1,8
"PCTChangeGT2,,,,sellPattern-LT-1.5-SMALT0,(SMA9LT0),maySellFromBuyPattern-LT-1.8,",-2.09773141156558,4,0,4
"PCDCGT0PCTDayChangeLT0,PCDayChange-0.5to0.5,_HTGT1.5__LTGT1.5_,,,##MAPositive_Uptrend(GT0),##MA-SMA200GT0SMA100GT0,",-0.9300269905351489,2,1,1
"PCTChangeLT-2,,,,volBuyReversalLast2DayDown-VolDown,##(Check-chart-sell)Month3Low-Continue(InUpTrend),ReversalLowMonth3,",-0.6404735639930457,2,0,2
"PCTChangeGT12,_HTGT3.0_,,,chisSellYear2LowLT-40-last4DayDown(triggerAfter-9:15),",7.228397637250293,1,1,0
"PCTChangeLT-2,,,,%%HLTF-Last2DayMarketDown:(GLOBAL-UP)buyHighUpperTailPre1-Reversal-LastDayMarketDown,volBuyReversalLast2DayDown-VolDown,chisBuyFinalContinue-1,##sellTenDaysMoreThanTen,##DOWNTREND:sellMonth3High(InDownTrend),",-2.492404926149316,1,0,1
"PCTChangeGT2,_LTGT1.5_,,,volumeUpsergedLast2n3n4DayDown,",0.05447912724568423,3,1,2
"PCTChangeLT-8,,,,maySellAfter10:30HighVolatileDownContinueLT-8-Risky,",-1.7465922046949505,2,0,2
"PCTChangeLT-2,,,,(GLOBALFUTDOWN-DOWNTRENDMARKET)checkSellConsolidationBreakDown-week2-lowNotReachedWeek3,week2BarLowChangeLT-2,weekLowLTweek2Low,##DOWNTREND:sellYear2HighReversal(InDownTrend),##(Check-chart-buy):YearHigh-InMinus,ReversalHighYear,",0.8322682952347236,1,1,0
"PCDCGT0PCTChangeLT-3,,,,##ML:buyRisingMA-down-Risky,",4.45483807386911,1,1,0
"PCTChangeLT-2,_LTGT1.5_,,,(GLOBALFUTDOWN-DOWNTRENDMARKET)checkSellConsolidationBreakDown-week2-lowNotReachedWeek3,week2BarLowChangeLT0,chisDownTrend-Risky-nearHigh,##DOWNTREND:sellMonth6HighReversal(InDownTrend),MayBuyCheckChart-(IndexNotUpInSecondHalf),##(Check-chart-buy):month3High-InMinus,ReversalHighMonth3,",12.472735750424338,1,1,0
"PCTChangeLT-1,,,,##(check-chart)maySell-EMA6-MT-May-LT-EMA14,",0.759355701843283,8,6,2
"PCTChangeGT0,_LTGT1.5_,,,%%:checkSell:Super2,",1.3446960811937565,2,1,1
"PCTChangeLT-3,,,,volBuyReversalLast2DayDown-VolDown,(GLOBALFUTDOWN-DOWNTRENDMARKET)checkSellConsolidationBreakDown-week2-lowNotReachedWeek3,week2BarLowChangeLT0,weekLowLTweek2Low,",4.763781930517968,1,1,0
"PCTChangeLT-1,_HTGT3.0__LTGT1.5_,,,##MA-SMA200LT0SMA100LT0,",-1.463418887467329,1,0,1
"PCDCLT0PCTChangeGT3,_LTGT1.5_,,,(SMA9GT0),mayBuyFromSellPattern-GT1.8,",0.39473684210526067,1,1,0
"PCTChangeLT-8,,,,##MANegative_Downtrend_(LT-2),##MA-SMA200LT0SMA100LT0,",-1.4018718326564725,8,5,3
"PCTChangeGT3,,,,volumeUpsergedLast2n3n4DayDown,chisCheckConsolidationBreakoutLT(4.5),",0.007406224145977497,12,6,6
"PCTChangeGT3,PCDayChange-0.5to0.5,_HTGT3.0_,,,%%HLTF-Last2HighTail:(UPTREND)buy(DOWNTREND)sell:HighUpperTailPre-last2DayUp,",-3.6547560814658624,1,0,1
"PCTDayChangeLT0,PCDayChange-0.5to0.5,_HTGT1.5_,,,##MAPositive_Uptrend(LT0),##MA-SMA200GT0SMA100GT0,",0.26194075579468645,3,1,2
"PCTChangeLT-0.5,_HTGT1.5__LTGT1.5__HTGTPCTDayChange__LTGTPCTDayChange_,,,%%:sellDowntrend-lastDayDown-ReversalHighTail,",1.5469630120208755,1,1,0
"PCTChangeGT1,year2High,_LTGT1.5_,,,%%HLTF:(GLOBAL-DOWN)sellHighLowerTail-Reversal-LastDayMarketUp,",-1.4435855256158934,4,2,2
"PCTChangeGT3,,,,chisBuyUpTrend-nearLow,chisBuy-2week-breakoutup(check-chart)(|-|-| or --|),##last2DayHighGT3-M3HLT0,",1.7380337270741613,1,1,0
"PCTChangeLT-0.5,PCDayChange-0.5to0.5,_HTGT1.5__LTGT1.5_,,,%%:checkSell:CupDownDoji-lastDayLT(-2)TodayDoji,",-0.6986111450189032,3,0,3
"PCTChangeLT-2,_LTGT1.5_,,,weekBarLowChangeLT0,brokenToday,chisDownTrend-Risky-nearHigh,##(Check-chart-buy):YearHigh-InMinus,ReversalHighYear,",0.13407957620460828,1,1,0
"PCTChangeGT3,,,,volumeUpsergedLast2n3n4DayDown,chisCheckConsolidationBreakoutLT(4.5),(GLOBALFUTUP-UPTRENDMARKET)checkBuyConsolidationBreakUp-week2-highNotReachedWeek3,week2BarHighChangeGT0,weekHighGTweek2High,brokenToday,",0.15136025168678582,1,1,0
"PCTChangeGT1,,,,$$MaySell-CheckChart(monthHigh-minimumLast4DayUp),shortUpTrendSellReversal-MonthHigh,weekBarHighChangeGT0,brokenToday,",5.891981926867858,1,1,0
"PCTChangeLT-0.5,PCDayChange-0.5to0.5,_HTGT3.0_,,,chisBuyYearHigh-1,",1.2808981906162324,1,1,0
"PCTChangeGT1,_HTGT1.5__LTGT1.5_,,,%%HLTF-Risky9:30:maySellTail-tailGT2-7,10thDayGT15,",-0.7398793667490718,1,0,1
"PCTChangeLT-2,_LTGT1.5_,,,volBuyReversalLast2DayDown-VolDown,##(Check-chart-buy):month3High-InMinus,NearHighMonth3,",-1.1664602978061342,1,0,1
"PCTChangeGT1,_HTGT1.5__HTGTPCTDayChange_,,,week2BarHighChangeGT0,brokenToday,",1.1508865968952842,3,2,1
"PCTChangeGT16,year2High,_HTGT1.5_,,,volumeUpsergedLast2n3n4DayDown,",-1.8443905577367772,1,0,1
"PCTChangeGT3,,,,(Test)sellHeavyUpTrend-Reversal-1,VOL:sell-UpVol-3dayUp-Week2High,",-1.3548951048950952,1,0,1
"PCTChangeGT0,PCDayChange-0.5to0.5,_HTGT3.0_,,,%%:checkSell:Super0,##MANegative_Downtrend_(GT0),##MA-SMA200GT0SMA100LT0,",-1.6059014957719802,1,0,1
"PCTChangeLT-1,,,,%%:check(UPTREND-UPMARKET)Buy(DOWNTRENDTREND-DOWNMARKET)Sell:Super01-monthLow,##MANegative_Downtrend_(LT-2),##MA-SMA200LT0SMA100LT0,zigZagVolCrossedFromUp,",-3.336511788736163,1,0,1
"PCTChangeLT-3,_LTGT3.0_,,,(GLOBALFUTDOWN-DOWNTRENDMARKET)checkSellConsolidationBreakDown-week2-lowNotReachedWeek3,week2BarLowChangeLT0,$$MayBuy-CheckChart-baseLine(inuptrend-monthlow)-MHCLT(-10),",-4.344861829603047,1,0,1
"PCTChangeGT3,_LTGT1.5_,,,%%:sellUpTrend-month3High,",-4.580164109874292,1,0,1
"PCTChangeGT3,,,,(GLOBALFUTUP-UPTRENDMARKET)checkBuyConsolidationBreakUp-week2-highNotReachedWeek3,week2BarHighChangeGT2,brokenToday,chisBuy-2week-breakoutup(check-chart)(|-|-| or --|),##(check-chart)mayBuy-EMA6-LT-May-MT-EMA14,",2.7733094099074367,1,1,0
"PCTChangeGT3,year2High,_HTGT3.0__HTGTPCTDayChange_,,,volSellVolumeUpsergedLast2n3DayDown,weekBarHighChangeGT2,brokenToday,",-3.856691908552004,1,0,1
"PCTChangeGT1,_HTGT1.5_,,,shortUpTrendSellReversal-MonthHigh,chisCheckConsolidationBreakoutLT(4.5),weekBarHighChangeGT0,brokenToday,",0.060280956717832755,1,1,0
"PCTChangeGT5,,,,chisUpTrend-Risky-nearLow,##(Test)buyBottomReversal-1,##UPTREND:buyYearLowReversal(Confirm),",-3.0159960937499974,1,0,1
"PCDCGT0PCTChangeLT-1,_LTGT1.5_,,,%%HLTF:(GLOBAL-DOWN)sellHighLowerTail-Reversal-LastDayMarketUp,##MA-SMA200LT0SMA100LT0,",1.2298161181126392,1,1,0
"PCTChangeGT3,,,,vol-sell-DownVol-3dayUp-Week2High,##MAPositive_Uptrend(GT4.5),##MA-SMA200GT0SMA100GT0,",-2.8741864059753843,3,1,2
"PCTDayChangeLT0,_HTGT1.5__HTGTPCTDayChange_,,,%%HLTF-Last2HighTail:(DOWNTREND)sellHighUpperTailPre-1,",-1.0464096203175124,3,0,3
"PCTChangeLT-3,_LTGT1.5_,,,checkCupDown-near2WeekDown-mayReveresalBuy,",-1.8957522091170245,2,0,2
"PCTChangeLT-3,_HTGT3.0__HTGTPCTDayChange_,,,weekBarLowChangeLT-2,brokenToday,##last2DayLow(LT-3)-M3LGT0,",0.15463917525773196,1,1,0
"PCTChangeLT-3,_HTGT1.5_,,,VOL:buy-DownVol-3dayDown-Week2High,##(Check-chart-buy):month3High-InMinus,NearHighMonth3,",-2.8719495048969623,1,0,1
"PCTChangeGT3,_HTGT3.0_,,,##MAPositive_Uptrend(GT2),##MA-SMA200LT0SMA100GT0,",-3.0937480926513565,1,0,1
"PCTChangeGT5,_HTGT3.0__LTGT3.0__HTGTPCTDayChange__LTGTPCTDayChange_,,,##MANegative_Downtrend_(GT2),##MA-SMA200LT0SMA100LT0,",-1.694371936787871,1,0,1
"PCTChangeLT-3,,,,weekBarLowChangeLT-2,brokenToday,##MANegative_Downtrend_(LT-4.5),##MA-SMA200LT0SMA100LT0,##DOWNTREND:sellMonth6LowBreak,##last2DayLow(LT-3)-M3LLT0,",0.07685478056212434,1,1,0
"PCTDayChangeLT0,_HTGT1.5__HTGTPCTDayChange_,,,chisSell:Super03-monthLow,",1.9091275576966003,4,3,1
"PCTChangeGT2,_LTGT1.5_,,,(GLOBALFUTUP-UPTRENDMARKET)checkBuyConsolidationBreakUp-week2-highNotReachedWeek3,week2BarHighChangeGT5,weekHighGTweek2High,",-9.817721505949775,1,0,1
"PCTChangeGT5,,,,(GLOBALFUTUP-UPTRENDMARKET)checkBuyConsolidationBreakUp-week2-highNotReachedWeek3,week2BarHighChangeGT2,chis-breakoutup-2week,",-0.49694430443547827,1,0,1
"PCTChangeLT-2,,,,chisSellFinalCandidate-3,chisSellDownTrend-nearHigh,",-1.8105013842413702,2,1,1
"PCTChangeLT-1,_LTGT1.5_,,,##MANegative_Downtrend_(LT-2),##MA-SMA200LT0SMA100LT0,$$MayBuy-CheckChart(monthLow-minimumLast4DayDown),",3.352891783468452,1,1,0
"PCTChangeLT-1,,,,chisSell:Super03-monthLow,zigZagVolCrossedFromUp,",0.4464302820210807,1,1,0
"PCTChangeGT3,year2High,_LTGT1.5_,,,vol-sell-DownVol-3dayUp-Week2High,##last2DayHighGT3-M3HGT0,",-3.060536748090666,1,0,1
"PCTChangeLT-2,_HTGT1.5__HTGTPCTDayChange_,,,##ML:buyRisingMA-down-Risky,",-2.580401665661778,1,0,1
"PCTChangeLT-1,_LTGT1.5_,,,(GLOBALFUTDOWN-DOWNTRENDMARKET)checkSellConsolidationBreakDown-week2-lowNotReachedWeek3,week2BarLowChangeLT-2,weekLowLTweek2Low,",-1.001335525271866,5,1,4
"PCTChangeLT-2,,,,volSellVolumeUpsergedLast2n3DayUp,(GLOBALFUTDOWN-DOWNTRENDMARKET)checkSellConsolidationBreakDown-week2-lowNotReachedWeek3,week2BarLowChangeLT0,chisDownTrend-Risky-nearHigh,##(Check-chart-buy):month3High-InMinus,ReversalHighMonth3,",-1.1500675298901037,2,0,2
"PCTChangeLT-0.5,_LTGT1.5_,,,(Test)(check-chart-2-3MidCapCross)MayBuyCheckChart-Risky,(Test)MayBuy-CheckChart(upTrend-lastDayDown),",-1.0378554111820315,4,2,2
"PCTChangeLT-3,_HTGT1.5__LTGT1.5_,,,volumeUpsergedLast2n3n4DayUp,volBuyReversalLast2DayDown-VolUp,",-0.5112915474431516,1,0,1
"PCTChangeGT0.5,_LTGT1.5_,,,%%:checkSell:lastDayLT(-4.5),%%:checkSell:CupDownDoji,",-2.924587868463861,1,0,1
"PCTChangeLT-3,_LTGT1.5_,,,checkCupDown-2dayDown,chisSellDownTrend-nearHigh,",-2.907822092898902,1,0,1
"PCTChangeLT-1,PCDayChange-0.5to0.5,,,,buyYearHigh-0,",0.47588341878350265,16,10,6
"PCTChangeGT5,_LTGT1.5_,,,zigZagVolCrossedFromDown,##MAPositive_Uptrend(GT2),##MA-SMA200LT0SMA100GT0,",-5.099312870420344,1,0,1
"PCTChangeGT3,,,,##MANegative_Downtrend_(GT2),##MA-SMA200GT0SMA100LT0,",0.28729647181332413,1,1,0
"PCDCLT0PCTChangeGT0,,,,(SMA9GT0),",-0.27472527472527264,1,0,1
"PCTChangeLT-2,_HTGT1.5__LTGT1.5__HTGTPCTDayChange__LTGTPCTDayChange_,,,volSellContinueLast2DayDown-VolUp,chisDownTrend-Risky-nearHigh,##(Check-chart-buy):month3High-InMinus,ReversalHighMonth3,",4.9501944309110595,1,1,0
"PCTChangeGT0,PCDayChange-0.5to0.5,,,,MaySellCheckChart-(|_|`|),",-0.16012104533225155,53,26,27
"PCTChangeGT3,,,,(GLOBALFUTUP-UPTRENDMARKET)checkBuyConsolidationBreakUp-week2,weekBarHighChangeGT2,brokenToday,",1.407943233366928,1,1,0
"PCTChangeGT1,,,,week2BarHighChangeGT0,weekHighGTweek2High,##UPTREND:buyMonth3LowReversal(Confirm),",1.488370673601017,1,1,0
"PCTChangeGT3,_HTGT1.5__LTGT1.5_,,,%%HLTF-Last2HighTail:(UPTREND)buy(DOWNTREND)sell:HighUpperTailPre-last2DayUp,##MAPositive_Uptrend(GT2),##MA-SMA200GT0SMA100GT0,##last2DayHighGT3-M3HGT0,",12.23091976516633,1,1,0
"PCTChangeGT2,_LTGT3.0_,,,%%HLTF-Risky:(GLOBAL-DOWN)sellHighLowerTail-Reversal-LastDayMarketUp,",-0.2074021642999526,6,2,4
"PCTChangeGT2,year2High,,,,weekBarHighChangeGT2,",-0.057705039815826725,74,34,39
"PCDCGT0PCTDayChangeLT0,PCDayChange-0.5to0.5,_HTGT1.5_,,,%%:checkSell:CupDownDoji,%%:sellDowntrend-lastDayUp-ReversalHighTail,",-0.5399643877190998,2,0,2
"PCTChangeLT-2,_LTGT1.5_,,,volBuyReversalLast2DayDown-VolDown,##sellTenDaysMoreThanTen,##DOWNTREND:sellYearHigh(InDownTrend),",3.6296652682520603,1,1,0
"PCTChangeLT-2,,,,volumeUpsergedLast2n3n4DayUp,chisSellDownTrend-nearHigh,##DOWNTREND:sellYearHigh(InDownTrend),##(Check-chart-buy):month3High-InMinus,NearHighMonth3,",-0.3572891410398322,1,0,1
"PCTChangeGT3,_HTGT1.5_,,,week2BarHighChangeGT2,weekHighGTweek2High,brokenToday,",-0.23105360009168766,1,0,1
"PCTChangeGT1,year2High,_HTGT3.0_,,,volBuyContinueLast2DayUp-VolUp,",-5.625308591001032,1,0,1
"PCTChangeEQ0,_HTGT1.5__HTGTPCTDayChange_,,,%%HLTF-Last2HighTail:(DOWNTREND)sellHighUpperTailPre,buyPattern-GT1.5-SMAGT0,(SMA9GT0),",-0.8050102873988644,1,0,1
"PCTChangeLT-2,,,,weekBarLowChangeLT0,brokenToday,chisDownTrend-Risky-nearHigh,##DOWNTREND:sellMonth6HighReversal(InDownTrend),##(Check-chart-buy):month3High-InMinus,ReversalHighMonth3,",-1.3283415648943009,2,0,2
"PCTChangeGT3,_HTGT1.5_,,,%%HLTF-Last2HighTail:(UPTREND)buy(DOWNTREND)sell:HighUpperTailPre-last2DayUp,##MAPositive_Uptrend(GT2),##MA-SMA200GT0SMA100GT0,##lastDayHighGT5TodayGT1,",0.8964158488054662,1,1,0
"PCTChangeGT2,,,,##UPTREND:buyMonth6LowReversal(Confirm),",0.4732335351153887,18,11,7
"PCTChangeLT-0.5,_LTGT1.5_,,,chisSellDayLowVolLow-01,",1.935130348653322,1,1,0
"PCTChangeLT-2,,,,%%:checkSell:Super01-monthLow,volSellVolumeUpsergedLast2n3DayUp,volSellContinueLast2DayDown-VolUp,",0.8881578947368574,1,1,0
"PCTChangeGT5,,,,chisCheckConsolidationBreakoutGT(4.5),##MAPositive_Uptrend(GT4.5),##MA-SMA200LT0SMA100GT0,",0.40715427070913435,2,1,1
"PCTChangeLT-2,_HTGT3.0_,,,##DOWNTREND:sellYearHighReversal(InDownTrend),##(Check-chart-buy):month3High-InMinus,ReversalHighMonth3,",-0.8151117369186145,1,0,1
"PCDCLT0PCTChangeGT1,PCDayChange-0.5to0.5,_HTGT1.5__LTGT3.0_,,,%%HLTF-Last2DayMarketUp:(GLOBAL-DOWN)sellHighLowerTail-Reversal-LastDayMarketUp,##MA-SMA200GT0SMA100GT0,",1.8703604252857133,1,1,0
"PCTChangeGT3,year2High,_HTGT1.5_,,,weekBarHighChangeGT2,brokenToday,##last2DayHighGT3-M3HGT0,",0.303800558742095,1,1,0
"PCTChangeLT-5,_HTGT1.5_,,,volumeUpsergedLast2n3n4DayUp,volSellContinueLast2DayDown-VolUp,",3.6697311445844782,1,1,0
"PCTChangeLT-3,_LTGT1.5_,,,volSellContinueLast2DayDown-VolUp,",0.9915594638195514,18,12,6
"PCTChangeLT-3,_LTGT3.0_,,,##MANegative_Downtrend_(LT-4.5),##MA-SMA200LT0SMA100GT0,",-2.872337178981051,1,0,1
"PCTChangeGT2,_LTGT3.0_,,,volumeUpsergedLast2n3n4DayDown,volSellReversalLast2DayUp-VolUp,##UPTREND:buyMonth6Low,",-0.6202681718919798,1,0,1
"PCTChangeLT-1,,,,weekBarLowChangeLT0,brokenToday,chisDownTrend-Risky-nearHigh,##(Check-chart-buy):YearHigh-InMinus,ReversalHighYear,",0.5937923201386642,10,5,5
"PCTChangeLT-3,_HTGT1.5_,,,VOL:buy-UpVol-3dayDown-Week2Low,weekBarLowChangeLT-2,##MANegative_Downtrend_(LT-2),##MA-SMA200LT0SMA100LT0,",4.484718022908694,1,1,0
"PCTDayChangeLT0,_HTGT1.5_,,,%%:checkSell:Super01-monthLow,%%HLTF-Last2HighTail:(DOWNTREND)sell(UPTREND)buy:HighUpperTailPre,%%HLTF-LastDayUp:(DOWNTREND-OR-GLOBALDOWN)MaySellHighTail-LastDayMarketUp,",-0.4461576021634627,1,0,1
"PCDCGT0PCTDayChangeLT0,PCDayChange-0.5to0.5,_HTGT1.5_,,,%%:checkSell:CupDownDoji-last2lastDayLT0orTodayGT0,",0.5685775372571443,4,3,1
"PCTChangeLT-3,,,,(SMA4LT(-1.5)),",-3.9896128423040453,1,0,1
"PCDCGT0PCTChangeLT-1,PCDayChange-0.5to0.5,_HTGT3.0_,,,%%:checkSell:FlagWeek-doji,",4.224888159186558,1,1,0
"PCTChangeGT2,,,,volSellReversalLast2DayUp-VolDown,(SMA9GT0),",0.9321999415165868,1,1,0
"PCTChangeLT-0.5,PCDayChange-0.5to0.5,_HTGT3.0__LTGT3.0_,,,buyYearHigh-0,",-5.5555555555555545,1,0,1
"PCTChangeGT5,_LTGT1.5_,,,chisBuyDayHighVolLow-0,volSellReversalLast2DayUp-VolDown,(GLOBALFUTUP-UPTRENDMARKET)checkBuyConsolidationBreakUp-week2-highNotReachedWeek3,week2BarHighChangeGT2,##last2DayHighGT3-M3HLT0,",2.770648775382591,1,1,0
"PCTChangeLT-2,_HTGT1.5_,,,volBuyReversalLast2DayDown-VolDown,##(Check-chart-buy):month3High-InMinus,NearHighMonth3,",1.0663772883544127,3,2,1
"PCTChangeGT2,,,,volumeUpsergedLast2n3n4DayDown,##RisingMA(Test)(check-chart-buy)-2DayUp,",-4.329460957463732,1,0,1
"PCTChangeGT1,PCDayChange-0.5to0.5,_LTGT3.0_,,,%%HLTF:(GLOBAL-DOWN)sellHighLowerTail-Reversal-LastDayMarketUp,chisBuyYearHigh-3,",0.2040166440217388,1,1,0
"PCTChangeGT0,_HTGT1.5__HTGTPCTDayChange_,,,week2BarHighChangeGT2,weekHighGTweek2High,",1.0389650022828667,1,1,0
"PCTChangeGT1,PCDayChange-0.5to0.5,_LTGT3.0_,,,%%:checkSell:CupDownDoji,",-2.23333740234375,1,0,1
"PCTChangeGT3,,,,volSellVolumeUpsergedLast2n3DayDown,chis-breakoutup-2week,",1.7462375066191769,2,2,0
"PCTChangeLT-2,_HTGT1.5_,,,volBuyRevarsalVolCrossed,",-1.6042740343138713,2,1,1
"PCTChangeLT-2,_LTGT3.0_,,,volSellContinueLast2DayDown-VolUp,##(Check-chart-buy):month3High-InMinus,NearHighMonth3,",1.4465427998476867,1,1,0
"PCTChangeLT-8,_HTGT3.0__LTGT3.0__HTGTPCTDayChange_,,,(GLOBAL-DOWN)maySellContinueHighVolatileLastDayDOWN-month3LowGT0-(LT-8),##MANegative_Downtrend_(LT-4.5),##MA-SMA200GT0SMA100GT0,",-5.15306593117225,1,0,1
"PCTChangeGT1,_LTGT1.5_,,,chisSellDowningMA-(check5MinuteDownTrendAndSellDowntrend)-Already10DayDown,chisSellFinalContinue-(lastDayDown)-2,",0.14727540500736377,1,1,0
"PCTChangeLT-3,_HTGT1.5__LTGT1.5_,,,##ML:buyRisingMA-down-Risky,",5.152868322052166,1,1,0
"PCTChangeGT2,_HTGT1.5__HTGTPCTDayChange_,,,%%HLTF:(DOWNTREND-OR-GLOBALDOWN)maySellTail-tailGT2-2,3,4thDayGT0,chisUpTrend-Risky-nearLow,",0.3096951299091323,2,1,1
"PCTChangeLT-1,,,,##MA-SMA200LT0SMA100LT0,",-3.5274658421228526,4,1,3
"PCTChangeLT-2,,,,chisSellFinalCandidate-4,##longDownTrend-2-IndexNotDownLastDay(checkBase),",0.30581573861806777,1,1,0
"PCTDayChangeLT0,_HTGT1.5__HTGTPCTDayChange_,,,%%HLTF-Last2HighTail:(DOWNTREND)sellHighUpperTailPre,%%HLTF:maySellTail-tailGT2-7,10thDayGT0,shortDownTrendSellContinue-Doji-Last2DayLTToday,",-0.54887167841547,1,0,1
"PCTChangeGT5,_HTGT1.5_,,,##last2DayHighGT3-M3HLT0,",-0.362525580505972,18,10,8
"PCTChangeLT-2,,,,chisSellUpTrend-Risky-2,",-0.8339807772844389,32,10,22
"PCTChangeLT-1,,,,checkCupDown-month3HighLTmonth3Low,bar_low,volBuyReversalLast2DayDown-VolDown,##(Check-chart-buy):YearHigh-InMinus,NearHighYear,",0.837801174808864,1,1,0
"PCTChangeGT0,_HTGT1.5__LTGT1.5_,,,%%HLTF-Last2HighTail:(UPTREND)buy(DOWNTREND)sell:HighUpperTailPre-last2DayUp,",-2.124996185302732,1,0,1
"PCTChangeLT-3,year2Low,,,,chisBuyMay5DayFloorReversal,",2.6018110517937867,2,2,0
"PCTChangeGT2,_LTGT1.5_,,,weekBarHighChangeGT2,brokenToday,##MAPositive_Uptrend(GT1),##MA-SMA200GT0SMA100GT0,",-0.5263157894736831,1,0,1
"PCTChangeLT-2,_LTGT3.0_,,,chisDownTrend-Risky-nearHigh,##(Check-chart-buy):month3High-InMinus,ReversalHighMonth3,",0.8479439261910057,2,2,0
"PCTChangeGT1,_HTGT1.5__HTGTPCTDayChange_,,,##(Check-chart):year2High-InPlus,",-0.4661470019753521,2,0,2
"PCTChangeLT-0.5,_HTGT1.5__LTGT1.5__LTGTPCTDayChange_,,,chisDownTrend-Risky-nearHigh,",-3.729790738218103,1,0,1
"PCTChangeLT-3,_HTGT1.5__LTGT1.5_,,,##MANegative_Downtrend_(LT-4.5),##MA-SMA200GT0SMA100GT0,",-1.5964969748621285,1,0,1
"PCTChangeLT-3,,,,(GLOBALFUTDOWN-DOWNTRENDMARKET)checkSellConsolidationBreakDown-week2-lowNotReachedWeek3,week2BarLowChangeLT-2,weekLowLTweek2Low,##DOWNTREND:sellMonth6HighReversal(InDownTrend),##(Check-chart-buy):month3High-InMinus,ReversalHighMonth3,",0.853654814929497,1,1,0
"PCTChangeGT3,,,,zigZagVolCrossedFromDown,buyPatternsML,",-0.9814924514782783,1,0,1
"PCTChangeLT-3,,,,%%:checkSell:Super0,##MANegative_Downtrend_(LT-2),##MA-SMA200LT0SMA100GT0,",1.1123185121066443,1,1,0
"PCTChangeGT5,,,,volumeUpsergedLast2n3n4DayDown,volBuyContinueLast2DayUp-VolUp,(GLOBALFUTUP-UPTRENDMARKET)checkBuyConsolidationBreakUp-week2-highNotReachedWeek3,week2BarHighChangeGT0,weekHighGTweek2High,brokenToday,",-1.6411626514214044,1,0,1
"PCTDayChangeLT0,PCDayChange-0.5to0.5,_HTGT1.5_,,,%%HLTF-Last2HighTail:(DOWNTREND)sell(UPTREND)buy:HighUpperTailPre,##buyYear2LowMovingSMA,",6.372132430211244,1,1,0
"PCTChangeLT-1,,,,##longDownTrend-2-IndexNotDownLastDay(checkBase),##(Test):buyRisingMA-uptrend-SMA25gt0,",1.8364172509316397,3,3,0
"PCTChangeLT-2,,,,volumeUpsergedLast2n3n4DayUp,VOL:sell(GLOBALFUTUP-GLOBALMARKETUP)Buy-UpVol-3dayDown-Week2High,(GLOBALFUTDOWN-DOWNTRENDMARKET)checkSellConsolidationBreakDown-week2-lowNotReachedWeek3,week2BarLowChangeLT0,chisDownTrend-Risky-nearHigh,##DOWNTREND:sellYear2HighReversal(InDownTrend),",-2.591752154209967,1,0,1
"PCTChangeLT-2,,,,volSellContinueLast2DayDown-VolUp,##(Check-chart-buy):month3High-InMinus,BreakHighMonth3,",0.5519066639425706,6,4,2
"PCTChangeLT-2,,,,volBuyReversalLast2DayDown-VolDown,chisBuyFinalContinue-1,sellFinal,",2.685078508719451,1,1,0
"PCTChangeGT3,,,,##MAPositive_Uptrend(GT2),##MA-SMA200LT0SMA100LT0,##last3DayHighGT3-M3HLT0,",-2.195170875824691,4,1,3
"PCTChangeGT3,_LTGT1.5_,,,sellHeavyUpTrend-Reversal,",5.118363360969374,1,1,0
"PCTChangeGT3,_HTGT3.0__LTGT1.5_,,,volSellRevarsalVolCrossed,(GLOBALFUTUP-UPTRENDMARKET)checkBuyConsolidationBreakUp-week2-highNotReachedWeek3,week2BarHighChangeGT2,weekHighGTweek2High,##last2DayHighGT3-M3HLT0,",6.225393700787408,1,1,0
"PCTChangeLT-5,_LTGT3.0_,,,##MANegative_Downtrend_(LT-2),##MA-SMA200LT0SMA100LT0,",1.7623096444966575,9,5,4
"PCTChangeLT-5,_HTGT1.5_,,,vol-buy-DownVol-3dayDown-Week2Low,",-1.7380704423640942,1,0,1
"PCTChangeLT-3,,,,chisSellFlagWeek-Risky,volSellContinueLast2DayDown-VolUp,",6.06768350385964,1,1,0
"PCTChangeLT-5,_HTGT3.0__HTGTPCTDayChange_,,,%%HLTF:(UPTREND-MorningTrend-UP)mayBuyTail-highTailGT2-7,10thDayGT10-Last2DayStockDown,volBuyReversalLast2DayDown-VolUp,",0.06658491710412792,1,1,0
"PCTChangeLT-1,_HTGT1.5__LTGT1.5_,,,chisDownTrend-Risky-nearHigh,$$MaySellContinue-CheckChart(inuptrend-monthlow)-highTail,",-3.2608695652173947,1,0,1
"PCTChangeGT1,PCDayChange-0.5to0.5,_HTGT1.5__LTGT1.5_,,,chisSellDowningMA-(check5MinuteDownTrendAndSellDowntrend),",1.057869931876667,1,1,0
"PCTChangeGT0.5,PCDayChange-0.5to0.5,_LTGT1.5_,,,##MAPositive_Uptrend(GT0),##MA-SMA200LT0SMA100GT0,",3.4030499737565156,2,2,0
"PCTChangeGT3,,,,chisUpTrend-Risky-nearLow,volBuyContinueLast2DayUp-VolUp,chisCheckConsolidationBreakoutLT(4.5),(GLOBALFUTUP-UPTRENDMARKET)checkBuyConsolidationBreakUp-week2-highNotReachedWeek3,week2BarHighChangeGT2,brokenToday,##RisingMA(Test)(check-chart-buy)-2DayUp,##UPTREND:buyMonth6LowReversal(Confirm),",-0.9223111304479755,1,0,1
"PCTChangeLT-1,PCDayChange-0.5to0.5,_HTGT1.5_,,,%%:checkSell:Super01-monthLow,%%HLTF-Last2HighTail:(DOWNTREND)sellHighUpperTailPre,",-1.677221597227382,2,0,2
"PCTChangeLT-2,_HTGT1.5_,,,chisSellFinalCandidate-3,",2.590552861966074,1,1,0
"PCTChangeGT5,_HTGT1.5_,,,VOL:sell-UpVol-3dayUp-Week2High,weekBarHighChangeGT5,",-0.7944667544666221,1,0,1
"PCTChangeLT-0.5,PCDayChange-0.5to0.5,,,,sellPatternsML,",-1.8711675164158244,1,0,1
"PCTChangeGT1,_HTGT3.0_,,,buyYearHigh-0,",-0.04526525372374403,1,0,1
"PCTChangeGT3,year2High,,,,%%:sellUpTrend-month3High,volSellVolumeUpsergedLast2n3DayDown,weekBarHighChangeGT2,brokenToday,",1.380721529056437,1,1,0
"PCTChangeGT16,,,,volumeUpsergedLast2n3n4DayDown,",-1.2295081967213153,1,0,1
"PCTChangeLT-2,year2High,_HTGT1.5__LTGT1.5__HTGTPCTDayChange__LTGTPCTDayChange_,,,chisSellUpTrend-highTail,",0.8309482312999402,1,1,0
"PCDCGT0PCTChangeLT-1,PCDayChange-0.5to0.5,_HTGT3.0__LTGT3.0_,,,%%HLTF-Last2LowTail:(DOWNTREND)sellHighLowerTailPre-1,##MANegative_Downtrend_(GT0),##MA-SMA200LT0SMA100LT0,",-1.684584166714898,2,0,2
"PCTChangeLT-3,,,,##DOWNTREND:sellMonth3HighReversal(InDownTrend),volBuyRevarsalVolCrossed,chisSellDayLowVolLow-03-checkMorningTrend(.5SL),",3.2927603654374393,1,1,0
"PCTChangeGT12,_LTGT3.0_,,,volumeUpsergedLast2n3n4DayDown,volBuyContinueLast2DayUp-VolUp,",-1.1290748832152033,1,0,1
"PCTChangeGT3,,,,##(Check-chart-sell):month3Low-InPlus,NearLowMonth3,##UPTREND:buyMonth3Low,",-0.9540513698402159,4,3,1
"PCTChangeLT-8,_HTGT1.5_,,,chisDownTrend-Risky-nearHigh,",5.5185636071928394,1,1,0
"PCTChangeLT-1,year2High,,,,checkCupDown-inDownTrend-month3HighLTmonth3Low,bar_low,",-0.11488223738081155,8,4,4
"PCTChangeGT3,_HTGT1.5__HTGTPCTDayChange_,,,volSellReversalLast2DayUp-VolUp,weekBarHighChangeGT2,brokenToday,",-1.8458662797351526,1,0,1
"PCTChangeGT5,_HTGT3.0_,,,zigZagVolCrossedFromDown,chisUpTrend-Risky-nearLow,##sellRisingMAuptrend-2,",-0.0662076260484726,1,0,1
"PCTChangeGT1,,,,##(Test)buyBottomReversal-1,##UPTREND:buyYearLowReversal(Confirm),",1.9400280273714556,1,1,0
"PCTChangeGT2,,,,##(Check-chart-sell):month3Low-InPlus,ReversalLowMonth3,chisUpTrend-Risky-nearLow,(GLOBALFUTUP-UPTRENDMARKET)checkBuyConsolidationBreakUp-week2-highNotReachedWeek3,week2BarHighChangeGT0,weekHighGTweek2High,chis-breakoutup-2week,##UPTREND:buyMonth3LowReversal(Confirm),",-1.5115229874712077,1,0,1
"PCTChangeLT-2,_HTGT3.0__HTGTPCTDayChange_,,,sellFinal,",1.4166683620876737,1,1,0
"PCTChangeGT3,,,,$$MaySell-CheckChart(monthHigh-minimumLast4DayUp),VOL:sell-UpVol-3dayUp-Week2High,",-0.306745594717614,1,0,1
"PCTChangeLT-2,,,,(GLOBALFUTDOWN-DOWNTRENDMARKET)checkSellConsolidationBreakDown-week2-lowNotReachedWeek3,week2BarLowChangeLT0,##DOWNTREND:sellMonth3HighReversal(InDownTrend),##(Check-chart-buy):month3High-InMinus,ReversalHighMonth3,",-1.3401660798439434,7,3,4
"PCTChangeGT8,_HTGT1.5__HTGTPCTDayChange_,,,%%HLTF:maySellTail-tailGT2-7,10thDayGT20,##MAPositive_Uptrend(GT1),##MA-SMA200GT0SMA100GT0,",3.477738597222298,1,1,0
"PCTChangeGT0,PCDayChange-0.5to0.5,_HTGT1.5_,,,buyYearHigh-0,",0.6811357414590702,2,1,1
"PCTChangeLT-2,,,,weekBarLowChangeLT0,brokenToday,##DOWNTREND:sellMonth6HighReversal(InDownTrend),##(Check-chart-buy):month3High-InMinus,ReversalHighMonth3,",2.394572015488721,1,1,0
"PCTChangeGT3,_HTGT1.5_,,,##MAPositive_Uptrend(GT2),##MA-SMA200LT0SMA100LT0,",-0.30528246429999906,10,5,5
"PCTChangeLT-1,_LTGT1.5_,,,(GLOBALFUTDOWN-DOWNTRENDMARKET)checkSellConsolidationBreakDown-week2-lowNotReachedWeek3,week2BarLowChangeLT0,##(Check-chart-buy):month3High-InMinus,ReversalHighMonth3,",0.31346364449386965,3,1,2
"PCTChangeLT-2,,,,checkCupDown-month3HighLTmonth3Low,bar_low,chisSellDownTrend-nearHigh,##DOWNTREND:sellYearHigh(InDownTrend),##(Check-chart-buy):month3High-InMinus,BreakHighMonth3,",-0.3618517744479419,1,0,1
"PCTChangeLT-1,_LTGT1.5_,,,checkCupDown-month3HighLTmonth3Low,bar_low,",1.7075607015053533,2,2,0
"PCTChangeLT-3,,,,checkCupDown-near2WeekDown-mayReveresalBuy,##DOWNTREND:sellYearHighReversal(InDownTrend),volBuyRevarsalVolCrossed,##(Check-chart-buy):month3High-InMinus,ReversalHighMonth3,",3.537174400623625,1,1,0
"PCTChangeLT-2,_LTGT3.0_,,,volumeUpsergedLast2n3n4DayUp,##MANegative_Downtrend_(LT-2),##MA-SMA200GT0SMA100LT0,##DOWNTREND:sellMonth3LowBreak,buyMorningStar-HighLowerTail,",-2.938260462948673,1,0,1
"PCTChangeGT2,,,,chisUpTrend-Risky-nearLow,week2BarHighChangeGT0,##UPTREND:buyMonth3LowReversal(Confirm),",-3.0370147189218564,2,0,2
"PCTChangeGT3,_HTGT1.5_,,,zigZagVolCrossedFromDown,##MAPositive_Uptrend(GT2),##MA-SMA200GT0SMA100GT0,",-2.1945866535120726,1,0,1
"PCTChangeGT3,year2Low,_HTGT1.5__LTGT3.0__LTGTPCTDayChange_,,,volBuyVolumeUpsergedLast2n3DayDown,volBuyContinueLast2DayUp-VolUp,",-2.500001774277798,1,0,1
"PCTChangeLT-2,_HTGT3.0__HTGTPCTDayChange_,,,weekBarLowChangeLT-2,",0.043292998909226,4,2,2
"PCTChangeGT3,_HTGT1.5_,,,chisSellYear2LowLT-40-last3DayDown(triggerAfter-9:15),##buyTenDaysLessThanMinusTen,",2.9705830803977933,1,1,0
"PCTChangeGT0.5,,,,shortUpTrendSellReversal-Month3High-Doji-Last2DayGTToday,",-0.6422827631147462,4,1,3
"PCTChangeGT0.5,_HTGT1.5_,,,chisSellEveningStar-2(Check2-3MidCapCross),##MAPositive_Uptrend(GT0),##MA-SMA200GT0SMA100GT0,",0.4797667038730427,3,2,1
"PCTChangeLT-3,,,,%%:checkSell:ConsolidationBreakDown(NotShapeA)-2week,checkSellConsolidationBreakDown-2week,week2BarLowChangeLT0,brokenToday,",-0.7610169263152402,2,1,1
"PCTChangeGT8,_LTGT1.5_,,,##MAPositive_Uptrend(GT4.5),##MA-SMA200GT0SMA100GT0,",-0.1341052014434025,5,2,3
"PCTChangeGT2,year2Low,_HTGT1.5_,,,(Test)MaySell-CheckChart(downTrend-lastDayUp),",1.073355971320426,1,1,0
"PCTChangeLT-3,_HTGT1.5_,,,chisDownTrend-Risky-nearHigh,##DOWNTREND:sellMonth6HighReversal(InDownTrend),##last2DayLow(LT-3)-M3LGT0,##(Check-chart-buy):month6High-InMinus,ReversalHighMonth6,",-2.4390263012353355,1,0,1
"PCTChangeLT-0.5,_LTGT1.5_,,,(GLOBALFUTDOWN-DOWNTRENDMARKET)checkSellConsolidationBreakDown-week2-lowNotReachedWeek3,week2BarLowChangeLT0,chisDownTrend-Risky-nearHigh,",-1.6721931766340417,1,0,1
"PCTChangeLT-2,,,,volSellContinueLast2DayDown-VolUp,chisSellDownTrend-nearHigh,##(Check-chart-buy):month3High-InMinus,NearHighMonth3,",-0.524945479827975,3,0,3
"PCTChangeGT0.5,PCDayChange-0.5to0.5,,,,sellPatternsML,shortUpTrendBuyContinue-Doji-Last2DayGTToday,",-3.3544303797468302,1,0,1
"PCTChangeLT-1,_HTGT1.5__LTGT1.5__HTGTPCTDayChange_,,,volBuyVolumeUpsergedLast2n3DayUp,chisDownTrend-Risky-nearHigh,##(Check-chart-buy):YearHigh-InMinus,ReversalHighYear,",0.1868443129414959,1,1,0
"PCTDayChangeLT0,_HTGT3.0__HTGTPCTDayChange_,,,%%HLTF:maySellTail-tailGT2-allDayGT0,##buyYear2LowMovingSMA,",0.3044003311860034,1,1,0
"PCTChangeGT3,,,,(GLOBALFUTUP-UPTRENDMARKET)checkBuyConsolidationBreakUp-week2-highNotReachedWeek3,week2BarHighChangeGT0,##(check-chart)mayBuy-EMA6-LT-May-MT-EMA14,",0.3053418897952458,3,1,1
"PCTChangeLT-0.5,year2High,_LTGT1.5_,,,%%HLTF:(GLOBAL-DOWN)sellHighLowerTail-Reversal-LastDayMarketUp,",-3.5386137047890216,2,0,2
"PCTChangeLT-1,_LTGT1.5_,,,##MANegative_Downtrend_(LT0),##MA-SMA200GT0SMA100GT0,",3.0914386912975376,1,1,0
"PCTChangeLT-2,_HTGT3.0__LTGT1.5_,,,##MANegative_Downtrend_(LT-2),##MA-SMA200LT0SMA100LT0,",2.8860616789106874,1,1,0
"PCTChangeLT-1,_HTGT1.5_,,,(SMA9LT0),",-0.5849913029368886,1,0,1
"PCTChangeGT2,_HTGT1.5__HTGTPCTDayChange_,,,MaySellCheckChart-(IndexNotDownInSecondHalf),%%:sellUpTrend-month3High,weekBarHighChangeGT0,brokenToday,",-4.011554661844166,1,0,1
"PCTChangeLT-3,,,,volBuyVolumeUpsergedLast2n3DayUp,##MANegative_Downtrend_(LT-4.5),##MA-SMA200LT0SMA100LT0,",0.8449365187834849,1,1,0
"PCTChangeLT-2,_LTGT1.5_,,,volSellContinueLast2DayDown-VolUp,buyMorningStar-HighLowerTail,",-3.252477450385802,1,0,1
"PCTChangeGT0.5,PCDayChange-0.5to0.5,_LTGT1.5_,,,chisBuyYearHigh-3,",-0.17336050134052414,45,20,25
"PCTChangeLT-0.5,_LTGT1.5_,,,%%HLTF:(GLOBAL-UP)buyHighLowerTail-LastDayMarketUp,",4.365771102360568,3,3,0
"PCTChangeGT1,_HTGT3.0__HTGTPCTDayChange_,,,(GLOBALFUTUP-UPTRENDMARKET)checkBuyConsolidationBreakUp-week2-highNotReachedWeek3,week2BarHighChangeGT2,weekHighGTweek2High,",-0.44792949075018,1,0,1
"PCTChangeLT-2,,,,chisDownTrend-Risky-nearHigh,##(Check-chart-buy):month3High-InMinus,BreakHighMonth3,",0.1436614205570234,6,3,3
"PCTChangeGT0.5,,,,volBuyContinueLast2DayUp-VolUp,(GLOBALFUTUP-UPTRENDMARKET)checkBuyConsolidationBreakUp-week2-highNotReachedWeek3,week2BarHighChangeGT0,weekHighGTweek2High,brokenToday,",-0.3900414360273648,1,0,1
"PCDCGT0PCTDayChangeLT0,,,,##MANegative_Downtrend_(GT0),##MA-SMA200LT0SMA100LT0,",-1.2812897472496891,2,1,1
"PCTChangeGT3,year2Low,,,,volBuyVolumeUpsergedLast2n3DayDown,",1.139533464298687,1,1,0
"PCTChangeGT3,year2High,_HTGT1.5_,,,weekBarHighChangeGT2,##last2DayHighGT3-M3HGT0,",1.8744540891102563,1,1,0
"PCTChangeGT1,,,,chisUpTrend-Risky-nearLow,volumeUpsergedLast2n3n4DayDown,##UPTREND:buyMonth6LowReversal(Confirm),",0.9740259740259627,1,1,0
"PCTChangeGT3,year2High,_HTGT1.5_,,,%%HLTF-Last2HighTail:(UPTREND)buy(DOWNTREND)sell:HighUpperTailPre-last2DayUp,chisSellDayHighVolLow-01-checkMorningTrend(.5SL),##last2DayHighGT3-M3HGT0,",-0.3292827029442093,1,0,1
"PCTChangeLT-5,_HTGT1.5_,,,chisRSISellCandidate(yearLow)-lessThanMinus5,##MANegative_Downtrend_(LT-4.5),##MA-SMA200LT0SMA100LT0,",-2.2316781104923065,1,0,1
"PCTChangeLT-1,year2Low,_HTGT1.5__LTGT3.0__HTGTPCTDayChange__LTGTPCTDayChange_,,,shortDownTrendBuyReversal-Month3Low-Doji-Last2DayLTToday,",-2.56823972791951,1,0,1
"PCTChangeLT-1,,,,(GLOBALFUTDOWN-DOWNTRENDMARKET)checkSellConsolidationBreakDown-week2-lowNotReachedWeek3,week2BarLowChangeLT0,chisDownTrend-Risky-nearHigh,##(Check-chart-buy):month6High-InMinus,ReversalHighMonth6,",-1.2523882714060668,1,0,1
"PCTChangeLT-3,_LTGT1.5_,,,%%HLTF:(SGXNIFTYUP)buyHighLowerTail-Continue,",-1.101697501489669,1,0,1
"PCTChangeGT1,year2High,,,,$$MaySell-CheckChart(downTrend-mayReverseLast4DaysUp)-Risky,%%:sellUpTrend-month3High,",-3.0621807564850823,1,0,1
"PCTChangeLT-2,,,,checkSellConsolidationBreakDown-2week,week2BarLowChangeLT0,brokenToday,chisDownTrend-Risky-nearHigh,##DOWNTREND:sellYear2HighReversal(InDownTrend),",-0.7499318348422921,2,1,1
"PCTChangeGT1,_HTGT1.5_,,,%%HLTF:(GLOBAL-SGX-DOWN)maySellTail-2,3,4thDayGT0,shortUpTrendBuyContinue-Doji-Last2DayGTToday,",-1.2498884622430015,3,1,2
"PCTChangeGT3,_LTGT1.5_,,,%%:checkSell:Super2,-+,",0.5060728849150606,1,1,0
"PCTChangeGT3,_HTGT3.0__HTGTPCTDayChange_,,,%%HLTF-Last2HighTail:(UPTREND)buy(DOWNTREND)sell:HighUpperTailPre-last2DayUp,volBuyContinueLast2DayUp-VolUp,",1.6492680368443373,1,1,0
"PCTChangeLT-2,,,,weekBarLowChangeLT0,brokenToday,##(Check-chart-buy):YearHigh-InMinus,ReversalHighYear,",-0.8420417113353584,7,2,5
"PCTChangeLT-1,_LTGT1.5_,,,volSellContinueLast2DayDown-VolUp,chisDownTrend-Risky-nearHigh,##(Check-chart-buy):month3High-InMinus,ReversalHighMonth3,",-1.3413846834255871,2,0,2
"PCTChangeGT2,year2High,_HTGT1.5__HTGTPCTDayChange_,,,MaySellCheckChart-(IndexNotDownInSecondHalf),(GLOBALFUTUP-UPTRENDMARKET)checkBuyConsolidationBreakUp-month,weekBarHighChangeGT0,brokenToday,",0.30738491123566203,1,1,0
"PCTChangeLT-3,_LTGT1.5_,,,volBuyVolumeUpsergedLast2n3DayUp,volSellContinueLast2DayDown-VolUp,(GLOBALFUTDOWN-DOWNTRENDMARKET)checkSellConsolidationBreakDown-week2-lowNotReachedWeek3,week2BarLowChangeLT0,chisDownTrend-Risky-nearHigh,##(Check-chart-buy):month3High-InMinus,NearHighMonth3,",4.969328897862347,1,1,0
"PCTChangeLT-2,,,,checkCupDown-2dayDown-mayReversalBuy,VOL:buy-DownVol-3dayDown-Week2High,##DOWNTREND:sellMonth3HighReversal(InDownTrend),##(Check-chart-buy):month3High-InMinus,ReversalHighMonth3,",-1.8009166306958315,2,0,2
"PCTChangeLT-5,_HTGT1.5_,,,##MANegative_Downtrend_(LT-4.5),##MA-SMA200GT0SMA100LT0,",-7.924174979018874,1,0,1
"PCTChangeGT5,,,,##MAPositive_Uptrend(GT4.5),##MA-SMA200GT0SMA100GT0,",-0.2851273093489629,139,57,82
"PCTChangeLT-3,,,,volBuyReversalLast2DayDown-VolDown,(GLOBALFUTDOWN-DOWNTRENDMARKET)checkSellConsolidationBreakDown-week2-lowNotReachedWeek3,week2BarLowChangeLT-2,##DOWNTREND:sellMonth6HighReversal(InDownTrend),chisSellDayLowVolLow-03-checkMorningTrend(.5SL),##(Check-chart-buy):month3High-InMinus,ReversalHighMonth3,",-3.9605966391274054,1,0,1
"PCTChangeGT5,,,,(GLOBALFUTUP-UPTRENDMARKET)checkBuyConsolidationBreakUp-week2-highNotReachedWeek3,week2BarHighChangeGT0,brokenToday,chisSell-2week-breakoutup,",-0.1460509065363837,1,0,1
"PCTChangeGT5,_LTGT1.5_,,,checkCupDown-lastDayUp,##MAPositive_Uptrend(GT2),##MA-SMA200GT0SMA100GT0,",6.205131335136225,1,1,0
"PCTChangeLT-2,,,,(SMA9GT0),",0.9099562517173491,3,2,1
"PCTChangeLT-2,,,,chisBuyMay5DayFloorReversal,weekBarLowChangeLT0,brokenToday,",-2.229731791728251,1,0,1
"PCTChangeGT3,_HTGT3.0__LTGT3.0__HTGTPCTDayChange__LTGTPCTDayChange_,,,%%HLTF:(SGXNIFTYUP)buyHighLowerTail-Continue,##lastDayHighGT5TodayGT1,",14.335052770727449,1,1,0
"PCTChangeLT-1,,,,##buyYear2LowMovingSMA,",-0.15000737200583944,11,5,6
"PCTChangeGT1,PCDayChange-0.5to0.5,_LTGT1.5_,,,##MA-SMA200GT0SMA100GT0,",-1.1694383099582994,3,1,2
"PCTChangeGT2,year2High,,,,VOL:sell-UpVol-3dayUp-Week2High,",-0.1033139723751623,13,6,7
"PCTChangeLT-2,year2High,_LTGT1.5_,,,%%HLTF:(GLOBAL-DOWN)sellHighLowerTail-Reversal-LastDayMarketUp,",0.049645558560532134,6,3,3
"PCTChangeLT-8,,,,maySellHighVolatileDownContinueLT-8,##sellRisingMA,",2.6928765439529805,1,1,0
"PCTChangeLT-8,_LTGT3.0_,,,##MANegative_Downtrend_(LT-4.5),##MA-SMA200GT0SMA100LT0,",0.1479305463802163,2,1,1
"PCTChangeLT-3,,,,volBuyReversalLast2DayDown-VolDown,chisSellDownTrend-nearHigh,##DOWNTREND:sellYear2HighReversal(InDownTrend),##(Check-chart-buy):month3High-InMinus,ReversalHighMonth3,",2.350200232192092,1,1,0
"PCTChangeGT2,_LTGT1.5_,,,chisBuyUpTrend-nearLow,##UPTREND:buyMonth3LowReversal(Confirm),",-1.4488932291666539,1,0,1
"PCDCLT0PCTChangeGT1,_LTGT3.0_,,,%%HLTF:(SGXNIFTYUP)buyHighLowerTail-Continue,##MA-SMA200GT0SMA100GT0,",5.527356406116792,1,1,0
"PCTChangeLT-3,year2Low,,,,volumeUpsergedLast2n3n4DayUp,sellPatternsML,",-5.907785587996251,1,0,1
"PCTChangeGT0,PCDayChange-0.5to0.5,,,,%%:sellDowntrend-lastDayUp-ReversalHighTail,",-0.1970428780186696,17,9,8
"PCTChangeLT-2,,,,##DOWNTREND:sellMonth3HighReversal(InDownTrend),##(Check-chart-buy):month3High-InMinus,ReversalHighMonth3,##(check-chart)maySell-EMA6-MT-May-LT-EMA14,",3.5678689486222,1,1,0
"PCTChangeGT0.5,_HTGT1.5__HTGTPCTDayChange_,,,%%HLTF-Risky9:30:maySellTail-tailGT2-7,10thDayGT15,(Test)(check-chart-2-3MidCapCross)MaySellCheckChart-Risky,##MAPositive_Uptrend(GT1),##MA-SMA200GT0SMA100GT0,",-3.254239357123947,1,0,1
"PCTChangeGT2,_LTGT1.5_,,,chisBuyUpTrend-nearLow,##RisingMA(Test)(check-chart-buy)-2DayUp,",2.571488843001239,1,1,0
"PCTChangeGT1,,,,volBuyContinueLast2DayUp-VolUp,(GLOBALFUTUP-UPTRENDMARKET)checkBuyConsolidationBreakUp-week2-highNotReachedWeek3,week2BarHighChangeGT0,",-0.5307185593094723,2,0,2
"PCTChangeLT-3,_HTGT1.5_,,,volSellContinueLast2DayDown-VolUp,(GLOBALFUTDOWN-DOWNTRENDMARKET)checkSellConsolidationBreakDown-week2-lowNotReachedWeek3,week2BarLowChangeLT0,",-0.23529052734374656,1,0,1
"PCTChangeLT-3,_LTGT1.5_,,,(GLOBALFUTDOWN-DOWNTRENDMARKET)checkSellConsolidationBreakDown-week2-lowNotReachedWeek3,week2BarLowChangeLT-2,weekLowLTweek2Low,##last2DayLow(LT-3)-M3LGT0,",-6.415409202786501,1,0,1
"PCTChangeGT1,year2High,,,,volBuyContinueLast2DayUp-VolUp,weekBarHighChangeGT0,brokenToday,",-0.11591962905717516,1,0,1
"PCTDayChangeLT0,_HTGT1.5__HTGTPCTDayChange_,,,%%:sellDowntrend-lastDayDown-ReversalHighTail,",1.6735845942646315,1,1,0
"PCTChangeGT1,_HTGT1.5__HTGTPCTDayChange_,,,(Test)(check-chart-2-3MidCapCross)MaySellCheckChart-Risky,",0.43155952951101934,82,47,34
"PCTChangeLT-2,_HTGT3.0__HTGTPCTDayChange_,,,weekBarLowChangeLT-2,brokenToday,",0.5562515258789114,1,1,0
"PCTChangeLT-3,_HTGT3.0__LTGT3.0__HTGTPCTDayChange_,,,VOL:sell(GLOBALFUTUP-GLOBALMARKETUP)Buy-UpVol-3dayDown-Week2High,chisSellUpTrend-Risky-2,",7.480934272378191,1,1,0
"PCTChangeLT-5,_LTGT3.0_,,,volBuyReversalLast2DayDown-VolUp,##DOWNTREND:sellYearHighReversal(InDownTrend),##last2DayLow(LT-3)-M3LGT0,",9.999160200816911,1,1,0
"PCTChangeLT-3,_LTGT3.0_,,,##MANegative_Downtrend_(LT-4.5),##MA-SMA200LT0SMA100LT0,##last2DayLow(LT-3)-M3LLT0,",2.540356452837364,1,1,0
"PCTChangeLT-3,,,,(GLOBALFUTDOWN-DOWNTRENDMARKET)checkSellConsolidationBreakDown-week2-lowNotReachedWeek3,week2BarLowChangeLT-5,weekLowLTweek2Low,##DOWNTREND:sellYear2HighReversal(InDownTrend),##(Check-chart-buy):month3High-InMinus,ReversalHighMonth3,",1.7633674630261498,1,1,0
"PCTChangeGT2,,,,volSellVolumeUpsergedLast2n3DayDown,weekBarHighChangeGT0,brokenToday,chisBuy-2week-breakoutup(check-chart)(|-|-| or --|),",0.3004291845493597,1,1,0
"PCTChangeLT-3,,,,checkCupDown-2dayDown-mayReversalBuy,##last2DayLow(LT-3)-M3LGT0,##(check-chart)maySell-EMA6-MT-May-LT-EMA14,",-0.4048855332060439,2,1,1
"PCTChangeLT-1,_HTGT1.5_,,,%%:check(UPTREND-UPMARKET)Buy(DOWNTRENDTREND-DOWNMARKET)Sell:Super01-monthLow,",6.073773250831443,3,3,0
"PCTChangeGT5,year2High,,,,volumeUpsergedLast2n3n4DayDown,weekBarHighChangeGT2,brokenToday,",-0.5749969482421868,1,0,1
"PCTChangeGT5,,,,checkBuyConsolidationBreakout-allPreLT0,weekBarHighChangeGT2,brokenToday,",-0.3979238754325257,1,0,1
"PCTChangeLT-3,_LTGT1.5_,,,##(Check-chart-buy):YearHigh-InMinus,ReversalHighYear,",-2.01321368883364,5,0,5
"PCTChangeGT1,PCDayChange-0.5to0.5,year2High,_HTGT1.5_,,,buyPattern-GT1.5-SMAGT0,(SMA9GT0),",8.226979650945397,1,1,0
"PCDCLT0PCTChangeGT0,PCDayChange-0.5to0.5,_LTGT3.0_,,,chisBuyYearHigh-1,",1.0105237458881529,1,1,0
"PCTChangeGT1,_LTGT1.5_,,,##UPTREND:buyYear2Low,",2.590673506855724,1,1,0
"PCTChangeGT3,_LTGT3.0_,,,volBuyContinueLast2DayUp-VolUp,",1.1158670881158164,4,3,1
"PCTChangeGT2,PCDayChange-0.5to0.5,_HTGT1.5_,,,%%HLTF-Risky9:30:maySellTail-tailGT2-7,10thDayGT15,",-4.937152941547877,1,0,1
"PCDCGT0PCTDayChangeLT0,,,,%%:checkSell:CupDownDoji,",0.6247504979027443,4,2,2
"PCTChangeLT-3,,,,VOL:buy-UpVol-3dayDown-Week2Low,##MANegative_Downtrend_(LT-4.5),##MA-SMA200LT0SMA100LT0,##DOWNTREND:sellMonth6LowBreak,",4.541425684482587,1,1,0
"PCTChangeGT3,,,,volBuyContinueLast2DayUp-VolUp,week2BarHighChangeGT2,weekHighGTweek2High,",3.646376900956071,1,1,0
"PCTChangeGT0.5,PCDayChange-0.5to0.5,_LTGT1.5_,,,shortUpTrendBuyContinue-Doji-Last2DayGTToday,##MAPositive_Uptrend(GT0),##MA-SMA200LT0SMA100GT0,",0.9404424702090363,1,1,0
"PCTChangeGT3,_HTGT1.5__LTGT3.0__LTGTPCTDayChange_,,,##MAPositive_Uptrend(GT2),##MA-SMA200LT0SMA100LT0,##lastDayHighGT5TodayGT1,",0.4095151103014792,1,1,0
"PCDCGT0PCTDayChangeLT0,PCDayChange-0.5to0.5,_HTGT3.0_,,,chisBuyYearHigh-3,",-0.45826482356022924,5,3,2
"PCTChangeGT3,,,,chisUpTrend-Risky-nearLow,checkBuyConsolidationBreakUp-2week,week2BarHighChangeGT0,brokenToday,chisBuy-2week-breakoutup(check-chart)(|-|-| or --|),",0.7333374023437512,1,1,0
"PCTChangeGT3,_LTGT1.5_,,,%%HLTF-Risky:(GLOBAL-DOWN)sellHighLowerTail-Reversal-LastDayMarketUp,##MAPositive_Uptrend(GT2),##MA-SMA200GT0SMA100GT0,",3.099252289387102,1,1,0
"PCTChangeLT-5,year2High,,,,chisBuyDayLowVolLow-0,",-2.101912771820256,1,0,1
"PCTChangeLT-2,,,,(GLOBALFUTDOWN-DOWNTRENDMARKET)checkSellConsolidationBreakDown-week2-lowNotReachedWeek3,week2BarLowChangeLT-2,weekLowLTweek2Low,chisDownTrend-Risky-nearHigh,",0.046469655644375565,14,6,8
"PCDCLT0PCTChangeGT5,year2High,,,,chisSellLastDayHighUpReversal,",-0.03215630338124036,1,0,1
"PCTChangeGT3,,,,chisUpTrend-Risky-nearLow,##(check-chart)mayBuy-EMA6-LT-May-MT-EMA14,",-0.5272992553118026,2,1,1
"PCDCLT0PCTChangeGT0,_LTGT1.5_,,,%%:checkSell:CupDownDoji-lastDayLT(-2)TodayDoji,buyMayYear2LowBreakingUp,",7.220836174111693,1,1,0
"PCTChangeLT-3,_HTGT3.0__LTGT1.5__HTGTPCTDayChange_,,,volSellContinueLast2DayDown-VolUp,chisSellFinalCandidate-4,##sellTenDaysMoreThanTen,",5.458774286795601,1,1,0
"PCTChangeGT5,year2High,_HTGT1.5_,,,%%HLTF-Last2HighTail:(UPTREND)buy(DOWNTREND)sell:HighUpperTailPre-last2DayUp,weekBarHighChangeGT5,",4.576087341206731,1,1,0
"PCTChangeLT-2,_LTGT1.5_,,,##MANegative_Downtrend_(LT-1),##MA-SMA200LT0SMA100LT0,",-0.23883527135194196,11,5,6
"PCTChangeLT-1,,,,weekBarLowChangeLT0,brokenToday,chisDownTrend-Risky-nearHigh,",-0.4418492650545729,54,20,34
"PCTChangeLT-1,PCDayChange-0.5to0.5,_HTGT1.5_,,,##buyYear2LowMovingSMA,",-0.35077379560939,3,1,2
"PCTChangeGT5,year2High,,,,chisCheckConsolidationBreakoutGT(4.5),weekBarHighChangeGT2,brokenToday,",-2.122983312825444,1,0,1
"PCDCGT0PCTDayChangeLT0,PCDayChange-0.5to0.5,year2High,,,,MaySellCheckChart-(|_|`|),",-0.23297128719549587,2,1,1
"PCTChangeGT1,PCDayChange-0.5to0.5,_HTGT1.5_,,,%%:checkSell:CupDownDoji,",-0.8387661326823379,2,0,2
"PCDCGT0PCTDayChangeLT0,PCDayChange-0.5to0.5,_HTGT1.5__LTGT1.5_,,,##ML:buyRisingMA-down-0,",0.05104956949027141,1,1,0
"PCTChangeLT-5,,,,weekBarLowChangeLT-5,##DOWNTREND:sellMonth3HighReversal(InDownTrend),",0.27472527472528374,1,1,0
"PCTChangeGT2,,,,chisSellFinalContinue-00,",-2.2054391193125173,2,0,1
"PCTChangeGT0.5,PCDayChange-0.5to0.5,year2High,_HTGT1.5_,,,%%HLTF-Last2HighTail:(UPTREND)buy(DOWNTREND)sell:HighUpperTailPre-last2DayUp,",-0.7994205299145025,2,1,1
"PCTChangeGT2,_HTGT1.5_,,,chisBuyUpTrend-nearLow,##UPTREND:buyMonth6LowReversal(Confirm),",-0.08398821973424728,1,0,1
"PCTChangeGT2,year2Low,_HTGT1.5_,,,chisSellYear2LowLT-40-last3DayDown(triggerAfter-9:15),chisSellYear2LowContinue,",-0.9097185783719843,1,0,1
"PCTChangeLT-3,_HTGT1.5_,,,chisSellFinalCandidate-4,chisDownTrend-Risky-nearHigh,",1.562499999999994,1,1,0
"PCTChangeLT-3,,,,weekBarLowChangeLT-2,##DOWNTREND:sellMonth3HighReversal(InDownTrend),%%:checkBuyRevarsalLast3DayDownAtMonth3High,##(Check-chart-buy):month3High-InMinus,ReversalHighMonth3,",1.1000021229619663,1,1,0
"PCTChangeLT-2,_LTGT3.0_,,,##(Check-chart-buy):month3High-InMinus,NearHighMonth3,",0.0655516689047746,1,1,0
"PCDCGT0PCTDayChangeLT0,_LTGT3.0_,,,%%:checkSell:Flag2Week-doji,%%HLTF:sellStockInUptrendReversal,",-0.13440860215053882,1,0,1
"PCTChangeLT-3,_LTGT3.0_,,,volBuyReversalLast2DayDown-VolDown,##last2DayLow(LT-3)-M3LGT0,chisSellDayLowVolLow-01,",2.992542660909223,1,1,0
"PCDCLT0PCTChangeGT1,PCDayChange-0.5to0.5,_LTGT3.0_,,,buyMorningStar-(checkChart),",-1.4049678662958645,3,2,1
"PCTChangeGT1,_HTGT1.5__LTGT3.0_,,,%%HLTF:(SGXNIFTYUP)buyHighLowerTail-Continue,##MA-SMA200GT0SMA100GT0,",-0.24606805098684087,1,0,1
"PCTChangeGT2,PCDayChange-0.5to0.5,_HTGT3.0__LTGT1.5_,,,sellPattern-LT-1.5-SMALT0,(SMA9LT0),maySellFromBuyPattern-LT-1.8,",-7.502274901051428,1,0,1
"PCDCGT0PCTChangeLT-1,PCDayChange-0.5to0.5,,,,chisSellFlagWeek-doji-Risky,",-1.874710010235452,2,0,2
"PCTChangeLT-0.5,_HTGT1.5__HTGTPCTDayChange_,,,%%HLTF-Last2HighTail:(DOWNTREND)sellHighUpperTailPre,volBuyReversalLast2DayDown-VolUp,",0.0,1,0,0
"PCTChangeLT-2,,,,chisSellFinalCandidate-(lastDayUp),##(Check-chart-buy):month3High-InMinus,NearHighMonth3,",0.1694376997943733,2,1,1
"PCDCGT0PCTDayChangeLT0,PCDayChange-0.5to0.5,_HTGT1.5_,,,##MAPositive_Uptrend(GT0),##MA-SMA200LT0SMA100GT0,",-1.6519177841251214,1,0,1
"PCTChangeGT16,,,,vol-sell-DownVol-3dayUp-Week2High,##MAPositive_Uptrend(GT2),##MA-SMA200GT0SMA100GT0,",8.08593364077036,1,1,0
"PCTChangeLT-1,_HTGT1.5_,,,$$(DOWNTREND-OR-GLOBALDOWN)MaySell-CheckChart-baseLine(inDownTrend-monthHigh)-MLCGT10,",-8.589739677233574,1,0,1
"PCTDayChangeLT0,,,,##MAPositive_Uptrend(LT-1),##MA-SMA200GT0SMA100GT0,",-2.487592295151208,4,1,3
"PCTChangeGT3,,,,zigZagVolCrossedFromDown,##(Check-chart-sell):month3Low-InPlus,NearLowMonth3,chisSellFinalContinue-(lastDayDown)-1,",-2.6408450704225253,1,0,1
"PCTChangeGT2,year2High,,,,shortUpTrendSellReversal-MonthHigh,",0.1778955133876565,9,5,4
"PCTChangeGT5,,,,volumeUpsergedLast2n3n4DayDown,",-0.5061758677854291,28,10,18
"PCDCLT0PCTChangeGT0,PCDayChange-0.5to0.5,_LTGT1.5_,,,chisSellSuper-Risky,--,##MANegative_Downtrend_(LT0),##MA-SMA200GT0SMA100LT0,",-6.8364592204251755,1,0,1
"PCTChangeLT-8,,,,maySellAfter10:30HighVolatileDownContinueLT-8-Risky,volumeUpsergedLast2n3n4DayUp,volSellContinueLast2DayDown-VolUp,chisDownTrend-Risky-nearHigh,",-0.08379605295544836,1,0,1
"PCTChangeGT3,_HTGT1.5__LTGT1.5__HTGTPCTDayChange__LTGTPCTDayChange_,,,##MANegative_Downtrend_(GT2),##MA-SMA200LT0SMA100LT0,",-4.421049419202302,1,0,1
"PCTChangeLT-2,,,,volSellContinueLast2DayDown-VolUp,chisSellFinalCandidate-4,sellFinal,##(Check-chart-buy):month3High-InMinus,NearHighMonth3,",-1.6711623199545063,1,0,1
"PCTChangeLT-3,,,,##longDownTrend-1-IndexNotDownLastDay(checkBase),",2.0639931611666618,6,6,0
"PCTChangeLT-3,_LTGT3.0_,,,%%HLTF:(GLOBAL-DOWN)sellHighLowerTail-Reversal-LastDayMarketUp,VOL:sell(GLOBALFUTUP-GLOBALMARKETUP)Buy-UpVol-3dayDown-Week2High,##(Check-chart-buy):month3High-InMinus,BreakHighMonth3,",1.2518536603009311,1,1,0
"PCTChangeLT-1,,,,sellPatternsML,sellPatterns-LT-1.5-SMALT0,(SMA9LT0),chisDownTrend-Risky-nearHigh,",-0.7826071792507886,1,0,1
"PCTChangeGT3,_HTGT3.0_,,,%%HLTF:(DOWNTREND-OR-GLOBALDOWN)maySellTail-tailGT2-2,3,4thDayGT0,",-0.7854742196428227,6,2,4
"PCTChangeGT2,,,,chisBuyUpTrend-1-YearHigh,weekBarHighChangeGT2,",-1.0171168204716727,2,0,2
"PCTChangeGT3,,,,weekBarHighChangeGT2,brokenToday,##last2DayHighGT3-M3HLT0,",-0.050934234875967356,3,1,2
"PCTChangeLT-2,_HTGT1.5__HTGTPCTDayChange_,,,volBuyReversalLast2DayDown-VolUp,",-0.5838524480784331,1,0,1
"PCTChangeGT5,year2High,,,,weekBarHighChangeGT2,##last2DayHighGT3-M3HGT0,",2.822063340031058,2,2,0
"PCDCGT0PCTChangeLT-1,_HTGT3.0__LTGT3.0__HTGTPCTDayChange__LTGTPCTDayChange_,,,volSellRevarsalVolCrossed,",-2.199998643663182,1,0,1
"PCTChangeLT-1,,,,sellFinal1,chisDownTrend-Risky-nearHigh,##(Test):buyRisingMA-uptrend-SMA25gt0,",-0.4918020279681096,1,0,1
"PCTChangeLT-2,,,,volumeUpsergedLast2n3n4DayUp,volSellContinueLast2DayDown-VolUp,(GLOBALFUTDOWN-DOWNTRENDMARKET)checkSellConsolidationBreakDown-week2-lowNotReachedWeek3,week2BarLowChangeLT0,chisDownTrend-Risky-nearHigh,",2.0312095454799084,1,1,0
"PCTChangeGT2,year2High,_HTGT1.5_,,,volumeUpsergedLast2n3n4DayDown,",-2.0915012733608953,1,0,1
"PCTChangeGT0,PCDayChange-0.5to0.5,_LTGT1.5_,,,$$MayBuy-CheckChart-baseLine(inuptrend-monthlow)-MHCLT(-10),",-3.0057785827989525,1,0,1
"PCTChangeLT-3,_HTGT1.5__LTGT1.5_,,,##last2DayLow(LT-3)-M3LGT0,chisBuyDayLowVolLow-03-checkMorningTrend(.5SL)-after10:30,",2.639941297249705,1,1,0
"PCTChangeGT0.5,PCDayChange-0.5to0.5,_LTGT1.5_,,,%%HLTF:(SGXNIFTYUP)buyHighLowerTail-Continue,shortUpTrendBuyContinue-Doji-Last2DayGTToday,",1.745690970585272,1,1,0
"PCTChangeLT-8,_HTGT1.5_,,,(GLOBAL-DOWN)maySellContinueHighVolatileLastDayDOWN-(LT-5),",0.8618279018993191,3,2,1
"PCTChangeGT5,,,,volBuyContinueLast2DayUp-VolUp,##MAPositive_Uptrend(GT4.5),##MA-SMA200GT0SMA100GT0,",1.188813729560227,6,4,2
"PCTChangeGT3,_HTGT1.5_,,,volBuyContinueLast2DayUp-VolUp,chisCheckConsolidationBreakoutLT(4.5),",-0.7213876038340226,1,0,1
"PCTChangeGT5,,,,volumeUpsergedLast2n3n4DayDown,(GLOBALFUTUP-UPTRENDMARKET)checkBuyConsolidationBreakUp-week2-highNotReachedWeek3,week2BarHighChangeGT0,brokenToday,",2.9012209945704797,1,1,0
"PCTChangeLT-3,,,,volumeUpsergedLast2n3n4DayUp,volSellContinueLast2DayDown-VolUp,##(Check-chart-buy):month3High-InMinus,NearHighMonth3,",-3.0220233916544736,1,0,1
"PCTChangeLT-3,_HTGT3.0_,,,(GLOBALFUTDOWN-DOWNTRENDMARKET)checkSellConsolidationBreakDown-week2-lowNotReachedWeek3,week2BarLowChangeLT-2,##DOWNTREND:sellYearHigh(InDownTrend),",-2.8312062184901077,1,0,1
"PCTChangeGT5,_HTGT3.0__LTGT1.5_,,,volSellRevarsalVolCrossed,chisBuyDayHighVolLow-0,##last2DayHighGT3-M3HLT0,",-5.975836431226774,1,0,1
"PCTChangeGT2,,,,(GLOBALFUTUP-UPTRENDMARKET)checkBuyConsolidationBreakUp-week2-highNotReachedWeek3,week2BarHighChangeGT2,weekHighGTweek2High,##UPTREND:buyMonth6LowReversal(Confirm),",-3.87382419217079,1,0,1
"PCTChangeGT5,year2High,_LTGT1.5_,,,%%HLTF-Risky:(GLOBAL-DOWN)sellHighLowerTail-Reversal-LastDayMarketUp,##last2DayHighGT3-M3HGT0,",-0.9306356938575608,1,0,1
"PCTChangeGT3,year2Low,_HTGT3.0__LTGT3.0__HTGTPCTDayChange__LTGTPCTDayChange_,,,##lastDayHighGT5TodayGT1,",-4.481132075471698,1,0,1
"PCTChangeGT3,year2High,_HTGT3.0__HTGTPCTDayChange_,,,volSellVolumeUpsergedLast2n3DayDown,volBuyContinueLast2DayUp-VolUp,",-0.7682323455810561,1,0,1
"PCTDayChangeLT0,_LTGT1.5_,,,(Test)MayBuy-CheckChart(upTrend-lastDayDown),##(Test)buyBottomReversal-0,",0.6855575772753346,1,1,0
"PCDCLT0PCTChangeGT0,PCDayChange-0.5to0.5,_LTGT1.5_,,,##MAPositive_Uptrend(LT0),##MA-SMA200GT0SMA100GT0,",0.6779968776242185,12,6,6
"PCTChangeGT1,,,,zigZagVolCrossedFromDown,##MA-SMA200LT0SMA100LT0,",-5.145987629020314,1,0,1
"PCTChangeGT3,year2High,,,,##last3DayHighGT3-M3HGT0,",-1.6098114819583338,4,1,3
"PCTChangeGT2,,,,##(Check-chart-sell):month3Low-InPlus,ReversalLowMonth3,chisUpTrend-Risky-nearLow,chisCheckConsolidationBreakoutLT(4.5),(GLOBALFUTUP-UPTRENDMARKET)checkBuyConsolidationBreakUp-week2-highNotReachedWeek3,week2BarHighChangeGT0,brokenToday,##UPTREND:buyYear2LowReversal(Confirm),",0.25052446910880993,1,1,0
"PCTChangeLT-1,_HTGT1.5__LTGT1.5_,,,chisDownTrend-Risky-nearHigh,",-1.752408679324113,9,4,5
"PCTChangeGT2,year2High,,,,%%:sellUpTrend-month3High,shortUpTrendSellReversal-MonthHigh,weekBarHighChangeGT0,brokenToday,",4.98856396852847,1,1,0
"PCDCLT0PCTChangeGT0,,,,mayBuyFromSellPattern-GT1.8,",3.890153018528196,1,1,0
"PCTChangeGT5,year2High,,,,volBuyContinueLast2DayUp-VolUp,",-1.3092712259436603,17,4,13
"PCTChangeGT3,_LTGT1.5_,,,##MAPositive_Uptrend(GT2),##MA-SMA200GT0SMA100GT0,##lastDayHighGT5TodayGT1,",4.177080477861019,2,2,0
"PCTChangeGT3,_HTGT3.0__HTGTPCTDayChange_,,,##buyTenDaysLessThanMinusTen,",6.4583313770783235,1,1,0
"PCTDayChangeLT0,PCDayChange-0.5to0.5,_HTGT1.5__LTGT3.0_,,,shortDownTrendSellContinue-Doji-Last2DayLTToday,",2.3370807090502077,1,1,0
"PCTChangeLT-5,,,,VOL:buy-UpVol-3dayDown-Week2Low,",-0.07492581699200479,4,2,2
"PCTChangeGT1,,,,$$(DOWNTREND-OR-GLOBALDOWN)MaySellContinue-CheckChart(inuptrend-monthlow)-PCTDayChangeGT2,##(Check-chart)sellMonth3High-Continue,",-1.3577575449336872,1,0,1
"PCTChangeLT-3,,,,##DOWNTREND:sellMonth3HighReversal(InDownTrend),##last2DayLow(LT-3)-M3LGT0,##(Check-chart-buy):month3High-InMinus,ReversalHighMonth3,##(check-chart)maySell-EMA6-MT-May-LT-EMA14,",-3.6750512530763837,1,0,1
"PCTChangeLT-2,_HTGT3.0__LTGT1.5__HTGTPCTDayChange_,,,volBuyReversalLast2DayDown-VolDown,(GLOBALFUTDOWN-DOWNTRENDMARKET)checkSellConsolidationBreakDown-week2-lowNotReachedWeek3,week2BarLowChangeLT0,weekLowLTweek2Low,##DOWNTREND:sellYear2HighReversal(InDownTrend),##(Check-chart-buy):month3High-InMinus,ReversalHighMonth3,",-7.688890245225697,1,0,1
"PCTChangeLT-3,,,,##MAPositive_Uptrend(LT-4.5),##MA-SMA200LT0SMA100LT0,",0.5293295606009518,4,2,2
"PCTChangeLT-2,,,,%%:checkSell:ConsolidationBreakDown(NotShapeA)-2week,checkSellConsolidationBreakDown-2week,week2BarLowChangeLT0,##DOWNTREND:sellYear2HighReversal(InDownTrend),##(Check-chart-buy):month3High-InMinus,ReversalHighMonth3,",-1.5412278126315249,1,0,1
"PCTChangeGT1,,,,chisSellFinalContinue-(lastDayDown)-1,",-0.2804496238192107,3,1,2
"PCTChangeGT3,,,,%%:sellUpTrend-month3High,maySellFromBuyPattern-LT-1.8,##MAPositive_Uptrend(GT2),##MA-SMA200GT0SMA100GT0,",-1.1356743708841257,1,0,1
"PCTChangeLT-3,,,,volumeUpsergedLast2n3n4DayUp,chisDownTrend-Risky-nearHigh,##DOWNTREND:sellYear2HighReversal(InDownTrend),",-4.987200871706428,1,0,1
"PCTChangeEQ0,,,,chisBuyYearHigh-3,",-0.28727061091797484,3,1,2
"PCTChangeLT-2,,,,vol-buy-DownVol-3dayDown-Week2Low,weekBarLowChangeLT0,brokenToday,",0.08380977926957474,3,1,2
"PCTChangeGT12,year2Low,_HTGT3.0__LTGT1.5_,,,chisSellYear2LowLT-40-last4DayDown(triggerAfter-9:15),",16.767675226384934,1,1,0
"PCTChangeGT2,year2High,_LTGT1.5_,,,volSellVolumeUpsergedLast2n3DayDown,weekBarHighChangeGT2,",-2.4795158169981226,1,0,1
"PCTChangeLT-16,_HTGT3.0__LTGT1.5__HTGTPCTDayChange_,,,##MANegative_Downtrend_(LT-4.5),##MA-SMA200LT0SMA100LT0,",-5.412112631758649,1,0,1
"PCTChangeGT3,_HTGT3.0_,,,volumeUpsergedLast2n3n4DayDown,volBuyContinueLast2DayUp-VolUp,",-5.915091172704156,1,0,1
"PCTChangeGT3,_HTGT1.5_,,,%%HLTF-Last2HighTail:(UPTREND)buy(DOWNTREND)sell:HighUpperTailPre-last2DayUp,%%HLTF:(DOWNTREND-OR-GLOBALDOWN)maySellTail-tailGT2-2,3,4thDayGT0,chisBuyUpTrend-1-YearHigh,",-0.31282903752285196,1,0,1
"PCTChangeLT-3,_HTGT1.5__LTGT1.5_,,,##MANegative_Downtrend_(LT-2),##MA-SMA200LT0SMA100LT0,##DOWNTREND:sellYearLowBreak,",1.0752688172042915,1,1,0
"PCTChangeGT3,,,,(GLOBALFUTUP-UPTRENDMARKET)checkBuyConsolidationBreakUp-week2-highNotReachedWeek3,week2BarHighChangeGT0,brokenToday,chis-breakoutup-2week,chisBuy-2week-breakoutup,",-0.043536182951498414,2,1,1
"PCTChangeLT-2,_HTGT1.5_,,,%%:checkSell:Super0,vol-buy-DownVol-3dayDown-Week2Low,##MANegative_Downtrend_(LT-2),##MA-SMA200LT0SMA100LT0,",0.9290075009586091,1,1,0
"PCTChangeLT-3,_HTGT1.5_,,,(GLOBALFUTDOWN-DOWNTRENDMARKET)checkSellConsolidationBreakDown-week2-lowNotReachedWeek3,week2BarLowChangeLT0,##DOWNTREND:sellMonth3HighReversal(InDownTrend),##(Check-chart-buy):month3High-InMinus,ReversalHighMonth3,##(check-chart)maySell-EMA6-MT-May-LT-EMA14,",3.578030582716292,1,1,0
"PCDCGT0PCTDayChangeLT0,PCDayChange-0.5to0.5,_HTGT3.0_,,,##MANegative_Downtrend_(GT0),##MA-SMA200LT0SMA100LT0,",1.6638110932849712,1,1,0
"PCTChangeLT-3,,,,weekBarLowChangeLT0,brokenToday,##DOWNTREND:sellYear2HighReversal(InDownTrend),##(Check-chart-buy):month3High-InMinus,ReversalHighMonth3,",3.5744654878656954,1,1,0
"PCTChangeLT-2,,,,chisSell:Super03-monthLow,chisSell-smallUptrendReversal,",-2.400628480834255,1,0,1
"PCTChangeLT-8,_LTGT1.5_,,,(GLOBAL-DOWN)maySellContinueHighVolatileLastDayDOWN-PCT10GT0-(LT-8),",-1.044342510277049,6,3,3
"PCTChangeEQ0,_HTGT3.0__HTGTPCTDayChange_,,,%%HLTF:maySellTail-tailGT2-allDayGT0,",-3.5260199287118286,1,0,1
"PCTChangeLT-3,_LTGT1.5_,,,vol-buy-DownVol-3dayDown-Week2Low,##MANegative_Downtrend_(LT-2),##MA-SMA200LT0SMA100LT0,##last3DayLow(LT-3)-M3LGT0,",4.780670166015633,1,1,0
"PCTChangeGT5,_HTGT3.0_,,,chisSellYear2LowContinue,BuyYearLow,##last2DayHighGT3-M3HLT0,",-6.26304801670146,1,0,1
"PCTChangeGT1,,,,%%HLTF:(GLOBAL-SGX-DOWN)maySellTail-2,3,4thDayGT0,chisBuyYearHigh-3,",-0.986728124093043,1,0,1
"PCTChangeGT2,,,,chisBuyUpTrend-1-YearHigh,volumeUpsergedLast2n3n4DayDown,chisCheckConsolidationBreakoutLT(4.5),(GLOBALFUTUP-UPTRENDMARKET)checkBuyConsolidationBreakUp-week2-highNotReachedWeek3,week2BarHighChangeGT0,brokenToday,##(Check-chart)ML:buyMonth3High-Continue,",-1.424806280481582,1,0,1
"PCTChangeGT5,_HTGT1.5__LTGT3.0_,,,chisSelldowntrendReversalMayFail,",1.6951154328301214,2,1,1
"PCTChangeGT0,_LTGT1.5_,,,(SMA9GT0),mayBuyFromSellPattern-GT1.8,",0.8064552883738051,1,1,0
"PCTChangeGT5,_HTGT1.5__LTGT1.5_,,,(GLOBALFUTUP-UPTRENDMARKET)checkBuyConsolidationBreakUp-month,weekBarHighChangeGT2,##MAPositive_Uptrend(GT4.5),##MA-SMA200GT0SMA100GT0,",-2.053001385253314,1,0,1
"PCTChangeLT-3,_LTGT1.5_,,,(GLOBALFUTDOWN-DOWNTRENDMARKET)checkSellConsolidationBreakDown-week2-lowNotReachedWeek3,week2BarLowChangeLT0,weekLowLTweek2Low,",2.028596784907282,3,2,1
"PCTChangeLT-2,_HTGT1.5_,,,chisSell:Super03-monthLow,weekBarLowChangeLT0,brokenToday,",0.8729799580647094,1,1,0
"PCTChangeLT-2,,,,checkCupDown-near2WeekDown-mayReveresalBuy,(GLOBALFUTDOWN-DOWNTRENDMARKET)checkSellConsolidationBreakDown-week2-lowNotReachedWeek3,week2BarLowChangeLT0,##DOWNTREND:sellYearHighReversal(InDownTrend),volBuyRevarsalVolCrossed,##(Check-chart-buy):month3High-InMinus,ReversalHighMonth3,##(check-chart)maySell-EMA6-MT-May-LT-EMA14,",2.0510074292434384,1,1,0
"PCTChangeLT-2,_HTGT3.0__LTGT1.5__HTGTPCTDayChange__LTGTPCTDayChange_,,,##MANegative_Downtrend_(LT-2),##MA-SMA200GT0SMA100LT0,",-7.489133088485047,1,0,1
"PCTChangeLT-1,_LTGT1.5_,,,(Test)MayBuyCheckChart-last3DayDown,$$MayBuy-CheckChart-baseLine(inuptrend-monthlow)-PCTDayChangeLT0,",-0.37433646286613,1,0,1
"PCTChangeLT-2,_HTGT1.5__HTGTPCTDayChange_,,,%%HLTF-Last2HighTail:(DOWNTREND)sellHighUpperTailPre,chisSellDownTrend-nearHigh,",-2.7753932367194976,2,0,2
"PCTChangeGT5,_HTGT3.0_,,,weekBarHighChangeGT2,##MAPositive_Uptrend(GT2),##MA-SMA200GT0SMA100GT0,",-3.894230769230769,1,0,1
"PCTDayChangeLT0,PCDayChange-0.5to0.5,_LTGT1.5_,,,chisBuyMorningStar-1(NotUpSecondHalfAndUp2to3),",-1.4552343442329028,4,1,3
"PCTDayChangeLT0,PCDayChange-0.5to0.5,_HTGT1.5_,,,%%HLTF-Last2HighTail:(DOWNTREND)sellHighUpperTailPre,chisBuyYearHigh-1,",0.0,1,0,0
"PCTChangeGT5,year2High,,,,vol-sell-DownVol-3dayUp-Week2High,##last2DayHighGT3-M3HGT0,",1.999084891373392,1,1,0
"PCTChangeGT3,year2Low,,,,volumeUpsergedLast2n3n4DayDown,volBuyContinueLast2DayUp-VolUp,",-4.313996540333815,1,0,1
"PCTChangeGT2,,,,volSellVolumeUpsergedLast2n3DayDown,chisCheckConsolidationBreakoutLT(4.5),(GLOBALFUTUP-UPTRENDMARKET)checkBuyConsolidationBreakUp-week2-highNotReachedWeek3,week2BarHighChangeGT0,weekHighGTweek2High,brokenToday,",-3.116232373380708,1,0,1
"PCTChangeLT-2,,,,volSellContinueLast2DayDown-VolUp,chisSellDownTrend-nearHigh,##DOWNTREND:sellYear2HighReversal(InDownTrend),##(Check-chart-buy):month3High-InMinus,ReversalHighMonth3,",-2.0839259482051027,1,0,1
"PCTChangeGT2,_HTGT3.0__LTGT1.5__HTGTPCTDayChange__LTGTPCTDayChange_,,,%%:sellUpTrend-month3High,",-0.6625039531300694,2,0,2
"PCDCLT0PCTChangeGT0,PCDayChange-0.5to0.5,_HTGT1.5__LTGT1.5_,,,chisBuyYearHigh-1,",-0.19355035597279088,2,0,1
"PCTChangeLT-3,_HTGT1.5_,,,%%HLTF:maySellTail-tailGT2-7,10thDayGT0,chisDownTrend-Risky-nearHigh,zigZagVolCrossedFromUp,",-5.911216854677767,1,0,1
"PCTChangeLT-2,_HTGT1.5_,,,volBuyVolumeUpsergedLast2n3DayUp,chisDownTrend-Risky-nearHigh,##(Check-chart-buy):month3High-InMinus,ReversalHighMonth3,",1.607477776358067,1,1,0
"PCTChangeGT0.5,PCDayChange-0.5to0.5,,,,buyPatternsML,buyPattern-GT1.5-SMAGT0,(SMA9GT0),",1.0913715329449911,6,3,3
"PCTChangeGT5,_HTGT3.0_,,,%%HLTF-Last2HighTail:(UPTREND)buy(DOWNTREND)sell:HighUpperTailPre-last2DayUp,volBuyContinueLast2DayUp-VolUp,",-0.3902664841591288,2,1,1
"PCTChangeLT-3,,,,volSellContinueLast2DayDown-VolUp,",-0.17595807453796442,88,36,52
"PCTChangeGT3,,,,volBuyVolumeUpsergedLast2n3DayDown,chisCheckConsolidationBreakoutLT(4.5),(GLOBALFUTUP-UPTRENDMARKET)checkBuyConsolidationBreakUp-week2-highNotReachedWeek3,week2BarHighChangeGT2,chisBuy-2week-breakoutup(check-chart)(|-|-| or --|),",-0.2672404706744293,1,0,1
"PCTChangeLT-2,,,,##longDownTrend-2-IndexNotDownLastDay(checkBase),##ML:buyRisingMA-down-Risky,",1.8382592830379292,3,3,0
"PCTChangeLT-1,year2High,_HTGT1.5__HTGTPCTDayChange_,,,%%HLTF-Risky9:30:maySellTail-tailGT2-7,10thDayGT15,",0.47724613931483434,2,1,1
"PCTChangeGT0.5,_HTGT1.5_,,,%%:checkSell:CupDownDoji,",-1.4050651593676462,5,0,5
"PCTChangeGT2,,,,weekBarHighChangeGT0,brokenToday,(SMA9GT0),",2.0189899810632252,2,1,1
"PCTChangeGT2,,,,chisCheckConsolidationBreakout2WeekLT(4.5),(GLOBALFUTUP-UPTRENDMARKET)checkBuyConsolidationBreakUp-week2-highNotReachedWeek3,week2BarHighChangeGT2,weekHighGTweek2High,",0.5518777370761229,1,1,0
"PCTChangeGT0,_HTGT1.5_,,,%%HLTF-Last2HighTail:(UPTREND)buy(DOWNTREND)sell:HighUpperTailPre-last2DayUp,shortUpTrendBuyContinue-Doji-Last2DayGTToday,",-0.7025116937480103,1,0,1
"PCTChangeGT2,_LTGT1.5_,,,volSellVolumeUpsergedLast2n3DayDown,weekBarHighChangeGT0,brokenToday,",0.7762519917713068,1,1,0
"PCTChangeLT-2,,,,vol-buy-DownVol-3dayDown-Week2Low,weekBarLowChangeLT-2,##DOWNTREND:sellMonth6HighReversal(InDownTrend),##(Check-chart-buy):month6High-InMinus,ReversalHighMonth6,",-2.950279212549048,1,0,1
"PCTChangeGT1,_HTGT3.0__HTGTPCTDayChange_,,,##MAPositive_Uptrend(GT1),##MA-SMA200GT0SMA100GT0,",-5.475257873535163,2,0,2
"PCTChangeGT3,_HTGT1.5_,,,volumeUpsergedLast2n3n4DayDown,volBuyContinueLast2DayUp-VolUp,##last2DayHighGT3-M3HLT0,",-0.3610053283655724,1,0,1
"PCTChangeGT2,,,,vol-sell-DownVol-3dayUp-Week2High,chisBuy-2week-breakoutup(check-chart)(|-|-| or --|),",-1.693292581120503,1,0,1
"PCTChangeGT5,,,,weekBarHighChangeGT2,brokenToday,##MAPositive_Uptrend(GT4.5),##MA-SMA200LT0SMA100GT0,",-3.388462583764942,1,0,1
"PCTChangeGT3,,,,chisBuyUpTrend-nearLow,##UPTREND:buyMonth3LowReversal(Confirm),",-2.3581060368787505,2,1,1
"PCTChangeGT0,PCDayChange-0.5to0.5,_LTGT1.5_,,,buyMorningStar-(checkChart),",2.8958296113196735,2,1,1
"PCTChangeGT0.5,PCDayChange-0.5to0.5,,,,%%:checkSell:FlagWeek-doji,",-1.0762458735560938,9,4,5
"PCTChangeLT-0.5,,,,##MA-SMA200LT0SMA100LT0,",-0.6031116642489134,16,6,10
"PCTChangeGT3,_HTGT1.5_,,,chisCheckConsolidationBreakoutLT(4.5),weekBarHighChangeGT2,",1.302286891145059,3,2,1
"PCTChangeLT-2,_HTGT1.5__LTGT3.0__LTGTPCTDayChange_,,,##MAPositive_Uptrend(LT-2),##MA-SMA200GT0SMA100GT0,",2.6648546596713447,1,1,0
"PCDCLT0PCTChangeGT0,PCDayChange-0.5to0.5,_LTGT3.0_,,,##MANegative_Downtrend_(LT0),##MA-SMA200LT0SMA100LT0,",-1.312971840404656,4,2,2
"PCDCLT0PCTChangeGT0,PCDayChange-0.5to0.5,_HTGT3.0_,,,%%HLTF:(UPTREND-MorningTrend-UP)mayBuyTail-highTailGT2-7,10thDayGT10-Last2DayStockDown,%%HLTF:(UPTREND-GLOBAL/SGX-UP)BuyHighUpperTail-Reversal-7,10thDayGT15-LastDayMarketDown,",5.05050492076669,1,1,0
"PCTChangeLT-1,_LTGT1.5_,,,%%HLTF:(GLOBAL-UP)buyHighLowerTail-StockInUptrend,chisSellDownTrend-nearHigh,",1.0149860765183945,2,2,0
"PCTChangeLT-1,,,,checkCupDown-2dayDown,chisDownTrend-Risky-nearHigh,##(Check-chart-buy):month3High-InMinus,ReversalHighMonth3,",-0.12547875847731116,2,1,1
"PCTChangeLT-1,_LTGT1.5_,,,volSellContinueLast2DayDown-VolUp,chisDownTrend-Risky-nearHigh,",1.1563701493137275,2,2,0
"PCTChangeGT5,_HTGT3.0__HTGTPCTDayChange_,,,volumeUpsergedLast2n3n4DayDown,",-0.13397430224493934,2,1,1
"PCTChangeLT-3,,,,volSellContinueLast2DayDown-VolUp,sellFinal,",0.39390282793090037,1,1,0
"PCTChangeLT-3,,,,VOL:buy-UpVol-3dayDown-Week2Low,weekBarLowChangeLT-2,##MANegative_Downtrend_(LT-4.5),##MA-SMA200LT0SMA100LT0,##DOWNTREND:sellYearLowBreak,##last2DayLow(LT-3)-M3LLT0,",-0.1456291049430016,1,0,1
"PCTChangeGT3,,,,##(Check-chart-sell):month3Low-InPlus,ReversalLowMonth3,chisUpTrend-Risky-nearLow,buyFinal1,##UPTREND:buyYear2LowReversal(Confirm),",4.417221294020111,1,1,0
"PCTChangeGT3,year2High,,,,chisCheckConsolidationBreakoutLT(4.5),week2BarHighChangeGT0,",3.814816218587777,1,1,0
"PCTChangeLT-1,,,,volBuyReversalLast2DayDown-VolDown,##ML:BuyRisingMA-Risky-1,",-1.1280261311991462,2,1,1
"PCTChangeGT1,_HTGT1.5_,,,%%HLTF:(DOWNTREND-OR-GLOBALDOWN)maySellTail-tailGT2-2,3,4thDayGT0,volBuyContinueLast2DayUp-VolUp,week2BarHighChangeGT0,brokenToday,",1.6651674599050104,1,1,0
"PCTChangeGT3,year2High,_HTGT1.5_,,,volumeUpsergedLast2n3n4DayDown,chisCheckConsolidationBreakoutLT(4.5),weekBarHighChangeGT2,brokenToday,",2.0948992313395247,1,1,0
"PCTChangeLT-3,_HTGT1.5_,,,zigZagVolCrossedFromUp,##ML:buyRisingMA-down-Risky,",0.9105668634641431,1,1,0
"PCTChangeGT3,_LTGT1.5_,,,volBuyContinueLast2DayUp-VolUp,",-0.20118617893371032,13,6,7
"PCTChangeLT-1,,,,%%:checkSell:Super0,volBuyRevarsalVolCrossed,",-4.038457270268796,1,0,1
"PCTDayChangeLT0,_HTGT1.5_,,,%%HLTF-LastDayUp:(DOWNTREND-OR-GLOBALDOWN)MaySellHighTail-LastDayMarketUp,shortDownTrendSellContinue-Doji-Last2DayLTToday,",-1.1537871924303715,1,0,1
"PCTChangeGT2,_HTGT1.5_,,,%%:checkSell:Super2,%%:sellDowntrend-lastDayUp-ReversalHighTail,",0.523807586185522,1,1,0
"PCTChangeLT-8,,,,##MANegative_Downtrend_(LT-4.5),##MA-SMA200LT0SMA100LT0,zigZagVolCrossedFromUp,",0.10911341280698306,2,1,1
"PCTChangeLT-2,_HTGT1.5__HTGTPCTDayChange_,,,chisDownTrend-Risky-nearHigh,##DOWNTREND:sellMonth6HighReversal(InDownTrend),##(Check-chart-buy):month3High-InMinus,ReversalHighMonth3,",-1.363636363636356,1,0,1
"PCTChangeGT2,year2High,_HTGT1.5__HTGTPCTDayChange_,,,%%HLTF-Last2HighTail:(UPTREND)buy(DOWNTREND)sell:HighUpperTailPre-last2DayUp,",-0.7900637346427596,8,3,5
"PCDCLT0PCTChangeGT0,PCDayChange-0.5to0.5,_HTGT1.5_,,,chisSellSuper-Risky,--,",-3.8689048821759275,1,0,1
"PCTChangeGT1,_LTGT1.5_,,,checkCupDown-lastDayUp,",-4.757017963760231,3,0,3
"PCTChangeGT3,,,,chisUpTrend-Risky-nearLow,weekBarHighChangeGT2,##(Test)buyBottomReversal-1,##UPTREND:buyYearLowReversal(Confirm),",-4.660065099895253,1,0,1
"PCTChangeGT2,PCDayChange-0.5to0.5,_HTGT3.0__LTGT3.0_,,,%%:checkSell:FlagWeek-doji,(SMA9LT0),maySellFromBuyPattern-LT-1.8,",-3.6686372474805844,1,0,1
"PCTChangeGT1,,,,maySellFromBuyPattern-LT-1.8,##MAPositive_Uptrend(GT2),##MA-SMA200GT0SMA100GT0,",0.11477289561502585,1,1,0
"PCDCLT0PCTChangeGT8,,,,chisSellLastDayHighUpReversal,",0.6634048667119833,1,1,0
"PCTChangeGT3,,,,chisFinalBreakOutBuy-1test-atYearLow,##(check-chart)mayBuy-EMA6-LT-May-MT-EMA14,",-1.8443612491383314,1,0,1
"PCTChangeLT-2,,,,chisBuyMay5DayFloorReversal,weekBarLowChangeLT-2,",-5.595565041776766,1,0,1
"PCTChangeGT2,,,,(GLOBALFUTUP-UPTRENDMARKET)checkBuyConsolidationBreakUp-week2-highNotReachedWeek3,week2BarHighChangeGT2,weekHighGTweek2High,brokenToday,chisBuy-2week-breakoutup(check-chart)(|-|-| or --|),",0.4320978470083508,1,1,0
"PCTChangeLT-5,_HTGT3.0__HTGTPCTDayChange_,,,##sellRisingMA,",1.985109806962116,1,1,0
"PCTChangeGT2,,,,volumeUpsergedLast2n3n4DayDown,volBuyContinueLast2DayUp-VolUp,chisBuyConsolidationBreakUp-2week-(Risky)-year2High,week2BarHighChangeGT0,brokenToday,",1.6238849246188414,1,1,0
"PCTChangeLT-1,_HTGT1.5__HTGTPCTDayChange_,,,%%HLTF-Last2HighTail:(DOWNTREND)sell(UPTREND)buy:HighUpperTailPre,chisDownTrend-Risky-nearHigh,",-1.1441328201964005,4,2,2
"PCTChangeLT-2,,,,volumeUpsergedLast2n3n4DayUp,volSellContinueLast2DayDown-VolUp,weekBarLowChangeLT-2,brokenToday,chisDownTrend-Risky-nearHigh,##DOWNTREND:sellYear2HighReversal(InDownTrend),##(Check-chart-buy):month3High-InMinus,ReversalHighMonth3,",2.2217632400752785,1,1,0
"PCTChangeGT1,,,,##MAPositive_Uptrend(GT1),##MA-SMA200LT0SMA100GT0,",-0.6215504162697478,5,1,4
"PCTChangeLT-2,_HTGT1.5__LTGT1.5__LTGTPCTDayChange_,,,(GLOBALFUTDOWN-DOWNTRENDMARKET)checkSellConsolidationBreakDown-week2-lowNotReachedWeek3,week2BarLowChangeLT-2,weekLowLTweek2Low,chisDownTrend-Risky-nearHigh,##(Check-chart-buy):month3High-InMinus,ReversalHighMonth3,",0.3784930620514162,1,1,0
"PCTDayChangeLT0,PCDayChange-0.5to0.5,,,,chisSellSuper-Risky,--,%%:checkSell:Super0,",-2.2908366533864513,1,0,1
"PCDCGT0PCTDayChangeLT0,_LTGT1.5_,,,(SMA9GT0),",0.32307853123419883,2,2,0
"PCTChangeLT-3,,,,chisDownTrend-Risky-nearHigh,##DOWNTREND:sellYear2HighReversal(InDownTrend),##last2DayLow(LT-3)-M3LGT0,##(Check-chart-buy):month3High-InMinus,ReversalHighMonth3,",-1.8832096351328502,3,1,2
"PCTChangeGT2,,,,##(Check-chart-sell):month3Low-InPlus,NearLowMonth3,chisBuyUpTrend-nearLow,##UPTREND:buyYear2Low,",-0.16300084041479035,1,0,1
"PCTChangeLT-12,_HTGT3.0__LTGT3.0_,,,##MANegative_Downtrend_(LT-4.5),##MA-SMA200GT0SMA100LT0,",9.343380647446372,1,1,0
"PCTChangeLT-2,,,,checkCupDown-3dayDown-mayReversalBuy,(GLOBALFUTDOWN-DOWNTRENDMARKET)checkSellConsolidationBreakDown-week2-lowNotReachedWeek3,week2BarLowChangeLT0,##DOWNTREND:sellYear2HighReversal(InDownTrend),##(Check-chart-buy):YearHigh-InMinus,ReversalHighYear,",3.294366125812035,1,1,0
"PCTChangeGT1,_HTGT1.5_,,,(GLOBALFUTUP-UPTRENDMARKET)checkBuyConsolidationBreakUp-week2-highNotReachedWeek3,week2BarHighChangeGT0,brokenToday,",0.6240439570449751,2,2,0
"PCTChangeGT3,_HTGT3.0__HTGTPCTDayChange_,,,volSellVolumeUpsergedLast2n3DayDown,volBuyContinueLast2DayUp-VolUp,(GLOBALFUTUP-UPTRENDMARKET)checkBuyConsolidationBreakUp-week2-highNotReachedWeek3,week2BarHighChangeGT2,weekHighGTweek2High,brokenToday,",1.376543209876542,1,1,0
"PCTChangeLT-3,,,,weekBarLowChangeLT-2,brokenToday,##(Check-chart-buy):month3High-InMinus,ReversalHighMonth3,##(check-chart)maySell-EMA6-MT-May-LT-EMA14,",1.0706633054778,2,2,0
"PCTChangeLT-0.5,_HTGT1.5_,,,%%HLTF-Last2HighTail:(DOWNTREND)sellHighUpperTailPre,%%HLTF-LastDayUp:(DOWNTREND-OR-GLOBALDOWN)MaySellHighTail-LastDayMarketUp,",-3.8983050847457608,1,0,1
"PCTChangeGT2,_HTGT3.0__HTGTPCTDayChange_,,,##RisingMA(check-chart-sell)-MaySellCheckChart,",-0.5908795259835637,9,4,5
"PCTChangeLT-2,,,,##MANegative_Downtrend_(LT-2),##MA-SMA200LT0SMA100LT0,##DOWNTREND:sellMonth6LowBreak,",-1.5216127478342492,9,3,6
"PCTChangeGT1,_LTGT1.5_,,,$$(UPTREND-OR-GLOBALUP)MayBuy-CheckChart-baseLine(inuptrend-monthlow)-MHCLT(-10),",-2.676019373543361,2,0,2
"PCTDayChangeLT0,PCDayChange-0.5to0.5,_LTGT3.0_,,,%%HLTF-Last2DayMarketUp:(GLOBAL-DOWN)sellHighLowerTail-Reversal-LastDayMarketUp,chisBuyYearHigh-3,",6.332119015881623,1,1,0
"PCTChangeLT-1,,,,checkCupDown-near2WeekDown-mayReveresalBuy,weekBarLowChangeLT0,brokenToday,",-0.4372589833249601,1,0,1
"PCTChangeGT1,_LTGT3.0_,,,buyYearHigh-0,",0.6541316617475725,4,3,1
"PCTChangeLT-3,_HTGT1.5__LTGT1.5__HTGTPCTDayChange__LTGTPCTDayChange_,,,%%:checkSell:Super01-monthLow,",2.5533625797806434,1,1,0
"PCTChangeLT-2,_HTGT1.5_,,,chisSellFinalCandidate-(lastDayUp)-(highChange),sellFinalCandidate-00,##sellTenDaysMoreThanTen,",-3.7124102640881897,1,0,1
"PCTChangeGT2,_HTGT1.5__LTGT1.5__HTGTPCTDayChange__LTGTPCTDayChange_,,,##MAPositive_Uptrend(GT1),##MA-SMA200LT0SMA100LT0,",-2.6245472333870707,1,0,1
"PCTChangeLT-1,PCDayChange-0.5to0.5,_HTGT3.0_,,,%%:check(UPTREND-UPMARKET)Buy(DOWNTRENDTREND-DOWNMARKET)Sell:Super01-monthLow,",0.4964895397666054,1,1,0
"PCDCGT0PCTChangeLT-3,PCDayChange-0.5to0.5,_HTGT3.0__LTGT1.5_,,,%%HLTF-Last2LowTail:(DOWNTREND)sellHighLowerTailPre-1,chisBuyYearHigh-3,",-3.194028857381729,1,0,1
"PCTChangeGT16,_HTGT1.5__LTGT3.0_,,,%%HLTF-Risky:(GLOBAL-DOWN)sellHighLowerTail-Reversal-LastDayMarketUp,",-2.0872865275142316,1,0,1
"PCTChangeLT-1,_HTGT1.5__HTGTPCTDayChange_,,,brokenToday,chisDownTrend-Risky-nearHigh,",0.23967880066161296,1,1,0
"PCTChangeLT-3,year2Low,_LTGT1.5_,,,chisBuyYear2Low,BreakLowYear2,",0.03141092975799342,3,2,1
"PCTChangeLT-2,_LTGT1.5_,,,chisSellFlagWeek-Risky,##(Check-chart-buy):month3High-InMinus,ReversalHighMonth3,",0.08883235499577412,1,1,0
"PCTChangeGT0,PCDayChange-0.5to0.5,_HTGT1.5__LTGT1.5_,,,%%:checkSell:Super2,-+,%%HLTF-Last2LowTail:(DOWNTREND)sellHighLowerTailPre-1,##MANegative_Downtrend_(GT0),##MA-SMA200GT0SMA100LT0,",2.2625656299569328,1,1,0
"PCTChangeLT-2,_HTGT1.5_,,,##DOWNTREND:sellYear2HighReversal(InDownTrend),##(Check-chart-buy):YearHigh-InMinus,ReversalHighYear,",-0.19120847913567274,5,3,2
"PCDCGT0PCTDayChangeLT0,_HTGT3.0_,,,chisSellFlag2Week-doji-Risky,%%HLTF-Last2HighTail:(UPTREND)buy(DOWNTREND)sell:HighUpperTailPre-last2DayUp,",-2.7607361963190065,1,0,1
"PCTChangeGT1,PCDayChange-0.5to0.5,_LTGT3.0_,,,buyMorningStar-(checkChart),",-0.09998043871713191,4,1,3
"PCTChangeLT-2,,,,chisSellFinalCandidate-1-(lastDayUp),",0.5553980408907195,4,3,1
"PCTChangeLT-1,,,,%%:checkSell:Super01-monthLow,chisSell-smallUptrendReversal,",-0.42150105606767685,2,1,1
"PCTChangeLT-2,,,,%%:checkSell:Flag2Week,##MANegative_Downtrend_(LT-2),##MA-SMA200LT0SMA100LT0,##(Test)(Check-chart):yearLow-InMinus,",-0.5208333333333333,1,0,1
"PCDCGT0PCTDayChangeLT0,_LTGT1.5_,,,##ML:buyRisingMA-down-0,",0.0053849935644905145,2,1,1
"PCTChangeGT2,,,,zigZagVolCrossedFromDown,##UPTREND:buyYear2LowReversal(Confirm),",-0.930604025801457,1,0,1
"PCTChangeLT-3,_HTGT1.5_,,,chisDownTrend-Risky-nearHigh,##DOWNTREND:sellMonth3High(InDownTrend),##(Check-chart-buy):month3High-InMinus,NearHighMonth3,",-1.7853495439111051,1,0,1
"PCTChangeGT2,,,,##(Check-chart):year2High-InPlus,",0.3289795087222569,40,26,14
"PCTChangeGT3,,,,weekBarHighChangeGT0,brokenToday,",0.12072444222263598,79,37,42
"PCTChangeGT3,_HTGT1.5_,,,%%HLTF:(DOWNTREND-OR-GLOBALDOWN)maySellTail-tailGT2-2,3,4thDayGT0,$$MaySell-CheckChart-baseLine(inDownTrend-monthHigh)-PCTDayChangeGT0,##UPTREND:buyYearLowReversal(Confirm),",-1.1092922856898941,1,0,1
"PCTChangeLT-3,_LTGT1.5_,,,chisDownTrend-Risky-nearHigh,zigZagVolCrossedFromUp,##(Check-chart-buy):month3High-InMinus,ReversalHighMonth3,",1.0466474386664177,4,3,1
"PCTChangeLT-3,_HTGT1.5_,,,weekBarLowChangeLT-2,brokenToday,##MANegative_Downtrend_(LT-2),##MA-SMA200LT0SMA100LT0,",-0.5820180480656847,1,0,1
"PCTChangeGT3,,,,##(Check-chart-sell):month3Low-InPlus,ReversalLowMonth3,chisUpTrend-Risky-nearLow,volumeUpsergedLast2n3n4DayDown,(GLOBALFUTUP-UPTRENDMARKET)checkBuyConsolidationBreakUp-week2-highNotReachedWeek3,week2BarHighChangeGT0,brokenToday,chis-breakoutup-2week,chisSell-2week-breakoutup,##(check-chart)mayBuy-EMA6-LT-May-MT-EMA14,##UPTREND:buyMonth3LowReversal(Confirm),",2.1800461998100737,1,1,0
"PCTChangeLT-3,,,,chisSellDayLowVolLow-03-checkMorningTrend(.5SL),",-0.6654299837226391,3,1,2
"PCTChangeLT-2,_HTGT1.5__LTGT3.0__LTGTPCTDayChange_,,,##MANegative_Downtrend_(LT-2),##MA-SMA200LT0SMA100LT0,",3.010189194285414,2,2,0
"PCTChangeGT3,,,,chisSellFinalContinue-(lastDayDown)-1,buyFinal,",-0.8515706963518738,2,0,2
"PCTChangeLT-1,_HTGT1.5_,,,%%HLTF:(UPTREND-MorningTrend-UP)mayBuyTail-highTailGT2-7,10thDayGT10-Last2DayStockDown,sellFinal,",0.5691091430275771,1,1,0
"PCTChangeGT2,PCDayChange-0.5to0.5,_LTGT1.5_,,,%%:checkBuyContinue:CupDownDoji,",0.34313078460625784,1,1,0
"PCTChangeLT-3,_HTGT1.5__LTGT1.5_,,,##MANegative_Downtrend_(LT-2),##MA-SMA200LT0SMA100LT0,",-2.9771089763543754,13,4,9
"PCTChangeLT-3,,,,checkCupDown-inDownTrend-month3HighLTmonth3Low,bar_low,chisDownTrend-Risky-nearHigh,##(Check-chart-buy):month3High-InMinus,NearHighMonth3,",-1.1532816251605627,1,0,1
"PCTChangeLT-1,_HTGT1.5__LTGT1.5_,,,weekBarLowChangeLT0,chisDownTrend-Risky-nearHigh,##(Check-chart-buy):month3High-InMinus,ReversalHighMonth3,",1.186358725536428,1,1,0
"PCTChangeGT1,_HTGT1.5__HTGTPCTDayChange_,,,%%HLTF-Last2HighTail:(UPTREND)buy(DOWNTREND)sell:HighUpperTailPre-last2DayUp,##(Check-chart-sell):month3Low-InPlus,ReversalLowMonth3,chisUpTrend-Risky-nearLow,##(Test)buyBottomReversal-1,",0.16326281489158273,1,1,0
"PCTChangeGT1,year2High,,,,shortUpTrendSellReversal-MonthHigh,shortUpTrendSellReversal-Month3High-Doji-Last2DayGTToday,",-0.3755235535571792,1,0,1
"PCTChangeGT3,_HTGT3.0__HTGTPCTDayChange_,,,##RisingMA(check-chart-sell)-MaySellCheckChart,",-3.2577799479166787,1,0,1
"PCTChangeGT2,,,,volumeUpsergedLast2n3n4DayDown,volBuyContinueLast2DayUp-VolUp,weekBarHighChangeGT0,brokenToday,",-1.4790518952741822,1,0,1
"PCTChangeLT-3,_HTGT1.5__HTGTPCTDayChange_,,,##MAPositive_Uptrend(LT-2),##MA-SMA200GT0SMA100GT0,",-2.234805759653204,2,0,2
"PCTChangeGT3,,,,volBuyContinueLast2DayUp-VolUp,chisCheckConsolidationBreakoutGT(4.5),",-2.5964297548997446,1,0,1
"PCTChangeGT3,_HTGT1.5__LTGT1.5_,,,##MANegative_Downtrend_(GT2),##MA-SMA200LT0SMA100LT0,VOL:sell-DownVol-3dayUp-Week2Low,##lastDayHighGT5TodayGT1,",-2.406848822283445,1,0,1
"PCTChangeGT3,,,,chisUpTrend-Risky-nearLow,week2BarHighChangeGT2,weekHighGTweek2High,##UPTREND:buyMonth3LowReversal(Confirm),",-0.7569549912059823,2,1,1
"PCTChangeGT3,_HTGT3.0__LTGT1.5__HTGTPCTDayChange_,,,##buyTenDaysLessThanMinusTen,",1.8069661585738594,1,1,0
"PCTChangeGT3,,,,chisCheckConsolidationBreakoutLT(4.5),(GLOBALFUTUP-UPTRENDMARKET)checkBuyConsolidationBreakUp-week2-highNotReachedWeek3,week2BarHighChangeGT0,brokenToday,##(check-chart)mayBuy-EMA6-LT-May-MT-EMA14,",-1.1255510024308546,1,0,1
"PCDCLT0PCTChangeGT0,_HTGT1.5__HTGTPCTDayChange__LTGTPCTDayChange_,,,chisSell-smallUptrendReversal,",0.7696536091736422,2,1,1
"PCTChangeLT-3,,,,volSellContinueLast2DayDown-VolUp,(GLOBALFUTDOWN-DOWNTRENDMARKET)checkSellConsolidationBreakDown-week2-lowNotReachedWeek3,week2BarLowChangeLT-2,weekLowLTweek2Low,chisDownTrend-Risky-nearHigh,##(Check-chart-buy):YearHigh-InMinus,ReversalHighYear,",1.7560698946938254,1,1,0
"PCTChangeGT0.5,_LTGT1.5_,,,##MA-SMA200LT0SMA100GT0,",-0.8210060860650743,2,0,2
"PCTChangeLT-3,,,,volSellContinueLast2DayDown-VolUp,(GLOBALFUTDOWN-DOWNTRENDMARKET)checkSellConsolidationBreakDown-week2-lowNotReachedWeek3,week2BarLowChangeLT-2,chisDownTrend-Risky-nearHigh,##(Check-chart-buy):YearHigh-InMinus,ReversalHighYear,",-0.6290083621928139,1,0,1
"PCTChangeGT0.5,_LTGT1.5_,,,##MA-SMA200LT0SMA100LT0,",3.730510423468757,1,1,0
"PCTChangeGT0,PCDayChange-0.5to0.5,,,,chisBuyYearHigh-1,",-0.09794563777744181,29,15,14
"PCTChangeGT5,year2High,_HTGT1.5_,,,%%HLTF-Last2HighTail:(UPTREND)buy(DOWNTREND)sell:HighUpperTailPre-last2DayUp,weekBarHighChangeGT2,brokenToday,",-1.9931051320043032,1,0,1
"PCTChangeGT5,_HTGT1.5_,,,chisBuyUpTrend-nearLow,##UPTREND:buyYear2Low,",-2.062874303105793,1,0,1
"PCTChangeLT-1,_HTGT1.5__HTGTPCTDayChange_,,,%%:checkSell:Super01-monthLow,%%HLTF:maySellTail-tailGT2-7,10thDayGT0,",-0.49019201187410516,1,0,1
"PCTChangeGT2,,,,chisBuyConsolidationBreakUp-2week-(Risky)-year2High,week2BarHighChangeGT0,weekHighGTweek2High,",-0.33855527852554834,5,1,4
"PCTChangeLT-3,,,,chisSellDownTrend-nearHigh,##(Check-chart-buy):month3High-InMinus,BreakHighMonth3,",-0.5735255202324854,14,7,7
"PCTChangeLT-3,,,,volSellContinueLast2DayDown-VolUp,chisDownTrend-Risky-nearHigh,##(Check-chart-buy):YearHigh-InMinus,ReversalHighYear,",-1.96121499142253,2,0,2
"PCTChangeGT3,year2High,,,,chisCheckConsolidationBreakout2WeekLT(4.5),",0.8624337187767072,5,3,2
"PCTChangeGT5,_LTGT3.0_,,,chisUpTrend-Risky-nearLow,",-1.3484885475852273,1,0,1
"PCTChangeLT-3,,,,volBuyVolumeUpsergedLast2n3DayUp,weekBarLowChangeLT-2,##last2DayLow(LT-3)-M3LGT0,",0.17500305175782102,1,1,0
"PCTDayChangeLT0,_LTGT1.5_,,,chisSell:Super03-monthLow,",0.273545744033267,13,7,6
"PCDCLT0PCTChangeGT0,PCDayChange-0.5to0.5,_HTGT1.5_,,,%%HLTF-Last2HighTail:(DOWNTREND)sellHighUpperTailPre,%%HLTF-LastDayUp:(DOWNTREND-OR-GLOBALDOWN)MaySellHighTail-LastDayMarketUp,%%HLTF:(UPTREND-MorningTrend-UP)mayBuyTail-highTailGT2-7,10thDayGT10-Last2DayStockDown,",-4.625151148730348,1,0,1
"PCTChangeLT-3,_LTGT1.5_,,,(GLOBALFUTDOWN-DOWNTRENDMARKET)checkSellConsolidationBreakDown-week2-lowNotReachedWeek3,week2BarLowChangeLT0,##DOWNTREND:sellYearHighReversal(InDownTrend),##(Check-chart-buy):month3High-InMinus,ReversalHighMonth3,",2.19478880600707,1,1,0
"PCTChangeLT-3,,,,volBuyReversalLast2DayDown-VolDown,##MAPositive_Uptrend(LT-2),##MA-SMA200LT0SMA100LT0,",0.3835599716395538,1,1,0
"PCTChangeGT1,_HTGT3.0__LTGT3.0_,,,##MA-SMA200LT0SMA100LT0,",-3.024914439336375,2,1,1
"PCTChangeLT-1,_HTGT1.5__LTGT1.5__HTGTPCTDayChange__LTGTPCTDayChange_,,,(GLOBALFUTDOWN-DOWNTRENDMARKET)checkSellConsolidationBreakDown-week2-lowNotReachedWeek3,week2BarLowChangeLT0,chisDownTrend-Risky-nearHigh,",-1.8452045851546446,1,0,1
"PCTChangeLT-2,_LTGT1.5_,,,(GLOBALFUTDOWN-DOWNTRENDMARKET)checkSellConsolidationBreakDown-week2-lowNotReachedWeek3,week2BarLowChangeLT0,##DOWNTREND:sellYear2HighReversal(InDownTrend),##(Check-chart-buy):month3High-InMinus,ReversalHighMonth3,",-2.614412997327629,2,0,2
"PCTChangeLT-12,year2Low,_LTGT1.5_,,,chisBuyDayLowVolLow-01,",-3.8831414459994322,1,0,1
"PCTChangeLT-2,year2High,,,,checkCupDown-inDownTrend-month3HighLTmonth3Low,bar_low,##sellTenDaysMoreThanTen,",-2.335872863981479,1,0,1
"PCTChangeLT-3,_LTGT1.5_,,,(SMA9GT0),##last2DayLow(LT-3)-M3LGT0,",4.640014282974305,1,1,0
"PCTChangeGT0,PCDayChange-0.5to0.5,_LTGT3.0_,,,%%HLTF:(SGXNIFTYUP)buyHighLowerTail-Continue,chisBuyYearHigh-3,",-7.408366525314946,2,0,2
"PCTChangeLT-3,_LTGT1.5_,,,%%HLTF:(GLOBAL-DOWN)sellHighLowerTail-Reversal-LastDayMarketUp,##ML:buyRisingMA-down-0,",2.4761866009424596,1,1,0
"PCDCGT0PCTDayChangeLT0,year2High,_HTGT1.5__HTGTPCTDayChange_,,,%%HLTF-Last2HighTail:(UPTREND)buy(DOWNTREND)sell:HighUpperTailPre-last2DayUp,%%HLTF-Risky9:30:maySellTail-tailGT2-7,10thDayGT15,",-1.218098316491401,1,0,1
"PCTChangeLT-0.5,_LTGT1.5_,,,%%HLTF:(GLOBAL-UP)buyHighLowerTail-StockInUptrend,(Test)(check-chart-2-3MidCapCross)MayBuyCheckChart-Risky,",-2.512486506979906,1,0,1
"PCTChangeGT3,_HTGT1.5_,,,chis-breakoutup-2week,chisBuy-2week-breakoutup,",-0.29583262340151867,2,1,1
"PCTChangeLT-1,PCDayChange-0.5to0.5,_LTGT1.5_,,,(SMA9LT0),",0.07229526915819122,3,1,2
"PCTChangeGT8,,,,chisUpTrend-Risky-nearLow,volumeUpsergedLast2n3n4DayDown,",-1.3958999476666858,2,1,1
"PCTChangeLT-2,,,,volSellContinueLast2DayDown-VolUp,##longDownTrend-1-IndexNotDownLastDay(checkBase),",1.6286644951140052,1,1,0
"PCTChangeGT1,_HTGT1.5__HTGTPCTDayChange_,,,(Test)(check-chart-2-3MidCapCross)MaySellCheckChart-Risky,chisBuyYearHigh-3,",-1.4764310106365746,1,0,1
"PCTChangeGT2,_LTGT1.5_,,,##MANegative_Downtrend_(GT2),##MA-SMA200GT0SMA100LT0,",-0.8698581989319409,1,0,1
"PCTChangeLT-2,,,,VOL:buy-DownVol-3dayDown-Week2High,sellFinal,##(Check-chart-buy):month3High-InMinus,NearHighMonth3,",0.6617406820413678,1,1,0
"PCTChangeLT-3,year2High,_HTGT1.5_,,,volumeUpsergedLast2n3n4DayUp,volSellContinueLast2DayDown-VolUp,",-3.3112103906228736,1,0,1
"PCTChangeLT-1,,,,%%checkCupDown-2dayDown-continue,",-0.17980768802156682,5,2,3
"PCTChangeGT3,_LTGT1.5_,,,(GLOBALFUTUP-UPTRENDMARKET)checkBuyConsolidationBreakUp-week2-highNotReachedWeek3,week2BarHighChangeGT2,weekHighGTweek2High,##last2DayHighGT3-M3HLT0,",-4.132288295548346,1,0,1
"PCTChangeLT-3,,,,##MANegative_Downtrend_(LT-4.5),##MA-SMA200LT0SMA100LT0,chisSellDayLowVolLow-01,",2.7534401218412303,1,1,0
"PCTChangeLT-3,_HTGT1.5_,,,weekBarLowChangeLT-2,brokenToday,",-1.9236276633918787,6,1,5
"PCTChangeLT-1,year2High,_HTGT3.0__HTGTPCTDayChange_,,,%%HLTF-Risky9:30:maySellTail-tailGT2-7,10thDayGT15,",-1.5289698310806432,3,0,3
"PCTChangeGT3,_LTGT3.0_,,,volumeUpsergedLast2n3n4DayDown,volBuyContinueLast2DayUp-VolUp,##buyTenDaysLessThanMinusTen,",-0.033717498805688535,1,0,1
"PCTChangeGT12,_HTGT1.5_,,,chisSellYear2LowLT-40-last3DayDown(triggerAfter-9:15),",-2.2388059701492535,1,0,1
"PCTChangeGT1,,,,chisUpTrend-Risky-nearLow,weekBarHighChangeGT0,brokenToday,##ML:sellRisingMAuptrend-1,##UPTREND:buyYearLowReversal(Confirm),",3.2755921611433334,1,1,0
"PCTChangeLT-2,,,,checkCupDown-3dayDown,##sellRisingMA,",1.3025531595812874,1,1,0
"PCDCGT0PCTChangeLT-1,_LTGT1.5_,,,%%:checkSell:CupDownDoji,",-2.7147766323024056,1,0,1
"PCTChangeLT-5,,,,volBuyReversalLast2DayDown-VolUp,##last2DayLow(LT-3)-M3LGT0,",-3.9000278242551008,1,0,1
"PCTChangeGT1,PCDayChange-0.5to0.5,,,,%%:checkSell:Super2,-+,%%:sellDowntrend-lastDayUp-ReversalHighTail,chisSellDowningMA-(check5MinuteDownTrendAndSellDowntrend)-Already10DayDown,",-1.1843856734068705,1,0,1
"PCTChangeGT2,year2High,,,,shortUpTrendSellReversal-MonthHigh,weekBarHighChangeGT2,brokenToday,",2.0028486550703395,1,1,0
"PCTChangeGT3,_LTGT3.0_,,,##MANegative_Downtrend_(GT4.5),##MA-SMA200LT0SMA100LT0,",0.9516152002478049,1,1,0
"PCTChangeLT-3,,,,chisSellFinalCandidate-(lastDayUp),sellFinal,##(Check-chart-buy):month3High-InMinus,NearHighMonth3,",3.606557377049181,1,1,0
"PCDCLT0PCTChangeGT0,PCDayChange-0.5to0.5,_HTGT3.0_,,,##MANegative_Downtrend_(LT0),##MA-SMA200LT0SMA100LT0,",1.7828886785445104,1,1,0
"PCTChangeLT-3,,,,volBuyReversalLast2DayDown-VolDown,##(Check-chart-buy):month3High-InMinus,BreakHighMonth3,",0.2979954245802694,2,1,1
"PCTChangeGT1,,,,mayBuyFromSellPattern-GT1.8,",11.416418873879087,2,2,0
"PCTChangeLT-5,,,,##DOWNTREND:sellYearHigh(InDownTrend),",3.0641796672813135,1,1,0
"PCTChangeLT-3,,,,VOL:buy-UpVol-3dayDown-Week2Low,##MANegative_Downtrend_(LT-2),##MA-SMA200LT0SMA100LT0,##last2DayLow(LT-3)-M3LLT0,",-1.427861146771523,1,0,1
"PCTChangeGT2,_HTGT1.5_,,,chisBuyUpTrend-1-YearHigh,",1.4342116812285666,2,2,0
"PCTChangeGT1,_HTGT1.5__LTGT1.5_,,,shortUpTrendSellReversal-MonthHigh,chisBuyYearHigh-3,",-2.6730710667654574,1,0,1
"PCTChangeGT3,_LTGT3.0_,,,##MANegative_Downtrend_(GT2),##MA-SMA200LT0SMA100LT0,buyPatternsML,",4.511782456728746,1,1,0
"PCTChangeLT-2,_HTGT1.5_,,,checkCupDown-3dayDown-mayReversalBuy,chisBuyMay5DayFloorReversal,",-0.4927571614583367,1,0,1
"PCDCGT0PCTDayChangeLT0,_HTGT1.5_,,,$$MaySell-CheckChart-baseLine(inDownTrend-monthHigh)-MLCGT10,",2.7430436477182423,1,1,0
"PCTChangeGT3,_HTGT1.5__HTGTPCTDayChange_,,,zigZagVolCrossedFromDown,",1.6209088101852407,2,2,0
"PCTChangeGT3,,,,volBuyContinueLast2DayUp-VolUp,(GLOBALFUTUP-UPTRENDMARKET)checkBuyConsolidationBreakUp-week2-highNotReachedWeek3,week2BarHighChangeGT2,brokenToday,chis-breakoutup-2week,chisSell-2week-breakoutup,",-3.244922071493893,1,0,1
"PCTChangeGT3,,,,chisSellDayHighVolLow-01-checkMorningTrend(.5SL),volSellReversalLast2DayUp-VolDown,",0.43384643195704214,1,1,0
"PCTChangeLT-2,_HTGT1.5_,,,##(Check-chart-buy):month3High-InMinus,ReversalHighMonth3,",-0.675719753453309,18,9,9
"PCTChangeGT5,year2High,_HTGT3.0_,,,VOL:buyBelowTail-SellAtClose:upVol3dayUpWeek2High-highUpperTail,##last2DayHighGT3-M3HGT0,",-1.187350243538089,3,0,3
"PCTChangeLT-3,_HTGT1.5_,,,checkCupDown-mayReversalBuy,##ML:buyRisingMA-down-Risky,",1.6546018614270968,1,1,0
"PCDCLT0PCTChangeGT1,_LTGT3.0_,,,##MA-SMA200LT0SMA100LT0,",1.4762875152146397,4,3,1
"PCTDayChangeLT0,PCDayChange-0.5to0.5,_HTGT1.5__LTGT1.5_,,,%%HLTF-LastDayUp:(DOWNTREND-OR-GLOBALDOWN)MaySellHighTail-LastDayMarketUp,##(Test)buyBottomReversal-0,",1.1948067801339282,1,1,0
"PCTChangeGT0.5,_HTGT1.5__LTGT1.5_,,,chisSellDowningMA-(check5MinuteDownTrendAndSellDowntrend)-Already10DayDown,",0.5387562746561898,5,3,2
"PCTChangeGT2,,,,chisCheckConsolidationBreakoutLT(4.5),checkBuyConsolidationBreakUp-2week,week2BarHighChangeGT2,weekHighGTweek2High,",1.3612059459714858,6,3,3
"PCTChangeGT0,PCDayChange-0.5to0.5,,,,buyPatternsML,buyPattern-GT1.5-SMAGT0,(SMA9GT0),",1.3694117880578975,3,3,0
"PCTChangeLT-5,,,,chisSellConsolidationBreakDown-forecastDayPCT7LT0,",0.2764006259024441,1,1,0
"PCTChangeLT-8,,,,volBuyReversalLast2DayDown-VolDown,##MANegative_Downtrend_(LT-4.5),##MA-SMA200LT0SMA100LT0,",-0.8703516946166744,1,0,1
"PCTDayChangeLT0,PCDayChange-0.5to0.5,year2Low,_LTGT3.0_,,,buyMorningStar-HighLowerTail-(checkChart),",0.39291777254095867,1,1,0
"PCTChangeGT3,_HTGT1.5_,,,chisCheckConsolidationBreakout2WeekLT(4.5),##MAPositive_Uptrend(GT2),##MA-SMA200GT0SMA100GT0,",0.07176741458582536,1,1,0
"PCTChangeGT8,_LTGT1.5_,,,volBuyContinueLast2DayUp-VolUp,##MAPositive_Uptrend(GT4.5),##MA-SMA200GT0SMA100GT0,",3.6117400249100595,1,1,0
"PCTChangeLT-2,,,,checkCupDown-month3HighLTmonth3Low,bar_low,chisDownTrend-Risky-nearHigh,##(Check-chart-buy):month3High-InMinus,ReversalHighMonth3,",-0.1475324142110312,9,4,5
"PCTChangeGT0,PCDayChange-0.5to0.5,_LTGT1.5_,,,chisSellFlagWeek-doji-Risky,",-0.9990214625249211,5,0,5
"PCTChangeLT-3,,,,(GLOBALFUTDOWN-DOWNTRENDMARKET)checkSellConsolidationBreakDown-week2-lowNotReachedWeek3,week2BarLowChangeLT0,chisDownTrend-Risky-nearHigh,##ML:BuyRisingMA-Risky-0,",-4.438644378077332,1,0,1
"PCTChangeGT0,year2High,,,,MaySellCheckChart-(|_|`|),",-0.08900552702767699,3,1,2
"PCTChangeLT-3,,,,(GLOBALFUTDOWN-DOWNTRENDMARKET)checkSellConsolidationBreakDown-week2-lowNotReachedWeek3,week2BarLowChangeLT0,weekLowLTweek2Low,chisDownTrend-Risky-nearHigh,##(Check-chart-buy):month3High-InMinus,ReversalHighMonth3,",0.820009426705922,9,6,3
"PCTChangeLT-2,,,,sellPatternsML,sellPatterns-LT-1.5-SMALT0,(SMA9LT0),chisDownTrend-Risky-nearHigh,##(Check-chart-buy):month3High-InMinus,ReversalHighMonth3,",-5.968745065231101,1,0,1
"PCTChangeLT-5,,,,chisBuyMay5DayFloorReversal,##(Test)(Check-chart):year2Low-InMinus,",-2.2996058279753107,1,0,1
"PCTChangeGT5,,,,volBuyContinueLast2DayUp-VolUp,weekBarHighChangeGT5,",-0.10368581643531538,3,1,2
"PCTChangeGT1,_HTGT1.5_,,,%%HLTF:(DOWNTREND-OR-GLOBALDOWN)maySellTail-tailGT2-2,3,4thDayGT0,(GLOBALFUTUP-UPTRENDMARKET)checkBuyConsolidationBreakUp-week2-highNotReachedWeek3,week2BarHighChangeGT0,brokenToday,",-0.04545731977984036,1,0,1
"PCTChangeGT5,,,,chisUpTrend-Risky-nearLow,chisBuyYearLow1,",-0.11807480416242781,1,0,1
"PCTChangeGT3,,,,chisBuyUpTrend-nearLow,##UPTREND:buyMonth6LowReversal(Confirm),",0.9090909090909082,1,1,0
"PCTDayChangeLT0,_HTGT1.5__HTGTPCTDayChange_,,,chisSell-smallUptrendReversal,%%HLTF:maySellTail-tailGT2-7,10thDayGT20,",-2.11805767483181,1,0,1
"PCTChangeGT1,_HTGT1.5__LTGT1.5_,,,%%HLTF-Last2HighTail:(UPTREND)buy(DOWNTREND)sell:HighUpperTailPre-last2DayUp,",-1.3480773740220486,4,1,3
"PCDCLT0PCTChangeGT0,_LTGT1.5_,,,buyMorningStar-(checkChart),",0.47473344975987936,2,1,1
"PCTChangeGT5,year2High,_HTGT1.5__LTGT1.5_,,,##last2DayHighGT3-M3HGT0,",-1.5615833632565599,3,1,2
"PCTChangeLT-3,_LTGT1.5_,,,##MAPositive_Uptrend(LT-4.5),##MA-SMA200LT0SMA100LT0,",11.586209001212284,1,1,0
"PCTChangeLT-2,,,,checkCupDown-near2WeekDown-mayReveresalBuy,(GLOBALFUTDOWN-DOWNTRENDMARKET)checkSellConsolidationBreakDown-week2-lowNotReachedWeek3,week2BarLowChangeLT0,chisDownTrend-Risky-nearHigh,##DOWNTREND:sellYear2HighReversal(InDownTrend),##(Check-chart-buy):YearHigh-InMinus,ReversalHighYear,",-2.2566484331518555,1,0,1
"PCTChangeGT5,_HTGT1.5_,,,(GLOBALFUTUP-UPTRENDMARKET)checkBuyConsolidationBreakUp-week2-highNotReachedWeek3,week2BarHighChangeGT2,##last2DayHighGT3-M3HLT0,",-1.8562948717350845,1,0,1
"PCTChangeLT-2,_HTGT1.5_,,,chisDownTrend-Risky-nearHigh,##(Check-chart-buy):month6High-InMinus,ReversalHighMonth6,",-2.1604178887860943,1,0,1
"PCTChangeLT-3,_HTGT1.5_,,,##MA-SMA200GT0SMA100LT0,",1.3802161583533672,1,1,0
"PCTChangeLT-5,_LTGT1.5_,,,%%:checkSell:FlagWeek,##MANegative_Downtrend_(LT-4.5),##MA-SMA200LT0SMA100LT0,##last2DayLow(LT-3)-M3LGT0,",-0.9708713293337482,1,0,1
"PCDCGT0PCTChangeLT-1,_HTGT1.5__LTGT3.0__HTGTPCTDayChange__LTGTPCTDayChange_,,,%%HLTF-Last2LowTail:(DOWNTREND)sellHighLowerTailPre-1,",0.48084927905078423,9,5,4
"PCTChangeGT3,,,,##(Check-chart-sell):month3Low-InPlus,ReversalLowMonth3,chisUpTrend-Risky-nearLow,volSellVolumeUpsergedLast2n3DayDown,volBuyContinueLast2DayUp-VolUp,",-3.589024388910274,1,0,1
"PCTChangeLT-2,_HTGT3.0__HTGTPCTDayChange_,,,%%HLTF:maySellTail-tailGT2-allDayGT0,##sellTenDaysMoreThanTen,##MA-SMA200GT0SMA100GT0,",3.4545482288707277,1,1,0
"PCTChangeLT-2,_LTGT1.5_,,,%%checkCupDown-2dayDown-continue,chisDownTrend-Risky-nearHigh,##(Check-chart-buy):month3High-InMinus,ReversalHighMonth3,",-2.9196704357765424,1,0,1
"PCTChangeGT2,,,,chisBuyUpTrend-1-YearHigh,",0.37774630989784774,9,5,4
"PCTChangeLT-8,,,,maySellHighVolatileDownContinueLT-8,volSellContinueLast2DayDown-VolUp,chisDownTrend-Risky-nearHigh,",-0.715291178199188,2,1,1
"PCTChangeGT0.5,,,,shortUpTrendSellReversal-MonthHigh,buyYearHigh-0,",-0.7522521670862121,2,0,2
"PCTDayChangeLT0,PCDayChange-0.5to0.5,,,,chisBuyYearHigh-3,",-0.04239452072502711,835,396,438
"PCTChangeGT3,_HTGT1.5_,,,VOL:sell-UpVol-3dayUp-Week2High,##MAPositive_Uptrend(GT4.5),##MA-SMA200GT0SMA100GT0,",-1.4427830330767943,1,0,1
"PCTChangeGT3,,,,volumeUpsergedLast2n3n4DayDown,chis-breakoutup-2week,##lastDayHighGT5TodayGT1,",4.078082801960797,1,1,0
"PCDCLT0PCTChangeGT0,year2Low,_HTGT1.5_,,,%%HLTF-LastDayUp:(DOWNTREND-OR-GLOBALDOWN)MaySellHighTail-LastDayMarketUp,",-3.783335367838542,1,0,1
"PCTChangeLT-3,,,,volumeUpsergedLast2n3n4DayUp,(GLOBALFUTDOWN-DOWNTRENDMARKET)checkSellConsolidationBreakDown-week2-lowNotReachedWeek3,week2BarLowChangeLT0,weekLowLTweek2Low,",-0.2920952965249263,2,1,1
"PCTChangeLT-2,,,,checkSellConsolidationBreakDown-2week-(Risky)-year2Low,week2BarLowChangeLT-2,weekLowLTweek2Low,brokenToday,",-1.212281217269965,1,0,1
"PCTChangeLT-1,,,,##MANegative_Downtrend_(LT-1),##MA-SMA200LT0SMA100LT0,sellPattern-LT-1.5-SMALT0,(SMA9LT0),maySellFromBuyPattern-LT-1.8,",3.215932656094382,1,1,0
"PCTChangeGT3,year2Low,_HTGT3.0__LTGT3.0_,,,volBuyVolumeUpsergedLast2n3DayDown,chisBuyDownTrend-highTail,",0.8385696117062134,1,1,0
"PCTChangeLT-5,,,,chisSellFlagWeek-Risky,volBuyReversalLast2DayDown-VolDown,chisDownTrend-Risky-nearHigh,",2.5464448871844785,1,1,0
"PCTChangeLT-1,_LTGT3.0_,,,(SMA9LT0),",-4.414762411206526,1,0,1
"PCTChangeGT2,,,,##(Check-chart-sell):month3Low-InPlus,ReversalLowMonth3,VOL:buy-DownVol-3dayUp-Week2Low,##UPTREND:buyMonth3LowReversal(Confirm),",-1.35746606334842,1,0,1
"PCTChangeGT0,,,,chisSellSuper-Risky,-+,",0.33557046979865496,1,1,0
"PCTChangeLT-1,year2Low,,,,chisBuyYear2Low,BreakLowYear2,",-0.7200674933942547,1,0,1
"PCTChangeLT-2,,,,##DOWNTREND:sellYearHighReversal(InDownTrend),",-4.525001525878906,1,0,1
"PCTChangeLT-3,PCDayChange-0.5to0.5,_HTGT3.0_,,,%%:checkSell:CupDownDoji-lastDayLT(-2)TodayDoji,%%HLTF-Last2HighTail:(DOWNTREND)sell(UPTREND)buy:HighUpperTailPre,",-5.256410256410258,1,0,1
"PCTChangeLT-3,_HTGT1.5_,,,%%:checkSell:Super0,vol-buy-DownVol-3dayDown-Week2Low,##MANegative_Downtrend_(LT-2),##MA-SMA200GT0SMA100LT0,",0.3149884410957468,1,1,0
"PCTChangeLT-1,_HTGT3.0__HTGTPCTDayChange_,,,%%HLTF:maySellTail-tailGT2-7,10thDayGT20,",-0.4485070111347524,1,0,1
"PCTChangeLT-5,_LTGT1.5_,,,checkCupDown-near2WeekDown-mayReveresalBuy,",1.7170116846059909,1,1,0
"PCTChangeGT3,_HTGT1.5_,,,%%HLTF-Last2HighTail:(UPTREND)buy(DOWNTREND)sell:HighUpperTailPre-last2DayUp,volSellVolumeUpsergedLast2n3DayDown,##MAPositive_Uptrend(GT2),##MA-SMA200GT0SMA100GT0,##last2DayHighGT3-M3HGT0,",-1.181105774730677,1,0,1
"PCTChangeGT1,_HTGT1.5__LTGT3.0__LTGTPCTDayChange_,,,%%HLTF-Last2LowTail:(DOWNTREND)sellHighLowerTailPre-1,##MANegative_Downtrend_(GT1),##MA-SMA200LT0SMA100LT0,",0.0984670926406448,2,1,1
"PCTChangeLT-3,_HTGT1.5_,,,$$(UPTREND-OR-GLOBALUP)$$MayBuyContinue-CheckChart-baseLine(inDownTrend-monthHigh)-PCTDayChangeLT(-2),volSellContinueLast2DayDown-VolUp,##ML:buyRisingMA-down-0,",0.12376453982447368,1,1,0
"PCTDayChangeLT0,PCDayChange-0.5to0.5,_LTGT1.5_,,,chisBuyYearHigh-1,",0.04081918139461287,13,5,8
"PCTChangeGT5,_LTGT3.0_,,,##MAPositive_Uptrend(GT2),##MA-SMA200GT0SMA100GT0,",2.3878244253305176,1,1,0
"PCTChangeGT1,PCDayChange-0.5to0.5,_LTGT3.0_,,,%%HLTF:(SGXNIFTYUP)buyHighLowerTail-Continue,chisBuyYearHigh-3,",3.2990881176361815,2,1,1
"PCTChangeLT-3,,,,(GLOBALFUTDOWN-DOWNTRENDMARKET)checkSellConsolidationBreakDown-week2-lowNotReachedWeek3,week2BarLowChangeLT-5,weekLowLTweek2Low,",-2.1165386101115398,4,2,2
"PCTChangeGT3,,,,chisUpTrend-Risky-nearLow,##lastDayHighGT5TodayGT1,",-1.249997051441727,1,0,1
"PCTChangeLT-1,_LTGT3.0_,,,chisDownTrend-Risky-nearHigh,##(Check-chart-buy):month6High-InMinus,ReversalHighMonth6,",-0.15815118765385255,1,0,1
"PCTChangeLT-3,_HTGT1.5__LTGT3.0__LTGTPCTDayChange_,,,##MANegative_Downtrend_(LT-2),##MA-SMA200LT0SMA100LT0,##DOWNTREND:sellMonth6LowBreak,##last2DayLow(LT-3)-M3LLT0,",0.23195718981554816,1,1,0
"PCTChangeLT-1,year2Low,_LTGT1.5_,,,(Test)MayBuyCheckChart-last3DayDown,MayBuyCheckChart-(IndexNotUpInSecondHalf),$$MayBuy-CheckChart(downTrend-mayReverseLast4DaysDown)-Risky,",-0.9784055182866205,1,0,1
"PCTDayChangeLT0,_LTGT3.0_,,,%%:checkSell:CupDownDoji-lastDayLT(-2)TodayDoji,%%HLTF:(GLOBAL-DOWN)sellHighLowerTail-Reversal-LastDayMarketUp,",-1.3125157039952846,1,0,1
"PCTChangeLT-5,_LTGT1.5_,,,(GLOBAL-DOWN)maySellContinueHighVolatileLastDayDOWN-(LT-5),chisDownTrend-Risky-nearHigh,",-2.0177141876442293,5,2,3
"PCTChangeGT5,,,,volumeUpsergedLast2n3n4DayDown,(GLOBALFUTUP-UPTRENDMARKET)checkBuyConsolidationBreakUp-week2-highNotReachedWeek3,week2BarHighChangeGT0,brokenToday,BuyYearLow,",-3.1590872099905325,1,0,1
"PCTChangeGT1,_HTGT1.5_,,,volBuyVolumeUpsergedLast2n3DayDown,",-2.202256162289279,9,3,6
"PCTChangeGT8,_LTGT1.5_,,,%%HLTF-Risky:(GLOBAL-DOWN)sellHighLowerTail-Reversal-LastDayMarketUp,##MAPositive_Uptrend(GT4.5),##MA-SMA200GT0SMA100GT0,##last2DayHighGT3-M3HLT0,",15.885716822240267,1,1,0
"PCTChangeLT-3,_LTGT3.0_,,,##MANegative_Downtrend_(LT-4.5),##MA-SMA200LT0SMA100LT0,##DOWNTREND:sellMonth3LowBreak,##last2DayLow(LT-3)-M3LLT0,",-1.8112566613203702,1,0,1
"PCTChangeGT3,year2Low,,,,chisSellYear2LowLT-40-last4DayDown(triggerAfter-9:15),chisBuyDownTrend-Risky-2,",0.15598065327522587,1,1,0
"PCTChangeLT-0.5,_HTGT1.5_,,,%%HLTF-Last2HighTail:(DOWNTREND)sell(UPTREND)buy:HighUpperTailPre,",-1.2689360773468437,17,4,13
"PCTChangeGT1,PCDayChange-0.5to0.5,_LTGT1.5_,,,buyPatternsML,",4.118537323090797,1,1,0
"PCDCGT0PCTDayChangeLT0,_HTGT1.5__HTGTPCTDayChange_,,,%%:sellDowntrend-lastDayUp-ReversalHighTail,",-0.5489810615402789,6,4,2
"PCTChangeGT1,_HTGT1.5_,,,(Test)MaySell-CheckChart(downTrend-lastDayUp),zigZagVolCrossedFromDown,",-1.7954545454545472,1,0,1
"PCDCLT0PCTChangeGT1,PCDayChange-0.5to0.5,_HTGT1.5__LTGT1.5_,,,##MA-SMA200LT0SMA100LT0,",-2.775841524861487,4,1,3
"PCTChangeGT16,_HTGT1.5_,,,%%HLTF-Last2HighTail:(UPTREND)buy(DOWNTREND)sell:HighUpperTailPre-last2DayUp,",-4.513156288548521,1,0,1
"PCTChangeLT-3,_HTGT1.5_,,,chisSellUpTrend-Risky-2,",-4.605974469866057,1,0,1
"PCTChangeLT-2,_HTGT1.5_,,,volBuyVolumeUpsergedLast2n3DayUp,##MANegative_Downtrend_(LT-2),##MA-SMA200GT0SMA100LT0,",1.8432940209760262,1,1,0
"PCTChangeGT2,_LTGT1.5_,,,##MAPositive_Uptrend(GT1),##MA-SMA200GT0SMA100GT0,",0.31725348924657065,3,1,2
"PCTChangeGT1,_HTGT3.0__HTGTPCTDayChange_,,,%%HLTF:(DOWNTREND-OR-GLOBALDOWN)maySellTail-tailGT2-2,3,4thDayGT0,checkBuyConsolidationBreakUp-month3HighLTMonth3Low,",-0.5499999999999925,1,0,1
"PCTChangeLT-2,,,,volSellContinueLast2DayDown-VolUp,mayBuyFromSellPattern-GT1.8,",3.291654528550915,1,1,0
"PCTChangeGT2,,,,chisBuyUpTrend-nearLow,##RisingMA(Test)(check-chart-buy)-2DayUp,##UPTREND:buyYear2LowReversal(Confirm),",-0.7748213576346885,1,0,1
"PCTDayChangeLT0,PCDayChange-0.5to0.5,_LTGT1.5_,,,(SMA9LT0),$$MayBuy-CheckChart-baseLine(inuptrend-monthlow)-PCTDayChangeLT0,",-2.8247840164750966,1,0,1
"PCTChangeLT-2,_LTGT1.5_,,,volSellContinueLast2DayDown-VolUp,(GLOBALFUTDOWN-DOWNTRENDMARKET)checkSellConsolidationBreakDown-week2-lowNotReachedWeek3,week2BarLowChangeLT0,",0.18325333355958595,3,2,1
"PCTChangeLT-2,_LTGT1.5_,,,(GLOBALFUTDOWN-DOWNTRENDMARKET)checkSellConsolidationBreakDown-week2-lowNotReachedWeek3,week2BarLowChangeLT-2,weekLowLTweek2Low,chisDownTrend-Risky-nearHigh,##DOWNTREND:sellYear2HighReversal(InDownTrend),##(Check-chart-buy):month3High-InMinus,ReversalHighMonth3,",-2.6685174620977707,1,0,1
"PCTChangeGT2,,,,##(Check-chart-sell):month3Low-InPlus,ReversalLowMonth3,chisBuyUpTrend-nearLow,chisBuyConsolidationBreakUp-forecastDayPCT7changeGT0,##UPTREND:buyMonth3LowReversal(Confirm),",-4.602741955622146,1,0,1
"PCTChangeLT-0.5,,,,volBuyReversalLast2DayDown-VolDown,(GLOBALFUTDOWN-DOWNTRENDMARKET)checkSellConsolidationBreakDown-week2-lowNotReachedWeek3,week2BarLowChangeLT0,weekLowLTweek2Low,##longDownTrend-2-IndexNotDownLastDay(checkBase),chisDownTrend-Risky-nearHigh,",-0.6991996112799492,1,0,1
"PCTChangeGT3,,,,chisUpTrend-Risky-nearLow,chisCheckConsolidationBreakoutLT(4.5),weekBarHighChangeGT2,",1.259624302756598,1,1,0
"PCTChangeGT5,,,,brokenToday,##MAPositive_Uptrend(GT2),##MA-SMA200LT0SMA100LT0,",2.5246750381846312,1,1,0
"PCDCGT0PCTChangeLT-1,_HTGT1.5__HTGTPCTDayChange_,,,##MA-SMA200LT0SMA100LT0,",-1.9230769230769158,1,0,1
"PCTChangeGT1,_HTGT1.5_,,,shortUpTrendBuyContinue-Doji-Last2DayGTToday,chisSellEveningStar-2(Check2-3MidCapCross),##MAPositive_Uptrend(GT0),##MA-SMA200GT0SMA100GT0,",-1.8984985329206272,1,0,1
"PCTChangeLT-3,,,,(GLOBALFUTDOWN-DOWNTRENDMARKET)checkSellConsolidationBreakDown-week2-lowNotReachedWeek3,week2BarLowChangeLT0,chisDownTrend-Risky-nearHigh,##DOWNTREND:sellMonth6High(InDownTrend),##(Check-chart-buy):month3High-InMinus,BreakHighMonth3,",-1.9950106421496097,1,0,1
"PCTChangeLT-3,,,,VOL:buy-DownVol-3dayDown-Week2High,chisSellDayLowVolLow-03-checkMorningTrend(.5SL),",-0.928767664756676,2,1,1
"PCTChangeGT1,_HTGT1.5_,,,(Test)(check-chart-2-3MidCapCross)MaySellCheckChart-Risky,weekBarHighChangeGT0,",1.1446886766786977,1,1,0
"PCTChangeGT2,_HTGT1.5_,,,volSellReversalLast2DayUp-VolDown,##buyTenDaysLessThanMinusTen,",4.18367346938776,1,1,0
"PCTChangeGT3,_HTGT1.5_,,,MaySellCheckChart-(IndexNotDownInSecondHalf),(GLOBALFUTUP-UPTRENDMARKET)checkBuyConsolidationBreakUp-week2,weekBarHighChangeGT0,brokenToday,",3.337435416987379,1,1,0
"PCTChangeGT0.5,,,,(GLOBALFUTUP-UPTRENDMARKET)checkBuyConsolidationBreakUp-week2-highNotReachedWeek3,week2BarHighChangeGT0,weekHighGTweek2High,",-0.11671660561576196,3,1,2
"PCTChangeLT-1,_LTGT1.5_,,,volSellContinueLast2DayDown-VolUp,",1.2516875221013557,14,9,4
"PCDCLT0PCTChangeGT0,PCDayChange-0.5to0.5,,,,mayBuyFromSellPattern-GT1.8,",0.15000050761415543,5,3,2
"PCDCGT0PCTDayChangeLT0,_HTGT1.5__HTGTPCTDayChange_,,,%%:sellDowntrend-lastDayUp-ReversalHighTail,##(Test)(check-chart)-sellSMADownTrend,",-3.019479014735362,1,0,1
"PCTChangeGT1,year2High,,,,%%:sellUpTrend-month3High,weekBarHighChangeGT0,",-0.5600463206702173,3,1,2
"PCTChangeLT-3,_HTGT1.5_,,,weekBarLowChangeLT-2,brokenToday,##(Test)(Check-chart):year2Low-InMinus,",0.4615431565504808,1,1,0
"PCTChangeGT5,_LTGT1.5_,,,weekBarHighChangeGT2,brokenToday,",0.7777793734681349,1,1,0
"PCTChangeLT-1,_LTGT1.5_,,,MayBuyCheckChart-(IndexNotUpInSecondHalf),$$MayBuy-CheckChart(monthLow-minimumLast4DayDown),",0.22890392312816027,5,2,3
"PCTChangeLT-1,_HTGT1.5__HTGTPCTDayChange_,,,##(Test):buyRisingMA-uptrend-SMA25gt0,##MAPositive_Uptrend(LT-2),##MA-SMA200LT0SMA100LT0,",-0.8206913389008517,1,0,1
"PCTChangeGT0.5,,,,(SMA9GT0),mayBuyFromSellPattern-GT1.8,week2BarHighChangeGT0,weekHighGTweek2High,",4.305435244508375,1,1,0
"PCTChangeGT8,_HTGT3.0__LTGT3.0__HTGTPCTDayChange__LTGTPCTDayChange_,,,VOL:buyBelowTail-SellAtClose:upVol3dayUpWeek2High-highUpperTail,##MAPositive_Uptrend(GT4.5),##MA-SMA200GT0SMA100GT0,",14.140850721018547,1,1,0
"PCDCGT0PCTChangeLT-3,PCDayChange-0.5to0.5,_LTGT3.0_,,,##MA-SMA200LT0SMA100GT0,",-0.08474446959414707,1,0,1
"PCTChangeLT-3,_HTGT1.5_,,,%%checkCupDown-2dayDown-continue,chisDownTrend-Risky-nearHigh,##DOWNTREND:sellYear2HighReversal(InDownTrend),##last2DayLow(LT-3)-M3LGT0,##(Check-chart-buy):month3High-InMinus,ReversalHighMonth3,",-4.398527114756451,1,0,1
"PCTChangeGT1,,,,volSellVolumeUpsergedLast2n3DayDown,week2BarHighChangeGT0,brokenToday,",-0.2061891626012521,1,0,1
"PCTChangeLT-1,year2Low,_LTGT1.5_,,,volumeUpsergedLast2n3n4DayUp,volSellContinueLast2DayDown-VolUp,",-3.2598791831593714,1,0,1
"PCTChangeLT-3,_HTGT3.0__HTGTPCTDayChange_,,,volSellContinueLast2DayDown-VolUp,(GLOBALFUTDOWN-DOWNTRENDMARKET)checkSellConsolidationBreakDown-week2-lowNotReachedWeek3,week2BarLowChangeLT-2,weekLowLTweek2Low,chisDownTrend-Risky-nearHigh,##(Check-chart-buy):month3High-InMinus,ReversalHighMonth3,",-3.948927635099638,1,0,1
"PCTChangeGT1,,,,chisSellYear2LowLT-40-last3DayDown(triggerAfter-9:15),chisUpTrend-Risky-nearLow,##UPTREND:buyMonth6LowReversal(Confirm),",-0.2890129437314488,1,0,1
"PCTChangeGT5,_LTGT3.0_,,,%%HLTF-Risky:(GLOBAL-DOWN)sellHighLowerTail-Reversal-LastDayMarketUp,##MAPositive_Uptrend(GT4.5),##MA-SMA200GT0SMA100GT0,##last2DayHighGT3-M3HGT0,",-9.294960515962238,1,0,1
"PCTChangeGT3,,,,##UPTREND:buyYearLow,",0.742854796782094,2,2,0
"PCTChangeLT-3,,,,VOL:sell(GLOBALFUTUP-GLOBALMARKETUP)Buy-UpVol-3dayDown-Week2High,##(Check-chart-buy):YearHigh-InMinus,ReversalHighYear,",-1.5228417164022223,1,0,1
"PCTChangeLT-5,,,,chisSellDownTrend-nearHigh,zigZagVolCrossedFromUp,",-0.6465043232142018,1,0,1
"PCTChangeLT-8,_HTGT1.5__LTGT3.0__HTGTPCTDayChange__LTGTPCTDayChange_,,,##MANegative_Downtrend_(LT-2),##MA-SMA200GT0SMA100LT0,",-4.810676416126389,1,0,1
"PCTChangeGT3,,,,##(Check-chart-sell):month3Low-InPlus,ReversalLowMonth3,(GLOBALFUTUP-UPTRENDMARKET)checkBuyConsolidationBreakUp-week2-highNotReachedWeek3,week2BarHighChangeGT0,##UPTREND:buyMonth3LowReversal(Confirm),",-1.1461722180534497,1,0,1
"PCTChangeGT1,_LTGT1.5_,,,chisSellFlag2Week-doji-Risky,chisFinalBreakOutBuyContinue-1-test-atYearLow,chisFinalBreakOutBuyContinue-0-test-atYearLow,",-1.4250054404407717,1,0,1
"PCTChangeGT0.5,PCDayChange-0.5to0.5,_HTGT1.5_,,,%%HLTF-Last2HighTail:(DOWNTREND)sellHighUpperTailPre-1,(SMA9LT0),",-2.71281710428868,1,0,1
"PCTChangeGT3,,,,chis-breakoutup-2week,",-1.3541204056773593,31,10,21
"PCTChangeGT3,_HTGT1.5_,,,(Test)sellHeavyUpTrend-Reversal-1,(GLOBALFUTUP-UPTRENDMARKET)checkBuyConsolidationBreakUp-week2-highNotReachedWeek3,week2BarHighChangeGT0,",-3.4197981214942565,1,0,1
"PCTChangeGT2,_LTGT3.0_,,,##UPTREND:buyYear2LowReversal(Confirm),",-2.8658517977086655,1,0,1
"PCTDayChangeLT0,PCDayChange-0.5to0.5,_HTGT1.5_,,,%%HLTF-Last2HighTail:(DOWNTREND)sell(UPTREND)buy:HighUpperTailPre,%%HLTF-LastDayUp:(DOWNTREND-OR-GLOBALDOWN)MaySellHighTail-LastDayMarketUp,",2.058394808644683,3,3,0
"PCTDayChangeLT0,_LTGT3.0_,,,(GLOBALFUTDOWN-DOWNTRENDMARKET)checkSellConsolidationBreakDown-week2-lowNotReachedWeek3,week2BarLowChangeLT0,",-2.129859995768029,2,0,2
"PCTChangeLT-2,,,,chisSellFlag2Week-Risky,##longDownTrend-2-IndexNotDownLastDay(checkBase),",-1.464128777918506,1,0,1
"PCTChangeLT-5,_HTGT1.5__LTGT1.5__HTGTPCTDayChange__LTGTPCTDayChange_,,,##MANegative_Downtrend_(LT-2),##MA-SMA200GT0SMA100LT0,##DOWNTREND:sellMonth3LowBreak,",3.9002295254039,1,1,0
"PCTChangeLT-2,,,,chisSellDownTrend-nearHigh,zigZagVolCrossedFromUp,##(Check-chart-buy):month3High-InMinus,NearHighMonth3,",0.33782700782976666,3,2,1
"PCTChangeLT-3,,,,volumeUpsergedLast2n3n4DayUp,chisSellDownTrend-nearHigh,",-0.804256360037622,1,0,1
"PCTChangeLT-3,_HTGT1.5_,,,chisSellDownTrend-nearHigh,##(Check-chart-buy):month3High-InMinus,ReversalHighMonth3,",-3.66491449485596,1,0,1
"PCTChangeGT1,_HTGT1.5__LTGT1.5_,,,chisUpTrend-Risky-nearLow,",1.257080584371158,4,4,0
"PCTChangeLT-3,,,,chisSellFinalCandidate-4,chisSellDownTrend-nearHigh,##last2DayLow(LT-3)-M3LGT0,",4.301843399528373,1,1,0
"PCTChangeLT-5,_HTGT1.5__LTGT1.5_,,,chisSellDownTrend-nearHigh,",-0.40560470464177395,3,2,1
"PCTChangeGT1,_HTGT3.0_,,,%%HLTF:maySellTail-tailGT2-7,10thDayGT20,",0.2488678534108692,1,1,0
"PCTChangeGT5,,,,checkBuyConsolidationBreakout-allPreLT0,##MAPositive_Uptrend(GT4.5),##MA-SMA200GT0SMA100GT0,",-1.6877245501204452,1,0,1
"PCTChangeLT-2,,,,chisSellFlagWeek-Risky,checkCupDown-2dayDown,volSellContinueLast2DayDown-VolUp,",0.07130681822304609,1,1,0
"PCTChangeGT2,_LTGT1.5_,,,##UPTREND:buyYearLow,",0.9396151723166,2,2,0
"PCDCGT0PCTDayChangeLT0,PCDayChange-0.5to0.5,_HTGT3.0__LTGT1.5_,,,%%HLTF-Last2HighTail:(UPTREND)buy(DOWNTREND)sell:HighUpperTailPre-last2DayUp,",2.18350521079466,1,1,0
"PCTChangeGT3,_LTGT1.5_,,,chisSellYear2LowLT-40-last4DayDown(triggerAfter-9:15),##buyTenDaysLessThanMinusTen,",-4.032554342855917,1,0,1
"PCTChangeLT-1,,,,%%HLTF-Last2DayMarketDown:(GLOBAL-UP)buyHighUpperTailPre1-Reversal-LastDayMarketDown,volBuyReversalLast2DayDown-VolDown,chisSellDownTrend-nearHigh,",-2.6376256325995433,1,0,1
"PCTChangeGT2,,,,##(Check-chart-sell):month3Low-InPlus,NearLowMonth3,##UPTREND:buyMonth3Low,",0.35274154433904964,6,4,2
"PCTChangeLT-3,,,,checkCupDown-month3HighLTmonth3Low,bar_low,",-3.5272239943386765,3,0,3
"PCTChangeLT-1,_HTGT1.5__LTGT1.5__HTGTPCTDayChange_,,,volBuyRevarsalVolCrossed,##(Check-chart-buy):month3High-InMinus,ReversalHighMonth3,",-5.41343984677811,1,0,1
"PCTChangeLT-8,_LTGT3.0_,,,(GLOBAL-DOWN)maySellContinueHighVolatileLastDayDOWN-month6LowGT0-(LT-8),##MANegative_Downtrend_(LT-4.5),##MA-SMA200GT0SMA100GT0,chisBuyDayLowVolLow,",1.423077705578923,1,1,0
"PCTChangeGT5,_HTGT3.0_,,,##MAPositive_Uptrend(GT4.5),##MA-SMA200GT0SMA100GT0,##lastDayHighGT5TodayGT1,",-0.9396375597969755,1,0,1
"PCTChangeLT-3,,,,volumeUpsergedLast2n3n4DayUp,",-0.8351965040020976,16,6,10
"PCTChangeLT-1,,,,volSellVolumeUpsergedLast2n3DayUp,(GLOBALFUTDOWN-DOWNTRENDMARKET)checkSellConsolidationBreakDown-week2-lowNotReachedWeek3,week2BarLowChangeLT0,##(Check-chart-buy):month3High-InMinus,ReversalHighMonth3,",-0.40929403292195743,1,0,1
"PCTChangeLT-3,_LTGT1.5_,,,volSellContinueLast2DayDown-VolUp,weekBarLowChangeLT-2,brokenToday,",2.9566343786563984,1,1,0
"PCTChangeLT-2,,,,%%:checkSell:ConsolidationBreakDown(NotShapeA)-2week,checkSellConsolidationBreakDown-2week,week2BarLowChangeLT-2,weekLowLTweek2Low,chisDownTrend-Risky-nearHigh,##(Check-chart-buy):YearHigh-InMinus,ReversalHighYear,",-1.2025631963200536,1,0,1
"PCTChangeLT-2,year2High,_HTGT1.5__HTGTPCTDayChange_,,,volBuyReversalLast2DayDown-VolDown,",-1.2199849663626683,1,0,1
"PCTChangeLT-5,_HTGT3.0__LTGT3.0__HTGTPCTDayChange__LTGTPCTDayChange_,,,volumeUpsergedLast2n3n4DayUp,volBuyReversalLast2DayDown-VolUp,(GLOBALFUTDOWN-DOWNTRENDMARKET)checkSellConsolidationBreakDown-week2-lowNotReachedWeek3,week2BarLowChangeLT-2,",-2.1917657394062284,1,0,1
"PCTChangeLT-5,_LTGT3.0_,,,chisSellDownTrend-nearHigh,zigZagVolCrossedFromUp,",3.8893393923086155,1,1,0
"PCTChangeLT-3,_HTGT1.5__LTGT1.5_,,,volBuyVolumeUpsergedLast2n3DayUp,volSellContinueLast2DayDown-VolUp,",0.9816657172308989,1,1,0
"PCTChangeGT3,year2High,,,,volumeUpsergedLast2n3n4DayDown,chisCheckConsolidationBreakout2WeekLT(4.5),(GLOBALFUTUP-UPTRENDMARKET)checkBuyConsolidationBreakUp-week2,weekBarHighChangeGT2,brokenToday,",4.710207099528529,1,1,0
"PCTChangeGT1,year2High,_HTGT1.5__LTGT3.0__HTGTPCTDayChange__LTGTPCTDayChange_,,,%%HLTF:(GLOBAL-DOWN)sellHighLowerTail-Reversal-LastDayMarketUp,",1.5759447227011596,2,1,1
"PCTChangeGT3,,,,volumeUpsergedLast2n3n4DayDown,VOL:buy(GLOBALFUTDOWN-GLOBALMARKETDOWN)Sell-UpVol-3dayUp-Week2Low,",-0.2764265840221351,3,1,2
"PCTChangeLT-5,_HTGT1.5_,,,chisDownTrend-Risky-nearHigh,##MANegative_Downtrend_(LT-4.5),##MA-SMA200LT0SMA100LT0,",3.9740228033685194,1,1,0
"PCTChangeGT3,_HTGT1.5__LTGT1.5__LTGTPCTDayChange_,,,checkCupDown-lastDayUp,",0.015002441406241414,1,1,0
"PCTChangeLT-2,_HTGT1.5__LTGT1.5__HTGTPCTDayChange_,,,chisDownTrend-Risky-nearHigh,",0.10599374534201517,1,1,0
"PCTChangeGT3,_LTGT3.0_,,,%%HLTF:(GLOBAL-DOWN)sellHighLowerTail-Reversal-LastDayMarketUp,",0.591364771562521,6,2,4
"PCTChangeGT2,year2Low,_LTGT1.5_,,,chisSellYear2LowLT-40-last4DayDown(triggerAfter-9:15),##buyTenDaysLessThanMinusTen,",-2.2969671999252377,1,0,1
"PCTChangeGT8,_LTGT1.5_,,,##MAPositive_Uptrend(GT4.5),##MA-SMA200GT0SMA100GT0,##lastDayHighGT5TodayGT1,",4.224346588790264,1,1,0
"PCTChangeGT5,year2High,_HTGT1.5_,,,%%HLTF-Last2HighTail:(UPTREND)buy(DOWNTREND)sell:HighUpperTailPre-last2DayUp,##lastDayHighGT5TodayGT1,",-5.175769455416621,1,0,1
"PCTChangeLT-2,_HTGT1.5__LTGT3.0__LTGTPCTDayChange_,,,volBuyReversalLast2DayDown-VolUp,##MANegative_Downtrend_(LT-2),##MA-SMA200LT0SMA100LT0,",4.448331905269758,1,1,0
"PCTChangeGT3,_HTGT1.5_,,,volumeUpsergedLast2n3n4DayDown,chisCheckConsolidationBreakoutLT(4.5),weekBarHighChangeGT2,",-1.86470301011029,1,0,1
"PCTChangeLT-3,,,,(GLOBALFUTDOWN-DOWNTRENDMARKET)checkSellConsolidationBreakDown-week2-lowNotReachedWeek3,week2BarLowChangeLT-2,##DOWNTREND:sellMonth6HighReversal(InDownTrend),##(Check-chart-buy):month3High-InMinus,ReversalHighMonth3,##(check-chart)maySell-EMA6-MT-May-LT-EMA14,",-0.8074077053441335,1,0,1
"PCTChangeGT1,,,,weekBarHighChangeGT0,",-0.10014755806657161,169,69,99
"PCTChangeGT0,PCDayChange-0.5to0.5,,,,shortUpTrendSellReversal-Month3High-Doji-Last2DayGTToday,",0.40560847331110433,7,3,4
"PCTChangeGT3,_HTGT3.0__HTGTPCTDayChange_,,,week2BarHighChangeGT0,weekHighGTweek2High,brokenToday,",-1.6158783280466869,1,0,1
"PCTChangeGT2,,,,buyPatternsML,",3.2574499165957724,3,3,0
"PCTChangeLT-2,,,,checkCupDown-near2WeekDown-mayReveresalBuy,week2BarLowChangeLT0,",-2.2182311095525575,1,0,1
"PCTChangeGT3,_HTGT1.5_,,,weekBarHighChangeGT2,##lastDayHighGT5TodayGT1,",2.9163767592018623,1,1,0
"PCTChangeLT-2,,,,checkCupDown-2dayDown-mayReversalBuy,(GLOBALFUTDOWN-DOWNTRENDMARKET)checkSellConsolidationBreakDown-week2-lowNotReachedWeek3,week2BarLowChangeLT0,##DOWNTREND:sellYear2HighReversal(InDownTrend),##(Check-chart-buy):month3High-InMinus,ReversalHighMonth3,",4.68975204510041,1,1,0
"PCDCLT0PCTChangeGT1,PCDayChange-0.5to0.5,year2High,_HTGT3.0_,,,%%HLTF-Last2HighTail:(DOWNTREND)sellHighUpperTailPre,",12.254228540890724,1,1,0
"PCTChangeLT-2,_LTGT1.5_,,,volSellContinueLast2DayDown-VolUp,##(Check-chart-buy):month3High-InMinus,NearHighMonth3,",-1.4202649051223604,1,0,1
"PCTChangeGT1,_LTGT3.0_,,,%%HLTF:(SGXNIFTYUP)buyHighLowerTail-Continue,week2BarHighChangeGT2,weekHighGTweek2High,",6.419537959208027,1,1,0
"PCTChangeGT3,year2High,_HTGT1.5__HTGTPCTDayChange_,,,%%HLTF-Last2HighTail:(UPTREND)buy(DOWNTREND)sell:HighUpperTailPre-last2DayUp,",-0.08445816962192337,1,0,1
"PCTChangeGT0.5,_HTGT3.0_,,,%%HLTF-Last2HighTail:(UPTREND)buy(DOWNTREND)sell:HighUpperTailPre-last2DayUp,chisSellEveningStar-2(Check2-3MidCapCross),##RisingMA(check-chart-sell)-MaySellCheckChart,",4.32944784359056,1,1,0
"PCTChangeLT-3,,,,(GLOBALFUTDOWN-DOWNTRENDMARKET)checkSellConsolidationBreakDown-week2-lowNotReachedWeek3,week2BarLowChangeLT0,weekLowLTweek2Low,##last2DayLow(LT-3)-M3LGT0,",-3.671514337713054,1,0,1
"PCTChangeLT-2,_LTGT3.0_,,,chisSell-smallUptrendReversal,%%HLTF:(GLOBAL-DOWN)sellHighLowerTail-Reversal-LastDayMarketUp,",-3.4381606028584506,2,0,2
"PCTChangeGT2,year2High,_HTGT1.5_,,,%%:sellUpTrend-month3High,vol-sell-DownVol-3dayUp-Week2High,",-0.5152656225150953,1,0,1
"PCTChangeGT0,,,,chisFinalBreakOutBuyContinue-0-test-atYearLow,",0.7091851738109086,2,1,1
"PCTDayChangeLT0,_HTGT1.5_,,,##MAPositive_Uptrend(LT0),##MA-SMA200GT0SMA100GT0,",-1.8807270364847157,1,0,1
"PCTChangeGT1,_HTGT1.5_,,,%%HLTF-Last2HighTail:(UPTREND)buy(DOWNTREND)sell:HighUpperTailPre-last2DayUp,$$MaySell-CheckChart(downTrend-mayReverseLast4DaysUp)-Risky,",0.5525573565953394,1,1,0
"PCTChangeGT2,_HTGT3.0_,,,##UPTREND:buyYear2LowReversal(Confirm),",4.151279186091,1,1,0
"PCTChangeLT-3,,,,volBuyReversalLast2DayDown-VolDown,##DOWNTREND:sellMonth3HighReversal(InDownTrend),##(Check-chart-buy):month3High-InMinus,ReversalHighMonth3,##(check-chart)maySell-EMA6-MT-May-LT-EMA14,",0.4089065780166138,1,1,0
"PCTChangeLT-3,_HTGT3.0__HTGTPCTDayChange_,,,weekBarLowChangeLT-2,chisDownTrend-Risky-nearHigh,##DOWNTREND:sellYear2HighReversal(InDownTrend),##(Check-chart-buy):YearHigh-InMinus,ReversalHighYear,",0.6977718375195131,1,1,0
"PCTChangeGT3,year2Low,_HTGT1.5__LTGT1.5__LTGTPCTDayChange_,,,##buyTenDaysLessThanMinusTen,",8.732873871349337,1,1,0
"PCDCGT0PCTChangeLT-1,_LTGT1.5_,,,%%:checkSell:Super2,-+,buyMorningStar-(checkChart),",2.2222222222222165,1,1,0
"PCDCLT0PCTChangeGT0,PCDayChange-0.5to0.5,,,,buyPatternsML,",1.972726298856226,1,1,0
"PCTChangeGT3,,,,volumeUpsergedLast2n3n4DayDown,volBuyContinueLast2DayUp-VolUp,(GLOBALFUTUP-UPTRENDMARKET)checkBuyConsolidationBreakUp-week2-highNotReachedWeek3,week2BarHighChangeGT2,weekHighGTweek2High,chis-breakoutup-2week,",2.328769910281118,1,1,0
"PCTChangeGT3,,,,chisUpTrend-Risky-nearLow,volumeUpsergedLast2n3n4DayDown,checkBuyConsolidationBreakUp-2week,week2BarHighChangeGT2,weekHighGTweek2High,brokenToday,chisSell-2week-breakoutup,##UPTREND:buyYearLowReversal(Confirm),",2.1573830933202305,1,1,0
"PCTChangeGT0.5,PCDayChange-0.5to0.5,_LTGT1.5_,,,maySellFromBuyPattern-LT-1.8,",-11.116601125742827,1,0,1
"PCTChangeGT3,year2High,_LTGT1.5_,,,volSellVolumeUpsergedLast2n3DayDown,##last2DayHighGT3-M3HGT0,",-0.2854012605096183,1,0,1
"PCTChangeGT2,,,,volumeUpsergedLast2n3n4DayDown,volBuyContinueLast2DayUp-VolUp,(GLOBALFUTUP-UPTRENDMARKET)checkBuyConsolidationBreakUp-week2-highNotReachedWeek3,week2BarHighChangeGT0,brokenToday,",-2.4456263085690293,1,0,1
"PCTChangeLT-2,_HTGT1.5__HTGTPCTDayChange_,,,##MANegative_Downtrend_(LT-1),##MA-SMA200GT0SMA100LT0,",-0.6241006117336326,2,1,1
"PCTChangeLT-0.5,PCDayChange-0.5to0.5,_HTGT1.5_,,,%%:checkSell:Super0,shortDownTrendSellContinue-Doji-Last2DayLTToday,",-2.4155178714604273,1,0,1
"PCTChangeLT-2,_LTGT1.5_,,,%%:checkSell:Super01-monthLow,##ML:buyRisingMA-down-Risky,",2.7444253859348144,1,1,0
"PCTChangeLT-1,_LTGT1.5_,,,buyMorningStar-(checkChart),",-0.1547604515438894,1,0,1
"PCTChangeLT-2,,,,checkCupDown-inDownTrend-month3HighLTmonth3Low,bar_low,##(Check-chart-buy):month3High-InMinus,ReversalHighMonth3,",-0.0648644849599191,5,2,3
"PCTChangeLT-2,,,,%%:checkSell:Super0,",-0.4692295038947686,16,4,12
"PCTChangeLT-3,_LTGT1.5_,,,(SMA9LT0),",2.7298195036746957,2,1,1
"PCTChangeLT-2,_HTGT3.0__LTGT3.0__HTGTPCTDayChange_,,,##(Check-chart-buy):month3High-InMinus,ReversalHighMonth3,",-0.8045187515888443,1,0,1
"PCTChangeLT-2,_LTGT1.5_,,,(GLOBALFUTDOWN-DOWNTRENDMARKET)checkSellConsolidationBreakDown-week2-lowNotReachedWeek3,week2BarLowChangeLT-2,##DOWNTREND:sellMonth6HighReversal(InDownTrend),volBuyRevarsalVolCrossed,##(Check-chart-buy):month3High-InMinus,ReversalHighMonth3,",-2.1110354056274945,1,0,1
"PCTChangeGT5,,,,chisUpTrend-Risky-nearLow,(GLOBALFUTUP-UPTRENDMARKET)checkBuyConsolidationBreakUp-week2-highNotReachedWeek3,week2BarHighChangeGT2,",-1.2634066448401309,1,0,1
"PCTChangeGT5,year2High,,,,checkBuyConsolidationBreakout-allPreLT0,chisBuyConsolidationBreakUp-2week-(Risky)-year2High,week2BarHighChangeGT2,brokenToday,",3.9505080399381436,1,1,0
"PCTChangeLT-1,_HTGT1.5_,,,checkCupDown-month3HighLTmonth3Low,bar_low,volBuyReversalLast2DayDown-VolUp,##(Check-chart-buy):month3High-InMinus,ReversalHighMonth3,",1.3486821420711146,1,1,0
"PCTChangeGT8,year2High,_HTGT3.0_,,,%%HLTF-Last2HighTail:(UPTREND)buy(DOWNTREND)sell:HighUpperTailPre-last2DayUp,VOL:buyBelowTail-SellAtClose:upVol3dayUpWeek2High-highUpperTail,",2.019230769230775,1,1,0
"PCTChangeLT-3,_HTGT1.5_,,,%%:checkSell:Flag2Week,chisSell-smallUptrendReversal,",-3.4154568281370006,1,0,1
"PCDCGT0PCTDayChangeLT0,,,,%%:checkSellRevarsalLast3DayUpAtMonth3Low,",-0.9752633521755505,2,0,2
"PCTChangeLT-3,_HTGT3.0__HTGTPCTDayChange_,,,volBuyReversalLast2DayDown-VolDown,",-1.4733580586304857,1,0,1
"PCTChangeLT-3,PCDayChange-0.5to0.5,_LTGT3.0_,,,sellPatterns-LT-1.5-SMALT0,(SMA9LT0),",-2.7118618205442315,1,0,1
"PCTDayChangeLT0,_LTGT1.5_,,,buyMorningStar-(checkChart),",0.01918274558589476,3,1,2
"PCTChangeLT-2,_HTGT1.5_,,,chisSellFinalCandidate-(lastDayUp),##longDownTrend-1-IndexNotDownLastDay(checkBase),",1.2783290016844042,1,1,0
"PCTChangeGT2,,,,chisUpTrend-Risky-nearLow,(GLOBALFUTUP-UPTRENDMARKET)checkBuyConsolidationBreakUp-week2-highNotReachedWeek3,week2BarHighChangeGT0,chis-breakoutup-2week,chisBuy-2week-breakoutup,##(Test)buyBottomReversal-1,",0.8298755186721992,1,1,0
"PCTChangeGT0.5,_LTGT1.5_,,,chisBuyYearHigh-3,",0.48519521421419576,30,18,12
"PCTChangeGT3,_HTGT1.5_,,,volumeUpsergedLast2n3n4DayDown,volBuyContinueLast2DayUp-VolUp,chisCheckConsolidationBreakoutLT(4.5),week2BarHighChangeGT2,weekHighGTweek2High,brokenToday,",-1.0113797785308003,1,0,1
"PCTChangeLT-5,,,,##MANegative_Downtrend_(LT-1),##MA-SMA200LT0SMA100LT0,chisBuyYear2Low,NearLowYear2,",-4.503707320601856,1,0,1
"PCTChangeLT-3,,,,##DOWNTREND:sellMonth6HighReversal(InDownTrend),##last2DayLow(LT-3)-M3LGT0,##(Check-chart-buy):month3High-InMinus,ReversalHighMonth3,",3.3422978120739857,4,4,0
"PCTChangeGT1,year2High,,,,zigZagVolCrossedFromDown,",-0.3312853089508057,3,0,3
"PCDCLT0PCTChangeGT0,_HTGT1.5__HTGTPCTDayChange_,,,%%HLTF-Last2HighTail:(DOWNTREND)sellHighUpperTailPre,%%HLTF:(UPTREND-MorningTrend-UP)mayBuyTail-highTailGT2-7,10thDayGT10-Last2DayStockDown,",1.6328793901021001,1,1,0
"PCTChangeLT-2,_HTGT1.5__LTGT1.5__HTGTPCTDayChange__LTGTPCTDayChange_,,,chisSellDownTrend-nearHigh,",1.1275928169046694,1,1,0
"PCTChangeLT-2,,,,checkCupDown-2dayDown,##DOWNTREND:sellMonth3High(InDownTrend),##(Check-chart-buy):month3High-InMinus,NearHighMonth3,",-2.5844915641722714,1,0,1
"PCTChangeLT-1,,,,week2BarLowChangeLT0,",0.32650844554816744,13,8,5
"PCTChangeLT-12,,,,maySellHighVolatileDownContinueLT-8,",2.0042938385463422,2,2,0
"PCTChangeGT3,,,,volSellVolumeUpsergedLast2n3DayDown,##MAPositive_Uptrend(GT2),##MA-SMA200GT0SMA100GT0,",-1.838504645271631,5,1,4
"PCTChangeLT-3,_LTGT1.5_,,,##DOWNTREND:sellYear2HighReversal(InDownTrend),##last3DayLow(LT-3)-M3LGT0,##(Check-chart-buy):YearHigh-InMinus,ReversalHighYear,",-1.1713520749665314,1,0,1
"PCTChangeLT-1,PCDayChange-0.5to0.5,,,,%%:checkSell:Super01-monthLow,",-0.22528227201491086,22,9,13
"PCTChangeLT-2,year2High,,,,VOL:buy-DownVol-3dayDown-Week2High,##sellTenDaysMoreThanTen,",-2.1428571428571295,1,0,1
"PCTChangeGT2,,,,checkCupDown-lastDayUp,##RisingMA(Test)(check-chart-buy)-1DayUp,",-1.1925789515474092,1,0,1
"PCTChangeLT-3,year2Low,_LTGT1.5_,,,weekBarLowChangeLT-2,brokenToday,",5.265954200257651,1,1,0
"PCTChangeGT0.5,PCDayChange-0.5to0.5,,,,chisSellFlag2Week-doji-Risky,chisFinalBreakOutBuyContinue-1-test-atYearLow,chisFinalBreakOutBuyContinue-0-test-atYearLow,",-0.9756072731512075,1,0,1
"PCTChangeGT3,,,,chisUpTrend-Risky-nearLow,volBuyContinueLast2DayUp-VolUp,(GLOBALFUTUP-UPTRENDMARKET)checkBuyConsolidationBreakUp-week2-highNotReachedWeek3,week2BarHighChangeGT2,brokenToday,chisBuy-2week-breakoutup(check-chart)(|-|-| or --|),##(Test)buyBottomReversal-1,",-0.640567924160819,1,0,1
"PCTChangeGT5,year2Low,_HTGT3.0_,,,chisSellDayHighVolLow-01-checkMorningTrend(.5SL),volSellReversalLast2DayUp-VolDown,",-9.98337606724343,1,0,1
"PCTChangeGT2,_HTGT1.5__HTGTPCTDayChange_,,,%%HLTF-Risky9:30:maySellTail-tailGT2-7,10thDayGT15,",0.4859573769030157,2,2,0
"PCTChangeLT-2,,,,chisSellFlag2Week-Risky,chisSellDownTrend-nearHigh,##(Check-chart-buy):month3High-InMinus,ReversalHighMonth3,",5.198398338517534,1,1,0
"PCDCGT0PCTDayChangeLT0,_HTGT1.5_,,,##MA-SMA200LT0SMA100LT0,",3.1901860840909477,1,1,0
"PCTChangeGT3,year2High,_LTGT1.5_,,,week2BarHighChangeGT0,",-2.5636350953733698,1,0,1
"PCTChangeLT-0.5,,,,checkSellConsolidationBreakDown-2week,week2BarLowChangeLT0,weekLowLTweek2Low,",0.7782743712747744,2,2,0
"PCTChangeLT-3,_LTGT3.0_,,,volumeUpsergedLast2n3n4DayUp,",0.3202927106212836,2,1,1
"PCTChangeGT12,_HTGT1.5_,,,%%HLTF-Last2HighTail:(UPTREND)buy(DOWNTREND)sell:HighUpperTailPre-last2DayUp,##MAPositive_Uptrend(GT4.5),##MA-SMA200LT0SMA100LT0,",0.5887606682905311,2,1,1
"PCTChangeLT-5,,,,volBuyReversalLast2DayDown-VolDown,chisSellDayLowVolLow-02-checkMorningTrend(.5SL),##ML:BuyRisingMA-Risky-1,",3.521126760563367,1,1,0
"PCTChangeGT2,_LTGT1.5_,,,volBuyVolumeUpsergedLast2n3DayDown,",-1.694448292729891,15,1,14
"PCTChangeGT3,_HTGT1.5_,,,(GLOBALFUTUP-UPTRENDMARKET)checkBuyConsolidationBreakUp-week2-highNotReachedWeek3,week2BarHighChangeGT2,##lastDayHighGT5TodayGT1,",2.347850106185013,2,1,1
"PCTChangeLT-1,_LTGT3.0_,,,volBuyVolumeUpsergedLast2n3DayUp,##MANegative_Downtrend_(LT-2),##MA-SMA200LT0SMA100LT0,",-2.86934107711927,1,0,1
"PCTChangeGT3,year2Low,_HTGT1.5_,,,chisSellYear2LowLT-40-last4DayDown(triggerAfter-9:15),zigZagVolCrossedFromDown,",-2.100226430779719,1,0,1
"PCTChangeGT2,,,,%%:checkSell:Super2,",0.7005929036160672,8,6,2
"PCTChangeLT-2,,,,volBuyVolumeUpsergedLast2n3DayUp,(GLOBALFUTDOWN-DOWNTRENDMARKET)checkSellConsolidationBreakDown-month,weekBarLowChangeLT-2,brokenToday,",-1.1437920820473984,1,0,1
"PCTChangeGT2,_HTGT1.5_,,,(GLOBALFUTUP-UPTRENDMARKET)checkBuyConsolidationBreakUp-week2-highNotReachedWeek3,week2BarHighChangeGT2,",0.848878319583726,1,1,0
"PCDCGT0PCTChangeLT-3,_HTGT1.5__LTGT3.0__HTGTPCTDayChange__LTGTPCTDayChange_,,,##MA-SMA200GT0SMA100LT0,",-2.406781730005291,1,0,1
"PCTChangeLT-0.5,,,,checkSellConsolidationBreakDown-2week,week2BarLowChangeLT0,brokenToday,chisDownTrend-Risky-nearHigh,",1.1650911966163802,1,1,0
"PCTChangeGT0,,,,chisSellDowningMA-(check5MinuteDownTrendAndSellDowntrend)-Already10DayDown,buyYearHigh-0,",-0.18800944041018974,3,1,2
"PCTChangeGT2,_LTGT1.5_,,,zigZagVolCrossedFromDown,chisBuyConsolidationBreakUp-2week-(Risky)-year2High,week2BarHighChangeGT0,weekHighGTweek2High,brokenToday,",2.654073251378688,1,1,0
"PCTChangeGT3,,,,chisCheckConsolidationBreakoutGT(4.5),weekBarHighChangeGT2,##MAPositive_Uptrend(GT4.5),##MA-SMA200GT0SMA100GT0,",3.7974646870400064,1,1,0
"PCTChangeLT-5,_HTGT1.5_,,,chisDownTrend-Risky-nearHigh,##DOWNTREND:sellYearHighReversal(InDownTrend),chisSellDayLowVolLow-01,",10.420112891824829,1,1,0
"PCDCGT0PCTDayChangeLT0,PCDayChange-0.5to0.5,_HTGT1.5_,,,%%:checkSell:Super2,-+,##MANegative_Downtrend_(GT0),##MA-SMA200GT0SMA100LT0,",-2.5280669907424085,1,0,1
"PCTChangeLT-2,year2High,_HTGT1.5__HTGTPCTDayChange__LTGTPCTDayChange_,,,%%HLTF-Last2HighTail:(DOWNTREND)sellHighUpperTailPre,chisSellUpTrend-highTail,",-0.9703723488332295,1,0,1
"PCTChangeGT1,,,,##UPTREND:buyYearLowReversal(Confirm),",-0.17511928755961187,20,9,11
"PCTDayChangeLT0,,,,##(Test)buyBottomReversal-0,",-0.6184049284568393,6,3,3
"PCTChangeGT12,_LTGT1.5_,,,chisUpTrend-Risky-nearLow,",-0.25806057837700414,1,0,1
"PCTChangeGT2,,,,week2BarHighChangeGT2,weekHighGTweek2High,##MAPositive_Uptrend(GT1),##MA-SMA200LT0SMA100LT0,",-5.236137981749454,1,0,1
"PCTChangeLT-2,_LTGT3.0_,,,volumeUpsergedLast2n3n4DayUp,",4.31922729353471,1,1,0
"PCTChangeLT-0.5,_HTGT1.5__LTGT3.0_,,,%%HLTF:(GLOBAL-DOWN)sellHighLowerTail-Reversal-LastDayMarketUp,##buyYear2LowMovingSMA,",0.8713315286543181,1,1,0
"PCTChangeGT0.5,_HTGT1.5_,,,%%HLTF-Last2HighTail:(UPTREND)buy(DOWNTREND)sell:HighUpperTailPre-last2DayUp,",-0.654655072099898,19,5,14
"PCTChangeLT-3,_LTGT3.0_,,,chisDownTrend-Risky-nearHigh,##(Check-chart-buy):month6High-InMinus,ReversalHighMonth6,",0.7011118272294616,1,1,0
"PCTDayChangeLT0,_HTGT1.5__HTGTPCTDayChange_,,,%%HLTF:maySellTail-tailGT2-7,10thDayGT20,##MAPositive_Uptrend(LT-1),##MA-SMA200GT0SMA100GT0,",-2.342464836809442,1,0,1
"PCTChangeLT-2,,,,(SMA9LT0),chisDownTrend-Risky-nearHigh,##(Check-chart-buy):month3High-InMinus,ReversalHighMonth3,",1.2931034482758639,1,1,0
"PCTChangeGT0,PCDayChange-0.5to0.5,year2High,_HTGT1.5_,,,shortUpTrendSellReversal-MonthHigh,",-0.6260556148102968,6,2,4
"PCDCGT0PCTChangeLT-1,_HTGT1.5_,,,##MA-SMA200GT0SMA100LT0,",2.6404888869392096,1,1,0
"PCTDayChangeLT0,PCDayChange-0.5to0.5,_HTGT1.5_,,,%%HLTF-Last2HighTail:(DOWNTREND)sellHighUpperTailPre,%%HLTF-LastDayUp:(DOWNTREND-OR-GLOBALDOWN)MaySellHighTail-LastDayMarketUp,",0.012801658910714457,14,6,8
"PCTChangeLT-2,_LTGT1.5_,,,VOL:sell(GLOBALFUTUP-GLOBALMARKETUP)Buy-UpVol-3dayDown-Week2High,chisSellFinalCandidate-3,",1.3843151916688006,1,1,0
"PCTChangeLT-3,year2Low,,,,%%:buyDownTrend-month3Low,",-2.7552828324881644,6,1,5
"PCTChangeGT0.5,PCDayChange-0.5to0.5,_LTGT1.5_,,,sellPattern-LT-1.5-SMALT0,(SMA9LT0),maySellFromBuyPattern-LT-1.8,",-3.7023318015922904,1,0,1
"PCTChangeGT0.5,_HTGT1.5__HTGTPCTDayChange_,,,%%HLTF-Last2HighTail:(UPTREND)buy(DOWNTREND)sell:HighUpperTailPre-last2DayUp,shortUpTrendBuyContinue-Doji-Last2DayGTToday,",-0.8783804403768922,1,0,1
"PCTChangeLT-3,,,,weekBarLowChangeLT-2,brokenToday,##longDownTrend-0-IndexNotDownLastDay(checkBase),",0.619721748459507,1,1,0
"PCTChangeGT3,_LTGT1.5_,,,(GLOBALFUTUP-UPTRENDMARKET)checkBuyConsolidationBreakUp-month,weekBarHighChangeGT2,brokenToday,##MAPositive_Uptrend(GT2),##MA-SMA200GT0SMA100GT0,",0.35749504545176825,1,1,0
"PCTChangeLT-12,_LTGT3.0_,,,volSellContinueLast2DayDown-VolUp,chisDownTrend-Risky-nearHigh,##MANegative_Downtrend_(LT-4.5),##MA-SMA200GT0SMA100LT0,",-2.464932528409097,1,0,1
"PCTChangeGT2,,,,chisUpTrend-Risky-nearLow,volumeUpsergedLast2n3n4DayDown,##UPTREND:buyMonth6LowReversal(Confirm),",3.8749972256747105,1,1,0
"PCTChangeLT-2,_HTGT1.5__HTGTPCTDayChange_,,,##(Check-chart-buy):month3High-InMinus,BreakHighMonth3,",5.249822349467805,1,1,0
"PCTChangeGT3,,,,chisSellYear2LowLT-40-last4DayDown(triggerAfter-9:15),##UPTREND:buyMonth3LowReversal(Confirm),",0.07156071807915866,1,1,0
"PCDCGT0PCTChangeLT-1,_HTGT3.0__LTGT1.5_,,,%%HLTF:maySellTail-tailGT2-7,10thDayGT20,%%HLTF:(UPTREND-GLOBAL/SGX-UP)BuyHighUpperTail-Reversal-7,10thDayGT15-LastDayMarketDown,##MA-SMA200GT0SMA100GT0,",-0.14980047023548437,1,0,1
"PCTChangeGT0,,,,%%:checkSell:Super2,",0.9537540469571981,3,3,0
"PCTChangeLT-8,year2Low,_LTGT3.0_,,,chisBuyYear2Low,BreakLowYear2,",-0.6660307154309777,2,1,1
"PCTChangeGT3,,,,chisBuyUpTrend-nearLow,volumeUpsergedLast2n3n4DayDown,##(check-chart)mayBuy-EMA6-LT-May-MT-EMA14,",-0.1861176531806231,1,0,1
"PCTChangeGT5,_HTGT3.0__HTGTPCTDayChange_,,,##(check-chart)sellEMA6>EMA14,",10.025340451653426,1,1,0
"PCTChangeGT2,_HTGT1.5_,,,chisUpTrend-Risky-nearLow,",1.35689863830177,7,5,2
"PCTChangeLT-5,_HTGT1.5__LTGT3.0__LTGTPCTDayChange_,,,(GLOBALFUTDOWN-DOWNTRENDMARKET)checkSellConsolidationBreakDown-week2-lowNotReachedWeek3,week2BarLowChangeLT-2,##last2DayLow(LT-3)-M3LGT0,",-17.28894173602854,1,0,1
"PCTChangeLT-1,_LTGT1.5_,,,shortDownTrendBuyReversal-Month3Low-Doji-Last2DayLTToday,(Test)(check-chart-2-3MidCapCross)MayBuyCheckChart-Risky,MayBuyCheckChart-(IndexNotUpInSecondHalf),",-0.12008467095388398,1,0,1
"PCTChangeGT5,_HTGT3.0_,,,VOL:buyBelowTail-SellAtClose:upVol3dayUpWeek2High-highUpperTail,##MAPositive_Uptrend(GT4.5),##MA-SMA200GT0SMA100GT0,##last3DayHighGT3-M3HGT0,",-6.084623098089243,1,0,1
"PCDCLT0PCTChangeGT0,_LTGT1.5_,,,(GLOBALFUTDOWN-DOWNTRENDMARKET)checkSellConsolidationBreakDown-week2-lowNotReachedWeek3,week2BarLowChangeLT0,weekLowLTweek2Low,",-0.9682245557669911,1,0,1
"PCTChangeGT0.5,,,,volSellRevarsalVolCrossed,%%:checkSellRevarsalLast3DayUpAtMonth3Low,",0.6526945574191299,1,1,0
"PCTChangeGT5,year2High,,,,chisCheckConsolidationBreakout2WeekLT(4.5),",-0.44527354620826387,1,0,1
"PCTChangeGT1,,,,chisUpTrend-Risky-nearLow,week2BarHighChangeGT2,##(Test)buyBottomReversal-1,##UPTREND:buyYear2LowReversal(Confirm),",7.495257506176794,1,1,0
"PCTChangeGT1,_HTGT1.5_,,,%%HLTF:(UPTREND-MorningTrend-UP)mayBuyTail-highTailGT2-7,10thDayGT10-Last2DayStockDown,",6.119716677362508,1,1,0
"PCTChangeGT2,,,,##(check-chart)mayBuy-EMA6-LT-May-MT-EMA14,",-0.04529382077914956,9,4,5
"PCTChangeLT-1,,,,(GLOBALFUTDOWN-DOWNTRENDMARKET)checkSellConsolidationBreakDown-week2-lowNotReachedWeek3,week2BarLowChangeLT0,weekLowLTweek2Low,##(Check-chart-buy):month3High-InMinus,ReversalHighMonth3,",-0.1776129999611488,15,8,7
"PCTChangeGT0.5,_HTGT3.0__HTGTPCTDayChange_,,,%%:checkSellRevarsalLast3DayUpAtMonth3Low,",-1.2806252636941298,1,0,1
"PCTDayChangeLT0,PCDayChange-0.5to0.5,,,,##buyYear2LowMovingSMA,",0.017819032624293296,7,4,3
"PCDCLT0PCTChangeGT0,PCDayChange-0.5to0.5,,,,%%:checkBuyContinue:CupDownDoji,",-1.2449271378596287,1,0,1
"PCTChangeLT-1,_LTGT3.0_,,,%%:checkSell:Super01-monthLow,",-3.5260315948907155,1,0,1
"PCTChangeLT-2,_LTGT3.0_,,,##MANegative_Downtrend_(LT-2),##MA-SMA200GT0SMA100LT0,##DOWNTREND:sellMonth3LowBreak,",-0.3472222222222183,1,0,1
"PCTChangeGT3,,,,chisSellYear2LowLT-40-last4DayDown(triggerAfter-9:15),chisBuyDownTrend-Risky-2,",5.143183798394914,1,1,0
"PCTChangeGT1,,,,chisSellUpTrend-0,",-1.8145891293690977,2,1,1
"PCTChangeGT3,,,,chisBuyUpTrend-nearLow,volSellReversalLast2DayUp-VolDown,",1.1747478220617746,3,2,1
"PCTChangeLT-3,_HTGT1.5_,,,##MANegative_Downtrend_(LT-2),##MA-SMA200LT0SMA100LT0,",-0.6000459294163265,21,10,11
"PCTChangeLT-16,year2Low,_HTGT1.5__LTGT3.0_,,,chisRSISellCandidate(yearLow)-lessThanMinus5,",11.11606870378766,1,1,0
"PCTChangeGT2,_HTGT3.0__HTGTPCTDayChange_,,,volSellReversalLast2DayUp-VolUp,weekBarHighChangeGT2,",0.48889160156248707,1,1,0
"PCTChangeLT-3,,,,checkCupDown-near2WeekDown-mayReveresalBuy,##DOWNTREND:sellMonth6HighReversal(InDownTrend),##(Check-chart-buy):month3High-InMinus,ReversalHighMonth3,",3.8592461384434618,1,1,0
"PCTChangeLT-3,,,,vol-buy-DownVol-3dayDown-Week2Low,",0.4324534209147022,24,11,13
"PCTChangeGT2,,,,volSellVolumeUpsergedLast2n3DayDown,chisCheckConsolidationBreakoutLT(4.5),week2BarHighChangeGT0,brokenToday,",-1.7997732808309785,1,0,1
"PCTChangeGT3,year2High,_HTGT1.5__LTGT3.0_,,,##last2DayHighGT3-M3HGT0,",0.03901518992718301,1,1,0
"PCTChangeGT2,_HTGT3.0__HTGTPCTDayChange_,,,%%HLTF:maySellTail-tailGT2-7,10thDayGT20,%%HLTF:(UPTREND-GLOBAL/SGX-UP)BuyHighUpperTail-Reversal-7,10thDayGT15-LastDayMarketDown,%%:sellUpTrend-month3High,##MAPositive_Uptrend(GT2),##MA-SMA200GT0SMA100GT0,",-6.17968131504223,1,0,1
"PCTChangeGT3,,,,volSellVolumeUpsergedLast2n3DayDown,chisCheckConsolidationBreakout2WeekLT(4.5),weekBarHighChangeGT2,",-0.8846078026372526,1,0,1
"PCTChangeGT0.5,,,,##RisingMA(Test)(check-chart-buy)-2DayUp,",-1.4315329655548943,3,0,3
"PCTChangeGT0.5,_HTGT3.0_,,,%%:checkSell:Super2,-+,",0.26601517612021,1,1,0
"PCTChangeGT5,,,,##RisingMA(Test)(check-chart-buy)-2DayUp,",-1.0513273905463478,2,0,2
"PCDCLT0PCTChangeGT0,_LTGT1.5_,,,##MA-SMA200LT0SMA100GT0,",-5.3511705685618685,1,0,1
"PCTChangeGT3,,,,chisUpTrend-Risky-nearLow,week2BarHighChangeGT2,weekHighGTweek2High,brokenToday,##UPTREND:buyMonth3LowReversal(Confirm),",-2.604794073961452,1,0,1
"PCTChangeLT-3,_LTGT1.5_,,,##MANegative_Downtrend_(LT-4.5),##MA-SMA200GT0SMA100LT0,##DOWNTREND:sellMonth3LowBreak,",5.509088689630689,1,1,0
"PCTChangeLT-2,,,,volumeUpsergedLast2n3n4DayUp,chisDownTrend-Risky-nearHigh,##(Check-chart-buy):month3High-InMinus,NearHighMonth3,",0.031053139352953434,1,1,0
"PCDCGT0PCTDayChangeLT0,_HTGT3.0__LTGT1.5_,,,%%HLTF-Last2HighTail:(UPTREND)buy(DOWNTREND)sell:HighUpperTailPre-last2DayUp,",3.5256410256410255,1,1,0
"PCTChangeLT-5,_LTGT3.0_,,,volSellContinueLast2DayDown-VolUp,##MANegative_Downtrend_(LT-4.5),##MA-SMA200LT0SMA100LT0,##last2DayLow(LT-3)-M3LLT0,",-0.14969451202864395,1,0,1
"PCTChangeLT-1,,,,volSellContinueLast2DayDown-VolUp,checkSellConsolidationBreakDown-month3HighGTMonth3Low,chisDownTrend-Risky-nearHigh,##(Check-chart-buy):YearHigh-InMinus,ReversalHighYear,",0.5572578251870417,1,1,0
"PCTChangeLT-2,year2High,_HTGT3.0__HTGTPCTDayChange_,,,%%HLTF:maySellTail-tailGT2-allDayGT0,",-2.2951428591474103,1,0,1
"PCTChangeGT2,,,,##(Check-chart-sell):month3Low-InPlus,ReversalLowMonth3,buyPatternsML,",-0.03152223246454316,1,0,1
"PCTChangeLT-2,_LTGT3.0_,,,%%HLTF:(GLOBAL-UP)buyHighLowerTail-LastDayMarketUp,##DOWNTREND:sellYearLowBreak,",-2.052919736610473,1,0,1
"PCDCLT0PCTChangeGT3,_HTGT1.5__LTGT3.0_,,,chisSellLastDayHighUpReversal,",5.884402142885264,1,1,0
"PCTChangeLT-3,_LTGT1.5_,,,##DOWNTREND:sellYear2HighReversal(InDownTrend),##last2DayLow(LT-3)-M3LGT0,",0.4579326723076399,1,1,0
"PCTChangeGT8,_HTGT1.5__LTGT3.0_,,,%%HLTF-Risky:(GLOBAL-DOWN)sellHighLowerTail-Reversal-LastDayMarketUp,",-4.057975437330161,1,0,1
"PCTChangeLT-3,_LTGT1.5_,,,##MANegative_Downtrend_(LT-1),##MA-SMA200GT0SMA100LT0,MayBuyCheckChart-(IndexNotUpInSecondHalf),$$MayBuy-CheckChart(monthLow-minimumLast4DayDown),",-4.273504102015772,1,0,1
"PCTChangeGT0.5,_HTGT1.5__HTGTPCTDayChange_,,,volBuyContinueLast2DayUp-VolUp,",2.3792955472399058,1,1,0
"PCTChangeGT0,,,,##MAPositive_Uptrend(GT1),##MA-SMA200GT0SMA100GT0,",-2.0842319430851832,1,0,1
"PCTChangeGT0,_LTGT3.0_,,,chisSellDowningMA-(check5MinuteDownTrendAndSellDowntrend)-Already10DayDown,chisBuyYearHigh-1,",0.10181255464469546,1,1,0
"PCTChangeLT-8,_HTGT1.5__LTGT3.0_,,,(GLOBAL-DOWN)maySellContinueHighVolatileLastDayDOWN-month3LowGT0-(LT-8),",-2.9577479116233847,1,0,1
"PCTChangeLT-3,_HTGT3.0__HTGTPCTDayChange_,,,chisSell-smallUptrendReversal,%%HLTF-Last2HighTail:(DOWNTREND)sell(UPTREND)buy:HighUpperTailPre,##ML:buyRisingMA-down-Risky,",-3.3710736871470055,1,0,1
"PCTChangeLT-2,PCDayChange-0.5to0.5,_HTGT1.5_,,,chisSell:Super03-monthLow,",-0.7238324095649209,1,0,1
"PCTChangeLT-0.5,PCDayChange-0.5to0.5,_HTGT1.5__LTGT1.5_,,,%%:checkSell:CupDownDoji-lastDayLT(-2)TodayDoji,%%HLTF-LastDayUp:(DOWNTREND-OR-GLOBALDOWN)MaySellHighTail-LastDayMarketUp,",-7.415682667365764,1,0,1
"PCTChangeLT-2,,,,chisSellFinalCandidate-(lastDayUp),sellFinal,",-1.4191678415789488,2,0,2
"PCTChangeLT-1,_HTGT1.5__HTGTPCTDayChange_,,,sellFinal,",-0.9777457305487278,1,0,1
"PCTChangeLT-5,,,,##MANegative_Downtrend_(LT-4.5),##MA-SMA200LT0SMA100LT0,chisBuyDayLowVolLow-01,",0.800001575100806,1,1,0
"PCTChangeGT5,_HTGT1.5_,,,$$MaySell-CheckChart-baseLine(inDownTrend-monthHigh)-MLCGT10,##last2DayHighGT3-M3HLT0,",-0.8877563476562499,1,0,1
"PCTChangeGT0,_HTGT3.0__HTGTPCTDayChange_,,,%%:checkSell:CupDownDoji,",-0.05417448548704053,1,0,1
"PCTChangeLT-3,_LTGT1.5_,,,%%:checkSell:Flag2Week,",-0.20044695829020442,2,1,1
"PCTChangeGT2,_LTGT1.5_,,,##MAPositive_Uptrend(GT2),##MA-SMA200LT0SMA100GT0,",-1.902670895271421,2,0,2
"PCTChangeLT-2,_HTGT1.5__HTGTPCTDayChange_,,,weekBarLowChangeLT-2,##DOWNTREND:sellYear2HighReversal(InDownTrend),##(Check-chart-buy):YearHigh-InMinus,ReversalHighYear,",1.4247537227435942,1,1,0
"PCTChangeLT-2,_HTGT1.5__LTGT3.0__HTGTPCTDayChange__LTGTPCTDayChange_,,,(GLOBALFUTDOWN-DOWNTRENDMARKET)checkSellConsolidationBreakDown-week2-lowNotReachedWeek3,week2BarLowChangeLT-2,weekLowLTweek2Low,",4.494884842318032,1,1,0
"PCTChangeLT-2,_LTGT1.5_,,,volumeUpsergedLast2n3n4DayUp,volSellContinueLast2DayDown-VolUp,",2.359696378893407,2,2,0
"PCTChangeLT-5,_HTGT1.5_,,,VOL:buy-DownVol-3dayDown-Week2High,##last2DayLow(LT-3)-M3LGT0,chisBuyDayLowVolLow-03-checkMorningTrend(.5SL)-after10:30,",1.6857564928235584,1,1,0
"PCTChangeLT-3,year2Low,,,,week2BarLowChangeLT0,",1.1697261705311137,1,1,0
"PCTChangeGT5,_HTGT1.5__LTGT1.5_,,,##MANegative_Downtrend_(GT2),##MA-SMA200LT0SMA100LT0,",-1.4956047157555787,1,0,1
"PCTChangeGT2,,,,week2BarHighChangeGT0,weekHighGTweek2High,brokenToday,buyYearHigh-0,",-0.8184649571795909,6,2,4
"PCTChangeLT-5,,,,%%:checkSell:Super0,weekBarLowChangeLT-5,##MANegative_Downtrend_(LT-2),##MA-SMA200LT0SMA100LT0,",-0.6845889459159767,1,0,1
"PCTChangeLT-1,,,,%%:checkSell:ConsolidationBreakDown(NotShapeA)-2week,checkSellConsolidationBreakDown-2week,week2BarLowChangeLT0,weekLowLTweek2Low,chisDownTrend-Risky-nearHigh,##(Check-chart-buy):YearHigh-InMinus,ReversalHighYear,",0.370948848106194,1,1,0
"PCTChangeLT-3,_LTGT1.5_,,,volBuyVolumeUpsergedLast2n3DayUp,chisDownTrend-Risky-nearHigh,##DOWNTREND:sellYear2HighReversal(InDownTrend),##(Check-chart-buy):YearHigh-InMinus,ReversalHighYear,",0.7113351948123459,2,1,1
"PCTChangeGT8,,,,##MAPositive_Uptrend(GT4.5),##MA-SMA200GT0SMA100GT0,##last2DayHighGT3-M3HGT0,",-0.833328910495929,1,0,1
"PCTChangeLT-3,_LTGT3.0_,,,volBuyReversalLast2DayDown-VolUp,##DOWNTREND:sellYear2HighReversal(InDownTrend),##last2DayLow(LT-3)-M3LGT0,##(Check-chart-buy):month3High-InMinus,ReversalHighMonth3,",2.7494213697252112,1,1,0
"PCTChangeLT-8,_HTGT1.5_,,,##MANegative_Downtrend_(LT-2),##MA-SMA200LT0SMA100LT0,",1.475911278195203,3,2,1
"PCTChangeGT5,year2High,_HTGT3.0_,,,chisBuyDayHighVolLow-0,volSellReversalLast2DayUp-VolDown,##last2DayHighGT3-M3HGT0,",-1.0027872154639483,1,0,1
"PCTChangeGT1,_HTGT1.5__HTGTPCTDayChange_,,,##UPTREND:buyMonth3LowReversal(Confirm),",0.13569349749886558,1,1,0
"PCTChangeLT-2,,,,weekBarLowChangeLT-2,chisDownTrend-Risky-nearHigh,##DOWNTREND:sellYear2HighReversal(InDownTrend),##(Check-chart-buy):month3High-InMinus,ReversalHighMonth3,",-0.9493099320974373,8,3,5
"PCTChangeGT2,_HTGT3.0__LTGT3.0__HTGTPCTDayChange_,,,VOL:sell-DownVol-3dayUp-Week2Low,",9.801048332648097,1,1,0
"PCTChangeGT0.5,_HTGT1.5__LTGT1.5_,,,##MA-SMA200GT0SMA100GT0,",2.200524012247732,1,1,0
"PCTChangeLT-3,,,,volSellContinueLast2DayDown-VolUp,weekBarLowChangeLT-2,brokenToday,sellPatternsML,sellPatterns-LT-1.5-SMALT0,(SMA9LT0),",-5.897260692021617,1,0,1
"PCTChangeLT-3,,,,checkCupDown-2dayDown-mayReversalBuy,volBuyVolumeUpsergedLast2n3DayUp,##last2DayLow(LT-3)-M3LGT0,",1.4677659607256845,1,1,0
"PCTChangeGT3,,,,sellHeavyUpTrend-Reversal-(Risky),volumeUpsergedLast2n3n4DayDown,volBuyContinueLast2DayUp-VolUp,weekBarHighChangeGT2,brokenToday,",-2.937498092651376,1,0,1
"PCDCLT0PCTChangeGT0,PCDayChange-0.5to0.5,_HTGT1.5__LTGT3.0_,,,chisBuyYearHigh-3,",0.01940442259224245,1,1,0
"PCTChangeLT-0.5,_HTGT1.5__LTGT1.5_,,,weekBarLowChangeLT0,",-2.066218449944424,1,0,1
"PCTChangeGT0,_HTGT1.5_,,,chisSellEveningStar-2(Check2-3MidCapCross),",-0.012004158189120595,3,1,2
"PCTChangeGT5,_HTGT1.5__LTGT1.5_,,,##last2DayHighGT3-M3HLT0,",-4.425349850657877,5,0,5
"PCTChangeLT-3,,,,checkCupDown-3dayDown,volSellContinueLast2DayDown-VolUp,##(Check-chart-buy):month3High-InMinus,ReversalHighMonth3,",-0.9059808193108948,1,0,1
"PCTChangeGT0.5,,,,chisSellSMA4Reversal,",-1.2265682355856196,5,1,4
"PCTChangeLT-5,,,,volumeUpsergedLast2n3n4DayUp,volSellContinueLast2DayDown-VolUp,",1.0198293859131036,2,2,0
"PCTChangeGT5,_HTGT1.5__LTGT1.5_,,,%%HLTF-Last2HighTail:(UPTREND)buy(DOWNTREND)sell:HighUpperTailPre-last2DayUp,##MAPositive_Uptrend(GT4.5),##MA-SMA200GT0SMA100GT0,",-6.126172999501581,1,0,1
"PCTChangeLT-2,,,,volumeUpsergedLast2n3n4DayUp,volSellContinueLast2DayDown-VolUp,##(Check-chart-buy):month3High-InMinus,NearHighMonth3,",1.0068455180254463,3,2,1
"PCTChangeLT-5,_LTGT1.5_,,,##MANegative_Downtrend_(LT-4.5),##MA-SMA200LT0SMA100LT0,##last3DayLow(LT-3)-M3LLT0,",16.15331270281081,1,1,0
"PCTChangeLT-8,_LTGT1.5_,,,##MANegative_Downtrend_(LT-2),##MA-SMA200LT0SMA100LT0,",-4.946113753698071,2,0,2
"PCTChangeLT-3,_LTGT3.0_,,,volSellContinueLast2DayDown-VolUp,##(Check-chart-buy):YearHigh-InMinus,ReversalHighYear,",3.7955677834846204,1,1,0
"PCTChangeGT8,year2High,,,,volBuyContinueLast2DayUp-VolUp,",-0.9985628563806976,10,2,8
"PCTChangeLT-1,_HTGT1.5_,,,%%HLTF-Last2HighTail:(DOWNTREND)sellHighUpperTailPre,weekBarLowChangeLT0,brokenToday,",0.020549882415038127,1,1,0
"PCTChangeGT0.5,year2High,_HTGT3.0__HTGTPCTDayChange_,,,%%HLTF-Last2HighTail:(UPTREND)buy(DOWNTREND)sell:HighUpperTailPre-last2DayUp,%%HLTF-Risky9:30:maySellTail-tailGT2-7,10thDayGT15,",-3.6730335016918714,1,0,1
"PCTChangeGT3,,,,chisUpTrend-Risky-nearLow,week2BarHighChangeGT0,brokenToday,##UPTREND:buyMonth3LowReversal(Confirm),",4.9310302734375036,1,1,0
"PCTChangeGT2,,,,##(Check-chart-sell):month3Low-InPlus,ReversalLowMonth3,chisUpTrend-Risky-nearLow,chisCheckConsolidationBreakoutLT(4.5),weekBarHighChangeGT0,brokenToday,##UPTREND:buyYear2LowReversal(Confirm),",2.5023231730943984,1,1,0
"PCTChangeGT5,year2High,_HTGT1.5_,,,weekBarHighChangeGT5,##last2DayHighGT3-M3HGT0,",-1.427005791894256,1,0,1
"PCTChangeGT3,,,,chisUpTrend-Risky-nearLow,volumeUpsergedLast2n3n4DayDown,",0.49517425012594773,2,2,0
"PCTDayChangeLT0,PCDayChange-0.5to0.5,_HTGT1.5_,,,%%HLTF:(UPTREND-MorningTrend-UP)mayBuyTail-highTailGT2-7,10thDayGT10-Last2DayStockDown,##buyYear2LowMovingSMA,",0.8089960518978078,1,1,0
"PCTChangeLT-3,_HTGT3.0__LTGT1.5__HTGTPCTDayChange_,,,%%checkCupDown-2dayDown-continue,##longDownTrend-2-IndexNotDownLastDay(checkBase),chisDownTrend-Risky-nearHigh,",1.689099042843554,1,1,0
"PCTChangeGT1,,,,volumeUpsergedLast2n3n4DayDown,chisCheckConsolidationBreakout2WeekLT(4.5),",1.1942360695307577,1,1,0
"PCTDayChangeLT0,PCDayChange-0.5to0.5,_HTGT1.5_,,,%%:checkSell:Super0,%%HLTF-LastDayUp:(DOWNTREND-OR-GLOBALDOWN)MaySellHighTail-LastDayMarketUp,",-0.5303440852499566,1,0,1
"PCTChangeGT3,,,,(Test)sellHeavyUpTrend-Reversal-1,(GLOBALFUTUP-UPTRENDMARKET)checkBuyConsolidationBreakUp-week2-highNotReachedWeek3,week2BarHighChangeGT2,",0.16989835744562515,1,1,0
"PCTChangeLT-3,_LTGT1.5_,,,##DOWNTREND:sellMonth3LowBreak,##last2DayLow(LT-3)-M3LLT0,",-4.474143618206225,1,0,1
"PCTChangeGT3,,,,(GLOBALFUTUP-UPTRENDMARKET)checkBuyConsolidationBreakUp-week2-highNotReachedWeek3,week2BarHighChangeGT5,",-4.36320776285534,2,0,2
"PCTChangeGT0.5,_HTGT3.0__LTGT3.0_,,,%%HLTF-Last2DayMarketUp:(GLOBAL-DOWN)sellHighLowerTail-Reversal-LastDayMarketUp,##MAPositive_Uptrend(GT0),##MA-SMA200GT0SMA100GT0,",-5.739380260051406,1,0,1
"PCTChangeLT-3,,,,volumeUpsergedLast2n3n4DayUp,##last2DayLow(LT-3)-M3LLT0,",4.865980639900134,1,1,0
"PCTChangeGT1,PCDayChange-0.5to0.5,,,,chisSellDowningMA-(check5MinuteDownTrendAndSellDowntrend),",-0.1409079786383604,15,8,7
"PCDCGT0PCTChangeLT-1,,,,%%:sellDowntrend-lastDayUp-ReversalHighTail,",2.72251773861938,2,2,0
"PCTChangeGT3,,,,volBuyVolumeUpsergedLast2n3DayDown,##UPTREND:buyYearLowReversal(Confirm),",-2.289298357226218,1,0,1
"PCTChangeLT-3,year2High,,,,(Test)MayBuy-CheckChart(upTrend-lastDayDown),",0.24086564570282468,3,1,2
"PCTChangeGT5,,,,chisUpTrend-Risky-nearLow,(GLOBALFUTUP-UPTRENDMARKET)checkBuyConsolidationBreakUp-week2-highNotReachedWeek3,week2BarHighChangeGT0,",-1.1659535663193352,1,0,1
"PCTChangeLT-3,,,,VOL:buy-UpVol-3dayDown-Week2Low,##DOWNTREND:sellMonth3LowBreak,",1.673333457275628,2,2,0
"PCTChangeGT3,_HTGT1.5__LTGT1.5__HTGTPCTDayChange__LTGTPCTDayChange_,,,%%HLTF-Last2HighTail:(UPTREND)buy(DOWNTREND)sell:HighUpperTailPre-last2DayUp,",-2.94759497076301,1,0,1
"PCTChangeGT2,_HTGT3.0__HTGTPCTDayChange_,,,volumeUpsergedLast2n3n4DayDown,",-1.3290851662431966,2,0,2
"PCTChangeGT3,_HTGT3.0__HTGTPCTDayChange_,,,%%HLTF:(DOWNTREND-OR-GLOBALDOWN)maySellTail-tailGT2-2,3,4thDayGT0,##(Check-chart-sell):month3Low-InPlus,ReversalLowMonth3,chisBuyUpTrend-1-YearHigh,chisBuyUpTrend-nearLow,##RisingMA(check-chart-sell)-MaySellCheckChart,",-0.9049111069763168,1,0,1
"PCTChangeGT2,_HTGT1.5__LTGT1.5_,,,chisBuyUpTrend-1-YearHigh,chisUpTrend-Risky-nearLow,BuyYearLow,",-1.6650509139866505,1,0,1
"PCTChangeGT3,_HTGT1.5__LTGT1.5_,,,chisBuyUpTrend-nearLow,",2.378375964965977,1,1,0
"PCTChangeLT-2,,,,(GLOBALFUTDOWN-DOWNTRENDMARKET)checkSellConsolidationBreakDown-week2-lowNotReachedWeek3,week2BarLowChangeLT-5,##DOWNTREND:sellYear2HighReversal(InDownTrend),##(Check-chart-buy):YearHigh-InMinus,ReversalHighYear,",3.3503327720951104,1,1,0
"PCTChangeGT2,,,,##(Check-chart-sell):month3Low-InPlus,BreakLowMonth3,volSellReversalLast2DayUp-VolDown,",0.4793139404998448,1,1,0
"PCTChangeLT-5,_HTGT1.5__LTGT1.5_,,,zigZagVolCrossedFromUp,",-3.5615884679777428,1,0,1
"PCTChangeGT2,,,,vol-sell-DownVol-3dayUp-Week2High,##MAPositive_Uptrend(GT2),##MA-SMA200GT0SMA100GT0,",0.11247360703403066,14,7,7
"PCTChangeLT-3,,,,weekBarLowChangeLT0,brokenToday,##DOWNTREND:sellMonth3LowBreak,##last2DayLow(LT-3)-M3LLT0,",1.5561028252441889,1,1,0
"PCTChangeLT-2,,,,weekBarLowChangeLT-2,brokenToday,$$MayBuy-CheckChart(monthLow-minimumLast4DayDown),##(Check-chart-buy):YearHigh-InMinus,ReversalHighYear,",6.770647403156121,1,1,0
"PCTChangeGT2,,,,volBuyContinueLast2DayUp-VolUp,chisCheckConsolidationBreakoutLT(4.5),",-0.3858048684433403,11,3,8
"PCTChangeLT-1,,,,%%:checkSell:Super01-monthLow,checkCupDown-2dayDown-mayReversalBuy,",0.15680285197598107,1,1,0
"PCTChangeGT0.5,,,,%%:checkSell:Super2,%%:sellDowntrend-lastDayUp-ReversalHighTail,",-0.7263062838505555,1,0,1
"PCTChangeLT-1,,,,volumeUpsergedLast2n3n4DayUp,volSellContinueLast2DayDown-VolUp,##(Check-chart-buy):month3High-InMinus,ReversalHighMonth3,",-2.345451885325064,2,1,1
"PCTChangeGT2,_HTGT3.0__HTGTPCTDayChange_,,,##(Check-chart-sell):month3Low-InPlus,ReversalLowMonth3,chisUpTrend-Risky-nearLow,##RisingMA(check-chart-sell)-MaySellCheckChart,##UPTREND:buyYearLowReversal(Confirm),",4.359752375905104,1,1,0
"PCTDayChangeLT0,PCDayChange-0.5to0.5,_HTGT1.5_,,,%%:checkSell:Super-Risky,--,",1.9831210752076833,1,1,0
"PCTChangeGT1,,,,(GLOBALFUTUP-UPTRENDMARKET)checkBuyConsolidationBreakUp-week2-highNotReachedWeek3,week2BarHighChangeGT2,",-0.5731360820994804,2,1,1
"PCTChangeLT-0.5,,,,%%:check(UPTREND-UPMARKET)Buy(DOWNTRENDTREND-DOWNMARKET)Sell:Super01-monthLow,(GLOBALFUTDOWN-DOWNTRENDMARKET)checkSellConsolidationBreakDown-week2-lowNotReachedWeek3,week2BarLowChangeLT0,",-2.2706408019459454,1,0,1
"PCTChangeGT5,,,,chisBuyUpTrend-nearLow,checkBuyConsolidationBreakout-allPreLT0,",3.0417986878394467,1,1,0
"PCTChangeLT-1,_LTGT3.0_,,,volBuyVolumeUpsergedLast2n3DayUp,chisDownTrend-Risky-nearHigh,",3.77864325352361,1,1,0
"PCTChangeGT3,,,,weekBarHighChangeGT2,##MAPositive_Uptrend(GT2),##MA-SMA200GT0SMA100LT0,",-5.575758808791028,1,0,1
"PCTChangeGT2,,,,weekBarHighChangeGT0,brokenToday,chisBuyYearHigh-1,",-2.2826316990978226,2,0,2
"PCTChangeLT-1,_HTGT1.5_,,,checkCupDown-3dayDown-mayReversalBuy,volBuyRevarsalVolCrossed,##(Check-chart-buy):month3High-InMinus,ReversalHighMonth3,",-0.9900972501208862,1,0,1
"PCTChangeGT0,_LTGT1.5_,,,chisUpTrend-Risky-nearLow,##(Test)buyBottomReversal-1,",-0.6731135318756275,1,0,1
"PCTChangeGT5,_HTGT3.0__LTGT3.0__HTGTPCTDayChange__LTGTPCTDayChange_,,,zigZagVolCrossedFromDown,",-0.7334518803094922,1,0,1
"PCTChangeGT1,year2High,,,,week2BarHighChangeGT0,weekHighGTweek2High,brokenToday,",2.1393642233640584,1,1,0
"PCTChangeGT0.5,_HTGT1.5__LTGT1.5_,,,chisUpTrend-Risky-nearLow,",2.7792441860983157,3,3,0
"PCTChangeLT-2,,,,chisSellFinalCandidate-(lastDayUp),",0.3249921856178499,8,3,5
"PCTChangeGT5,year2High,,,,volumeUpsergedLast2n3n4DayDown,volBuyContinueLast2DayUp-VolUp,",3.059379754328134,5,4,1
"PCTChangeLT-5,_LTGT1.5_,,,##MANegative_Downtrend_(LT-4.5),##MA-SMA200GT0SMA100LT0,",0.6106072369117012,14,6,8
"PCTChangeLT-3,year2High,,,,volumeUpsergedLast2n3n4DayUp,volSellContinueLast2DayDown-VolUp,",-1.0734595864878664,5,3,2
"PCTChangeGT3,year2High,_HTGT1.5_,,,volumeUpsergedLast2n3n4DayDown,weekBarHighChangeGT2,brokenToday,",-0.2954209748892208,1,0,1
"PCTChangeLT-1,_LTGT1.5_,,,%%HLTF:(GLOBAL-UP)buyHighLowerTail-LastDayMarketUp,",-0.13433096122607147,2,1,1
"PCTChangeLT-5,,,,%%HLTF-Last2DayMarketDown:(GLOBAL-UP)buyHighUpperTailPre1-Reversal-LastDayMarketDown,volBuyReversalLast2DayDown-VolDown,",0.15237862723215198,1,1,0
"PCTChangeLT-2,,,,chisSellFlagWeek-Risky,checkCupDown-2dayDown,",1.1216031119331038,1,1,0
"PCTChangeGT0,PCDayChange-0.5to0.5,year2High,_LTGT1.5_,,,%%HLTF:(GLOBAL-DOWN)sellHighLowerTail-Reversal-LastDayMarketUp,",0.06398343640736881,2,1,1
"PCTChangeLT-3,_HTGT3.0_,,,##MANegative_Downtrend_(LT-2),##MA-SMA200LT0SMA100LT0,##last2DayLow(LT-3)-M3LGT0,",-1.729728080130917,1,0,1
"PCTChangeGT3,_HTGT1.5_,,,volBuyContinueLast2DayUp-VolUp,(GLOBALFUTUP-UPTRENDMARKET)checkBuyConsolidationBreakUp-week2-highNotReachedWeek3,week2BarHighChangeGT0,brokenToday,",2.6660715655446205,2,2,0
"PCDCLT0PCTChangeGT0,,,,(GLOBALFUTDOWN-DOWNTRENDMARKET)checkSellConsolidationBreakDown-week2-lowNotReachedWeek3,week2BarLowChangeLT0,",-0.804016076070029,4,1,3
"PCTChangeLT-5,_LTGT1.5_,,,##MANegative_Downtrend_(LT-2),##MA-SMA200GT0SMA100GT0,##last2DayLow(LT-3)-M3LGT0,",0.21335494893016987,1,1,0
"PCTChangeLT-1,,,,volBuyReversalLast2DayDown-VolDown,##longDownTrend-2-IndexNotDownLastDay(checkBase),",-0.8110984761447119,1,0,1
"PCTChangeLT-12,_HTGT3.0__LTGT3.0_,,,VOL:sellAboveTail-BuyAtClose:upVol3dayDownWeek2Low-highLowerTail,##MANegative_Downtrend_(LT-4.5),##MA-SMA200LT0SMA100LT0,",5.486318478105992,1,1,0
"PCTChangeGT5,year2High,_LTGT1.5_,,,zigZagVolCrossedFromDown,",1.320505625804393,1,1,0
"PCTChangeLT-2,_LTGT1.5_,,,##MANegative_Downtrend_(LT-2),##MA-SMA200GT0SMA100LT0,##DOWNTREND:sellMonth3LowBreak,",0.06025548413538613,1,1,0
"PCTChangeLT-1,_LTGT3.0_,,,chisSell-smallUptrendReversal,%%HLTF:(GLOBAL-DOWN)sellHighLowerTail-Reversal-LastDayMarketUp,",2.112795329038497,1,1,0
"PCTChangeGT2,,,,##(Check-chart-sell):month3Low-InPlus,ReversalLowMonth3,chisBuyUpTrend-1-YearHigh,chisUpTrend-Risky-nearLow,chisSell-2week-breakoutup,",-1.1170860497860755,1,0,1
"PCTChangeLT-2,_HTGT1.5_,,,(GLOBALFUTDOWN-DOWNTRENDMARKET)checkSellConsolidationBreakDown-week2-lowNotReachedWeek3,week2BarLowChangeLT0,##DOWNTREND:sellMonth3HighReversal(InDownTrend),##(Check-chart-buy):month3High-InMinus,ReversalHighMonth3,",-3.7872238727124654,1,0,1
"PCTChangeLT-1,_HTGT1.5__HTGTPCTDayChange_,,,%%:buyDownTrend-month3Low,",7.5433563173793585,1,1,0
"PCTDayChangeLT0,year2High,_HTGT1.5_,,,%%HLTF-Last2HighTail:(DOWNTREND)sellHighUpperTailPre,%%HLTF:(UPTREND-MorningTrend-UP)mayBuyTail-highTailGT2-7,10thDayGT10-Last2DayStockDown,",-0.29764512586201497,1,0,1
"PCDCGT0PCTChangeLT-1,_HTGT3.0_,,,%%HLTF-Last2HighTail:(DOWNTREND)sellHighUpperTailPre-1,",8.603542427118514,1,1,0
"PCTChangeLT-5,,,,checkCupDown-2dayDown,VOL:buy-DownVol-3dayDown-Week2High,",-2.4940483628725194,1,0,1
"PCTChangeGT3,,,,shortUpTrendSellReversal-MonthHigh,weekBarHighChangeGT2,##MAPositive_Uptrend(GT2),##MA-SMA200LT0SMA100GT0,",-1.7767833925891687,1,0,1
"PCDCGT0PCTDayChangeLT0,_HTGT3.0__HTGTPCTDayChange_,,,$$MaySell-CheckChart-baseLine(inDownTrend-monthHigh)-MLCGT10,",0.37168792893324487,1,1,0
"PCTChangeLT-8,_HTGT3.0_,,,chisBuyDayLowVolLow-0,",-0.3912362973868547,1,0,1
"PCTChangeLT-2,,,,(GLOBALFUTDOWN-DOWNTRENDMARKET)checkSellConsolidationBreakDown-week2-lowNotReachedWeek3,week2BarLowChangeLT0,chisDownTrend-Risky-nearHigh,##(Check-chart-buy):month3High-InMinus,ReversalHighMonth3,##(check-chart)maySell-EMA6-MT-May-LT-EMA14,",0.24704665484984933,2,1,1
"PCTChangeLT-1,year2High,_HTGT1.5_,,,%%HLTF-Last2HighTail:(DOWNTREND)sell(UPTREND)buy:HighUpperTailPre,",0.5268856911871381,1,1,0
"PCTChangeGT3,_HTGT1.5_,,,(Test)MaySell-CheckChart(downTrend-lastDayUp),",-2.6357338700217277,2,0,2
"PCTChangeGT5,_HTGT1.5__LTGT1.5_,,,chisUpTrend-Risky-nearLow,",4.032183501311634,3,3,0
"PCTChangeGT3,_LTGT1.5_,,,chisBuyUpTrend-nearLow,##UPTREND:buyMonth6LowReversal(Confirm),##last2DayHighGT3-M3HLT0,",-6.459948405315233,1,0,1
"PCTChangeGT2,_HTGT1.5_,,,weekBarHighChangeGT2,brokenToday,",2.6738646227348473,3,1,2
"PCTChangeLT-2,,,,volSellContinueLast2DayDown-VolUp,##longDownTrend-2-IndexNotDownLastDay(checkBase),##ML:buyRisingMA-down-Risky,",-3.068857252952377,1,0,1
"PCTChangeLT-12,_HTGT1.5__LTGT1.5_,,,volumeUpsergedLast2n3n4DayUp,##MANegative_Downtrend_(LT-4.5),##MA-SMA200LT0SMA100LT0,",-0.03980527306581331,1,0,1
"PCTChangeLT-16,year2Low,_LTGT1.5_,,,volumeUpsergedLast2n3n4DayUp,volSellContinueLast2DayDown-VolUp,",0.0,1,0,0
"PCTChangeLT-3,,,,weekBarLowChangeLT-2,chisDownTrend-Risky-nearHigh,##DOWNTREND:sellYear2HighReversal(InDownTrend),##(Check-chart-buy):YearHigh-InMinus,ReversalHighYear,",-1.3241863433312102,1,0,1
"PCTChangeGT3,,,,volSellVolumeUpsergedLast2n3DayDown,chisCheckConsolidationBreakoutLT(4.5),weekBarHighChangeGT0,brokenToday,",0.25851924127925996,2,1,1
"PCTChangeLT-2,_HTGT1.5__HTGTPCTDayChange_,,,##(Check-chart-buy):YearHigh-InMinus,NearHighYear,",0.45541556777468334,1,1,0
"PCTChangeLT-1,_HTGT1.5__LTGT1.5_,,,chisDownTrend-Risky-nearHigh,##(Check-chart-buy):YearHigh-InMinus,ReversalHighYear,",6.293706293706294,1,1,0
"PCTChangeLT-5,year2Low,_HTGT3.0__LTGT1.5_,,,chisBuyDayLowVolLow-01,",3.6182176801862616,1,1,0
"PCDCLT0PCTChangeGT0,PCDayChange-0.5to0.5,,,,##(Test)(check-chart)-buySMAUpTrend,",0.05898641933579435,21,10,11
"PCTChangeLT-2,,,,chisSellDownTrend-nearHigh,##(Check-chart-buy):YearHigh-InMinus,NearHighYear,",0.09369472241621887,30,17,13
"PCTChangeGT3,,,,vol-sell-DownVol-3dayUp-Week2High,##last2DayHighGT3-M3HLT0,",-3.6237786467579056,2,0,2
"PCDCGT0PCTDayChangeLT0,PCDayChange-0.5to0.5,_HTGT1.5_,,,chisSellFlag2Week-doji-Risky,chisBuyYearHigh-3,",-1.030677813470598,1,0,1
"PCTChangeLT-2,,,,volBuyReversalLast2DayDown-VolDown,weekBarLowChangeLT-2,brokenToday,",-0.5799687139813305,2,1,1
"PCTChangeLT-1,,,,checkCupDown-2dayDown,",-1.0556466023036855,8,2,6
"PCTChangeLT-2,,,,volBuyReversalLast2DayDown-VolDown,(GLOBALFUTDOWN-DOWNTRENDMARKET)checkSellConsolidationBreakDown-week2-lowNotReachedWeek3,week2BarLowChangeLT0,chisDownTrend-Risky-nearHigh,##(Check-chart-buy):YearHigh-InMinus,ReversalHighYear,##(check-chart)maySell-EMA6-MT-May-LT-EMA14,",-2.992934829803812,1,0,1
"PCTChangeGT3,,,,volSellVolumeUpsergedLast2n3DayDown,volBuyContinueLast2DayUp-VolUp,chisCheckConsolidationBreakout2WeekLT(4.5),weekBarHighChangeGT2,brokenToday,",-1.1633344763347528,1,0,1
"PCTChangeGT0,_HTGT1.5__LTGT1.5__HTGTPCTDayChange_,,,buyYearHigh-0,",0.17093756260015086,1,1,0
"PCTChangeLT-0.5,PCDayChange-0.5to0.5,_LTGT3.0_,,,%%HLTF:(GLOBAL-UP)buyHighLowerTail-LastDayMarketUp,",-1.3110846245530385,1,0,1
"PCTChangeGT2,PCDayChange-0.5to0.5,_LTGT1.5_,,,chisSellFlag2Week-doji-Risky,",2.8183215828109143,1,1,0
"PCTChangeGT1,_LTGT1.5_,,,%%HLTF:(SGXNIFTYUP)buyHighLowerTail-Continue,buyPatternsML,buyPattern-GT1.5-SMAGT0,(SMA9GT0),",7.384260873945933,1,1,0
"PCTChangeGT1,_HTGT1.5__HTGTPCTDayChange_,,,%%HLTF-Last2HighTail:(UPTREND)buy(DOWNTREND)sell:HighUpperTailPre-last2DayUp,(Test)MaySellCheckChart-last3DayUp,$$MaySell-CheckChart(monthHigh-minimumLast4DayUp),",4.6635238724393915,1,1,0
"PCTChangeLT-16,_LTGT3.0_,,,volSellContinueLast2DayDown-VolUp,##MANegative_Downtrend_(LT-4.5),##MA-SMA200LT0SMA100LT0,",-3.0625174065815135,2,1,1
"PCTChangeLT-1,_HTGT3.0__LTGT1.5_,,,mayBuyFromSellPattern-GT1.8,",2.666749337323797,1,1,0
"PCTChangeGT3,_LTGT1.5_,,,chisBuyUpTrend-nearLow,##UPTREND:buyYear2LowReversal(Confirm),",3.026825298309909,2,2,0
"PCTChangeGT2,,,,chisCheckConsolidationBreakoutLT(4.5),##(Check-chart)ML:buyMonth3High-Continue,",0.8931846360109205,2,2,0
"PCTChangeLT-8,_LTGT1.5_,,,zigZagVolCrossedFromUp,",-0.7583312988281338,1,0,1
"PCTChangeGT3,year2High,_LTGT1.5_,,,%%:sellUpTrend-month3High,",-0.9802063762998986,2,0,2
"PCDCLT0PCTChangeGT1,_LTGT1.5_,,,(Test)MayBuy-CheckChart(upTrend-lastDayDown),##MA-SMA200LT0SMA100LT0,",-3.2242962133104487,1,0,1
"PCTChangeGT3,,,,chisCheckConsolidationBreakout2WeekLT(4.5),weekBarHighChangeGT2,",-0.35979035717058605,4,1,3
"PCTChangeGT3,,,,##MAPositive_Uptrend(GT4.5),##MA-SMA200GT0SMA100GT0,",0.6919051730519601,40,24,16
"PCTChangeGT8,,,,%%ACU:buyContinueLast2DayHighGT4,VOL:sell-DownVol-3dayUp-Week2Low,##last2DayHighGT3-M3HLT0,",-9.234125046502976,1,0,1
"PCTChangeGT1,_HTGT1.5_,,,%%HLTF-Last2HighTail:(UPTREND)buy(DOWNTREND)sell:HighUpperTailPre-last2DayUp,chisSellEveningStar-2(Check2-3MidCapCross),",-0.4236800851273343,3,1,2
"PCTChangeLT-1,PCDayChange-0.5to0.5,_HTGT1.5__LTGT1.5_,,,##MA-SMA200GT0SMA100GT0,",0.040241811961121726,1,1,0
"PCTChangeGT0,,,,%%:checkSell:Super2,%%:sellDowntrend-lastDayUp-ReversalHighTail,",0.4211143591759856,1,1,0
"PCTChangeGT8,,,,volSellReversalLast2DayUp-VolDown,",0.0,1,0,0
"PCTChangeGT3,,,,chisUpTrend-Risky-nearLow,(GLOBALFUTUP-UPTRENDMARKET)checkBuyConsolidationBreakUp-week2-highNotReachedWeek3,week2BarHighChangeGT0,brokenToday,",1.1420913012924134,2,1,1
"PCTChangeLT-2,,,,VOL:sell(GLOBALFUTUP-GLOBALMARKETUP)Buy-UpVol-3dayDown-Week2High,##(Check-chart-sell)Month3Low-Continue(InUpTrend),ReversalLowMonth3,",0.33580239880576346,4,2,2
"PCTChangeLT-2,_HTGT3.0__HTGTPCTDayChange_,,,%%HLTF-Last2HighTail:(DOWNTREND)sellHighUpperTailPre,%%HLTF:(UPTREND-MorningTrend-UP)mayBuyTail-highTailGT2-7,10thDayGT10-Last2DayStockDown,chisSellUpTrend-highTail,##ML:BuyRisingMA-Risky-0,",3.2411115442811353,1,1,0
"PCDCGT0PCTDayChangeLT0,PCDayChange-0.5to0.5,_HTGT1.5__LTGT3.0_,,,chisBuyYearHigh-3,",1.3552425738841858,1,1,0
"PCTChangeLT-1,_HTGT1.5__LTGT3.0__HTGTPCTDayChange__LTGTPCTDayChange_,,,%%HLTF:(GLOBAL-UP)buyHighLowerTail-LastDayMarketUp,chisSellDownTrend-nearHigh,",-0.12370479058926422,1,0,1
"PCTChangeGT3,_LTGT1.5_,,,chisSelldowntrendReversalMayFail,",-1.122988734898267,3,1,2
"PCTChangeGT0.5,,,,chisBuyYearHigh-1,",-0.23905827816490074,74,31,43
"PCTChangeLT-3,_HTGT1.5__HTGTPCTDayChange__LTGTPCTDayChange_,,,%%HLTF-Last2HighTail:(DOWNTREND)sellHighUpperTailPre,",-6.7542376760910114,1,0,1
"PCTChangeGT0,_HTGT1.5__HTGTPCTDayChange_,,,%%HLTF-Risky9:30:maySellTail-tailGT2-7,10thDayGT15,(Test)(check-chart-2-3MidCapCross)MaySellCheckChart-Risky,##RisingMA(check-chart-sell)-MaySellCheckChart,",-4.319873503891207,1,0,1
"PCTChangeLT-2,,,,volSellContinueLast2DayDown-VolUp,(GLOBALFUTDOWN-DOWNTRENDMARKET)checkSellConsolidationBreakDown-week2-lowNotReachedWeek3,week2BarLowChangeLT-2,weekLowLTweek2Low,##(Check-chart-buy):month3High-InMinus,ReversalHighMonth3,",-2.3482343263564567,1,0,1
"PCTChangeLT-1,_LTGT1.5_,,,##(Check-chart-sell)Month3Low-Continue(InUpTrend),ReversalLowMonth3,",-3.2438151079781488,1,0,1
"PCTDayChangeLT0,PCDayChange-0.5to0.5,_HTGT1.5_,,,%%HLTF-Last2HighTail:(DOWNTREND)sell(UPTREND)buy:HighUpperTailPre,chisBuyYearHigh-3,",-2.482302685088158,1,0,1
"PCTChangeLT-3,_LTGT1.5_,,,%%:checkSell:Super01-monthLow,",2.7816058262377386,6,5,1
"PCDCLT0PCTChangeGT1,_HTGT3.0__HTGTPCTDayChange__LTGTPCTDayChange_,,,%%HLTF:maySellTail-tailGT2-allDayGT0,",-2.877674329977311,1,0,1
"PCTChangeLT-8,year2High,_HTGT3.0__LTGT1.5_,,,(GLOBAL-DOWN)maySellContinueHighVolatileLastDayDOWN-PCT10GT0-(LT-8),",4.152512993326421,1,1,0
"PCTChangeGT3,,,,chisUpTrend-Risky-nearLow,##(Test)buyBottomReversal-1,##last2DayHighGT3-M3HLT0,",-1.173351603240635,1,0,1
"PCDCLT0PCTChangeGT0,PCDayChange-0.5to0.5,,,,(SMA9GT0),mayBuyFromSellPattern-GT1.8,",-0.6461982301787005,2,1,1
"PCTChangeGT1,_HTGT1.5__LTGT1.5__HTGTPCTDayChange__LTGTPCTDayChange_,,,shortUpTrendBuyContinue-Doji-Last2DayGTToday,",-1.218184037642047,1,0,1
"PCTChangeGT1,PCDayChange-0.5to0.5,,,,chisSellDowningMA-(check5MinuteDownTrendAndSellDowntrend)-Already10DayDown,",-0.6468779178604448,18,6,12
"PCTChangeLT-2,,,,%%:checkSell:Flag2Week,volSellContinueLast2DayDown-VolUp,##(Check-chart-sell)Month3Low-Continue(InUpTrend),ReversalLowMonth3,",-1.9911504424778694,1,0,1
"PCTChangeGT2,_HTGT3.0__HTGTPCTDayChange_,,,chisBuyUpTrend-1-YearHigh,chisCheckConsolidationBreakoutLT(4.5),(GLOBALFUTUP-UPTRENDMARKET)checkBuyConsolidationBreakUp-week2-highNotReachedWeek3,week2BarHighChangeGT2,",-1.0639656054992073,1,0,1
"PCTChangeLT-3,,,,chisBuyFinalContinue-1,sellFinal1,",-1.2333333889457132,1,0,1
"PCTChangeLT-0.5,_LTGT3.0_,,,%%HLTF:(GLOBAL-DOWN)sellHighLowerTail-Reversal-LastDayMarketUp,",-0.6238742113174937,17,7,10
"PCTChangeGT0,PCDayChange-0.5to0.5,,,,chisBuyYearHigh-3,",-0.00708531819749051,733,340,392
"PCTChangeGT1,year2High,_HTGT3.0__HTGTPCTDayChange_,,,%%HLTF-Last2HighTail:(UPTREND)buy(DOWNTREND)sell:HighUpperTailPre-last2DayUp,%%HLTF:(DOWNTREND-OR-GLOBALDOWN)maySellTail-tailGT2-2,3,4thDayGT0,",2.1336462980907855,1,1,0
"PCTChangeGT5,year2High,_HTGT3.0_,,,weekBarHighChangeGT2,brokenToday,",-1.3669644226017,1,0,1
"PCTDayChangeLT0,PCDayChange-0.5to0.5,_HTGT1.5__LTGT1.5_,,,shortDownTrendBuyReversal-MonthLow-Doji-Last2DayLTToday,",-0.2572822322059662,4,1,3
"PCTChangeLT-2,,,,volumeUpsergedLast2n3n4DayUp,volSellContinueLast2DayDown-VolUp,##ML:buyRisingMA-down-Risky,",0.30024489736785787,3,1,2
"PCTChangeLT-2,,,,checkCupDown-inDownTrend-month3HighLTmonth3Low,bar_low,chisSellUpTrend-Risky-2,##DOWNTREND:sellMonth6High(InDownTrend),",1.5233016136921655,1,1,0
"PCTChangeLT-1,PCDayChange-0.5to0.5,_HTGT1.5__LTGT1.5_,,,shortDownTrendBuyReversal-MonthLow-Doji-Last2DayLTToday,",-1.1212121212121295,1,0,1
"PCTChangeLT-3,_LTGT1.5_,,,VOL:buy-UpVol-3dayDown-Week2Low,",-0.337874189784055,3,1,2
"PCTChangeGT1,_HTGT1.5__LTGT3.0__HTGTPCTDayChange__LTGTPCTDayChange_,,,%%HLTF:(SGXNIFTYUP)buyHighLowerTail-Continue,",0.7409089531453006,2,1,1
"PCTChangeLT-2,,,,##DOWNTREND:sellMonth6High(InDownTrend),##(Check-chart-buy):month3High-InMinus,BreakHighMonth3,",0.483870967741946,1,1,0
"PCTChangeLT-2,,,,(GLOBALFUTDOWN-DOWNTRENDMARKET)checkSellConsolidationBreakDown-week2-lowNotReachedWeek3,week2BarLowChangeLT0,##DOWNTREND:sellYear2HighReversal(InDownTrend),##(Check-chart-buy):month3High-InMinus,ReversalHighMonth3,",0.28045568790880404,14,7,7
"PCDCGT0PCTDayChangeLT0,PCDayChange-0.5to0.5,_HTGT3.0_,,,%%:checkSell:Super0,%%:sellDowntrend-lastDayUp-ReversalHighTail,",-2.06106637270396,1,0,1
"PCTChangeLT-3,year2High,_HTGT3.0_,,,%%HLTF:maySellTail-tailGT2-allDayGT0,##sellTenDaysMoreThanTen,",0.5080550666666978,3,1,2
"PCTChangeLT-0.5,year2High,_LTGT1.5_,,,volBuyReversalLast2DayDown-VolDown,",1.4320019531249977,1,1,0
"PCTChangeGT0.5,,,,(GLOBALFUTUP-UPTRENDMARKET)checkBuyConsolidationBreakUp-week2-highNotReachedWeek3,week2BarHighChangeGT0,",2.1798068687113754,5,4,1
"PCTChangeLT-0.5,PCDayChange-0.5to0.5,_HTGT1.5_,,,shortDownTrendBuyReversal-Month3Low-Doji-Last2DayLTToday,",-1.7270116947853675,1,0,1
"PCTChangeGT5,_HTGT3.0_,,,VOL:buyBelowTail-SellAtClose:upVol3dayUpWeek2High-highUpperTail,",-3.525011829066009,1,0,1
"PCTChangeGT2,,,,(GLOBALFUTUP-UPTRENDMARKET)checkBuyConsolidationBreakUp-month,weekBarHighChangeGT0,",-0.4320131762665708,1,0,1
"PCDCGT0PCTDayChangeLT0,,,,MaySellCheckChart-(|_|`|),",0.5759919740935195,5,4,1
"PCTChangeGT1,_HTGT1.5__HTGTPCTDayChange_,,,chisUpTrend-Risky-nearLow,",0.06042872875594532,16,7,9
"PCTChangeGT3,,,,chisBuyConsolidationBreakUp-2week-(Risky)-year2High,week2BarHighChangeGT2,weekHighGTweek2High,",-1.2884008951706938,4,1,3
"PCTChangeGT3,,,,VOL:sell-UpVol-3dayUp-Week2High,buyPatternsML,buyPattern-GT1.5-SMAGT0,(SMA9GT0),",1.610318090767119,1,1,0
"PCTChangeLT-5,year2Low,,,,##last3DayLow(LT-3)-M3LLT0,",3.3363362464686532,1,1,0
"PCTChangeLT-3,year2High,_HTGT1.5__LTGT1.5_,,,checkCupDown-2dayDown-mayReversalBuy,",2.582568458548226,1,1,0
"PCTChangeLT-5,_HTGT1.5__LTGT1.5_,,,##MANegative_Downtrend_(LT-4.5),##MA-SMA200LT0SMA100LT0,##(Test)(Check-chart):yearLow-InMinus,",-3.5512836162860517,1,0,1
"PCTChangeLT-5,_LTGT1.5_,,,VOL:buy-UpVol-3dayDown-Week2Low,##MANegative_Downtrend_(LT-4.5),##MA-SMA200GT0SMA100LT0,",2.9598036288634204,1,1,0
"PCTChangeLT-3,,,,##MANegative_Downtrend_(LT-2),##MA-SMA200LT0SMA100LT0,##last2DayLow(LT-3)-M3LGT0,",-2.214869915639322,10,1,9
"PCTChangeLT-1,_HTGT3.0_,,,%%HLTF:maySellTail-tailGT2-allDayGT0,",-0.12055564999264236,1,0,1
"PCTChangeLT-3,_LTGT3.0_,,,##MAPositive_Uptrend(LT-2),##MA-SMA200GT0SMA100GT0,",1.8291657103092298,1,1,0
"PCTChangeGT2,_LTGT3.0_,,,volSellVolumeUpsergedLast2n3DayDown,(GLOBALFUTUP-UPTRENDMARKET)checkBuyConsolidationBreakUp-week2-highNotReachedWeek3,week2BarHighChangeGT0,##buyTenDaysLessThanMinusTen,",-3.0886106853243818,1,0,1
"PCTChangeGT1,_HTGT1.5__HTGTPCTDayChange_,,,%%HLTF:(GLOBAL-SGX-DOWN)maySellTail-2,3,4thDayGT0,(Test)MaySell-CheckChart(downTrend-lastDayUp),",1.786166060013827,1,1,0
"PCTChangeLT-2,,,,chisFinalBreakOutSell-0,##(Check-chart-buy):month3High-InMinus,NearHighMonth3,##ML:BuyRisingMA-Risky-0,",1.1647203600566378,1,1,0
"PCTChangeLT-2,,,,chisSellFlagWeek-Risky,checkCupDown-2dayDown,volBuyReversalLast2DayDown-VolDown,",0.7055647553520624,1,1,0
"PCTChangeLT-3,,,,##(Check-chart-buy):month6High-InMinus,NearHighMonth6,",-1.3467439881587748,5,1,4
"PCTChangeLT-1,year2High,,,,checkCupDown-3dayDown,volSellContinueLast2DayDown-VolUp,",-0.034592730623600465,2,1,1
"PCTChangeGT1,,,,$$(UPTREND-OR-GLOBALUP)MayBuy-CheckChart-baseLine(inuptrend-monthlow)-MHCLT(-10),",-1.4197228125551669,4,0,4
"PCTChangeLT-2,_LTGT3.0_,,,(GLOBALFUTDOWN-DOWNTRENDMARKET)checkSellConsolidationBreakDown-week2-lowNotReachedWeek3,week2BarLowChangeLT-2,$$MayBuy-CheckChart-baseLine(inuptrend-monthlow)-PCTDayChangeLT0,",-3.0119033086867435,1,0,1
"PCTChangeLT-2,,,,checkCupDown-near2WeekDown-mayReveresalBuy,(GLOBALFUTDOWN-DOWNTRENDMARKET)checkSellConsolidationBreakDown-week2-lowNotReachedWeek3,week2BarLowChangeLT0,weekLowLTweek2Low,",1.4808091363964777,3,2,1
"PCTChangeLT-2,_HTGT1.5_,,,volSellContinueLast2DayDown-VolUp,(GLOBALFUTDOWN-DOWNTRENDMARKET)checkSellConsolidationBreakDown-week2-lowNotReachedWeek3,week2BarLowChangeLT-2,chisDownTrend-Risky-nearHigh,##(Check-chart-buy):YearHigh-InMinus,ReversalHighYear,",-3.163495119913928,2,0,2
"PCTChangeLT-5,_HTGT1.5__LTGT1.5_,,,volSellContinueLast2DayDown-VolUp,",-4.023706694463871,2,1,1
"PCTChangeGT3,,,,##(Check-chart-sell):month3Low-InPlus,ReversalLowMonth3,chisBuyUpTrend-nearLow,chis-breakoutup-2week,##UPTREND:buyMonth3LowReversal(Confirm),",2.8972408314442966,1,1,0
"PCTChangeGT12,_HTGT3.0__LTGT3.0_,,,%%HLTF-Risky:(GLOBAL-DOWN)sellHighLowerTail-Reversal-LastDayMarketUp,chisUpTrend-Risky-nearLow,",-1.7033000568767258,1,0,1
"PCTChangeLT-2,_LTGT1.5_,,,checkCupDown-near2WeekDown-mayReveresalBuy,##(Check-chart-buy):month3High-InMinus,ReversalHighMonth3,",-1.044074781966085,1,0,1
"PCTChangeLT-1,PCDayChange-0.5to0.5,_HTGT1.5_,,,%%HLTF-Last2HighTail:(DOWNTREND)sellHighUpperTailPre,chisBuyYearHigh-3,",-0.6168114862327337,3,0,3
"PCTChangeLT-3,,,,checkCupDown-2dayDown,chisBuyFinalContinue-2,",-2.2022444478581376,1,0,1
"PCTChangeGT3,year2High,,,,%%:sellUpTrend-month3High,chisCheckConsolidationBreakout2WeekLT(4.5),",-1.0539503864256528,1,0,1
"PCTChangeLT-2,_HTGT1.5__LTGT3.0__HTGTPCTDayChange__LTGTPCTDayChange_,,,%%HLTF:(GLOBAL-UP)buyHighLowerTail-StockInUptrend,chisDownTrend-Risky-nearHigh,",0.2542778751723993,1,1,0
"PCTChangeGT2,,,,chisBuyFinalCandidate-(lastDayUp),buyFinal,",0.66812485599486,1,1,0
"PCTChangeLT-1,_LTGT1.5_,,,volBuyReversalLast2DayDown-VolDown,",0.6385240800118238,9,5,4
"PCTChangeLT-1,_LTGT3.0_,,,(GLOBALFUTDOWN-DOWNTRENDMARKET)checkSellConsolidationBreakDown-week2-lowNotReachedWeek3,week2BarLowChangeLT-2,",3.6018986272585902,1,1,0
"PCTChangeGT0.5,PCDayChange-0.5to0.5,_LTGT1.5_,,,(SMA9GT0),",0.1360854747726815,3,2,1
"PCTChangeGT8,_HTGT3.0__LTGT3.0__LTGTPCTDayChange_,,,chisSellYear2LowLT-40-last3DayDown(triggerAfter-9:15),",4.15878428125553,1,1,0
"PCTChangeGT0,PCDayChange-0.5to0.5,year2High,_HTGT3.0__LTGT1.5_,,,%%HLTF-Last2HighTail:(UPTREND)buy(DOWNTREND)sell:HighUpperTailPre-last2DayUp,",-1.2379496861921508,1,0,1
"PCTChangeLT-1,_HTGT1.5_,,,volBuyReversalLast2DayDown-VolUp,##(Check-chart-buy):month3High-InMinus,NearHighMonth3,",0.9909896163253067,1,1,0
"PCTChangeGT5,_HTGT1.5_,,,weekBarHighChangeGT2,brokenToday,",-0.5153749888946115,5,2,3
"PCTChangeLT-1,year2High,,,,volBuyReversalLast2DayDown-VolDown,chisSellUpTrend-Risky-2,",-0.32320025746256725,3,1,2
"PCTChangeLT-2,,,,##MANegative_Downtrend_(LT-2),##MA-SMA200GT0SMA100LT0,##DOWNTREND:sellMonth3LowBreak,",-0.8855266180947189,6,2,4
"PCTChangeLT-2,,,,chisDownTrend-Risky-nearHigh,##(Check-chart-buy):YearHigh-InMinus,ReversalHighYear,",-0.6369721477034304,82,25,57
"PCTChangeLT-2,,,,volBuyReversalLast2DayDown-VolDown,(GLOBALFUTDOWN-DOWNTRENDMARKET)checkSellConsolidationBreakDown-week2-lowNotReachedWeek3,week2BarLowChangeLT0,weekLowLTweek2Low,##(Check-chart-buy):YearHigh-InMinus,ReversalHighYear,",-3.831228910477305,1,0,1
"PCTChangeLT-3,year2High,,,,##last2DayLow(LT-3)-M3LGT0,chisSellDayLowVolLow-02-checkMorningTrend(.5SL),",5.56545300065003,1,1,0
"PCTChangeLT-1,,,,checkSellConsolidationBreakDown-2week,week2BarLowChangeLT0,(SMA9LT0),",0.6359222216752702,1,1,0
"PCDCGT0PCTDayChangeLT0,PCDayChange-0.5to0.5,_HTGT3.0__LTGT3.0_,,,%%HLTF-Last2LowTail:(DOWNTREND)sellHighLowerTailPre-1,##MANegative_Downtrend_(GT0),##MA-SMA200GT0SMA100LT0,",0.055957561753774185,1,1,0
"PCTChangeLT-3,_LTGT3.0_,,,%%HLTF:(GLOBAL-DOWN)sellHighLowerTail-Reversal-LastDayMarketUp,chisSellDownTrend-nearHigh,##(Check-chart-buy):month6High-InMinus,NearHighMonth6,",-2.262690177875503,1,0,1
"PCDCLT0PCTChangeGT1,PCDayChange-0.5to0.5,year2High,,,,##(Test)(check-chart)-buySMAUpTrend,",-1.5602076056557816,1,0,1
"PCTChangeLT-0.5,_HTGT1.5__HTGTPCTDayChange_,,,chisDownTrend-Risky-nearHigh,",-0.06898501927321633,22,11,11
"PCTChangeLT-1,PCDayChange-0.5to0.5,_LTGT1.5_,,,chisBuyYearHigh-1,",-0.38461697710626935,2,1,1
"PCTChangeLT-3,_HTGT1.5__HTGTPCTDayChange_,,,%%checkCupDown-2dayDown-continue,chisDownTrend-Risky-nearHigh,##DOWNTREND:sellYearHigh(InDownTrend),##(Check-chart-buy):month3High-InMinus,NearHighMonth3,",-3.369704683674448,1,0,1
"PCTChangeGT2,,,,weekBarHighChangeGT2,##MAPositive_Uptrend(GT2),##MA-SMA200GT0SMA100GT0,",-0.041534895848059694,3,2,1
"PCTChangeGT3,_HTGT1.5_,,,%%HLTF-Last2HighTail:(UPTREND)buy(DOWNTREND)sell:HighUpperTailPre-last2DayUp,%%HLTF:maySellTail-tailGT2-7,10thDayGT20,%%:sellUpTrend-month3High,##MAPositive_Uptrend(GT2),##MA-SMA200GT0SMA100GT0,",4.427332441352609,1,1,0
"PCTChangeLT-2,,,,(GLOBALFUTDOWN-DOWNTRENDMARKET)checkSellConsolidationBreakDown-month,weekBarLowChangeLT-2,",1.4554511473933252,8,5,3
"PCDCLT0PCTChangeGT1,PCDayChange-0.5to0.5,year2High,_HTGT1.5__LTGT3.0_,,,%%HLTF:(GLOBAL-DOWN)sellHighLowerTail-Reversal-LastDayMarketUp,",-1.3574617223877161,1,0,1
"PCTChangeGT1,_HTGT1.5__HTGTPCTDayChange_,,,%%HLTF:(GLOBAL-SGX-DOWN)maySellTail-2,3,4thDayGT0,chisUpTrend-Risky-nearLow,",0.31940888163522835,9,6,3
"PCTChangeLT-5,_LTGT1.5_,,,chisDownTrend-Risky-nearHigh,##(check-chart)buyEMA6<EMA14,",1.4321218590031046,1,1,0
"PCTChangeLT-0.5,_HTGT1.5_,,,%%HLTF-LastDayUp:(DOWNTREND-OR-GLOBALDOWN)MaySellHighTail-LastDayMarketUp,shortDownTrendSellContinue-Doji-Last2DayLTToday,",1.0769230769230769,1,1,0
"PCTChangeGT1,,,,chisUpTrend-Risky-nearLow,weekBarHighChangeGT0,brokenToday,##UPTREND:buyYear2LowReversal(Confirm),",1.0037545753172086,1,1,0
"PCTChangeLT-1,,,,chisSell:Super03-monthLow,volBuyReversalLast2DayDown-VolUp,",2.5663460954008737,2,1,1
"PCTChangeLT-3,,,,chisDownTrend-Risky-nearHigh,##DOWNTREND:sellMonth6HighReversal(InDownTrend),",-1.2857164655412947,1,0,1
"PCDCGT0PCTDayChangeLT0,_HTGT3.0__LTGT1.5__HTGTPCTDayChange__LTGTPCTDayChange_,,,volSellRevarsalVolCrossed,",-2.5961538461538467,1,0,1
"PCTChangeLT-2,,,,VOL:buy-DownVol-3dayDown-Week2High,##DOWNTREND:sellYearHigh(InDownTrend),##(Check-chart-buy):month3High-InMinus,BreakHighMonth3,",-3.5352113395671694,1,0,1
"PCTChangeLT-1,_LTGT3.0_,,,%%HLTF:(GLOBAL-DOWN)sellHighLowerTail-Reversal-LastDayMarketUp,volBuyReversalLast2DayDown-VolDown,##(Check-chart-buy):month3High-InMinus,BreakHighMonth3,",-3.205128205128199,1,0,1
"PCTChangeLT-3,year2High,_HTGT1.5_,,,chisSellUpTrend-highTail,",0.46221923828125416,1,1,0
"PCTChangeGT1,_LTGT1.5_,,,volSellRevarsalVolCrossed,",0.6735531174339302,2,1,1
"PCTChangeGT3,year2Low,_HTGT1.5__LTGT1.5_,,,chisSellYear2LowLT-40-last4DayDown(triggerAfter-9:15),",1.7948364240088708,1,1,0
"PCTChangeGT2,,,,zigZagVolCrossedFromDown,##(Check-chart)ML:buyMonth3High-Continue,",-2.0390536809377258,1,0,1
"PCTChangeGT1,_HTGT3.0__LTGT1.5_,,,%%HLTF-Last2HighTail:(UPTREND)buy(DOWNTREND)sell:HighUpperTailPre-last2DayUp,",0.4024285853764433,3,2,1
"PCTChangeGT3,_HTGT1.5_,,,##MAPositive_Uptrend(GT2),##MA-SMA200GT0SMA100GT0,##last3DayHighGT3-M3HLT0,",-2.446811757189157,1,0,1
"PCTChangeGT1,_LTGT3.0_,,,volBuyContinueLast2DayUp-VolUp,",5.03662109375,1,1,0
"PCTChangeGT2,,,,volumeUpsergedLast2n3n4DayDown,chisSell-2week-breakoutup,",-0.6252263803565233,2,1,1
"PCTChangeGT2,,,,volumeUpsergedLast2n3n4DayDown,##(Check-chart):year2High-InPlus,",-1.481425557819716,2,0,2
"PCTChangeLT-1,_LTGT1.5_,,,zigZagVolCrossedFromUp,",0.3109749649244826,4,2,2
"PCTChangeLT-2,,,,volBuyReversalLast2DayDown-VolDown,chisBuyFinalContinue-3,##(Check-chart-sell)Month3Low-Continue(InUpTrend),ReversalLowMonth3,",0.04059374735706484,1,1,0
"PCTDayChangeLT0,_HTGT1.5__HTGTPCTDayChange_,,,%%:checkBuyRevarsalLast3DayDownAtMonth3High,",-5.353589477210749,1,0,1
"PCTChangeLT-3,_LTGT3.0_,,,chisDownTrend-Risky-nearHigh,##DOWNTREND:sellYear2HighReversal(InDownTrend),##last2DayLow(LT-3)-M3LGT0,chisBuyDayLowVolLow,",-4.488450859246082,1,0,1
"PCTChangeGT0.5,year2High,_LTGT3.0_,,,%%HLTF-Last2DayMarketUp:(GLOBAL-DOWN)sellHighLowerTail-Reversal-LastDayMarketUp,",-1.8389163553288075,1,0,1
"PCTChangeGT1,PCDayChange-0.5to0.5,year2High,,,,shortUpTrendSellReversal-MonthHigh,",-0.011596174521159065,5,2,3
"PCDCLT0PCTChangeGT1,PCDayChange-0.5to0.5,_HTGT3.0_,,,%%HLTF:(UPTREND-GLOBAL/SGX-UP)BuyHighUpperTail-Reversal-7,10thDayGT15-LastDayMarketDown,",0.7916040134923896,2,2,0
"PCDCGT0PCTDayChangeLT0,,,,checkCupDown-lastDayUp,",-0.028410824862385147,1,0,1
"PCTChangeGT3,_HTGT1.5_,,,(Test)sellHeavyUpTrend-Reversal-1,weekBarHighChangeGT2,brokenToday,##MAPositive_Uptrend(GT4.5),##MA-SMA200GT0SMA100GT0,",4.780419625589581,1,1,0
"PCTChangeGT0.5,PCDayChange-0.5to0.5,,,,chisSellDowningMA-(check5MinuteDownTrendAndSellDowntrend)-Already10DayDown,chisBuyYearHigh-3,",0.023409772871461374,1,1,0
"PCTChangeGT5,,,,chisSelldowntrendReversalMayFail,",-0.09226182507772543,20,9,11
"PCTChangeGT2,,,,volumeUpsergedLast2n3n4DayDown,chisCheckConsolidationBreakoutLT(4.5),checkBuyConsolidationBreakUp-2week,week2BarHighChangeGT0,brokenToday,",-1.4849669951245192,1,0,1
"PCTChangeGT0.5,_HTGT1.5__LTGT1.5__HTGTPCTDayChange__LTGTPCTDayChange_,,,%%HLTF-Last2HighTail:(UPTREND)buy(DOWNTREND)sell:HighUpperTailPre-last2DayUp,shortUpTrendBuyContinue-Doji-Last2DayGTToday,",2.403846153846142,1,1,0
"PCTChangeGT5,,,,weekBarHighChangeGT0,brokenToday,",-2.4123753747870573,3,0,3
"PCTChangeLT-1,,,,volBuyReversalLast2DayDown-VolDown,(GLOBALFUTDOWN-DOWNTRENDMARKET)checkSellConsolidationBreakDown-week2-lowNotReachedWeek3,week2BarLowChangeLT0,weekLowLTweek2Low,chisDownTrend-Risky-nearHigh,",-0.6457170758928593,1,0,1
"PCTChangeGT3,,,,chisSellFinalContinue-(lastDayDown)-1,buyFinal,##UPTREND:buyMonth3Low,",-0.1449253248131769,1,0,1
"PCTChangeLT-2,,,,chisBuyFinalContinue-0,",-2.017016748409154,1,0,1
"PCTChangeGT2,,,,volumeUpsergedLast2n3n4DayDown,volBuyContinueLast2DayUp-VolUp,chisCheckConsolidationBreakout2WeekLT(4.5),",0.03881782488369545,2,1,1
"PCDCGT0PCTDayChangeLT0,_HTGT1.5__LTGT1.5__HTGTPCTDayChange__LTGTPCTDayChange_,,,##MA-SMA200LT0SMA100LT0,",-1.7050677180839622,1,0,1
"PCTChangeLT-2,,,,checkCupDown-2dayDown-mayReversalBuy,chisDownTrend-Risky-nearHigh,",2.741577232575071,5,5,0
"PCTChangeGT3,year2High,_HTGT1.5__LTGT1.5_,,,volSellVolumeUpsergedLast2n3DayDown,",-1.5920382827075554,1,0,1
"PCTChangeLT-3,_LTGT3.0_,,,volBuyReversalLast2DayDown-VolUp,(GLOBALFUTDOWN-DOWNTRENDMARKET)checkSellConsolidationBreakDown-week2-lowNotReachedWeek3,week2BarLowChangeLT0,",-1.2264131749950886,1,0,1
"PCTChangeLT-2,_LTGT1.5_,,,volSellContinueLast2DayDown-VolUp,##(Check-chart-buy):month3High-InMinus,ReversalHighMonth3,",-1.338736664234458,2,1,1
"PCTChangeLT-5,year2Low,_HTGT3.0__LTGT1.5__HTGTPCTDayChange_,,,zigZagVolCrossedFromUp,",1.55555874693629,1,1,0
"PCTChangeLT-1,PCDayChange-0.5to0.5,_HTGT1.5_,,,chisSell:Super03-monthLow,",-1.3217811885258428,5,2,3
"PCTChangeLT-1,,,,(GLOBALFUTDOWN-DOWNTRENDMARKET)checkSellConsolidationBreakDown-week2-lowNotReachedWeek3,week2BarLowChangeLT0,$$MayBuy-CheckChart(monthLow-minimumLast4DayDown),##(Check-chart-buy):YearHigh-InMinus,ReversalHighYear,",0.9638554216867471,1,1,0
"PCTChangeGT1,_HTGT3.0__HTGTPCTDayChange_,,,$$MaySell-CheckChart(downTrend-mayReverseLast4DaysUp),",-5.071913358272243,1,0,1
"PCTChangeGT3,,,,##RisingMA(Test)(check-chart-buy)-2DayUp,##UPTREND:buyMonth6LowReversal(Confirm),",1.9144624414076623,1,1,0
"PCTChangeLT-5,,,,volSellContinueLast2DayDown-VolUp,(GLOBALFUTDOWN-DOWNTRENDMARKET)checkSellConsolidationBreakDown-week2-lowNotReachedWeek3,week2BarLowChangeLT-5,weekLowLTweek2Low,chisDownTrend-Risky-nearHigh,",1.2794736451053663,1,1,0
"PCTChangeLT-2,,,,checkCupDown-upTrendLastDayDown-mayReversalBuy,chisSellFinalCandidate-1-(lastDayUp),sellFinal,",-1.4248005003916648,1,0,1
"PCTChangeGT5,,,,chisUpTrend-Risky-nearLow,volBuyContinueLast2DayUp-VolUp,(GLOBALFUTUP-UPTRENDMARKET)checkBuyConsolidationBreakUp-week2-highNotReachedWeek3,week2BarHighChangeGT2,brokenToday,##UPTREND:buyYearLowReversal(Confirm),",1.2993247875793752,1,1,0
"PCTChangeLT-2,_HTGT1.5__HTGTPCTDayChange_,,,##MANegative_Downtrend_(LT-1),##MA-SMA200LT0SMA100LT0,",0.1435221726986941,7,3,4
"PCTChangeGT2,,,,chisSellFinalContinue-(lastDayDown)-1,chisBuyDownTrend-Risky-1,",-0.07995879989692167,1,0,1
"PCTChangeLT-1,,,,##MAPositive_Uptrend(LT-2),##MA-SMA200LT0SMA100LT0,",-0.841425923467833,1,0,1
"PCDCGT0PCTDayChangeLT0,_HTGT3.0_,,,%%:checkSell:CupDownDoji,",-10.495976915947553,1,0,1
"PCDCLT0PCTChangeGT0,_LTGT1.5_,,,%%HLTF:sellStockInUptrendReversal,##(Test)(check-chart)-buySMAUpTrend,",3.088807552865035,1,1,0
"PCTChangeLT-3,,,,volSellContinueLast2DayDown-VolUp,##last2DayLow(LT-3)-M3LGT0,",2.984455299398115,2,2,0
"PCTChangeLT-1,PCDayChange-0.5to0.5,_HTGT1.5_,,,%%:checkSell:CupDownDoji-lastDayLT(-2)TodayDoji,",-1.6211316258726638,1,0,1
"PCTChangeLT-5,,,,weekBarLowChangeLT-2,brokenToday,",-2.293748163950747,3,0,3
"PCTDayChangeLT0,,,,maySellFromBuyPattern-LT-1.8,",-1.8211619822654568,1,0,1
"PCTChangeGT0.5,_HTGT1.5_,,,week2BarHighChangeGT0,weekHighGTweek2High,",0.754282801347035,2,1,1
"PCTChangeGT1,,,,%%:checkSell:CupDownDoji,",0.10825341491739078,31,15,16
"PCTChangeGT0,,,,##RisingMA(Test)(check-chart-buy)-1DayUp,",-0.8980607191858863,7,2,5
"PCTChangeLT-3,,,,(GLOBALFUTDOWN-DOWNTRENDMARKET)checkSellConsolidationBreakDown-week2-lowNotReachedWeek3,week2BarLowChangeLT0,weekLowLTweek2Low,chisDownTrend-Risky-nearHigh,##(Check-chart-buy):month3High-InMinus,NearHighMonth3,",-5.1311798369382,1,0,1
"PCTChangeGT5,_HTGT1.5__LTGT3.0_,,,chisBuyDownTrend-Risky-2,",-6.977124183006538,1,0,1
"PCTChangeLT-3,year2Low,_HTGT1.5__LTGT1.5_,,,chisRSISellCandidate(yearLow)-lessThanMinus5,##last2DayLow(LT-3)-M3LLT0,",0.9876580885898928,1,1,0
"PCDCLT0PCTChangeGT3,_LTGT1.5_,,,##MA-SMA200GT0SMA100GT0,",-0.7425742574257328,1,0,1
"PCTChangeLT-2,,,,checkCupDown-2dayDown,##ML:buyRisingMA-down-Risky,",-0.813955158280607,1,0,1
"PCDCLT0PCTChangeGT3,_HTGT3.0__LTGT1.5_,,,chisSellLastDayHighUpReversal,",-5.546966936302376,1,0,1
"PCTChangeGT5,,,,chisCheckConsolidationBreakoutGT(4.5),",0.14634551275487015,31,13,18
"PCDCLT0PCTChangeGT0,PCDayChange-0.5to0.5,_HTGT1.5_,,,$$MaySell-CheckChart-baseLine(inDownTrend-monthHigh)-MLCGT10,",2.1648143113524765,1,1,0
"PCTChangeLT-2,_HTGT1.5_,,,chisSellUpTrend-Risky-2,",-1.7863507501921523,3,1,2
"PCTChangeGT3,_HTGT3.0__HTGTPCTDayChange_,,,$$MaySell-CheckChart-baseLine(inDownTrend-monthHigh)-MLCGT10,(GLOBALFUTUP-UPTRENDMARKET)checkBuyConsolidationBreakUp-week2-highNotReachedWeek3,week2BarHighChangeGT2,",-5.805307573976755,1,0,1
"PCTChangeLT-8,,,,maySellHighVolatileDownContinueLT-8,chisDownTrend-Risky-nearHigh,",-2.2780240992775704,10,2,8
"PCTChangeGT0.5,PCDayChange-0.5to0.5,,,,%%:checkSell:Flag2Week-doji,",1.3323955936674294,2,1,1
"PCTChangeLT-3,,,,volumeUpsergedLast2n3n4DayUp,volSellContinueLast2DayDown-VolUp,chisDownTrend-Risky-nearHigh,##DOWNTREND:sellMonth6HighReversal(InDownTrend),##(Check-chart-buy):month3High-InMinus,ReversalHighMonth3,",1.417629198096251,1,1,0
"PCTChangeLT-1,,,,chisSellFinalCandidate-4,##(Test)sellFinalCandidate-4,zigZagVolCrossedFromUp,",-3.205883549708946,1,0,1
"PCTChangeLT-2,,,,(GLOBALFUTDOWN-DOWNTRENDMARKET)checkSellConsolidationBreakDown-week2-lowNotReachedWeek3,week2BarLowChangeLT0,weekLowLTweek2Low,##(Check-chart-buy):month3High-InMinus,ReversalHighMonth3,",-0.5885273861297452,10,2,8
"PCTChangeGT3,year2High,,,,checkBuyConsolidationBreakout-allPreLT0,chisBuyConsolidationBreakUp-2week-(Risky)-year2High,week2BarHighChangeGT2,weekHighGTweek2High,",-0.5545286506469425,1,0,1
"PCTChangeGT2,_HTGT1.5_,,,volBuyContinueLast2DayUp-VolUp,(GLOBALFUTUP-UPTRENDMARKET)checkBuyConsolidationBreakUp-week2-highNotReachedWeek3,week2BarHighChangeGT0,brokenToday,",-2.044447157118053,1,0,1
"PCTChangeLT-2,_LTGT1.5_,,,chisSellFinalCandidate-(lastDayUp),##sellTenDaysMoreThanTen,##MAPositive_Uptrend(LT-2),##MA-SMA200LT0SMA100GT0,",-1.7708202602075012,1,0,1
"PCTDayChangeLT0,_HTGT3.0__HTGTPCTDayChange_,,,%%:checkSell:Super0,##MA-SMA200GT0SMA100LT0,",-7.6074837070190044,1,0,1
"PCTChangeLT-3,,,,(GLOBALFUTDOWN-DOWNTRENDMARKET)checkSellConsolidationBreakDown-week2-lowNotReachedWeek3,week2BarLowChangeLT0,weekLowLTweek2Low,volBuyRevarsalVolCrossed,%%:checkBuyRevarsalLast3DayDownAtMonth3High,##(Check-chart-buy):month3High-InMinus,ReversalHighMonth3,",0.9249014847978678,1,1,0
"PCTChangeGT5,,,,chisCheckConsolidationBreakout2WeekLT(4.5),weekBarHighChangeGT2,brokenToday,",-0.8823569304023661,1,0,1
"PCTDayChangeLT0,,,,##MANegative_Downtrend_(LT-1),##MA-SMA200GT0SMA100GT0,",0.32809712926272183,2,1,1
"PCDCLT0PCTChangeGT1,PCDayChange-0.5to0.5,_LTGT1.5_,,,chisBuyYearHigh-1,",3.145686797360378,1,1,0
"PCTChangeGT5,year2High,,,,weekBarHighChangeGT5,##last2DayHighGT3-M3HGT0,",-1.669674105624433,3,0,3
"PCTChangeLT-2,,,,chisSell:Super03-monthLow,volumeUpsergedLast2n3n4DayUp,volSellContinueLast2DayDown-VolUp,##ML:buyRisingMA-down-Risky,",-1.1645408798341532,1,0,1
"PCTChangeGT1,_LTGT1.5_,,,weekBarHighChangeGT0,",1.2935792952005576,5,3,2
"PCTChangeLT-2,_HTGT1.5_,,,##DOWNTREND:sellMonth6LowBreak,",-1.2576705839004987,1,0,1
"PCTChangeLT-2,_LTGT1.5_,,,chisSell-smallUptrendReversal,##MA-SMA200GT0SMA100GT0,",1.8748906565482775,1,1,0
"PCTChangeLT-2,_LTGT1.5_,,,weekBarLowChangeLT0,brokenToday,chisDownTrend-Risky-nearHigh,##(Check-chart-buy):month3High-InMinus,ReversalHighMonth3,",2.4448506972369,1,1,0
"PCTChangeLT-3,,,,chisSellFinalCandidate-(lastDayUp),chisFinalBreakOutSell-0,##sellTenDaysMoreThanTen,",1.327481996723636,1,1,0
"PCTChangeLT-3,year2Low,,,,VOL:buy-UpVol-3dayDown-Week2Low,",-1.4227501261619213,17,5,12
"PCTChangeLT-1,,,,##longDownTrend-1-IndexNotDownLastDay(checkBase),",-0.03777741030707446,9,3,6
"PCTChangeGT1,_LTGT1.5_,,,%%HLTF:(GLOBAL-DOWN)sellHighLowerTail-Reversal-LastDayMarketUp,##RisingMA(Test)(check-chart-buy)-1DayUp,",-3.9207694743283317,1,0,1
"PCDCGT0PCTChangeLT-1,_HTGT1.5__LTGT1.5_,,,%%:checkSell:FlagWeek-doji,",4.1699951171875,1,1,0
"PCTChangeLT-2,_HTGT1.5__LTGT3.0__LTGTPCTDayChange_,,,%%:checkBuyRevarsalLast3DayDownAtMonth3High,",-5.077535251843516,1,0,1
"PCTChangeGT3,_LTGT3.0_,,,%%HLTF:(GLOBAL-DOWN)sellHighLowerTail-Reversal-LastDayMarketUp,zigZagVolCrossedFromDown,",6.001969012456501,2,2,0
"PCTChangeGT2,_HTGT1.5_,,,MaySellCheckChart-(IndexNotDownInSecondHalf),volumeUpsergedLast2n3n4DayDown,weekBarHighChangeGT0,brokenToday,",0.49342608848122843,1,1,0
"PCTChangeLT-3,PCDayChange-0.5to0.5,_LTGT3.0_,,,%%:checkSell:Super01-monthLow,buyMorningStar-HighLowerTail-(checkChart),",-4.2553191489361755,1,0,1
"PCTChangeGT3,_HTGT3.0__HTGTPCTDayChange_,,,%%HLTF-Risky9:30:maySellTail-tailGT2-7,10thDayGT15,%%HLTF:(UPTREND-GLOBAL/SGX-UP)BuyHighUpperTail-Reversal-7,10thDayGT15-LastDayMarketDown,sellEveningStar-0,##MAPositive_Uptrend(GT1),##MA-SMA200LT0SMA100LT0,",0.41176291073069854,1,1,0
"PCTChangeLT-2,,,,volBuyVolumeUpsergedLast2n3DayUp,volSellContinueLast2DayDown-VolUp,weekBarLowChangeLT0,brokenToday,chisDownTrend-Risky-nearHigh,##(Check-chart-buy):month6High-InMinus,ReversalHighMonth6,",-1.064456235959377,1,0,1
"PCTChangeGT5,,,,chisBuyDayHighVolLow-0,##last2DayHighGT3-M3HLT0,",-2.4643158587904823,2,0,2
"PCDCGT0PCTChangeLT-1,_HTGT3.0__HTGTPCTDayChange__LTGTPCTDayChange_,,,$$MaySell-CheckChart-baseLine(inDownTrend-monthHigh)-MLCGT10,",-1.1470241085201978,1,0,1
"PCTChangeLT-0.5,_LTGT3.0_,,,%%HLTF:(SGXNIFTYUP)buyHighLowerTail-Continue,(Test)MayBuy-CheckChart(upTrend-lastDayDown),",3.491981217011041,1,1,0
"PCTChangeGT3,_HTGT3.0__HTGTPCTDayChange_,,,volumeUpsergedLast2n3n4DayDown,",2.3900679015906756,3,2,1
"PCTChangeGT3,,,,volSellReversalLast2DayUp-VolDown,##MAPositive_Uptrend(GT4.5),##MA-SMA200GT0SMA100GT0,",2.1670528572608494,2,1,1
"PCTChangeGT16,_HTGT3.0_,,,volumeUpsergedLast2n3n4DayDown,volBuyContinueLast2DayUp-VolUp,##MAPositive_Uptrend(GT4.5),##MA-SMA200LT0SMA100LT0,",-5.7324867736915435,1,0,1
"PCTChangeLT-5,_HTGT1.5_,,,chisSellFlagWeek-Risky,chisDownTrend-Risky-nearHigh,##DOWNTREND:sellMonth6HighReversal(InDownTrend),##last2DayLow(LT-3)-M3LGT0,",-1.1906469413544543,1,0,1
"PCTChangeGT2,year2High,_HTGT1.5__HTGTPCTDayChange_,,,%%HLTF-Last2HighTail:(UPTREND)buy(DOWNTREND)sell:HighUpperTailPre-last2DayUp,%%HLTF:maySellTail-tailGT2-7,10thDayGT20,%%:sellUpTrend-month3High,",-3.639998372395837,1,0,1
"PCDCLT0PCTChangeGT1,_LTGT1.5_,,,%%HLTF:(SGXNIFTYUP)buyHighLowerTail-Continue,$$(UPTREND-OR-GLOBALUP)MayBuyContinue-CheckChart(inUpTrend-monthHigh)-lowTail,(Test)MayBuy-CheckChart(upTrend-lastDayDown),##RisingMA(check-chart-buy)-MayBuyCheckChart,",-2.849387464148565,1,0,1
"PCTChangeLT-3,,,,(GLOBALFUTDOWN-DOWNTRENDMARKET)checkSellConsolidationBreakDown-week2-lowNotReachedWeek3,week2BarLowChangeLT0,##DOWNTREND:sellYear2HighReversal(InDownTrend),##(Check-chart-buy):month3High-InMinus,ReversalHighMonth3,##(check-chart)maySell-EMA6-MT-May-LT-EMA14,",3.628724386157197,1,1,0
"PCTChangeGT3,,,,chisUpTrend-Risky-nearLow,chisCheckConsolidationBreakoutLT(4.5),(GLOBALFUTUP-UPTRENDMARKET)checkBuyConsolidationBreakUp-week2-highNotReachedWeek3,week2BarHighChangeGT0,weekHighGTweek2High,brokenToday,chisBuy-2week-breakoutup(check-chart)(|-|-| or --|),##(check-chart)mayBuy-EMA6-LT-May-MT-EMA14,",4.480131264277693,1,1,0
"PCTDayChangeLT0,_LTGT1.5_,,,##(Test)(check-chart)-buySMAUpTrend,",0.3744801639791238,7,3,4
"PCTChangeGT2,year2Low,_HTGT3.0__LTGT3.0__HTGTPCTDayChange__LTGTPCTDayChange_,,,%%HLTF-Last2LowTail:(DOWNTREND)sellHighLowerTailPre-1,",6.070826306913981,1,1,0
"PCTChangeLT-3,year2High,,,,checkCupDown-near2WeekDown-mayReveresalBuy,(GLOBALFUTDOWN-DOWNTRENDMARKET)checkSellConsolidationBreakDown-week2-lowNotReachedWeek3,week2BarLowChangeLT0,",0.02000209263393423,1,1,0
"PCDCLT0PCTChangeGT0,_HTGT1.5_,,,%%HLTF-Last2HighTail:(DOWNTREND)sell(UPTREND)buy:HighUpperTailPre,",-1.9838632302157113,4,0,4
"PCTChangeLT-2,_LTGT1.5_,,,##(Check-chart-buy):YearHigh-InMinus,ReversalHighYear,",-0.464941405499714,6,3,3
"PCTChangeLT-8,_HTGT1.5_,,,##last2DayLow(LT-3)-M3LGT0,",3.380351374022851,1,1,0
"PCTChangeGT5,_LTGT1.5_,,,week2BarHighChangeGT5,weekHighGTweek2High,",-3.2447548179359735,1,0,1
"PCTChangeGT2,_HTGT1.5__HTGTPCTDayChange_,,,%%HLTF:(DOWNTREND-OR-GLOBALDOWN)maySellTail-tailGT2-2,3,4thDayGT0,chisBuyYearHigh-3,",-9.519619613604318,1,0,1
"PCTChangeLT-1,PCDayChange-0.5to0.5,_LTGT3.0_,,,$$MayBuy-CheckChart-baseLine(inuptrend-monthlow)-MHCLT(-10),chisBuyYearHigh-1,",-1.6113715149214964,1,0,1
"PCTChangeGT3,,,,(SMA4GT(1.5)),",0.9894963947570085,1,1,0
"PCTChangeGT3,,,,chisUpTrend-Risky-nearLow,checkBuyConsolidationBreakout-allPreLT0,",0.4497040082765759,2,1,1
"PCDCGT0PCTDayChangeLT0,PCDayChange-0.5to0.5,_HTGT1.5_,,,%%HLTF-Last2HighTail:(DOWNTREND)sellHighUpperTailPre-1,buyYearHigh-0,",0.8233483081472185,1,1,0
"PCTChangeGT3,_LTGT1.5_,,,volumeUpsergedLast2n3n4DayDown,##last2DayHighGT3-M3HLT0,",0.9996219496459607,2,2,0
"PCTChangeGT1,_LTGT1.5_,,,volBuyContinueLast2DayUp-VolUp,",0.7877997582554886,10,6,4
"PCTChangeLT-3,_LTGT1.5_,,,volBuyVolumeUpsergedLast2n3DayUp,##last2DayLow(LT-3)-M3LGT0,",1.7451380306418822,1,1,0
"PCTChangeLT-2,,,,chisSellFlagWeek-Risky,volBuyReversalLast2DayDown-VolDown,##DOWNTREND:sellMonth6HighReversal(InDownTrend),##(Check-chart-buy):month3High-InMinus,ReversalHighMonth3,",-3.506342890965528,1,0,1
"PCTChangeGT2,_LTGT3.0_,,,%%HLTF:(GLOBAL-DOWN)sellHighLowerTail-Reversal-LastDayMarketUp,chisSell-2week-breakoutup,",-1.6675200445718292,1,0,1
"PCTChangeGT3,_HTGT1.5__LTGT1.5_,,,volSellVolumeUpsergedLast2n3DayDown,volBuyContinueLast2DayUp-VolUp,",2.2090597938107046,1,1,0
"PCTChangeLT-1,,,,chisSell:Super03-monthLow,##(Test):buyRisingMA-uptrend-SMA25gt0,",-0.4302520264688337,1,0,1
"PCTChangeGT3,year2High,_HTGT1.5__HTGTPCTDayChange_,,,%%HLTF-Last2HighTail:(UPTREND)buy(DOWNTREND)sell:HighUpperTailPre-last2DayUp,##lastDayHighGT5TodayGT1,",-0.009435977575904404,1,0,1
"PCTChangeGT2,_LTGT1.5_,,,%%HLTF:(SGXNIFTYUP)buyHighLowerTail-Continue,volSellVolumeUpsergedLast2n3DayDown,##MAPositive_Uptrend(GT2),##MA-SMA200GT0SMA100GT0,",0.20608973467527747,1,1,0
"PCTChangeLT-1,_HTGT3.0__HTGTPCTDayChange_,,,volSellVolumeUpsergedLast2n3DayUp,",1.966370480621851,1,1,0
"PCTChangeLT-2,_LTGT1.5_,,,VOL:sell(GLOBALFUTUP-GLOBALMARKETUP)Buy-UpVol-3dayDown-Week2High,",0.05519916484882798,1,1,0
"PCTChangeGT2,_LTGT1.5_,,,chisBuyDownTrend-lowTail,",0.1848076789506578,5,3,2
"PCDCLT0PCTChangeGT0,PCDayChange-0.5to0.5,_HTGT1.5_,,,chisSellSuper-Risky,--,%%HLTF-LastDayUp:(DOWNTREND-OR-GLOBALDOWN)MaySellHighTail-LastDayMarketUp,",-1.675593432851554,1,0,1
"PCTChangeGT2,,,,volBuyVolumeUpsergedLast2n3DayDown,(GLOBALFUTUP-UPTRENDMARKET)checkBuyConsolidationBreakUp-week2-highNotReachedWeek3,week2BarHighChangeGT0,brokenToday,",0.16250571107108136,2,1,1
"PCDCGT0PCTDayChangeLT0,,,,(SMA9LT0),",-0.9295659314256768,6,2,4
"PCTChangeGT3,,,,chisBuyDayHighVolLow-0,chisUpTrend-Risky-nearLow,##last2DayHighGT3-M3HLT0,",-2.565366071302893,1,0,1
"PCTChangeLT-3,,,,checkCupDown-near2WeekDown-mayReveresalBuy,##DOWNTREND:sellYear2HighReversal(InDownTrend),##(Check-chart-buy):YearHigh-InMinus,ReversalHighYear,",-2.1353113059114386,1,0,1
"PCTChangeGT8,_HTGT1.5_,,,%%HLTF-Last2HighTail:(UPTREND)buy(DOWNTREND)sell:HighUpperTailPre-last2DayUp,##MAPositive_Uptrend(GT4.5),##MA-SMA200LT0SMA100GT0,",3.036370302013759,4,2,2
"PCTChangeLT-2,,,,chisDownTrend-Risky-nearHigh,##DOWNTREND:sellYear2HighReversal(InDownTrend),##(Check-chart-buy):month3High-InMinus,ReversalHighMonth3,",-0.48858197730139497,32,13,19
"PCTChangeGT1,_LTGT1.5_,,,zigZagVolCrossedFromDown,chisCheckConsolidationBreakoutLT(4.5),",5.192050163866717,1,1,0
"PCTChangeGT3,,,,weekBarHighChangeGT2,brokenToday,##UPTREND:buyYear2LowReversal(Confirm),",-2.10915149097711,1,0,1
"PCTChangeLT-2,_HTGT1.5_,,,checkCupDown-upTrendLastDayDown-mayReversalBuy,",-5.697936484922543,1,0,1
"PCTChangeGT0.5,_HTGT1.5__LTGT3.0__HTGTPCTDayChange__LTGTPCTDayChange_,,,%%HLTF-Last2DayMarketUp:(GLOBAL-DOWN)sellHighLowerTail-Reversal-LastDayMarketUp,",-6.022730740633876,1,0,1
"PCTChangeGT5,,,,volumeUpsergedLast2n3n4DayDown,##last2DayHighGT3-M3HLT0,",-1.3836128062852526,10,2,8
"PCTChangeLT-3,,,,##DOWNTREND:sellMonth3LowBreak,##last2DayLow(LT-3)-M3LLT0,",-0.5801562518496418,5,2,3
"PCTChangeGT1,,,,chisUpTrend-Risky-nearLow,weekBarHighChangeGT0,brokenToday,##UPTREND:buyYearLowReversal(Confirm),",-0.2752939860025958,1,0,1
"PCTChangeLT-5,,,,volSellContinueLast2DayDown-VolUp,##MANegative_Downtrend_(LT-4.5),##MA-SMA200LT0SMA100LT0,",1.0765568687869143,1,1,0
"PCTChangeGT0.5,_HTGT1.5__HTGTPCTDayChange_,,,%%:checkSell:CupDownDoji,%%:sellDowntrend-lastDayUp-ReversalHighTail,(Test)(check-chart-2-3MidCapCross)MaySellCheckChart-Risky,",2.7592122450984284,2,1,1
"PCTChangeLT-5,,,,volBuyReversalLast2DayDown-VolDown,chisSellDayLowVolLow-01,",0.9379897006722414,1,1,0
"PCTChangeLT-2,_HTGT3.0__LTGT1.5__HTGTPCTDayChange_,,,volSellContinueLast2DayDown-VolUp,(GLOBALFUTDOWN-DOWNTRENDMARKET)checkSellConsolidationBreakDown-week2-lowNotReachedWeek3,week2BarLowChangeLT0,weekLowLTweek2Low,",1.2085793775889342,1,1,0
"PCTChangeGT2,_HTGT1.5__LTGT1.5_,,,%%:checkSell:Super2,",-5.576500679465961,1,0,1
"PCTChangeGT3,,,,chisSellUpTrend-0,",1.7455053563419591,3,2,1
"PCTChangeLT-3,,,,weekBarLowChangeLT-2,brokenToday,volBuyRevarsalVolCrossed,##sellRisingMA,",-2.571043960281311,1,0,1
"PCTChangeLT-3,,,,chisDownTrend-Risky-nearHigh,##DOWNTREND:sellMonth6HighReversal(InDownTrend),##(Check-chart-buy):month3High-InMinus,ReversalHighMonth3,",-0.2556728077383763,3,2,1
"PCTChangeGT3,,,,BuyYearLow,",-1.9117446481811933,1,0,1
"PCTChangeLT-5,,,,maySellAfter10:30HighVolatileDownContinueLT-8-Risky,",-3.4133969662787504,1,0,1
"PCTChangeLT-3,_LTGT3.0_,,,##MANegative_Downtrend_(LT-4.5),##MA-SMA200LT0SMA100LT0,##DOWNTREND:sellMonth6LowBreak,##last2DayLow(LT-3)-M3LLT0,",-0.2269715213597807,1,0,1
"PCTChangeLT-1,_LTGT1.5_,,,chisSellFlag2Week-Risky,##(Check-chart-buy):month3High-InMinus,ReversalHighMonth3,",-0.3333333333333298,1,0,1
"PCTChangeGT8,_HTGT3.0__LTGT3.0_,,,%%HLTF-Risky:(GLOBAL-DOWN)sellHighLowerTail-Reversal-LastDayMarketUp,chisUpTrend-Risky-nearLow,",1.045584817731127,1,1,0
"PCTChangeGT3,,,,volumeUpsergedLast2n3n4DayDown,chisCheckConsolidationBreakoutLT(4.5),weekBarHighChangeGT2,",0.6974172955388143,2,2,0
"PCTChangeGT3,,,,buyFinal,",-0.26862466265807117,10,4,6
"PCTChangeGT3,,,,volBuyContinueLast2DayUp-VolUp,weekBarHighChangeGT2,##(Check-chart):year2High-InPlus,",-0.5297597477843831,2,0,2
"PCTChangeLT-0.5,,,,(GLOBALFUTDOWN-DOWNTRENDMARKET)checkSellConsolidationBreakDown-week2-lowNotReachedWeek3,week2BarLowChangeLT0,",-0.29219513925510066,48,21,27
"PCTChangeGT5,,,,volBuyContinueLast2DayUp-VolUp,chisBuyConsolidationBreakUp-2week-(Risky)-year2High,week2BarHighChangeGT2,brokenToday,",1.3610891557759888,2,1,1
"PCDCLT0PCTChangeGT0,PCDayChange-0.5to0.5,year2High,_HTGT1.5__LTGT1.5_,,,%%HLTF-LastDayUp:(DOWNTREND-OR-GLOBALDOWN)MaySellHighTail-LastDayMarketUp,",-1.880740704073593,4,1,3
"PCDCGT0PCTChangeLT-3,_HTGT3.0_,,,%%:checkSell:Super0,##MA-SMA200LT0SMA100LT0,",-4.639972934965996,1,0,1
"PCDCGT0PCTDayChangeLT0,,,,chisSellFlagWeek-doji-Risky,",-0.9560025943909612,4,1,3
"PCTChangeGT3,,,,volBuyVolumeUpsergedLast2n3DayDown,volBuyContinueLast2DayUp-VolUp,chisCheckConsolidationBreakoutLT(4.5),buyFinal,",-1.9538775992969943,1,0,1
"PCTChangeLT-3,_HTGT1.5_,,,(GLOBALFUTDOWN-DOWNTRENDMARKET)checkSellConsolidationBreakDown-month,weekBarLowChangeLT-2,brokenToday,##DOWNTREND:sellMonth3LowBreak,##last2DayLow(LT-3)-M3LLT0,",0.9637958494026343,1,1,0
"PCTChangeGT0,_HTGT1.5__LTGT1.5_,,,%%HLTF-Last2LowTail:(DOWNTREND)sellHighLowerTailPre-1,",1.571002434546106,2,2,0
"PCDCGT0PCTChangeLT-1,PCDayChange-0.5to0.5,_HTGT1.5__LTGT1.5_,,,chisBuyYearHigh-3,",-1.1230730985742834,2,0,2
"PCTDayChangeLT0,,,,##MA-SMA200GT0SMA100LT0,",1.1210761893497445,1,1,0
"PCTChangeGT2,_HTGT1.5_,,,zigZagVolCrossedFromDown,chisUpTrend-Risky-nearLow,",0.8947861933075207,1,1,0
"PCTChangeGT2,year2High,_HTGT3.0_,,,%%HLTF-Last2HighTail:(UPTREND)buy(DOWNTREND)sell:HighUpperTailPre-last2DayUp,",-2.351779734104213,1,0,1
"PCTChangeLT-2,year2Low,_LTGT1.5_,,,chisBuyYear2Low,BreakLowYear2,",5.6164397496610965,1,1,0
"PCTChangeLT-1,,,,%%:checkSell:Super0,##MANegative_Downtrend_(LT-2),##MA-SMA200GT0SMA100LT0,",4.148064843324714,1,1,0
"PCTChangeGT3,,,,week2BarHighChangeGT0,brokenToday,chisBuy-2week-breakoutup(check-chart)(|-|-| or --|),",0.32690817279337636,2,2,0
"PCTChangeGT5,,,,chisBuyDayHighVolLow-0,volSellReversalLast2DayUp-VolDown,##last2DayHighGT3-M3HLT0,",-5.655810155056276,1,0,1
"PCTChangeGT3,year2Low,_LTGT1.5_,,,chisSellYear2LowLT-40-last4DayDown(triggerAfter-9:15),##buyTenDaysLessThanMinusTen,",-3.2679133862331082,1,0,1
"PCTChangeLT-3,,,,volBuyReversalLast2DayDown-VolDown,",-0.5407989831336051,61,31,30
"PCTChangeGT0,_HTGT3.0__LTGT3.0__HTGTPCTDayChange__LTGTPCTDayChange_,,,##MA-SMA200LT0SMA100LT0,",1.7055407072368425,1,1,0
"PCTChangeLT-1,year2High,_LTGT1.5_,,,%%HLTF:(SGXNIFTYUP)buyHighLowerTail-Continue,",-0.8542313051661229,3,2,1
"PCTChangeLT-2,year2High,,,,checkCupDown-month3HighLTmonth3Low,bar_low,VOL:buy-DownVol-3dayDown-Week2High,",2.631319542737437,3,3,0
"PCTChangeGT3,_LTGT1.5_,,,%%HLTF:(SGXNIFTYUP)buyHighLowerTail-Continue,(GLOBALFUTUP-UPTRENDMARKET)checkBuyConsolidationBreakUp-week2-highNotReachedWeek3,week2BarHighChangeGT2,",3.848845510787192,1,1,0
"PCTChangeLT-2,,,,checkCupDown-2dayDown,volumeUpsergedLast2n3n4DayUp,chisSellDownTrend-nearHigh,##DOWNTREND:sellYearHigh(InDownTrend),##(Check-chart-buy):month3High-InMinus,NearHighMonth3,",-6.908655883854172,1,0,1
"PCTChangeLT-2,,,,vol-buy-DownVol-3dayDown-Week2Low,##MANegative_Downtrend_(LT-2),##MA-SMA200LT0SMA100LT0,##DOWNTREND:sellMonth6LowBreak,",0.06213361059712223,2,1,1
"PCTChangeGT2,,,,week2BarHighChangeGT2,brokenToday,buyYearHigh-0,",-0.02935312589741114,1,0,1
"PCTChangeGT3,_LTGT1.5_,,,chisUpTrend-Risky-nearLow,##(Test)buyBottomReversal-1,",-1.7514158776924516,1,0,1
"PCTDayChangeLT0,,,,%%:checkSell:Super01-monthLow,chisSell-smallUptrendReversal,",-6.158030057284689,1,0,1
"PCTChangeLT-1,,,,(GLOBALFUTDOWN-DOWNTRENDMARKET)checkSellConsolidationBreakDown-week2-lowNotReachedWeek3,week2BarLowChangeLT0,##(Check-chart-buy):month3High-InMinus,ReversalHighMonth3,",-0.38323198439884326,44,17,27
"PCTChangeLT-8,_LTGT1.5_,,,(GLOBAL-DOWN)maySellContinueHighVolatileLastDayDOWN-month6LowGT0-(LT-8),##MANegative_Downtrend_(LT-4.5),##MA-SMA200LT0SMA100LT0,",2.2107009395533552,2,2,0
"PCTChangeLT-3,year2High,_LTGT1.5_,,,(Test)MayBuy-CheckChart(upTrend-lastDayDown),",-0.9739087975543413,1,0,1
"PCTChangeLT-3,year2Low,_LTGT3.0_,,,##last2DayLow(LT-3)-M3LLT0,chisBuyYear2Low,BreakLowYear2,",-0.11110941569011236,1,0,1
"PCTChangeGT2,,,,chisUpTrend-Risky-nearLow,(GLOBALFUTUP-UPTRENDMARKET)checkBuyConsolidationBreakUp-week2-highNotReachedWeek3,week2BarHighChangeGT0,",3.0041078131695826,1,1,0
"PCTChangeGT2,_HTGT1.5_,,,$$MaySell-CheckChart(monthHigh-minimumLast4DayUp),",-0.5681574220443996,2,1,1
"PCDCLT0PCTChangeGT0,,,,(SMA9LT0),",-1.3515667070173591,11,3,7
"PCTChangeGT3,,,,(GLOBALFUTUP-UPTRENDMARKET)checkBuyConsolidationBreakUp-week2-highNotReachedWeek3,week2BarHighChangeGT5,weekHighGTweek2High,chisBuy-2week-breakoutup(check-chart)(|-|-| or --|),",0.5820931961287407,1,1,0
"PCTChangeLT-3,_HTGT1.5__HTGTPCTDayChange_,,,volBuyReversalLast2DayDown-VolUp,weekBarLowChangeLT-2,",2.719259551051989,1,1,0
"PCDCLT0PCTChangeGT5,,,,##MA-SMA200GT0SMA100GT0,",-1.9310774596851477,1,0,1
"PCTChangeLT-1,_HTGT1.5_,,,chisSellFlagWeek-Risky,checkCupDown-inDownTrend-month3HighLTmonth3Low,bar_low,volBuyReversalLast2DayDown-VolUp,",-4.919193152225392,1,0,1
"PCTChangeLT-3,,,,VOL:buy-UpVol-3dayDown-Week2Low,##MANegative_Downtrend_(LT-2),##MA-SMA200GT0SMA100GT0,##last2DayLow(LT-3)-M3LGT0,",-3.2482547197125102,1,0,1
"PCTChangeLT-1,_LTGT1.5_,,,%%HLTF:(GLOBAL-UP)buyHighLowerTail-LastDayMarketUp,chisDownTrend-Risky-nearHigh,",2.396447529163458,1,1,0
"PCTChangeLT-3,,,,VOL:buy-UpVol-3dayDown-Week2Low,##MANegative_Downtrend_(LT-2),##MA-SMA200LT0SMA100LT0,##DOWNTREND:sellMonth6LowBreak,##last3DayLow(LT-3)-M3LLT0,",2.096520169215618,1,1,0
"PCDCLT0PCTChangeGT1,_HTGT3.0__LTGT3.0__HTGTPCTDayChange__LTGTPCTDayChange_,,,##MA-SMA200LT0SMA100GT0,",2.499999999999994,1,1,0
"PCTChangeLT-2,_LTGT1.5_,,,##DOWNTREND:sellMonth3HighReversal(InDownTrend),##(Check-chart-buy):month3High-InMinus,ReversalHighMonth3,",1.4747665434122015,4,3,1
"PCTChangeGT5,,,,volBuyContinueLast2DayUp-VolUp,##last2DayHighGT3-M3HGT0,",1.0091729120376982,1,1,0
"PCTChangeGT3,_HTGT3.0_,,,%%HLTF:(DOWNTREND-OR-GLOBALDOWN)maySellTail-tailGT2-2,3,4thDayGT0,##(Check-chart-sell):month3Low-InPlus,ReversalLowMonth3,chisUpTrend-Risky-nearLow,##last2DayHighGT3-M3HLT0,",-3.4020081210098767,1,0,1
"PCTChangeLT-3,_LTGT1.5_,,,(GLOBALFUTDOWN-DOWNTRENDMARKET)checkSellConsolidationBreakDown-week2-lowNotReachedWeek3,week2BarLowChangeLT-2,##MANegative_Downtrend_(LT-4.5),##MA-SMA200GT0SMA100LT0,##last2DayLow(LT-3)-M3LGT0,",-7.110549696725819,1,0,1
"PCDCGT0PCTDayChangeLT0,PCDayChange-0.5to0.5,_HTGT1.5_,,,buyYearHigh-0,",0.40750432107976153,11,5,5
"PCTChangeGT3,_HTGT1.5__LTGT3.0__HTGTPCTDayChange__LTGTPCTDayChange_,,,##buyTenDaysLessThanMinusTen,",-0.3732935250785187,1,0,1
"PCTChangeLT-8,_HTGT1.5_,,,##ML:BuyRisingMA-Risky-1,",-0.9740259740259674,1,0,1
"PCTChangeGT1,_HTGT1.5_,,,%%HLTF-Last2HighTail:(UPTREND)buy(DOWNTREND)sell:HighUpperTailPre-last2DayUp,##MAPositive_Uptrend(GT0),##MA-SMA200GT0SMA100GT0,",0.2576960072584268,1,1,0
"PCDCGT0PCTChangeLT-1,,,,##sellRisingMA-1,",-1.4164305744919616,1,0,1
"PCTChangeLT-3,_HTGT3.0__HTGTPCTDayChange_,,,##longDownTrend-2-IndexNotDownLastDay(checkBase),chisDownTrend-Risky-nearHigh,",-2.1443889427327387,1,0,1
"PCDCGT0PCTDayChangeLT0,_HTGT1.5__HTGTPCTDayChange_,,,$$(DOWNTREND-OR-GLOBALDOWN)MaySellContinue-CheckChart(inuptrend-monthlow)-highTail,",-0.6595114952163738,1,0,1
"PCTChangeGT2,,,,(GLOBALFUTUP-UPTRENDMARKET)checkBuyConsolidationBreakUp-week2-highNotReachedWeek3,week2BarHighChangeGT2,weekHighGTweek2High,##(check-chart)sellEMA6>EMA14,",-0.4589607562424462,3,1,2
"PCTChangeGT2,,,,checkBuyConsolidationBreakout-allPreLT0,chisSell-2week-breakoutup,",0.2355736594836064,1,1,0
"PCDCGT0PCTChangeLT-1,PCDayChange-0.5to0.5,_HTGT1.5_,,,(SMA9LT0),",-2.673152486097901,1,0,1
"PCDCGT0PCTDayChangeLT0,_HTGT3.0_,,,%%:sellDowntrend-lastDayUp-ReversalHighTail,",2.937898539987712,2,1,1
"PCTChangeLT-3,,,,volBuyReversalLast2DayDown-VolDown,(GLOBALFUTDOWN-DOWNTRENDMARKET)checkSellConsolidationBreakDown-week2-lowNotReachedWeek3,week2BarLowChangeLT-2,chisDownTrend-Risky-nearHigh,##DOWNTREND:sellYearHighReversal(InDownTrend),##(Check-chart-buy):month3High-InMinus,ReversalHighMonth3,",3.1125611594161855,1,1,0
"PCDCGT0PCTDayChangeLT0,PCDayChange-0.5to0.5,,,,%%:checkSell:CupDownDoji,",0.7711197226351884,5,3,2
"PCTChangeLT-5,_HTGT1.5_,,,(GLOBAL-DOWN)maySellContinueHighVolatileLastDayDOWN-(LT-5),$$(UPTREND-OR-GLOBALUP)$$MayBuyContinue-CheckChart-baseLine(inDownTrend-monthHigh)-PCTDayChangeLT(-2),",0.47169811320754856,1,1,0
"PCTChangeLT-3,,,,volBuyVolumeUpsergedLast2n3DayUp,volSellContinueLast2DayDown-VolUp,",0.802167241039658,6,3,3
"PCTChangeLT-3,_HTGT1.5_,,,chisSellFlag2Week-Risky,volBuyReversalLast2DayDown-VolDown,chisDownTrend-Risky-nearHigh,",0.08436102019679532,1,1,0
"PCTChangeLT-2,_LTGT1.5_,,,chisDownTrend-Risky-nearHigh,zigZagVolCrossedFromUp,##(Check-chart-buy):YearHigh-InMinus,ReversalHighYear,",-2.3984295646925826,1,0,1
"PCTChangeLT-3,_LTGT3.0_,,,weekBarLowChangeLT-2,brokenToday,##MANegative_Downtrend_(LT-2),##MA-SMA200LT0SMA100LT0,buyMorningStar-HighLowerTail,",-3.4585588296390366,1,0,1
"PCTChangeLT-1,,,,checkCupDown-3dayDown,##(Check-chart-buy):YearHigh-InMinus,ReversalHighYear,",-0.9808035365553749,1,0,1
"PCTChangeGT0,PCDayChange-0.5to0.5,_LTGT1.5_,,,%%HLTF:(GLOBAL-DOWN)sellHighLowerTail-Reversal-LastDayMarketUp,chisBuyYearHigh-3,",-0.816828661625942,1,0,1
"PCTChangeGT3,_LTGT1.5_,,,%%HLTF:(SGXNIFTYUP)buyHighLowerTail-Continue,(GLOBALFUTUP-UPTRENDMARKET)checkBuyConsolidationBreakUp-week2-highNotReachedWeek3,week2BarHighChangeGT0,##UPTREND:buyMonth6LowReversal(Confirm),",2.188940092165889,1,1,0
"PCTChangeLT-3,_HTGT1.5_,,,##last3DayLow(LT-3)-M3LGT0,",-2.6118134554277583,1,0,1
"PCTChangeLT-8,,,,##MANegative_Downtrend_(LT-4.5),##MA-SMA200GT0SMA100LT0,##last2DayLow(LT-3)-M3LLT0,",-2.134699485412865,1,0,1
"PCTChangeLT-2,,,,%%HLTF-Last2DayMarketDown:(GLOBAL-UP)buyHighUpperTailPre1-Reversal-LastDayMarketDown,chisDownTrend-Risky-nearHigh,##(Check-chart-buy):month3High-InMinus,ReversalHighMonth3,",1.5454318305335204,2,1,1
"PCTChangeGT3,_LTGT1.5_,,,chisUpTrend-Risky-nearLow,(GLOBALFUTUP-UPTRENDMARKET)checkBuyConsolidationBreakUp-week2-highNotReachedWeek3,week2BarHighChangeGT0,##(check-chart)mayBuy-EMA6-LT-May-MT-EMA14,##last2DayHighGT3-M3HLT0,",-2.660642570281114,1,0,1
"PCTChangeGT3,,,,chisUpTrend-Risky-nearLow,##(Test)buyBottomReversal-1,##UPTREND:buyYearLowReversal(Confirm),",-0.3839724600029822,2,1,1
"PCTChangeGT3,year2High,,,,volSellVolumeUpsergedLast2n3DayDown,volBuyContinueLast2DayUp-VolUp,##last2DayHighGT3-M3HGT0,",-4.632093593968985,1,0,1
"PCTChangeLT-1,_LTGT1.5_,,,volSellContinueLast2DayDown-VolUp,(GLOBALFUTDOWN-DOWNTRENDMARKET)checkSellConsolidationBreakDown-week2-lowNotReachedWeek3,week2BarLowChangeLT0,##(Check-chart-buy):month3High-InMinus,ReversalHighMonth3,",1.4176977349055608,2,1,1
"PCTChangeLT-3,,,,weekBarLowChangeLT-2,brokenToday,##(check-chart)maySell-EMA6-MT-May-LT-EMA14,",-0.020277012251167736,3,1,2
"PCTChangeGT0,PCDayChange-0.5to0.5,_HTGT1.5__LTGT1.5_,,,%%:checkSell:Super2,-+,",0.0,1,0,0
"PCTChangeGT2,year2Low,_LTGT1.5_,,,VOL:sell-DownVol-3dayUp-Week2Low,",-0.3060932717526543,2,0,2
"PCTChangeLT-5,,,,VOL:sell(GLOBALFUTUP-GLOBALMARKETUP)Buy-UpVol-3dayDown-Week2High,##MANegative_Downtrend_(LT-4.5),##MA-SMA200GT0SMA100LT0,##last3DayLow(LT-3)-M3LGT0,",3.2201405152224956,1,1,0
"PCTChangeLT-5,,,,chisDownTrend-Risky-nearHigh,##DOWNTREND:sellMonth6HighReversal(InDownTrend),##last2DayLow(LT-3)-M3LLT0,chisSellDayLowVolLow-0,",0.6561680052817083,1,1,0
"PCTChangeGT3,_HTGT1.5_,,,checkBuyConsolidationBreakout-allPreLT0,week2BarHighChangeGT0,brokenToday,",1.5097581703244314,1,1,0
"PCDCGT0PCTChangeLT-1,,,,(SMA9LT0),",-5.397016382929113,1,0,1
"PCTChangeLT-0.5,_LTGT3.0_,,,%%HLTF:(GLOBAL-DOWN)sellHighLowerTail-Reversal-LastDayMarketUp,chisDownTrend-Risky-nearHigh,",2.2841745092841297,1,1,0
"PCTChangeLT-2,year2High,_HTGT1.5_,,,chisSellUpTrend-highTail,",0.14607798740957934,2,1,0
"PCTChangeGT5,_HTGT1.5_,,,chisBuyUpTrend-nearLow,volumeUpsergedLast2n3n4DayDown,",-1.7503505247582392,1,0,1
"PCTChangeLT-0.5,_LTGT3.0_,,,%%:checkSell:Super01-monthLow,",1.2086084831033443,1,1,0
"PCTChangeGT3,_HTGT1.5__HTGTPCTDayChange_,,,chisBuyUpTrend-nearLow,",0.7760015481346385,2,2,0
"PCTChangeGT2,_LTGT1.5_,,,vol-sell-DownVol-3dayUp-Week2High,##MAPositive_Uptrend(GT2),##MA-SMA200LT0SMA100GT0,",-2.035624677538382,1,0,1
"PCTChangeGT3,,,,chisUpTrend-Risky-nearLow,chisCheckConsolidationBreakoutLT(4.5),",-0.3441931135985384,7,3,4
"PCDCGT0PCTDayChangeLT0,PCDayChange-0.5to0.5,,,,##(Test)(check-chart)-sellSMADownTrend,",-0.6356787194236608,10,2,8
"PCTChangeGT0,PCDayChange-0.5to0.5,year2High,_LTGT1.5_,,,%%HLTF:(SGXNIFTYUP)buyHighLowerTail-Continue,",0.6421292528236733,4,3,1
"PCTChangeGT0.5,PCDayChange-0.5to0.5,_HTGT3.0_,,,buyYearHigh-0,",-4.044117647058819,1,0,1
"PCTChangeGT1,,,,##UPTREND:buyYear2LowReversal(Confirm),",1.17854300392736,4,3,1
"PCTChangeGT1,_HTGT1.5__HTGTPCTDayChange_,,,checkCupDown-lastDayUp,zigZagVolCrossedFromDown,",-0.09177539919357412,1,0,1
"PCTChangeLT-3,_HTGT3.0__LTGT3.0_,,,volBuyReversalLast2DayDown-VolDown,(GLOBALFUTDOWN-DOWNTRENDMARKET)checkSellConsolidationBreakDown-week2-lowNotReachedWeek3,week2BarLowChangeLT-2,weekLowLTweek2Low,",-7.380948747907372,1,0,1
"PCTChangeLT-5,_HTGT1.5__LTGT3.0_,,,##MANegative_Downtrend_(LT-4.5),##MA-SMA200LT0SMA100LT0,##last2DayLow(LT-3)-M3LGT0,",1.746798784304883,1,1,0
"PCTChangeGT2,,,,volSellReversalLast2DayUp-VolDown,buyFinal1,",1.0398542631433263,1,1,0
"PCTChangeLT-3,_HTGT1.5__LTGT1.5_,,,weekBarLowChangeLT-2,brokenToday,##DOWNTREND:sellYear2HighReversal(InDownTrend),##(Check-chart-buy):month3High-InMinus,ReversalHighMonth3,",3.806987491661234,1,1,0
"PCDCLT0PCTChangeGT1,PCDayChange-0.5to0.5,_LTGT3.0_,,,%%HLTF-Last2DayMarketUp:(GLOBAL-DOWN)sellHighLowerTail-Reversal-LastDayMarketUp,",-0.8347087261105302,1,0,1
"PCTChangeGT3,_HTGT1.5_,,,zigZagVolCrossedFromDown,chisUpTrend-Risky-nearLow,BuyYearLow,##UPTREND:buyYear2LowReversal(Confirm),",1.2202621661619002,1,1,0
"PCTChangeLT-3,,,,chisDownTrend-Risky-nearHigh,##DOWNTREND:sellYear2HighReversal(InDownTrend),##last2DayLow(LT-3)-M3LGT0,##(Check-chart-buy):month3High-InMinus,ReversalHighMonth3,##(check-chart)maySell-EMA6-MT-May-LT-EMA14,",-1.696800891250779,1,0,1
"PCTChangeLT-2,_HTGT1.5_,,,zigZagVolCrossedFromUp,##(Check-chart-buy):month3High-InMinus,ReversalHighMonth3,",0.7154667438591823,1,1,0
"PCTChangeGT3,,,,volBuyContinueLast2DayUp-VolUp,(GLOBALFUTUP-UPTRENDMARKET)checkBuyConsolidationBreakUp-week2-highNotReachedWeek3,week2BarHighChangeGT2,",2.2025431815685295,1,1,0
"PCTChangeGT1,_HTGT1.5__HTGTPCTDayChange_,,,weekHighGTweek2,(Test)(check-chart-2-3MidCapCross)MaySellCheckChart-Risky,",-3.245539209243181,1,0,1
"PCTChangeLT-5,,,,chisBuyDayLowVolLow-01,",6.280290415685151,2,2,0
"PCTChangeLT-3,_HTGT1.5__HTGTPCTDayChange_,,,weekBarLowChangeLT-2,brokenToday,",-4.92146277302847,1,0,1
"PCTChangeGT3,_HTGT3.0__LTGT1.5__HTGTPCTDayChange_,,,%%HLTF:(UPTREND-GLOBAL/SGX-UP)BuyHighUpperTail-Reversal-7,10thDayGT15-LastDayMarketDown,##MAPositive_Uptrend(GT2),##MA-SMA200GT0SMA100GT0,##last2DayHighGT3-M3HGT0,",-0.27831896297647846,1,0,1
"PCTChangeLT-1,_HTGT1.5_,,,%%:checkSell:CupDownDoji-lastDayLT(-2)TodayDoji,",-0.6068601170233616,3,1,2
"PCTChangeGT0,_HTGT3.0_,,,%%HLTF:maySellTail-tailGT2-7,10thDayGT20,%%HLTF:(UPTREND-GLOBAL/SGX-UP)BuyHighUpperTail-Reversal-7,10thDayGT15-LastDayMarketDown,",-1.2465289951875584,1,0,1
"PCTChangeGT0.5,PCDayChange-0.5to0.5,year2High,,,,buyPatternsML,buyPattern-GT1.5-SMAGT0,(SMA9GT0),",1.3512386397422476,1,1,0
"PCTChangeLT-2,,,,%%checkCupDown-2dayDown-continue,chisDownTrend-Risky-nearHigh,##DOWNTREND:sellYear2HighReversal(InDownTrend),##(Check-chart-buy):month3High-InMinus,ReversalHighMonth3,##(check-chart)maySell-EMA6-MT-May-LT-EMA14,",-1.2222177010995496,1,0,1
"PCTChangeLT-5,,,,VOL:buy-UpVol-3dayDown-Week2Low,##last3DayLow(LT-3)-M3LGT0,",2.4082379318964744,1,1,0
"PCTChangeGT0,PCDayChange-0.5to0.5,year2High,_HTGT3.0__LTGT1.5_,,,shortUpTrendSellReversal-Month3High-Doji-Last2DayGTToday,",-4.102564102564101,1,0,1
"PCTChangeGT0.5,_HTGT1.5__HTGTPCTDayChange_,,,chisSellDowningMA-(check5MinuteDownTrendAndSellDowntrend)-Already10DayDown,",-0.6242345301365734,7,2,5
"PCTChangeLT-2,_HTGT1.5_,,,##sellTenDaysMoreThanTen,##MAPositive_Uptrend(LT-2),##MA-SMA200GT0SMA100GT0,",-3.6914904135675073,1,0,1
"PCTChangeGT2,_HTGT1.5_,,,week2BarHighChangeGT2,weekHighGTweek2High,brokenToday,",2.8902953586497895,1,1,0
"PCTChangeGT3,_LTGT1.5_,,,weekBarHighChangeGT0,brokenToday,##MAPositive_Uptrend(GT2),##MA-SMA200GT0SMA100GT0,",0.512459807073955,1,1,0
"PCTChangeLT-5,_LTGT1.5_,,,##MANegative_Downtrend_(LT-4.5),##MA-SMA200LT0SMA100LT0,##last3DayLow(LT-3)-M3LGT0,",0.43579655542665496,1,1,0
"PCTChangeLT-3,,,,checkCupDown-near2WeekDown-mayReveresalBuy,chisDownTrend-Risky-nearHigh,##DOWNTREND:sellYearHighReversal(InDownTrend),##(Check-chart-buy):month3High-InMinus,ReversalHighMonth3,",2.250398131066753,1,1,0
"PCTChangeGT3,_LTGT1.5_,,,vol-sell-DownVol-3dayUp-Week2High,##last3DayHighGT3-M3HLT0,",-3.0982303260109374,1,0,1
"PCTChangeLT-2,year2High,_HTGT1.5_,,,volumeUpsergedLast2n3n4DayUp,volSellContinueLast2DayDown-VolUp,##sellTenDaysMoreThanTen,",2.3352541987155457,1,1,0
"PCTChangeLT-3,,,,%%:check(UPTREND-UPMARKET)Buy(DOWNTRENDTREND-DOWNMARKET)Sell:Super01-monthLow,##longDownTrend-1-IndexNotDownLastDay(checkBase),",2.564911298452951,1,1,0
"PCTChangeGT1,_HTGT1.5__HTGTPCTDayChange_,,,chisCheckConsolidationBreakoutLT(4.5),",0.09040020451314856,1,1,0
"PCTChangeLT-2,_LTGT1.5_,,,##MANegative_Downtrend_(LT-2),##MA-SMA200LT0SMA100GT0,chisBuyDayLowVolLow-03-checkMorningTrend(.5SL)-after10:30,",-5.20159008878334,1,0,1
"PCTChangeLT-3,,,,checkCupDown-3dayDown,##(Check-chart-buy):YearHigh-InMinus,NearHighYear,",2.1757185013008966,1,1,0
"PCTChangeGT0,year2High,_HTGT1.5_,,,%%HLTF-Last2HighTail:(UPTREND)buy(DOWNTREND)sell:HighUpperTailPre-last2DayUp,",6.183333258552663,2,1,1
"PCTChangeGT1,,,,(GLOBALFUTUP-UPTRENDMARKET)checkBuyConsolidationBreakUp-week2,weekBarHighChangeGT0,",-1.6325224071703095,1,0,1
"PCTChangeLT-1,,,,chisSellFlag2Week-Risky,checkCupDown-inDownTrend-month3HighLTmonth3Low,bar_low,##(Check-chart-buy):month3High-InMinus,ReversalHighMonth3,",-1.8316831683168258,1,0,1
"PCTChangeLT-3,_LTGT1.5_,,,chisDownTrend-Risky-nearHigh,MayBuyCheckChart-(IndexNotUpInSecondHalf),$$MayBuy-CheckChart-baseLine(inuptrend-monthlow)-PCTDayChangeLT0,",2.535215565856077,1,1,0
"PCTChangeGT8,_HTGT1.5_,,,%%HLTF-Last2HighTail:(UPTREND)buy(DOWNTREND)sell:HighUpperTailPre-last2DayUp,##MAPositive_Uptrend(GT2),##MA-SMA200LT0SMA100GT0,##last2DayHighGT3-M3HLT0,",-1.8464296849802677,1,0,1
"PCTChangeLT-2,,,,##(Check-chart-sell)Month3Low-Continue(InUpTrend),ReversalLowMonth3,##ML:BuyRisingMA-Risky-2,",5.7314972863178095,1,1,0
"PCTChangeLT-2,,,,checkSellConsolidationBreakDown-month3HighGTMonth3Low,chisSellDownTrend-nearHigh,##(Check-chart-buy):month3High-InMinus,ReversalHighMonth3,",0.5805197726474717,1,1,0
"PCTChangeGT2,,,,chisBuyUpTrend-1-YearHigh,volumeUpsergedLast2n3n4DayDown,chisCheckConsolidationBreakoutLT(4.5),weekBarHighChangeGT0,brokenToday,",0.3436816991093943,1,1,0
"PCTChangeGT3,_HTGT3.0_,,,volumeUpsergedLast2n3n4DayDown,volBuyContinueLast2DayUp-VolUp,##MAPositive_Uptrend(GT2),##MA-SMA200LT0SMA100LT0,##last2DayHighGT3-M3HLT0,",-3.5561464687082225,1,0,1
"PCTChangeGT1,_HTGT1.5__LTGT1.5_,,,%%:checkSell:lastDayLT(-4.5),%%:sellDowntrend-lastDayUp-ReversalHighTail,",-5.819995424203699,1,0,1
"PCTChangeLT-8,_LTGT3.0_,,,(GLOBAL-DOWN)maySellContinueHighVolatileLastDayDOWN-month3LowGT0-(LT-8),##MANegative_Downtrend_(LT-4.5),##MA-SMA200GT0SMA100LT0,",-6.4584761056286535,1,0,1
"PCTChangeLT-2,,,,chisDownTrend-Risky-nearHigh,##DOWNTREND:sellYearHighReversal(InDownTrend),##(Check-chart-buy):YearHigh-InMinus,ReversalHighYear,",-3.760116824960681,1,0,1
"PCTChangeGT1,PCDayChange-0.5to0.5,_HTGT1.5__LTGT1.5_,,,shortUpTrendBuyContinue-Doji-Last2DayGTToday,##MA-SMA200GT0SMA100GT0,",1.4079581366515648,1,1,0
"PCTChangeGT0,_LTGT1.5_,,,##RisingMA(Test)(check-chart-buy)-1DayUp,",-0.7186414336827448,3,1,2
"PCTChangeLT-3,,,,##(check-chart)buyEMA6<EMA14-Risky,zigZagVolCrossedFromUp,",1.9748066366983044,1,1,0
"PCTChangeLT-0.5,PCDayChange-0.5to0.5,_HTGT3.0_,,,%%:checkSell:Super01-monthLow,",-1.0961561936598558,1,0,1
"PCTChangeLT-2,_LTGT1.5_,,,%%:checkSell:CupDownDoji-last2lastDayLT0orTodayGT0,chisSellFinalCandidate-(lastDayDown)-(buyPattern),",-0.22011070220867268,1,0,1
"PCTChangeGT2,,,,shortUpTrendSellReversal-MonthHigh,volBuyContinueLast2DayUp-VolUp,weekBarHighChangeGT0,brokenToday,",-0.7093455979464376,1,0,1
"PCTChangeGT3,year2High,,,,volumeUpsergedLast2n3n4DayDown,volBuyContinueLast2DayUp-VolUp,",0.6964685776654483,1,1,0
"PCTChangeGT5,_HTGT1.5_,,,VOL:sell-UpVol-3dayUp-Week2High,weekBarHighChangeGT5,brokenToday,##last2DayHighGT3-M3HGT0,",5.050438037817013,1,1,0
"PCTChangeLT-2,year2Low,,,,zigZagVolCrossedFromUp,",0.026471338454853093,3,1,2
"PCTChangeLT-5,_LTGT3.0_,,,volumeUpsergedLast2n3n4DayUp,##ML:buyRisingMA-down-0,",3.408019796184869,1,1,0
"PCTChangeLT-3,,,,##MAPositive_Uptrend(LT-2),##MA-SMA200LT0SMA100GT0,",-8.657535918771405,1,0,1
"PCDCLT0PCTChangeGT0,PCDayChange-0.5to0.5,_HTGT1.5_,,,%%:checkSell:CupDownDoji-lastDayLT(-2)TodayDoji,%%HLTF-Last2HighTail:(DOWNTREND)sell(UPTREND)buy:HighUpperTailPre,",1.4103410001597212,1,1,0
"PCTChangeLT-2,_HTGT3.0__HTGTPCTDayChange_,,,volBuyVolumeUpsergedLast2n3DayUp,volBuyReversalLast2DayDown-VolUp,",-0.49999660915797584,1,0,1
"PCTChangeGT3,_HTGT3.0__HTGTPCTDayChange_,,,week2BarHighChangeGT2,brokenToday,",-2.131564821647321,1,0,1
"PCTChangeLT-3,,,,(GLOBALFUTDOWN-DOWNTRENDMARKET)checkSellConsolidationBreakDown-week2-lowNotReachedWeek3,week2BarLowChangeLT-2,chisDownTrend-Risky-nearHigh,##ML:BuyRisingMA-Risky-0,",1.142473118279574,1,1,0
"PCTChangeLT-2,,,,weekBarLowChangeLT0,brokenToday,$$MayBuy-CheckChart(monthLow-minimumLast4DayDown),",0.10853388835432363,1,1,0
"PCTChangeGT3,_LTGT1.5_,,,sellPattern-LT-1.5-SMALT0,(SMA9LT0),maySellFromBuyPattern-LT-1.8,",-6.622288813731412,1,0,1
"PCTChangeGT2,year2High,,,,(SMA9GT0),",7.822472179481623,1,1,0
"PCTChangeGT3,,,,##(Check-chart):year2High-InPlus,##last2DayHighGT3-M3HGT0,",-0.20161290322581235,1,0,1
"PCTChangeGT5,,,,zigZagVolCrossedFromDown,##MAPositive_Uptrend(GT2),##MA-SMA200LT0SMA100GT0,",-0.8202999293168312,1,0,1
"PCTChangeGT1,,,,week2BarHighChangeGT2,",-0.6426960442916533,7,1,6
"PCTChangeLT-0.5,,,,%%:checkBuyContinue:CupDownDoji-last2dayUp,",-0.8534552513383366,3,1,2
"PCDCGT0PCTDayChangeLT0,_HTGT3.0_,,,%%:checkSell:CupDownDoji-last2lastDayLT0orTodayGT0,",-1.0773993808049518,1,0,1
"PCTChangeLT-3,,,,volumeUpsergedLast2n3n4DayUp,(GLOBALFUTDOWN-DOWNTRENDMARKET)checkSellConsolidationBreakDown-week2-lowNotReachedWeek3,week2BarLowChangeLT-2,chisDownTrend-Risky-nearHigh,##DOWNTREND:sellYear2HighReversal(InDownTrend),##last2DayLow(LT-3)-M3LGT0,##(Check-chart-buy):YearHigh-InMinus,ReversalHighYear,##(check-chart)maySell-EMA6-MT-May-LT-EMA14,",-5.853350440156675,1,0,1
"PCTChangeGT5,_HTGT1.5__LTGT1.5_,,,chisBuyUpTrend-nearLow,##UPTREND:buyYear2LowReversal(Confirm),##last2DayHighGT3-M3HLT0,",2.2237750818344058,1,1,0
"PCTChangeGT3,year2High,,,,%%:sellUpTrend-month3High,shortUpTrendSellReversal-MonthHigh,chisCheckConsolidationBreakoutLT(4.5),weekBarHighChangeGT2,",1.9718107254966335,1,1,0
"PCTChangeGT2,_HTGT1.5__HTGTPCTDayChange_,,,chisSellFinalContinue-(lastDayDown)-1,",-3.422247269866466,3,0,3
"PCTChangeGT3,_HTGT3.0__HTGTPCTDayChange_,,,sellEveningStar-0,volumeUpsergedLast2n3n4DayDown,##last2DayHighGT3-M3HLT0,",-2.319268240710138,1,0,1
"PCTChangeLT-3,,,,chisFinalBreakOutSell-0,##(Check-chart-buy):month3High-InMinus,NearHighMonth3,",1.050087577133662,1,1,0
"PCTChangeLT-3,,,,checkCupDown-near2WeekDown-mayReveresalBuy,chisDownTrend-Risky-nearHigh,",-6.934067564407177,2,0,2
"PCTChangeLT-3,,,,(GLOBALFUTDOWN-DOWNTRENDMARKET)checkSellConsolidationBreakDown-week2-lowNotReachedWeek3,week2BarLowChangeLT-2,##DOWNTREND:sellMonth3HighReversal(InDownTrend),##(Check-chart-buy):month3High-InMinus,ReversalHighMonth3,",-0.7490377548684082,2,0,2
"PCTChangeGT3,,,,chisSellYear2LowLT-40-last4DayDown(triggerAfter-9:15),chisBuyUpTrend-nearLow,##UPTREND:buyYear2LowReversal(Confirm),",0.41535408346720737,1,1,0
"PCTChangeLT-0.5,_HTGT1.5_,,,%%:checkSell:Super01-monthLow,##MA-SMA200LT0SMA100LT0,",-1.2685361342821302,1,0,1
"PCTChangeGT3,_HTGT1.5_,,,%%HLTF-Last2HighTail:(UPTREND)buy(DOWNTREND)sell:HighUpperTailPre-last2DayUp,weekBarHighChangeGT0,brokenToday,",-0.44991002623284176,1,0,1
"PCTChangeLT-1,,,,##ML:sellRisingMA-down-(Risky),",0.33246375530020356,4,2,2
"PCTChangeGT3,_LTGT1.5_,,,%%HLTF-Risky:(GLOBAL-DOWN)sellHighLowerTail-Reversal-LastDayMarketUp,weekBarHighChangeGT0,brokenToday,##last2DayHighGT3-M3HLT0,",-4.845703032173084,1,0,1
"PCDCGT0PCTDayChangeLT0,_HTGT3.0__LTGT3.0_,,,##MA-SMA200LT0SMA100LT0,",-4.943067972624247,2,1,1
"PCTChangeLT-1,_HTGT1.5_,,,volBuyReversalLast2DayDown-VolDown,##(Check-chart-buy):month3High-InMinus,ReversalHighMonth3,",1.9241208952616835,1,1,0
"PCTChangeGT3,year2High,,,,VOL:sell-UpVol-3dayUp-Week2High,weekBarHighChangeGT2,",0.3370891070045562,15,5,10
"PCTChangeLT-5,,,,volumeUpsergedLast2n3n4DayUp,##last2DayLow(LT-3)-M3LGT0,",4.336489998333823,1,1,0
"PCTChangeGT5,_HTGT1.5_,,,%%HLTF-Last2HighTail:(UPTREND)buy(DOWNTREND)sell:HighUpperTailPre-last2DayUp,vol-sell-DownVol-3dayUp-Week2High,##MAPositive_Uptrend(GT4.5),##MA-SMA200GT0SMA100GT0,",-4.586877278250312,1,0,1
"PCTChangeGT0.5,_HTGT1.5__HTGTPCTDayChange_,,,%%HLTF:(GLOBAL-SGX-DOWN)maySellTail-2,3,4thDayGT0,(Test)(check-chart-2-3MidCapCross)MaySellCheckChart-Risky,",-0.31374469912826536,5,1,4
"PCTChangeGT2,,,,week2BarHighChangeGT0,buyYearHigh-0,",0.47292291604312103,1,1,0
"PCDCLT0PCTChangeGT0,PCDayChange-0.5to0.5,_LTGT3.0_,,,%%HLTF:(SGXNIFTYUP)buyHighLowerTail-Continue,##MAPositive_Uptrend(LT0),##MA-SMA200GT0SMA100GT0,",0.1572285872102773,1,1,0
"PCTChangeLT-1,_LTGT1.5_,,,chisSellConsolidationBreakDown-forecastDayPCT7LT0,chisSellDownTrend-nearHigh,##(Check-chart-buy):YearHigh-InMinus,NearHighYear,",-0.3860087101364569,1,0,1
"PCTChangeGT5,_LTGT3.0_,,,%%HLTF:(GLOBAL-DOWN)sellHighLowerTail-Reversal-LastDayMarketUp,chisSell-2week-breakoutup,",6.3725573691229735,1,1,0
"PCTChangeLT-0.5,PCDayChange-0.5to0.5,,,,##(Test)(check-chart)-buySMAUpTrend,",0.6752662696789625,4,4,0
"PCTChangeGT5,year2Low,_HTGT1.5__LTGT1.5_,,,chisSellYear2LowLT-40-last4DayDown(triggerAfter-9:15),",-3.048226753805523,2,1,1
"PCTChangeGT3,,,,chisCheckConsolidationBreakoutLT(4.5),checkBuyConsolidationBreakUp-2week,week2BarHighChangeGT2,weekHighGTweek2High,brokenToday,chisBuy-2week-breakoutup(check-chart)(|-|-| or --|),",-0.8708086273430612,1,0,1
"PCTChangeLT-1,PCDayChange-0.5to0.5,_HTGT1.5_,,,%%:checkSell:Super-Risky,+-,",2.654854711588103,1,1,0
"PCTChangeLT-2,,,,%%:checkSell:Flag2Week,VOL:sell(GLOBALFUTUP-GLOBALMARKETUP)Buy-UpVol-3dayDown-Week2High,",0.5266164527952454,2,1,1
"PCTChangeLT-1,_LTGT1.5_,,,weekBarLowChangeLT0,brokenToday,(Test)MayBuyCheckChart-last3DayDown,MayBuyCheckChart-(IndexNotUpInSecondHalf),",-0.9795245535377575,1,0,1
"PCTChangeLT-0.5,PCDayChange-0.5to0.5,_LTGT1.5_,,,chisBuyYearHigh-3,",-0.023971236754463852,13,9,4
"PCTChangeLT-2,_HTGT3.0__HTGTPCTDayChange_,,,weekBarLowChangeLT-2,##(Check-chart-buy):month3High-InMinus,ReversalHighMonth3,",-2.714708704001658,1,0,1
"PCTChangeLT-2,_HTGT3.0_,,,%%HLTF:maySellTail-tailGT2-allDayGT0,",2.199461505651075,1,1,0
"PCTChangeLT-2,_HTGT3.0__LTGT1.5_,,,VOL:buy-UpVol-3dayDown-Week2Low,##MA-SMA200LT0SMA100LT0,##DOWNTREND:sellMonth3LowBreak,",-1.2663793448528822,1,0,1
"PCTChangeGT2,,,,volSellReversalLast2DayUp-VolDown,(GLOBALFUTUP-UPTRENDMARKET)checkBuyConsolidationBreakUp-week2-highNotReachedWeek3,week2BarHighChangeGT0,weekHighGTweek2High,brokenToday,chis-breakoutup-2week,",-1.7612057589235515,1,0,1
"PCTChangeGT5,,,,chisUpTrend-Risky-nearLow,volumeUpsergedLast2n3n4DayDown,chisFinalBreakOutBuy-1test-atYearLow,BuyYearLow,##UPTREND:buyYearLowReversal(Confirm),##last2DayHighGT3-M3HLT0,",-0.9482745466561183,1,0,1
"PCTChangeGT5,_HTGT1.5_,,,(GLOBALFUTUP-UPTRENDMARKET)checkBuyConsolidationBreakUp-week2-highNotReachedWeek3,week2BarHighChangeGT2,brokenToday,",1.3314339806199937,2,2,0
"PCTChangeLT-3,,,,checkCupDown-inDownTrend-month3HighLTmonth3Low,bar_low,chisSellDownTrend-nearHigh,##(Check-chart-buy):month3High-InMinus,BreakHighMonth3,",2.1269646154666355,1,1,0
"PCDCLT0PCTChangeGT1,_LTGT3.0_,,,%%:checkSell:Super00-monthLow,",-0.8668516133524466,1,0,1
"PCTChangeLT-0.5,_LTGT3.0_,,,%%HLTF:(GLOBAL-UP)buyHighLowerTail-StockInUptrend,",2.543860987613077,1,1,0
"PCTChangeLT-2,,,,weekBarLowChangeLT-2,##DOWNTREND:sellYearHighReversal(InDownTrend),",0.40289154518824666,2,1,1
"PCTChangeGT3,,,,weekBarHighChangeGT2,##(Check-chart):year2High-InPlus,",-3.459846729961353,6,1,5
"PCTChangeLT-2,_LTGT1.5_,,,weekBarLowChangeLT-2,brokenToday,MayBuyCheckChart-(IndexNotUpInSecondHalf),",1.310615937094586,1,1,0
"PCTChangeLT-0.5,_LTGT1.5_,,,(GLOBALFUTDOWN-DOWNTRENDMARKET)checkSellConsolidationBreakDown-week2-lowNotReachedWeek3,week2BarLowChangeLT0,weekLowLTweek2Low,$$MayBuy-CheckChart-baseLine(inuptrend-monthlow)-PCTDayChangeLT0,",-1.2182456616998731,1,0,1
"PCTChangeGT1,_HTGT1.5__HTGTPCTDayChange_,,,%%HLTF:(GLOBAL-SGX-DOWN)maySellTail-2,3,4thDayGT0,MaySellCheckChart-(IndexNotDownInSecondHalf),chisUpTrend-Risky-nearLow,",0.10683597836674817,1,1,0
"PCTChangeLT-2,,,,volSellContinueLast2DayDown-VolUp,(GLOBALFUTDOWN-DOWNTRENDMARKET)checkSellConsolidationBreakDown-week2-lowNotReachedWeek3,week2BarLowChangeLT0,chisDownTrend-Risky-nearHigh,##(Check-chart-buy):month3High-InMinus,ReversalHighMonth3,",-1.3533857337925028,1,0,1
"PCTChangeGT1,_HTGT3.0__LTGT1.5__HTGTPCTDayChange_,,,%%HLTF-Last2HighTail:(UPTREND)buy(DOWNTREND)sell:HighUpperTailPre-last2DayUp,volumeUpsergedLast2n3n4DayDown,",1.652491057457035,1,1,0
"PCTChangeLT-5,_HTGT1.5__LTGT1.5_,,,##MANegative_Downtrend_(LT-2),##MA-SMA200LT0SMA100LT0,##last2DayLow(LT-3)-M3LLT0,",-15.041666666666673,1,0,1
"PCDCLT0PCTChangeGT0,PCDayChange-0.5to0.5,_HTGT3.0_,,,%%:sellDowntrend-lastDayDown-ReversalHighTail,",-1.1398947918353415,1,0,1
"PCTChangeLT-3,year2High,_HTGT1.5_,,,zigZagVolCrossedFromUp,",-2.4233086044723944,2,0,2
"PCTChangeGT5,,,,checkBuyConsolidationBreakout-allPreLT0,(GLOBALFUTUP-UPTRENDMARKET)checkBuyConsolidationBreakUp-week2-highNotReachedWeek3,week2BarHighChangeGT0,brokenToday,",-1.1412829594647818,1,0,1
"PCTChangeLT-3,,,,checkCupDown-near2WeekDown-mayReveresalBuy,(GLOBALFUTDOWN-DOWNTRENDMARKET)checkSellConsolidationBreakDown-week2-lowNotReachedWeek3,week2BarLowChangeLT0,##(Check-chart-buy):month3High-InMinus,ReversalHighMonth3,##(check-chart)maySell-EMA6-MT-May-LT-EMA14,",-0.49422377471552437,1,0,1
"PCTChangeGT1,,,,weekBarHighChangeGT0,brokenToday,##(Check-chart):year2High-InPlus,",-0.14427371119535537,4,2,2
"PCTDayChangeLT0,PCDayChange-0.5to0.5,_HTGT3.0_,,,%%HLTF-Last2HighTail:(DOWNTREND)sell(UPTREND)buy:HighUpperTailPre,",-2.9434318520025395,1,0,1
"PCTChangeGT1,_HTGT1.5__HTGTPCTDayChange_,,,chisSellDowningMA-(check5MinuteDownTrendAndSellDowntrend)-Already10DayDown,(Test)MaySell-CheckChart(downTrend-lastDayUp),",-1.770830154418936,1,0,1
"PCTChangeLT-8,_HTGT1.5__LTGT1.5_,,,(GLOBAL-DOWN)maySellContinueHighVolatileLastDayDOWN-month3LowGT0-(LT-8),##ML:BuyRisingMA-Risky-0,",-5.652176124462178,1,0,1
"PCTChangeGT3,,,,chisBuyUpTrend-nearLow,(GLOBALFUTUP-UPTRENDMARKET)checkBuyConsolidationBreakUp-week2-highNotReachedWeek3,week2BarHighChangeGT0,brokenToday,",1.1569455148913823,1,1,0
"PCTChangeGT5,year2High,_HTGT1.5_,,,%%HLTF-Last2HighTail:(UPTREND)buy(DOWNTREND)sell:HighUpperTailPre-last2DayUp,##last2DayHighGT3-M3HGT0,",-0.6180361285033247,6,2,4
"PCTChangeLT-3,_HTGT1.5_,,,VOL:buy-UpVol-3dayDown-Week2Low,##MANegative_Downtrend_(LT-4.5),##MA-SMA200LT0SMA100LT0,##DOWNTREND:sellMonth3LowBreak,",-3.306450382355714,1,0,1
"PCDCLT0PCTChangeGT0,_HTGT3.0__LTGT1.5_,,,%%HLTF:(UPTREND-MorningTrend-UP)mayBuyTail-highTailGT2-7,10thDayGT10-Last2DayStockDown,",-1.7464823118397836,1,0,1
"PCTChangeGT2,,,,chisBuy-2week-breakoutup(check-chart)(|-|-| or --|),##MAPositive_Uptrend(GT2),##MA-SMA200LT0SMA100LT0,",3.1149224750755313,1,1,0
"PCTDayChangeLT0,PCDayChange-0.5to0.5,_LTGT1.5_,,,buyYearHigh-0,",0.13827277365842108,11,5,6
"PCTChangeGT1,,,,chisUpTrend-Risky-nearLow,week2BarHighChangeGT0,weekHighGTweek2High,",-0.15588623357500836,1,0,1
"PCTChangeLT-5,_HTGT1.5__LTGT3.0_,,,##DOWNTREND:sellYear2HighReversal(InDownTrend),",6.410256410256407,1,1,0
"PCTChangeLT-3,_HTGT1.5_,,,(GLOBALFUTDOWN-DOWNTRENDMARKET)checkSellConsolidationBreakDown-week2-lowNotReachedWeek3,week2BarLowChangeLT-2,##DOWNTREND:sellMonth6HighReversal(InDownTrend),##(Check-chart-buy):month6High-InMinus,ReversalHighMonth6,",1.389586510401279,1,1,0
"PCDCGT0PCTDayChangeLT0,_HTGT3.0__HTGTPCTDayChange_,,,(Test)MaySell-CheckChart(downTrend-lastDayUp),",0.6268980778499726,3,2,1
"PCDCGT0PCTDayChangeLT0,_HTGT3.0_,,,##ML:sellRisingMA-down-(Risky),",11.039605471167249,1,1,0
"PCTChangeGT3,year2High,,,,checkCupDown-lastDayUp-near2WeekHigh-mayReveresalSell,",0.5812728109862721,1,1,0
"PCTChangeLT-1,_HTGT1.5_,,,chisSellFinalCandidate-4,sellFinal,",0.3487777572924962,1,1,0
"PCTChangeLT-2,,,,%%HLTF-Last2DayMarketDown:(GLOBAL-UP)buyHighUpperTailPre1-Reversal-LastDayMarketDown,(GLOBALFUTDOWN-DOWNTRENDMARKET)checkSellConsolidationBreakDown-week2-lowNotReachedWeek3,week2BarLowChangeLT-2,weekLowLTweek2Low,",-0.23981363786266258,1,0,1
"PCTChangeGT5,_HTGT1.5_,,,weekBarHighChangeGT5,",-1.1934802440716121,7,1,6
"PCTChangeLT-3,year2High,_LTGT1.5_,,,%%HLTF:(GLOBAL-DOWN)sellHighLowerTail-Reversal-LastDayMarketUp,",1.6533535859231678,1,1,0
"PCTChangeGT1,_HTGT1.5__HTGTPCTDayChange_,,,chisSellDowningMA-(check5MinuteDownTrendAndSellDowntrend)-Already10DayDown,",0.5215655677570906,7,6,1
"PCTChangeLT-0.5,PCDayChange-0.5to0.5,_HTGT1.5_,,,shortDownTrendSellContinue-Doji-Last2DayLTToday,##MANegative_Downtrend_(LT0),##MA-SMA200GT0SMA100GT0,",5.123518945794949,1,1,0
"PCDCGT0PCTChangeLT-1,PCDayChange-0.5to0.5,_HTGT1.5_,,,##(Test)(check-chart)-sellSMADownTrend,",0.485130243735081,5,4,1
"PCTChangeGT2,,,,(GLOBALFUTUP-UPTRENDMARKET)checkBuyConsolidationBreakUp-week2-highNotReachedWeek3,week2BarHighChangeGT0,brokenToday,##(check-chart)mayBuy-EMA6-LT-May-MT-EMA14,",-2.6877628864857166,3,0,3
"PCTChangeLT-5,,,,chisBuyYear2Low,NearLowYear2,",-7.420433466158928,1,0,1
"PCTChangeGT0.5,,,,chisSellDowningMA-(check5MinuteDownTrendAndSellDowntrend)-Already10DayDown,$$(UPTREND-OR-GLOBALUP)MayBuy-CheckChart-baseLine(inuptrend-monthlow)-MHCLT(-10),",1.2015275122374474,1,1,0
"PCTChangeLT-1,_HTGT1.5__LTGT1.5__HTGTPCTDayChange__LTGTPCTDayChange_,,,chisDownTrend-Risky-nearHigh,##(Check-chart-buy):month3High-InMinus,NearHighMonth3,",-1.1621902196342422,1,0,1
"PCTChangeGT1,PCDayChange-0.5to0.5,_LTGT1.5_,,,shortUpTrendBuyContinue-Doji-Last2DayGTToday,##MAPositive_Uptrend(GT0),##MA-SMA200LT0SMA100LT0,",-1.6840847548655997,1,0,1
"PCTChangeGT5,_LTGT1.5_,,,%%HLTF-Risky:(GLOBAL-DOWN)sellHighLowerTail-Reversal-LastDayMarketUp,##MAPositive_Uptrend(GT2),##MA-SMA200GT0SMA100GT0,##last2DayHighGT3-M3HGT0,",0.377834988353553,1,1,0
"PCTChangeGT1,_LTGT1.5_,,,(SMA9LT0),maySellFromBuyPattern-LT-1.8,",-2.081081081081081,1,0,1
"PCTChangeGT3,_HTGT1.5__LTGT3.0__LTGTPCTDayChange_,,,%%HLTF-Risky:(GLOBAL-DOWN)sellHighLowerTail-Reversal-LastDayMarketUp,",-3.566133599277616,1,0,1
"PCTChangeLT-3,,,,##DOWNTREND:sellMonth3HighReversal(InDownTrend),",6.3385853339802605,1,1,0
"PCTChangeGT3,,,,chisUpTrend-Risky-nearLow,weekBarHighChangeGT2,",0.8954216452205774,1,1,0
"PCTChangeGT2,year2High,_HTGT1.5_,,,%%HLTF-Last2HighTail:(UPTREND)buy(DOWNTREND)sell:HighUpperTailPre-last2DayUp,weekBarHighChangeGT2,",0.9393589921688486,1,1,0
"PCTChangeGT0,PCDayChange-0.5to0.5,year2High,_HTGT3.0_,,,%%HLTF-Last2HighTail:(UPTREND)buy(DOWNTREND)sell:HighUpperTailPre-last2DayUp,shortUpTrendSellReversal-Month3High-Doji-Last2DayGTToday,",4.131728114888623,1,1,0
"PCTChangeLT-3,_HTGT3.0__LTGT1.5__HTGTPCTDayChange_,,,%%HLTF-Risky9:30:maySellTail-tailGT2-7,10thDayGT15,",-1.2794369659136031,1,0,1
"PCTChangeLT-1,_HTGT1.5_,,,%%:sellDowntrend-lastDayDown-ReversalHighTail,##MA-SMA200LT0SMA100LT0,",-0.07563581787316298,2,1,1
"PCTChangeLT-3,year2Low,,,,weekBarLowChangeLT-2,brokenToday,",1.9845805415636963,4,3,1
"PCTChangeLT-2,,,,VOL:buy-DownVol-3dayDown-Week2High,##DOWNTREND:sellMonth3HighReversal(InDownTrend),##(Check-chart-buy):month3High-InMinus,ReversalHighMonth3,",-0.7605719689368875,1,0,1
"PCTChangeGT3,year2High,,,,weekBarHighChangeGT2,##last2DayHighGT3-M3HGT0,",-0.945207102920152,3,2,1
"PCTChangeGT1,,,,volBuyContinueLast2DayUp-VolUp,chisCheckConsolidationBreakoutLT(4.5),(GLOBALFUTUP-UPTRENDMARKET)checkBuyConsolidationBreakUp-week2-highNotReachedWeek3,week2BarHighChangeGT0,brokenToday,",1.397357672014424,1,1,0
"PCDCLT0PCTChangeGT0,_LTGT1.5_,,,%%HLTF:(SGXNIFTYUP)buyHighLowerTail-Continue,",0.27759949653303595,14,9,5
"PCTChangeGT2,_LTGT1.5_,,,$$MaySellContinue-CheckChart(inuptrend-monthlow)-PCTDayChangeGT2,volumeUpsergedLast2n3n4DayDown,volBuyContinueLast2DayUp-VolUp,",1.49308939752913,1,1,0
"PCTChangeLT-2,_HTGT1.5__LTGT1.5_,,,checkCupDown-3dayDown-mayReversalBuy,##DOWNTREND:sellYear2HighReversal(InDownTrend),##(Check-chart-buy):month3High-InMinus,ReversalHighMonth3,",4.91703483215065,1,1,0
"PCTChangeGT0,_HTGT1.5__HTGTPCTDayChange_,,,(Test)MaySell-CheckChart(downTrend-lastDayUp),",-2.42775148635038,3,0,3
"PCTDayChangeLT0,_LTGT1.5_,,,##(Test)buyBottomReversal-0,",-2.5094435470951644,2,0,2
"PCTChangeLT-3,_LTGT1.5_,,,volBuyReversalLast2DayDown-VolDown,(GLOBALFUTDOWN-DOWNTRENDMARKET)checkSellConsolidationBreakDown-week2-lowNotReachedWeek3,week2BarLowChangeLT-2,weekLowLTweek2Low,",0.0,1,0,0
"PCTChangeGT2,_HTGT1.5__HTGTPCTDayChange_,,,%%HLTF-Last2HighTail:(UPTREND)buy(DOWNTREND)sell:HighUpperTailPre-last2DayUp,weekBarHighChangeGT2,",-0.518248728308142,1,0,1
"PCDCLT0PCTChangeGT0,PCDayChange-0.5to0.5,year2High,_HTGT1.5_,,,%%HLTF-LastDayUp:(DOWNTREND-OR-GLOBALDOWN)MaySellHighTail-LastDayMarketUp,",-0.35155515094607626,32,12,20
"PCTChangeLT-2,_HTGT1.5__HTGTPCTDayChange_,,,chisFinalBreakOutSell-0,chisSellUpTrend-highTail,",0.7955634092948688,2,1,1
"PCTChangeGT2,_LTGT1.5_,,,##(Check-chart)sellMonth3High-Continue,",-1.490223243324364,2,1,1
"PCTChangeLT-1,PCDayChange-0.5to0.5,_LTGT1.5_,,,%%HLTF:(GLOBAL-UP)buyHighLowerTail-StockInUptrend,",0.3931476223853447,1,1,0
"PCTChangeLT-0.5,PCDayChange-0.5to0.5,_HTGT1.5_,,,%%:checkSell:CupDownDoji-lastDayLT(-2)TodayDoji,%%HLTF:(UPTREND-MorningTrend-UP)mayBuyTail-highTailGT2-7,10thDayGT10-Last2DayStockDown,",-4.124344151497188,1,0,1
"PCTChangeGT5,,,,chisCheckConsolidationBreakoutLT(4.5),weekBarHighChangeGT5,",0.6360167322621733,1,1,0
"PCTChangeLT-3,,,,volumeUpsergedLast2n3n4DayUp,VOL:sell(GLOBALFUTUP-GLOBALMARKETUP)Buy-UpVol-3dayDown-Week2High,##DOWNTREND:sellYear2HighReversal(InDownTrend),##(Check-chart-buy):month3High-InMinus,ReversalHighMonth3,",0.3787804218339815,1,1,0
"PCTChangeLT-8,_HTGT3.0__LTGT1.5__HTGTPCTDayChange_,,,chisDownTrend-Risky-nearHigh,",0.020348985410265773,1,1,0
"PCTChangeLT-8,_HTGT3.0__LTGT1.5_,,,##MANegative_Downtrend_(LT-4.5),##MA-SMA200LT0SMA100LT0,chisBuyDayLowVolLow,",-4.177486535274616,1,0,1
"PCTChangeLT-3,,,,weekBarLowChangeLT-2,brokenToday,##DOWNTREND:sellMonth3LowBreak,",0.25975879934528084,8,7,1
"PCTChangeLT-1,_LTGT1.5_,,,%%HLTF:(GLOBAL-DOWN)sellHighLowerTail-Reversal-LastDayMarketUp,(Test)(check-chart-2-3MidCapCross)MayBuyCheckChart-Risky,",-1.887815020409423,4,1,3
"PCTChangeGT5,_LTGT3.0_,,,%%HLTF-Risky:(GLOBAL-DOWN)sellHighLowerTail-Reversal-LastDayMarketUp,##MAPositive_Uptrend(GT2),##MA-SMA200GT0SMA100GT0,",-4.131767426686196,3,0,3
"PCTChangeGT1,_HTGT1.5_,,,buyPattern-GT1.5-SMAGT0,(SMA9GT0),",2.7469116964457903,1,1,0
"PCTChangeGT1,_HTGT3.0_,,,%%HLTF:(DOWNTREND-OR-GLOBALDOWN)maySellTail-tailGT2-2,3,4thDayGT0,volSellReversalLast2DayUp-VolDown,",4.165942192901904,1,1,0
"PCTChangeLT-8,year2Low,_HTGT3.0__LTGT1.5__HTGTPCTDayChange_,,,##last3DayLow(LT-3)-M3LLT0,",8.372095388959549,1,1,0
"PCTChangeGT0,_LTGT1.5_,,,chisSellFlag2Week-doji-Risky,chisSellSMA4Reversal,",-6.2349872360098635,1,0,1
"PCTChangeGT3,_HTGT1.5_,,,%%HLTF-Last2HighTail:(UPTREND)buy(DOWNTREND)sell:HighUpperTailPre-last2DayUp,volSellVolumeUpsergedLast2n3DayDown,",-2.798801151630305,2,0,2
"PCTChangeLT-2,,,,checkCupDown-2dayDown,volBuyReversalLast2DayDown-VolDown,(SMA9LT0),",-0.9310316765445423,1,0,1
"PCTChangeLT-1,_HTGT1.5_,,,%%:checkSell:Super0,",1.0957167577811706,1,1,0
"PCTChangeLT-5,year2Low,_HTGT1.5_,,,maySellHighVolatileDownContinueLT-8,",1.1087081769624647,1,1,0
"PCTChangeGT5,_HTGT3.0__HTGTPCTDayChange_,,,chisBuyUpTrend-nearLow,",0.27345736545289434,1,1,0
"PCTChangeLT-3,,,,volSellContinueLast2DayDown-VolUp,chisDownTrend-Risky-nearHigh,##(Check-chart-buy):month3High-InMinus,ReversalHighMonth3,",0.8802520594510957,7,6,1
"PCTChangeLT-2,_LTGT1.5_,,,volSellContinueLast2DayDown-VolUp,(GLOBALFUTDOWN-DOWNTRENDMARKET)checkSellConsolidationBreakDown-week2-lowNotReachedWeek3,week2BarLowChangeLT-2,weekLowLTweek2Low,",-1.4454601433562753,1,0,1
"PCTChangeLT-2,_HTGT3.0__LTGT1.5__HTGTPCTDayChange_,,,##MANegative_Downtrend_(LT-2),##MA-SMA200LT0SMA100LT0,",0.24000104426028282,3,1,2
"PCTChangeGT2,,,,%%:sellUpTrend-month3High,checkBuyConsolidationBreakUp-2week,week2BarHighChangeGT0,brokenToday,",-0.16230573358587472,1,0,1
"PCTChangeLT-3,,,,##MAPositive_Uptrend(LT-1),##MA-SMA200LT0SMA100GT0,",-0.1754359195106908,1,0,1
"PCTChangeLT-16,_HTGT1.5__LTGT1.5__HTGTPCTDayChange__LTGTPCTDayChange_,,,##MANegative_Downtrend_(LT-1),##MA-SMA200LT0SMA100LT0,",-7.506710599901882,1,0,1
"PCTChangeLT-1,PCDayChange-0.5to0.5,_LTGT1.5_,,,chisSellSuper-Risky,--,shortDownTrendBuyReversal-Month3Low-Doji-Last2DayLTToday,chisBuyMorningStar-1(NotUpSecondHalfAndUp2to3),",-0.37499745686849273,1,0,1
"PCTChangeGT1,_LTGT1.5_,,,##MAPositive_Uptrend(GT1),##MA-SMA200LT0SMA100GT0,",-0.7044458494038706,1,0,1
"PCTChangeGT5,_HTGT1.5_,,,VOL:buy(GLOBALFUTDOWN-GLOBALMARKETDOWN)Sell-UpVol-3dayUp-Week2Low,##last2DayHighGT3-M3HLT0,",9.319393231316644,1,1,0
"PCTDayChangeLT0,_LTGT1.5_,,,(SMA9GT0),",0.5914102800606914,1,1,0
"PCTChangeGT2,_LTGT1.5_,,,weekBarHighChangeGT2,brokenToday,",1.597669492951307,3,3,0
"PCTChangeLT-1,_LTGT3.0_,,,%%:buyDownTrend-month3Low,",3.802771416909502,3,3,0
"PCTChangeLT-3,,,,zigZagVolCrossedFromUp,##(Check-chart-buy):YearHigh-InMinus,ReversalHighYear,",-0.47753151882899664,1,0,1
"PCTChangeLT-2,_HTGT1.5__LTGT1.5_,,,##ML:BuyRisingMA-Risky-0,",-6.9102595402644145,1,0,1
"PCTChangeLT-2,,,,weekBarLowChangeLT0,brokenToday,chisDownTrend-Risky-nearHigh,##(Check-chart-buy):YearHigh-InMinus,ReversalHighYear,",-0.24891633476978073,14,6,8
"PCTChangeLT-3,_HTGT1.5_,,,chisSell-smallUptrendReversal,volSellVolumeUpsergedLast2n3DayUp,",-8.003492290892192,1,0,1
"PCTChangeGT1,year2High,,,,volSellReversalLast2DayUp-VolDown,",0.6001929306402383,1,1,0
"PCTChangeLT-3,,,,checkCupDown-2dayDown-mayReversalBuy,##(Check-chart-buy):month3High-InMinus,BreakHighMonth3,",5.100209394881549,1,1,0
"PCTChangeLT-2,_LTGT1.5_,,,chisSellDownTrend-nearHigh,##(Check-chart-buy):YearHigh-InMinus,NearHighYear,",-0.7348479837253759,4,1,3
"PCTChangeGT8,_LTGT1.5_,,,##MANegative_Downtrend_(GT4.5),##MA-SMA200LT0SMA100LT0,",-1.4062484105428086,1,0,1
"PCTChangeLT-0.5,,,,chisSellFlagWeek-Risky,volBuyReversalLast2DayDown-VolDown,",0.8149204991799037,1,1,0
"PCTChangeGT3,,,,chisSellYear2LowLT-40-last3DayDown(triggerAfter-9:15),chisUpTrend-Risky-nearLow,chisCheckConsolidationBreakout2WeekLT(4.5),(GLOBALFUTUP-UPTRENDMARKET)checkBuyConsolidationBreakUp-week2-highNotReachedWeek3,week2BarHighChangeGT0,weekHighGTweek2High,brokenToday,##UPTREND:buyYear2LowReversal(Confirm),",-1.5988954554644206,1,0,1
"PCDCGT0PCTChangeLT-3,_HTGT3.0__LTGT3.0__HTGTPCTDayChange_,,,##MA-SMA200LT0SMA100LT0,",-3.9852789443745102,1,0,1
"PCTChangeLT-2,_HTGT1.5_,,,chisSellDownTrend-nearHigh,##(Check-chart-buy):month3High-InMinus,ReversalHighMonth3,",-1.3721471731713308,1,0,1
"PCTChangeGT2,,,,volumeUpsergedLast2n3n4DayDown,chisCheckConsolidationBreakoutLT(4.5),checkBuyConsolidationBreakUp-2week,week2BarHighChangeGT0,brokenToday,chisBuy-2week-breakoutup(check-chart)(|-|-| or --|),",0.48053818869307274,1,1,0
"PCTChangeGT2,year2High,_HTGT1.5_,,,%%HLTF-Last2HighTail:(UPTREND)buy(DOWNTREND)sell:HighUpperTailPre-last2DayUp,%%:sellUpTrend-month3High,shortUpTrendSellReversal-MonthHigh,weekBarHighChangeGT0,brokenToday,",-0.5662513960581937,1,0,1
"PCTChangeGT5,,,,volumeUpsergedLast2n3n4DayDown,##MAPositive_Uptrend(GT4.5),##MA-SMA200LT0SMA100LT0,##last2DayHighGT3-M3HLT0,",3.1771674744211045,1,1,0
"PCTChangeGT5,year2High,,,,chisSelldowntrendReversalMayFail,",5.294185124750358,1,1,0
"PCTChangeGT1,year2High,_HTGT1.5_,,,%%:sellUpTrend-month3High,volBuyContinueLast2DayUp-VolUp,weekBarHighChangeGT0,brokenToday,",-0.475524818722977,1,0,1
"PCTChangeLT-2,_LTGT1.5_,,,chisSellFlagWeek-Risky,volBuyReversalLast2DayDown-VolDown,",-1.254680975129781,2,0,2
"PCTChangeGT0,year2High,_HTGT1.5__HTGTPCTDayChange_,,,(Test)(check-chart-2-3MidCapCross)MaySellCheckChart-Risky,",-0.330555332434369,6,2,4
"PCTChangeGT3,,,,volumeUpsergedLast2n3n4DayDown,##last2DayHighGT3-M3HGT0,",0.2800665736568427,5,2,3
"PCTChangeGT2,_HTGT1.5__HTGTPCTDayChange_,,,%%HLTF-Last2HighTail:(UPTREND)buy(DOWNTREND)sell:HighUpperTailPre-last2DayUp,MaySellCheckChart-(IndexNotDownInSecondHalf),",1.1679142112370915,3,3,0
"PCTChangeGT0,_HTGT1.5_,,,chisSellSMA4Reversal,",0.47380802219194224,3,2,1
"PCTChangeLT-5,_HTGT1.5_,,,volBuyRevarsalVolCrossed,",13.15885778643765,1,1,0
"PCTChangeLT-3,,,,chisSellFlagWeek-Risky,##(Check-chart-buy):month3High-InMinus,ReversalHighMonth3,",-0.7861635220125821,1,0,1
"PCTChangeLT-0.5,_LTGT1.5_,,,weekBarLowChangeLT0,brokenToday,(Test)(check-chart-2-3MidCapCross)MayBuyCheckChart-Risky,",-5.213268183709217,1,0,1
"PCTChangeLT-2,,,,(GLOBALFUTDOWN-DOWNTRENDMARKET)checkSellConsolidationBreakDown-week2-lowNotReachedWeek3,week2BarLowChangeLT0,##(Check-chart-buy):YearHigh-InMinus,ReversalHighYear,",-0.8386319116558315,12,3,9
"PCTDayChangeLT0,,,,(GLOBALFUTDOWN-DOWNTRENDMARKET)checkSellConsolidationBreakDown-week2-lowNotReachedWeek3,week2BarLowChangeLT-2,weekLowLTweek2Low,",-1.4618586653171735,1,0,1
"PCTChangeGT3,,,,chisUpTrend-Risky-nearLow,##last2DayHighGT3-M3HLT0,",-1.2351416489024052,4,3,1
"PCTChangeGT2,_LTGT1.5_,,,chisBuyDownTrend-Risky-2,",-0.24770360745065934,14,6,8
"PCTChangeLT-5,_HTGT3.0_,,,##MANegative_Downtrend_(LT-4.5),##MA-SMA200LT0SMA100LT0,##last2DayLow(LT-3)-M3LLT0,",8.025666366568815,1,1,0
"PCTChangeGT1,_HTGT1.5__HTGTPCTDayChange_,,,MaySellCheckChart-(IndexNotDownInSecondHalf),##(Check-chart):year2High-InPlus,",3.9199951171874954,1,1,0
"PCTChangeLT-3,_HTGT3.0__HTGTPCTDayChange_,,,weekBarLowChangeLT-2,##DOWNTREND:sellMonth3HighReversal(InDownTrend),##(Check-chart-buy):month3High-InMinus,ReversalHighMonth3,",-0.9411533246476249,1,0,1
"PCTChangeLT-1,,,,weekBarLowChangeLT0,brokenToday,##(Check-chart-buy):YearHigh-InMinus,ReversalHighYear,",-0.3801201627515363,5,4,1
"PCTChangeLT-1,PCDayChange-0.5to0.5,_HTGT1.5_,,,chisSellSuper-Risky,--,%%:checkSell:Super0,",-2.0905900703381084,1,0,1
"PCTChangeLT-0.5,PCDayChange-0.5to0.5,year2High,_HTGT1.5_,,,%%HLTF:(UPTREND-MorningTrend-UP)mayBuyTail-highTailGT2-7,10thDayGT10-Last2DayStockDown,",0.9491863058436525,1,1,0
"PCTChangeLT-1,,,,chisDownTrend-Risky-nearHigh,##(Check-chart-buy):month6High-InMinus,ReversalHighMonth6,",-0.4476702627044235,12,4,8
"PCTChangeGT0.5,year2High,,,,weekBarHighChangeGT0,",2.4506979774927515,2,2,0
"PCTChangeGT1,,,,%%:checkSell:FlagWeek-doji,",-1.0044742523173384,3,1,2
"PCTChangeLT-12,_HTGT1.5__LTGT3.0__LTGTPCTDayChange_,,,##MANegative_Downtrend_(LT-4.5),##MA-SMA200LT0SMA100LT0,",5.778638161452118,1,1,0
"PCTChangeLT-3,_HTGT3.0__HTGTPCTDayChange_,,,##DOWNTREND:sellYearHighReversal(InDownTrend),##(Check-chart-buy):month3High-InMinus,ReversalHighMonth3,",-1.035859005384716,1,0,1
"PCTChangeLT-1,_HTGT1.5__HTGTPCTDayChange_,,,%%HLTF-Last2HighTail:(DOWNTREND)sell(UPTREND)buy:HighUpperTailPre,%%HLTF:maySellTail-tailGT2-7,10thDayGT0,",1.0961214165261448,1,1,0
"PCTChangeLT-1,,,,%%:checkSell:Super0,%%:sellDowntrend-lastDayDown-ReversalHighTail,",1.7902469476190355,1,1,0
"PCTChangeGT2,_HTGT1.5__HTGTPCTDayChange__LTGTPCTDayChange_,,,buyYearHigh-0,",-0.35237962372448406,1,0,1
"PCTChangeLT-5,_HTGT1.5_,,,##MANegative_Downtrend_(LT-2),##MA-SMA200GT0SMA100GT0,",-1.2499985871491641,1,0,1
"PCTChangeGT3,,,,buyPatternsML,buyPattern-GT1.5-SMAGT0,(SMA9GT0),##MAPositive_Uptrend(GT2),##MA-SMA200GT0SMA100GT0,##last2DayHighGT3-M3HGT0,",4.680154175884963,1,1,0
"PCTChangeLT-1,_LTGT1.5_,,,(Test)MayBuy-CheckChart(upTrend-lastDayDown),##MAPositive_Uptrend(LT-1),##MA-SMA200GT0SMA100GT0,",0.7868931833675344,1,1,0
"PCTChangeGT3,,,,volSellVolumeUpsergedLast2n3DayDown,(GLOBALFUTUP-UPTRENDMARKET)checkBuyConsolidationBreakUp-week2-highNotReachedWeek3,week2BarHighChangeGT2,weekHighGTweek2High,",-0.8897082624884319,2,0,2
"PCTChangeGT5,,,,weekBarHighChangeGT5,brokenToday,##last2DayHighGT3-M3HGT0,",-1.80237090504102,1,0,1
"PCTChangeLT-2,_LTGT1.5_,,,volSellContinueLast2DayDown-VolUp,(GLOBALFUTDOWN-DOWNTRENDMARKET)checkSellConsolidationBreakDown-week2-lowNotReachedWeek3,week2BarLowChangeLT0,chisDownTrend-Risky-nearHigh,##(Check-chart-buy):month3High-InMinus,ReversalHighMonth3,",0.19558308530625493,1,1,0
"PCTChangeGT3,,,,week2BarHighChangeGT0,weekHighGTweek2High,brokenToday,buyYearHigh-0,",5.114580790201821,1,1,0
"PCTChangeLT-3,,,,##MANegative_Downtrend_(LT-1),##MA-SMA200LT0SMA100LT0,chisBuyYear2Low,",-3.0059844879424227,1,0,1
"PCTChangeLT-3,,,,%%HLTF-Last2DayMarketDown:(GLOBAL-UP)buyHighUpperTailPre1-Reversal-LastDayMarketDown,chisDownTrend-Risky-nearHigh,##(Check-chart-buy):month3High-InMinus,ReversalHighMonth3,",2.789159567959332,1,1,0
"PCTChangeGT3,,,,volumeUpsergedLast2n3n4DayDown,chisCheckConsolidationBreakoutLT(4.5),(GLOBALFUTUP-UPTRENDMARKET)checkBuyConsolidationBreakUp-week2-highNotReachedWeek3,week2BarHighChangeGT0,brokenToday,(SMA9GT0),",2.7007314120476007,1,1,0
"PCTChangeLT-3,_LTGT1.5_,,,##(Check-chart-buy):month6High-InMinus,ReversalHighMonth6,",2.690703663185114,1,1,0
"PCTChangeGT5,,,,weekBarHighChangeGT2,##MAPositive_Uptrend(GT4.5),##MA-SMA200GT0SMA100GT0,",-2.778259522993087,3,0,3
"PCTChangeLT-5,,,,chisBuyMay5DayFloorReversal,##DOWNTREND:sellYear2HighReversal(InDownTrend),##last2DayLow(LT-3)-M3LGT0,",-5.687110949082791,1,0,1
"PCTChangeLT-3,,,,checkCupDown-near2WeekDown-mayReveresalBuy,(GLOBALFUTDOWN-DOWNTRENDMARKET)checkSellConsolidationBreakDown-week2-lowNotReachedWeek3,week2BarLowChangeLT0,##last2DayLow(LT-3)-M3LGT0,",-1.4843409037854516,1,0,1
"PCTChangeLT-1,year2Low,_LTGT3.0_,,,buyMorningStar-HighLowerTail-(checkChart),",1.526643877367231,2,1,1
"PCTChangeGT3,,,,chisSellYear2LowLT-40-last3DayDown(triggerAfter-9:15),chisBuyUpTrend-nearLow,##UPTREND:buyYear2LowReversal(Confirm),",0.23681062810118853,1,1,0
"PCTChangeGT5,year2High,,,,chisCheckConsolidationBreakoutLT(4.5),chisBuyConsolidationBreakUp-2week-(Risky)-year2High,week2BarHighChangeGT5,weekHighGTweek2High,",4.204414890479823,1,1,0
"PCTChangeLT-2,,,,checkCupDown-3dayDown,##(Check-chart-buy):YearHigh-InMinus,NearHighYear,",2.499038870313799,1,1,0
"PCTChangeLT-12,_HTGT1.5__LTGT1.5_,,,##ML:BuyRisingMA-Risky-0,",-5.202312138728331,1,0,1
"PCTChangeLT-0.5,_HTGT1.5__LTGT1.5_,,,##MANegative_Downtrend_(LT0),##MA-SMA200GT0SMA100GT0,",-3.6893233512211894,1,0,1
"PCTChangeLT-1,_LTGT1.5_,,,chisDownTrend-Risky-nearHigh,##(Check-chart-buy):YearHigh-InMinus,ReversalHighYear,",-2.0061453861519376,3,0,3
"PCTChangeLT-1,,,,chisSellFlag2Week-Risky,checkCupDown-2dayDown,chisSellDownTrend-nearHigh,##(Check-chart-buy):month3High-InMinus,ReversalHighMonth3,",3.9597274473049517,1,1,0
"PCTChangeGT1,_HTGT1.5__LTGT1.5__HTGTPCTDayChange__LTGTPCTDayChange_,,,%%:checkSell:Super2,",2.4946855841158566,1,1,0
"PCTChangeLT-2,,,,chisSellFinalCandidate-4,zigZagVolCrossedFromUp,",-1.0756913634015322,1,0,1
"PCTChangeGT2,,,,volSellVolumeUpsergedLast2n3DayDown,(GLOBALFUTUP-UPTRENDMARKET)checkBuyConsolidationBreakUp-week2-highNotReachedWeek3,week2BarHighChangeGT2,weekHighGTweek2High,brokenToday,",3.294301295035081,2,1,1
"PCTChangeLT-3,,,,%%:checkSell:Super0,%%:buyDownTrend-month3Low,",-2.6625410236310025,1,0,1
"PCTChangeGT3,,,,chisUpTrend-Risky-nearLow,volBuyContinueLast2DayUp-VolUp,(GLOBALFUTUP-UPTRENDMARKET)checkBuyConsolidationBreakUp-week2-highNotReachedWeek3,week2BarHighChangeGT0,",-0.8279294074997645,1,0,1
"PCTChangeLT-3,,,,%%checkCupDown-2dayDown-continue,chisDownTrend-Risky-nearHigh,##DOWNTREND:sellYear2HighReversal(InDownTrend),",-0.34025179338797934,1,0,1
"PCTChangeGT3,_HTGT1.5_,,,volSellReversalLast2DayUp-VolDown,",2.1047648931038996,8,4,4
"PCTDayChangeLT0,_LTGT1.5_,,,##MA-SMA200GT0SMA100GT0,",0.5897684700160852,5,2,3
"PCTChangeGT3,year2High,,,,volumeUpsergedLast2n3n4DayDown,chisCheckConsolidationBreakoutLT(4.5),weekBarHighChangeGT0,brokenToday,",-0.11737089201877282,1,0,1
"PCTDayChangeLT0,PCDayChange-0.5to0.5,_HTGT1.5_,,,shortDownTrendSellContinue-Doji-Last2DayLTToday,",-1.9118458155410518,4,0,4
"PCTChangeLT-2,_HTGT1.5_,,,##MA-SMA200GT0SMA100LT0,",-6.048037599788481,1,0,1
"PCTChangeLT-2,,,,vol-buy-DownVol-3dayDown-Week2Low,##DOWNTREND:sellYearHighReversal(InDownTrend),##(Check-chart-buy):YearHigh-InMinus,ReversalHighYear,",0.7780784844384244,1,1,0
"PCTChangeLT-3,,,,(GLOBALFUTDOWN-DOWNTRENDMARKET)checkSellConsolidationBreakDown-week2-lowNotReachedWeek3,week2BarLowChangeLT-2,weekLowLTweek2Low,##DOWNTREND:sellMonth3HighReversal(InDownTrend),##(Check-chart-buy):month3High-InMinus,ReversalHighMonth3,",2.917050744446708,1,1,0
"PCTChangeLT-3,,,,volBuyReversalLast2DayDown-VolDown,chisBuyFinalContinue-3,##(Check-chart-buy):month3High-InMinus,NearHighMonth3,",-2.6807210531579555,1,0,1
"PCTChangeGT3,_HTGT1.5__HTGTPCTDayChange_,,,%%HLTF:maySellTail-tailGT2-7,10thDayGT20,%%:sellUpTrend-month3High,",-6.2499999999999964,1,0,1
"PCTChangeGT2,_HTGT1.5__HTGTPCTDayChange_,,,MaySellCheckChart-(IndexNotDownInSecondHalf),%%:sellUpTrend-month3High,chisSellUpTrend-1,",6.349206349206349,1,1,0
"PCTChangeLT-0.5,PCDayChange-0.5to0.5,_LTGT1.5_,,,chisBuyMorningStar-dayDown,",2.0699779617103453,2,2,0
"PCTChangeLT-2,,,,(GLOBALFUTDOWN-DOWNTRENDMARKET)checkSellConsolidationBreakDown-week2-lowNotReachedWeek3,week2BarLowChangeLT-2,(SMA9LT0),",-0.6033203974143447,2,1,1
"PCTChangeLT-2,,,,(GLOBALFUTDOWN-DOWNTRENDMARKET)checkSellConsolidationBreakDown-week2-lowNotReachedWeek3,week2BarLowChangeLT0,chisDownTrend-Risky-nearHigh,##(Check-chart-buy):YearHigh-InMinus,ReversalHighYear,",1.471059795735262,9,5,4
"PCTChangeGT5,year2High,_HTGT3.0_,,,weekBarHighChangeGT2,",1.2440213905053166,2,2,0
"PCTChangeLT-2,year2High,,,,chisSellUpTrend-Risky-2,zigZagVolCrossedFromUp,",-1.7012804860823314,1,0,1
"PCTChangeLT-2,,,,volSellContinueLast2DayDown-VolUp,(GLOBALFUTDOWN-DOWNTRENDMARKET)checkSellConsolidationBreakDown-week2-lowNotReachedWeek3,week2BarLowChangeLT0,##DOWNTREND:sellMonth6HighReversal(InDownTrend),##(Check-chart-buy):month6High-InMinus,ReversalHighMonth6,",0.6357008009881825,1,1,0
"PCTChangeLT-3,,,,VOL:buy-UpVol-3dayDown-Week2Low,##last2DayLow(LT-3)-M3LLT0,",-1.0704127918950188,2,1,1
"PCTChangeGT1,_HTGT1.5__LTGT1.5__HTGTPCTDayChange__LTGTPCTDayChange_,,,chisBuyYearHigh-1,",-0.3770471791751924,1,0,1
"PCTChangeLT-3,,,,checkCupDown-near2WeekDown-mayReveresalBuy,(Test)MayBuy-CheckChart(upTrend-lastDayDown),",-0.22576760157750703,1,0,1
"PCDCGT0PCTChangeLT-1,PCDayChange-0.5to0.5,_HTGT3.0__LTGT1.5_,,,chisBuyYearHigh-3,",1.4939294756509895,1,1,0
"PCTChangeGT0.5,PCDayChange-0.5to0.5,_HTGT1.5__LTGT1.5_,,,%%:checkSell:Flag2Week-doji,",2.244304706456948,2,2,0
"PCTChangeGT3,,,,##MANegative_Downtrend_(GT2),##MA-SMA200GT0SMA100LT0,buyPatternsML,##buyTenDaysLessThanMinusTen,",2.0202020202020363,1,1,0
"PCTChangeGT0.5,PCDayChange-0.5to0.5,_LTGT1.5_,,,%%:checkSell:Super2,-+,",-1.5021132570008204,7,2,5
"PCTChangeEQ0,PCDayChange-0.5to0.5,,,,chisBuyYearHigh-3,",0.08497554859433235,23,12,11
"PCTChangeGT1,PCDayChange-0.5to0.5,,,,%%:checkSell:FlagWeek-doji,",-0.30813374961944484,6,2,4
"PCTChangeLT-2,,,,%%:checkSell:Flag2Week,checkCupDown-2dayDown,",1.8919421909906509,2,2,0
"PCTChangeGT3,_HTGT1.5__LTGT1.5_,,,volBuyVolumeUpsergedLast2n3DayDown,",1.094420600858361,1,1,0
"PCTChangeLT-5,year2Low,_HTGT3.0__HTGTPCTDayChange_,,,##last2DayLow(LT-3)-M3LLT0,",3.9428554605270145,2,2,0
"PCDCLT0PCTChangeGT0,,,,%%:checkSell:CupDownDoji-last2lastDayLT0orTodayGT0,%%:sellDowntrend-lastDayDown-ReversalHighTail,",-1.7085923858887333,1,0,1
"PCTChangeLT-8,_LTGT1.5_,,,(GLOBAL-DOWN)maySellContinueHighVolatileLastDayDOWN-PCT10GT0-(LT-8),##MAPositive_Uptrend(LT-4.5),##MA-SMA200GT0SMA100GT0,",-5.936191829509719,1,0,1
"PCTChangeLT-2,_HTGT1.5_,,,chisSell:Super03-monthLow,chisSell-smallUptrendReversal,##ML:buyRisingMA-down-Risky,",1.3701952420748105,1,1,0
"PCTChangeLT-3,,,,checkCupDown-near2WeekDown-mayReveresalBuy,(GLOBALFUTDOWN-DOWNTRENDMARKET)checkSellConsolidationBreakDown-week2-lowNotReachedWeek3,week2BarLowChangeLT-2,##DOWNTREND:sellMonth6HighReversal(InDownTrend),volBuyRevarsalVolCrossed,##(Check-chart-buy):month6High-InMinus,ReversalHighMonth6,",2.21371305978651,1,1,0
"PCTChangeGT3,year2High,_HTGT1.5_,,,MaySellCheckChart-(IndexNotDownInSecondHalf),weekBarHighChangeGT2,",-0.9265156218799879,1,0,1
"PCTChangeLT-2,,,,%%:checkSell:FlagWeek,checkCupDown-inDownTrend,bar_low,##(Check-chart-sell)Month3Low-Continue(InUpTrend),ReversalLowMonth3,",-2.8068243911323894,1,0,1
"PCTChangeGT2,_HTGT1.5__HTGTPCTDayChange_,,,MaySellCheckChart-(IndexNotDownInSecondHalf),##MAPositive_Uptrend(GT1),##MA-SMA200GT0SMA100GT0,",-0.27372515822137683,3,2,1
"PCTChangeGT8,_LTGT1.5_,,,##MAPositive_Uptrend(GT4.5),##MA-SMA200LT0SMA100LT0,",3.0687846834697488,1,1,0
"PCTChangeGT3,,,,chisCheckConsolidationBreakoutLT(4.5),(GLOBALFUTUP-UPTRENDMARKET)checkBuyConsolidationBreakUp-week2-highNotReachedWeek3,week2BarHighChangeGT2,brokenToday,chis-breakoutup-2week,chisBuy-2week-breakoutup,",-1.151441044373014,1,0,1
"PCTChangeGT2,_HTGT3.0__LTGT3.0__HTGTPCTDayChange__LTGTPCTDayChange_,,,chisBuyDownTrend-lowTail,",4.5945945945946,1,1,0
"PCTChangeGT1,_HTGT3.0__HTGTPCTDayChange_,,,%%HLTF-Risky9:30:maySellTail-tailGT2-7,10thDayGT15,%%HLTF:(UPTREND-GLOBAL/SGX-UP)BuyHighUpperTail-Reversal-7,10thDayGT15-LastDayMarketDown,",-3.6235937911472935,1,0,1
"PCTChangeGT2,,,,VOL:buy-DownVol-3dayUp-Week2Low,##UPTREND:buyYearLowReversal(Confirm),",1.0470890617319317,1,1,0
"PCDCGT0PCTDayChangeLT0,_HTGT1.5__HTGTPCTDayChange_,,,volSellRevarsalVolCrossed,",-4.74868047805061,1,0,1
"PCTChangeGT2,,,,zigZagVolCrossedFromDown,##RisingMA(Test)(check-chart-buy)-1DayUp,",6.530165284696758,1,1,0
"PCTChangeGT3,_LTGT1.5_,,,volSellRevarsalVolCrossed,##(Check-chart-sell):month3Low-InPlus,ReversalLowMonth3,##UPTREND:buyMonth3LowReversal(Confirm),",-5.57836954595804,1,0,1
"PCTChangeGT3,,,,vol-sell-DownVol-3dayUp-Week2High,weekBarHighChangeGT2,",0.7741922481981696,5,3,2
"PCTChangeLT-0.5,PCDayChange-0.5to0.5,_LTGT1.5_,,,chisSell:Super03-monthLow,",0.645585456420254,6,4,2
"PCTChangeGT3,_LTGT1.5_,,,volSellReversalLast2DayUp-VolDown,chisBuy-2week-breakoutup(check-chart)(|-|-| or --|),",-1.3512635483440292,3,1,2
"PCTChangeGT0.5,PCDayChange-0.5to0.5,_LTGT1.5_,,,shortUpTrendBuyContinue-Doji-Last2DayGTToday,",2.4433861969410424,4,4,0
"PCDCLT0PCTChangeGT8,_LTGT3.0_,,,##lastDayHigh(LT-5)Today(LT-1),chisBuyYear2Low,",5.1223877970639204,1,1,0
"PCTChangeLT-3,PCDayChange-0.5to0.5,_HTGT1.5_,,,%%HLTF-Last2HighTail:(DOWNTREND)sellHighUpperTailPre-1,",1.4303314417527753,1,1,0
"PCTChangeLT-3,_LTGT3.0_,,,##MANegative_Downtrend_(LT-2),##MA-SMA200GT0SMA100LT0,##DOWNTREND:sellMonth3LowBreak,buyMorningStar-HighLowerTail,",-3.1148081240446683,1,0,1
"PCTChangeGT1,PCDayChange-0.5to0.5,_LTGT1.5_,,,##MAPositive_Uptrend(GT0),##MA-SMA200GT0SMA100GT0,",-0.1601722045537338,6,3,3
"PCTChangeGT1,PCDayChange-0.5to0.5,_LTGT3.0_,,,%%HLTF:(SGXNIFTYUP)buyHighLowerTail-Continue,##MA-SMA200LT0SMA100GT0,",-1.2393136309762234,1,0,1
"PCTChangeGT2,year2High,_HTGT3.0__HTGTPCTDayChange_,,,%%HLTF-Risky9:30:maySellTail-tailGT2-7,10thDayGT15,",-3.8443032942915933,2,0,2
"PCDCGT0PCTDayChangeLT0,PCDayChange-0.5to0.5,_LTGT3.0_,,,%%HLTF:(GLOBAL-DOWN)sellHighLowerTail-Reversal-LastDayMarketUp,",0.12055191251035408,12,5,7
"PCTChangeGT0.5,_HTGT3.0__LTGT3.0_,,,chisUpTrend-Risky-nearLow,",-9.099998474121094,1,0,1
"PCTChangeLT-2,,,,%%:checkSell:FlagWeek,##(Check-chart-buy):YearHigh-InMinus,ReversalHighYear,",-2.5883300074683127,1,0,1
"PCTChangeLT-5,_HTGT1.5__LTGT1.5_,,,chisSellDayLowVolLow-0,",5.751907745130653,1,1,0
"PCTChangeGT1,PCDayChange-0.5to0.5,_HTGT1.5_,,,%%HLTF-Last2HighTail:(UPTREND)buy(DOWNTREND)sell:HighUpperTailPre-last2DayUp,shortUpTrendSellReversal-MonthHigh-Doji-Last2DayGTToday,",2.198209400392117,1,1,0
"PCTChangeGT3,year2High,_LTGT1.5_,,,volumeUpsergedLast2n3n4DayDown,chisCheckConsolidationBreakoutLT(4.5),",-0.37910443118074855,1,0,1
"PCTDayChangeLT0,PCDayChange-0.5to0.5,_LTGT3.0_,,,%%HLTF:(GLOBAL-UP)buyHighLowerTail-StockInUptrend,",2.9017857142857117,1,1,0
"PCTChangeLT-1,,,,weekBarLowChangeLT-2,",0.2851457652294166,17,10,7
"PCTChangeGT5,_HTGT3.0__HTGTPCTDayChange_,,,%%HLTF-Last2HighTail:(UPTREND)buy(DOWNTREND)sell:HighUpperTailPre-last2DayUp,%%HLTF:(UPTREND-GLOBAL/SGX-UP)BuyHighUpperTail-Reversal-7,10thDayGT15-LastDayMarketDown,",5.741841573743527,1,1,0
"PCTChangeGT2,_HTGT1.5__HTGTPCTDayChange_,,,weekBarHighChangeGT0,",-1.6645562378416965,2,0,2
"PCTChangeLT-3,year2Low,,,,volBuyReversalLast2DayDown-VolDown,",2.6824403593053794,2,1,1
"PCTChangeLT-2,,,,volSellContinueLast2DayDown-VolUp,chisSellFinalCandidate-4,",3.885354206060908,1,1,0
"PCTChangeGT8,_HTGT1.5_,,,zigZagVolCrossedFromDown,",5.875253397485311,1,1,0
"PCTChangeGT12,year2High,_HTGT1.5_,,,%%HLTF-Last2HighTail:(UPTREND)buy(DOWNTREND)sell:HighUpperTailPre-last2DayUp,",-6.067709127262707,1,0,1
"PCTChangeGT3,,,,(GLOBALFUTUP-UPTRENDMARKET)checkBuyConsolidationBreakUp-week2-highNotReachedWeek3,week2BarHighChangeGT0,brokenToday,##(check-chart)mayBuy-EMA6-LT-May-MT-EMA14,##UPTREND:buyYear2LowReversal(Confirm),",4.698800083145088,1,1,0
"PCTChangeGT3,_LTGT3.0_,,,%%HLTF-Risky:(GLOBAL-DOWN)sellHighLowerTail-Reversal-LastDayMarketUp,weekBarHighChangeGT2,##last2DayHighGT3-M3HLT0,",3.8827033892069722,1,1,0
"PCTChangeLT-5,year2Low,,,,VOL:buy-UpVol-3dayDown-Week2Low,##last3DayLow(LT-3)-M3LLT0,",0.07004608979094974,1,1,0
"PCTChangeGT3,_HTGT1.5_,,,%%HLTF-Last2HighTail:(UPTREND)buy(DOWNTREND)sell:HighUpperTailPre-last2DayUp,(GLOBALFUTUP-UPTRENDMARKET)checkBuyConsolidationBreakUp-week2-highNotReachedWeek3,week2BarHighChangeGT2,##last2DayHighGT3-M3HLT0,",0.3567881580655759,2,2,0
"PCTChangeLT-2,,,,%%:checkSell:Super01-monthLow,##longDownTrend-1-IndexNotDownLastDay(checkBase),",-0.09809934759443674,1,0,1
"PCTChangeLT-2,_LTGT1.5_,,,weekBarLowChangeLT0,brokenToday,chisDownTrend-Risky-nearHigh,MayBuyCheckChart-(IndexNotUpInSecondHalf),$$MayBuy-CheckChart-baseLine(inuptrend-monthlow)-PCTDayChangeLT0,",-2.101632823114811,1,0,1
"PCTChangeGT3,year2High,,,,volSellVolumeUpsergedLast2n3DayDown,weekBarHighChangeGT2,brokenToday,",1.453713582549502,7,6,1
"PCTChangeLT-0.5,_LTGT1.5_,,,%%:check(UPTREND-UPMARKET)Buy(DOWNTRENDTREND-DOWNMARKET)Sell:Super01-monthLow,",0.8664588172832426,1,1,0
"PCTChangeGT8,year2High,,,,volBuyContinueLast2DayUp-VolUp,##last2DayHighGT3-M3HGT0,",0.6770849227905269,1,1,0
"PCTChangeGT2,,,,chisSellYear2LowLT-40-last3DayDown(triggerAfter-9:15),",1.4106568010228582,3,3,0
"PCTChangeLT-1,,,,volumeUpsergedLast2n3n4DayUp,##(Check-chart-buy):month3High-InMinus,ReversalHighMonth3,",-1.004518661648352,3,1,2
"PCTChangeGT12,_HTGT3.0_,,,%%HLTF-Last2HighTail:(UPTREND)buy(DOWNTREND)sell:HighUpperTailPre-last2DayUp,",-2.9006371131310096,1,0,1
"PCTChangeGT5,_HTGT1.5_,,,weekBarHighChangeGT0,brokenToday,##MAPositive_Uptrend(GT2),##MA-SMA200GT0SMA100GT0,",-0.6521739130434772,1,0,1
"PCTChangeGT3,,,,week2BarHighChangeGT2,##(check-chart)mayBuy-EMA6-LT-May-MT-EMA14,",1.548496616325255,1,1,0
"PCTChangeGT5,year2High,_HTGT3.0__HTGTPCTDayChange_,,,volumeUpsergedLast2n3n4DayDown,",-0.9252601273840757,1,0,1
"PCTChangeLT-2,,,,volSellContinueLast2DayDown-VolUp,(GLOBALFUTDOWN-DOWNTRENDMARKET)checkSellConsolidationBreakDown-week2-lowNotReachedWeek3,week2BarLowChangeLT0,##(Check-chart-buy):month3High-InMinus,ReversalHighMonth3,",0.9375027247837642,1,1,0
"PCTChangeGT2,,,,volSellVolumeUpsergedLast2n3DayDown,week2BarHighChangeGT0,brokenToday,##(Check-chart):year2High-InPlus,",0.0825173264224987,1,1,0
"PCTChangeGT3,,,,week2BarHighChangeGT2,weekHighGTweek2High,brokenToday,",-0.49290363761327666,6,1,5
"PCTChangeLT-5,_HTGT1.5__LTGT1.5__HTGTPCTDayChange__LTGTPCTDayChange_,,,##MANegative_Downtrend_(LT-2),##MA-SMA200LT0SMA100LT0,",-0.6275944733912434,1,0,1
"PCTChangeLT-2,year2High,,,,checkCupDown-month3HighLTmonth3Low,bar_low,",-1.3234823766751858,8,2,6
"PCTChangeLT-1,PCDayChange-0.5to0.5,_HTGT1.5_,,,chisBuyYearHigh-3,",-0.012878725466815332,18,7,11
"PCTChangeLT-5,_HTGT1.5__LTGT1.5_,,,volBuyRevarsalVolCrossed,",2.963521060490424,1,1,0
"PCTChangeGT1,_HTGT1.5__HTGTPCTDayChange_,,,(Test)MaySellCheckChart-last3DayUp,MaySellCheckChart-(IndexNotDownInSecondHalf),",0.26899892538177367,3,2,1
"PCTChangeGT5,,,,chisUpTrend-Risky-nearLow,##UPTREND:buyMonth3Low,",-0.2866587244478481,1,0,1
"PCTChangeGT3,_LTGT1.5_,,,%%:sellUpTrend-month3High,##MAPositive_Uptrend(GT2),##MA-SMA200GT0SMA100GT0,",-0.686990017122969,4,1,3
"PCTChangeLT-8,_LTGT3.0_,,,chisDownTrend-Risky-nearHigh,",-0.7085020242914973,1,0,1
"PCTChangeLT-1,PCDayChange-0.5to0.5,_LTGT3.0_,,,%%HLTF:(GLOBAL-DOWN)sellHighLowerTail-Reversal-LastDayMarketUp,chisBuyYearHigh-3,",2.587193787502333,1,1,0
"PCTChangeLT-2,_HTGT1.5_,,,volBuyReversalLast2DayDown-VolUp,weekBarLowChangeLT-2,",-2.83927309431476,2,0,2
"PCDCGT0PCTChangeLT-1,_HTGT1.5_,,,%%HLTF-Last2HighTail:(DOWNTREND)sellHighUpperTailPre-1,",-3.6172403678793597,3,0,3
"PCTChangeLT-3,,,,weekBarLowChangeLT-2,chisDownTrend-Risky-nearHigh,##DOWNTREND:sellMonth3HighReversal(InDownTrend),##last2DayLow(LT-3)-M3LGT0,##(Check-chart-buy):month3High-InMinus,ReversalHighMonth3,##(check-chart)maySell-EMA6-MT-May-LT-EMA14,",1.5805553037204274,1,1,0
"PCTChangeGT1,_LTGT3.0_,,,##MANegative_Downtrend_(GT2),##MA-SMA200LT0SMA100LT0,",1.1914659065446447,4,3,1
"PCTChangeGT0,PCDayChange-0.5to0.5,,,,chisSellDowningMA-(check5MinuteDownTrendAndSellDowntrend)-Already10DayDown,chisBuyYearHigh-3,",0.34564632714256727,9,5,3
"PCTChangeGT3,_HTGT1.5_,,,volBuyContinueLast2DayUp-VolUp,##MAPositive_Uptrend(GT2),##MA-SMA200GT0SMA100GT0,",-3.199753179782784,1,0,1
"PCTChangeLT-2,,,,(GLOBALFUTDOWN-DOWNTRENDMARKET)checkSellConsolidationBreakDown-week2-lowNotReachedWeek3,week2BarLowChangeLT0,weekLowLTweek2Low,chisDownTrend-Risky-nearHigh,##(Check-chart-buy):month6High-InMinus,ReversalHighMonth6,",-0.9268116439777252,5,2,3
"PCTChangeLT-1,_HTGT3.0__HTGTPCTDayChange_,,,%%HLTF:maySellTail-tailGT2-7,10thDayGT20,zigZagVolCrossedFromUp,##(Test):buyRisingMA-uptrend-SMA25gt0,",0.23465483627594735,1,1,0
"PCTChangeGT3,_LTGT1.5_,,,chisUpTrend-Risky-nearLow,chisSellYear2LowContinue,BuyYearLow,##UPTREND:buyYear2Low,",-3.120563047152039,1,0,1
"PCTChangeLT-1,_HTGT3.0__LTGT3.0__HTGTPCTDayChange__LTGTPCTDayChange_,,,chisBuy-smallUptrendContinue,chisDownTrend-Risky-nearHigh,",-1.2262981409173157,1,0,1
"PCTChangeLT-2,,,,volumeUpsergedLast2n3n4DayUp,weekBarLowChangeLT0,brokenToday,chisDownTrend-Risky-nearHigh,",-1.9223898605265914,1,0,1
"PCTChangeLT-5,,,,VOL:buy-DownVol-3dayDown-Week2High,##last2DayLow(LT-3)-M3LGT0,chisBuyDayLowVolLow-0,",3.567508292465265,1,1,0
"PCTChangeGT3,year2Low,,,,volBuyContinueLast2DayUp-VolUp,",-2.976788086442346,1,0,1
"PCTChangeLT-5,,,,volSellContinueLast2DayDown-VolUp,weekBarLowChangeLT-2,brokenToday,",-0.3918207483762873,1,0,1
"PCTChangeGT2,_HTGT1.5__LTGT1.5__HTGTPCTDayChange__LTGTPCTDayChange_,,,chisBuyDownTrend-Risky-1,",0.002284495568694923,1,1,0
"PCTChangeGT3,year2High,_HTGT3.0__HTGTPCTDayChange_,,,%%HLTF:(DOWNTREND-OR-GLOBALDOWN)maySellTail-tailGT2-2,3,4thDayGT0,",-1.2684587798260156,2,0,2
"PCDCLT0PCTChangeGT0,_HTGT1.5__LTGT1.5_,,,##MAPositive_Uptrend(LT0),##MA-SMA200GT0SMA100GT0,",-1.5555665150252052,2,0,2
"PCDCGT0PCTDayChangeLT0,PCDayChange-0.5to0.5,_HTGT1.5_,,,%%HLTF:maySellTail-tailGT2-7,10thDayGT20,chisBuyYearHigh-3,",2.2186254586285497,1,1,0
"PCTChangeLT-3,,,,weekBarLowChangeLT-2,brokenToday,##MANegative_Downtrend_(LT-2),##MA-SMA200LT0SMA100LT0,##DOWNTREND:sellMonth3LowBreak,",2.342100216586754,2,2,0
"PCTChangeGT1,year2High,,,,(GLOBALFUTUP-UPTRENDMARKET)checkBuyConsolidationBreakUp-week2,weekBarHighChangeGT0,",-0.2553633542685508,3,2,1
"PCTChangeGT2,,,,volSellVolumeUpsergedLast2n3DayDown,chisCheckConsolidationBreakoutLT(4.5),weekBarHighChangeGT2,brokenToday,",-4.105252891927287,1,0,1
"PCTChangeLT-1,_HTGT1.5__HTGTPCTDayChange_,,,volSellContinueLast2DayDown-VolUp,weekBarLowChangeLT0,",0.19972207085206176,1,1,0
"PCTChangeLT-5,,,,##(check-chart)buyEMA6<EMA14,",0.5867024064234745,1,1,0
"PCTChangeLT-2,_LTGT1.5_,,,volBuyReversalLast2DayDown-VolUp,(GLOBALFUTDOWN-DOWNTRENDMARKET)checkSellConsolidationBreakDown-week2,weekBarLowChangeLT-2,",-1.4195455977171227,1,0,1
"PCTChangeLT-2,,,,chisSellFlagWeek-Risky,##DOWNTREND:sellMonth3High(InDownTrend),",-2.2646985607597805,1,0,1
"PCTChangeLT-0.5,,,,%%:checkSell:Super01-monthLow,##ML:sellRisingMA-down-(Risky),",0.7003843552407587,1,1,0
"PCTChangeGT3,,,,shortUpTrendSellReversal-MonthHigh,weekBarHighChangeGT0,brokenToday,",-0.1098884331001113,1,0,1
"PCTChangeGT1,,,,##MAPositive_Uptrend(GT2),##MA-SMA200LT0SMA100GT0,",0.20933773626344676,6,5,1
"PCTChangeLT-1,,,,checkSellConsolidationBreakDown-2week,week2BarLowChangeLT0,brokenToday,chisDownTrend-Risky-nearHigh,",0.8823506972369132,1,1,0
"PCTChangeLT-2,_HTGT1.5_,,,checkCupDown-inDownTrend-month3HighLTmonth3Low,bar_low,",0.2917221318946646,3,2,1
"PCTChangeGT3,_HTGT1.5_,,,chisSellYear2LowLT-40-last4DayDown(triggerAfter-9:15),chisBuyYearLow1,",2.898550724637674,1,1,0
"PCTChangeGT5,_HTGT1.5_,,,##MAPositive_Uptrend(GT4.5),##MA-SMA200GT0SMA100GT0,##last3DayHighGT3-M3HGT0,",1.1136187661722148,2,1,1
"PCTChangeGT5,year2High,_HTGT1.5__LTGT3.0__LTGTPCTDayChange_,,,%%HLTF:(GLOBAL-DOWN)sellHighLowerTail-Reversal-LastDayMarketUp,",-0.26384822376013817,1,0,1
"PCTChangeGT2,_LTGT1.5_,,,zigZagVolCrossedFromDown,$$MaySellContinue-CheckChart(inuptrend-monthlow)-PCTDayChangeGT2,",9.278143037430807,1,1,0
"PCTChangeLT-3,,,,(GLOBALFUTDOWN-DOWNTRENDMARKET)checkSellConsolidationBreakDown-week2-lowNotReachedWeek3,week2BarLowChangeLT-2,volBuyRevarsalVolCrossed,",3.696236483333209,1,1,0
"PCTChangeGT5,year2Low,_HTGT1.5_,,,zigZagVolCrossedFromDown,chisSellYear2LowContinue,",17.254011723498884,1,1,0
"PCTChangeGT3,_HTGT1.5_,,,(GLOBALFUTUP-UPTRENDMARKET)checkBuyConsolidationBreakUp-week2-highNotReachedWeek3,week2BarHighChangeGT0,weekHighGTweek2High,brokenToday,",1.0100717492371396,9,7,2
"PCTChangeLT-0.5,_LTGT1.5_,,,%%:checkSell:CupDownDoji-lastDayLT(-2)TodayDoji,",0.2666014207859385,4,3,1
"PCDCLT0PCTChangeGT0,PCDayChange-0.5to0.5,_LTGT1.5_,,,$$MayBuy-CheckChart-baseLine(inuptrend-monthlow)-PCTDayChangeLT0,",-2.987304094346958,1,0,1
"PCTChangeGT3,_HTGT3.0__HTGTPCTDayChange_,,,sellEveningStar-0,volSellReversalLast2DayUp-VolUp,##MAPositive_Uptrend(GT1),##MA-SMA200GT0SMA100GT0,",-0.04704953018435092,1,0,1
"PCTChangeLT-3,,,,chisSellDownTrend-nearHigh,##(Check-chart-buy):YearHigh-InMinus,NearHighYear,",-0.4119134973529328,27,11,16
"PCTChangeGT0,_HTGT3.0__HTGTPCTDayChange_,,,##MA-SMA200LT0SMA100GT0,",4.008578293958692,2,1,1
"PCTChangeLT-8,_HTGT3.0__LTGT1.5__HTGTPCTDayChange_,,,##MANegative_Downtrend_(LT-2),##MA-SMA200LT0SMA100LT0,",-1.257017468347838,6,2,4
"PCTChangeGT0,PCDayChange-0.5to0.5,,,,chisSellFlagWeek-doji-Risky,chisSellSMA4Reversal,",-0.8636468537333043,7,4,3
"PCTChangeGT5,,,,##MAPositive_Uptrend(GT2),##MA-SMA200LT0SMA100GT0,##last2DayHighGT3-M3HGT0,",0.524014312733575,1,1,0
"PCTChangeGT3,year2Low,,,,chisSellYear2LowLT-40-last4DayDown(triggerAfter-9:15),",0.10271498337131783,7,3,4
"PCTChangeGT3,_HTGT3.0__LTGT1.5_,,,##last2DayHighGT3-M3HLT0,",-0.8724046491907164,1,0,1
"PCTChangeLT-0.5,_HTGT1.5__LTGT1.5__HTGTPCTDayChange__LTGTPCTDayChange_,,,$$MayBuyContinue-CheckChart(inUpTrend-monthHigh)-lowTail,",1.8081785431910784,1,1,0
"PCTChangeLT-1,_LTGT1.5_,,,shortDownTrendBuyReversal-MonthLow-Doji-Last2DayLTToday,$$MayBuy-CheckChart-baseLine(inuptrend-monthlow)-MHCLT(-10),",-1.9098294139344087,1,0,1
"PCTChangeLT-2,,,,volBuyReversalLast2DayDown-VolDown,(GLOBALFUTDOWN-DOWNTRENDMARKET)checkSellConsolidationBreakDown-week2-lowNotReachedWeek3,week2BarLowChangeLT0,weekLowLTweek2Low,chisDownTrend-Risky-nearHigh,",1.2677785650598457,1,1,0
"PCTChangeGT0.5,PCDayChange-0.5to0.5,_LTGT1.5_,,,%%HLTF:(GLOBAL-DOWN)sellHighLowerTail-Reversal-LastDayMarketUp,chisBuyYearHigh-3,",-2.9717871684242114,2,0,2
"PCTChangeGT0,PCDayChange-0.5to0.5,,,,%%:checkBuyContinue:CupDownDoji,",-0.8224520821771351,2,1,1
"PCTChangeLT-2,_HTGT1.5_,,,weekBarLowChangeLT0,brokenToday,##DOWNTREND:sellYear2HighReversal(InDownTrend),##(Check-chart-buy):YearHigh-InMinus,ReversalHighYear,",-0.3185266783767053,1,0,1
"PCTDayChangeLT0,PCDayChange-0.5to0.5,_HTGT1.5_,,,%%:checkBuyContinue:CupDownDoji,",2.4818862693897334,1,1,0
"PCTChangeGT0.5,,,,chisBuyUpTrend-nearLow,",0.04257737225759708,22,10,12
"PCDCLT0PCTChangeGT5,_LTGT3.0_,,,%%HLTF-Last2DayMarketUp:(GLOBAL-DOWN)sellHighLowerTail-Reversal-LastDayMarketUp,",0.08773954038302989,2,1,1
"PCTChangeGT2,_HTGT1.5__LTGT1.5__LTGTPCTDayChange_,,,week2BarHighChangeGT0,brokenToday,",1.7788630595645893,1,1,0
"PCTChangeLT-2,,,,checkCupDown-near2WeekDown-mayReveresalBuy,##DOWNTREND:sellMonth3HighReversal(InDownTrend),##(Check-chart-buy):month3High-InMinus,ReversalHighMonth3,",0.8455759595364267,1,1,0
"PCTChangeLT-2,,,,##(Test)(check-chart)-buySMAUpTrend,",-0.6166485828681438,1,0,1
"PCTChangeLT-2,,,,(GLOBALFUTDOWN-DOWNTRENDMARKET)checkSellConsolidationBreakDown-week2-lowNotReachedWeek3,week2BarLowChangeLT0,##DOWNTREND:sellYearLowBreak,",-1.9545083569995614,1,0,1
"PCTChangeLT-2,_HTGT1.5__HTGTPCTDayChange_,,,checkCupDown-2dayDown-mayReversalBuy,volumeUpsergedLast2n3n4DayUp,",2.4761904761904763,1,1,0
"PCTChangeLT-2,_HTGT3.0__HTGTPCTDayChange_,,,weekBarLowChangeLT0,brokenToday,",0.3341066466848263,1,1,0
"PCTChangeGT3,_HTGT1.5__HTGTPCTDayChange_,,,sellEveningStar-0,##MAPositive_Uptrend(GT1),##MA-SMA200LT0SMA100LT0,",-0.10335759599077725,1,0,1
"PCTChangeLT-3,,,,%%:checkSell:ConsolidationBreakDown(NotShapeA)-2week,checkSellConsolidationBreakDown-2week,week2BarLowChangeLT0,weekLowLTweek2Low,chisDownTrend-Risky-nearHigh,##(Check-chart-buy):month3High-InMinus,ReversalHighMonth3,",-0.9222242567274275,1,0,1
"PCTChangeLT-2,year2High,_HTGT1.5__HTGTPCTDayChange_,,,%%HLTF-Last2HighTail:(DOWNTREND)sellHighUpperTailPre,",0.7503996611899804,4,3,1
"PCTChangeGT2,_HTGT3.0_,,,%%HLTF-Last2HighTail:(UPTREND)buy(DOWNTREND)sell:HighUpperTailPre-last2DayUp,##RisingMA(check-chart-sell)-MaySellCheckChart,##MA-SMA200LT0SMA100LT0,",-1.6579165794946664,1,0,1
"PCTChangeLT-1,_HTGT3.0_,,,$$(DOWNTREND-OR-GLOBALDOWN)MaySell-CheckChart-baseLine(inDownTrend-monthHigh)-MLCGT10,",3.7785547513628623,1,1,0
"PCTChangeLT-2,,,,volSellVolumeUpsergedLast2n3DayUp,VOL:sell(GLOBALFUTUP-GLOBALMARKETUP)Buy-UpVol-3dayDown-Week2High,chisDownTrend-Risky-nearHigh,##DOWNTREND:sellYear2HighReversal(InDownTrend),##(Check-chart-buy):month3High-InMinus,ReversalHighMonth3,",-0.8780402701486046,1,0,1
"PCTChangeGT5,_HTGT1.5_,,,volumeUpsergedLast2n3n4DayDown,##last2DayHighGT3-M3HLT0,",-2.928924560546872,1,0,1
"PCDCGT0PCTDayChangeLT0,PCDayChange-0.5to0.5,,,,##MANegative_Downtrend_(GT0),##MA-SMA200GT0SMA100GT0,",2.809241972801755,1,1,0
"PCTChangeGT3,_HTGT1.5__LTGT3.0__LTGTPCTDayChange_,,,##lastDayHighGT5TodayGT1,",0.08350368943864345,1,1,0
"PCTChangeGT8,_HTGT1.5_,,,##MAPositive_Uptrend(GT4.5),##MA-SMA200LT0SMA100LT0,",-0.7659383263407935,5,1,4
"PCTChangeLT-0.5,PCDayChange-0.5to0.5,,,,##MAPositive_Uptrend(LT0),##MA-SMA200LT0SMA100GT0,",2.4595923576522716,1,1,0
"PCTChangeGT3,,,,weekBarHighChangeGT2,brokenToday,##MAPositive_Uptrend(GT2),##MA-SMA200GT0SMA100GT0,",0.5538509701161938,8,4,4
"PCTChangeLT-2,,,,week2BarLowChangeLT-2,weekLowLTweek2Low,",-1.392960345732865,3,0,3
"PCTChangeGT2,,,,checkBuyConsolidationBreakUp-2week,week2BarHighChangeGT2,weekHighGTweek2High,",-1.7299761585778375,2,0,2
"PCTChangeGT5,_LTGT1.5_,,,##MAPositive_Uptrend(GT4.5),##MA-SMA200GT0SMA100GT0,##last2DayHighGT3-M3HGT0,",-2.488759648329848,4,1,3
"PCTChangeGT12,year2High,_HTGT3.0__LTGT1.5_,,,%%HLTF-Last2HighTail:(UPTREND)buy(DOWNTREND)sell:HighUpperTailPre-last2DayUp,",15.761269721566688,1,1,0
"PCTChangeLT-2,_HTGT1.5_,,,%%:checkSell:Super0,##MANegative_Downtrend_(LT-2),##MA-SMA200LT0SMA100LT0,",-1.2609761639960464,1,0,1
"PCTChangeLT-3,,,,(Test)MayBuy-CheckChart(upTrend-lastDayDown),##MAPositive_Uptrend(LT-4.5),##MA-SMA200LT0SMA100GT0,",3.0303030303030183,1,1,0
"PCTChangeGT2,year2High,,,,chisCheckConsolidationBreakoutLT(4.5),week2BarHighChangeGT0,brokenToday,",0.09990229496958866,1,1,0
"PCTChangeGT3,year2High,_HTGT1.5__LTGT1.5__HTGTPCTDayChange__LTGTPCTDayChange_,,,%%:sellUpTrend-month3High,",-0.4548994076797456,1,0,1
"PCTChangeGT0.5,_HTGT1.5__LTGT3.0_,,,chisSellSMA4Reversal,",3.2407407407407414,1,1,0
"PCTChangeLT-2,,,,volBuyReversalLast2DayDown-VolDown,chisBuyFinalContinue-3,##sellTenDaysMoreThanTen,",-2.585958611089807,1,0,1
"PCTChangeGT5,_LTGT3.0_,,,chisSellYear2LowLT-40-last4DayDown(triggerAfter-9:15),",-1.4302555361696965,2,0,2
"PCTChangeGT3,_HTGT1.5_,,,%%HLTF-Risky9:30:maySellTail-tailGT2-7,10thDayGT15,",3.573925813512043,1,1,0
"PCTChangeLT-3,_LTGT1.5_,,,##last2DayLow(LT-3)-M3LGT0,",-0.35626666341339297,20,9,9
"PCTChangeLT-0.5,,,,chisSell:Super03-monthLow,volBuyReversalLast2DayDown-VolDown,",0.161290322580638,1,1,0
"PCTChangeGT1,,,,chisCheckConsolidationBreakoutLT(4.5),week2BarHighChangeGT0,",-0.66287110696161,1,0,1
"PCTChangeLT-3,_HTGT1.5__LTGT1.5_,,,##last2DayLow(LT-3)-M3LGT0,$$MaySellContinue-CheckChart(inuptrend-monthlow)-highTail,",6.294222662775249,1,1,0
"PCTChangeLT-3,_LTGT3.0_,,,##last2DayLow(LT-3)-M3LGT0,buyMorningStar-HighLowerTail,",7.699118130728504,1,1,0
"PCTChangeLT-12,_HTGT1.5__LTGT1.5_,,,chisRSISellCandidate(yearLow)-lessThanMinus5,##MANegative_Downtrend_(LT-4.5),##MA-SMA200LT0SMA100LT0,",4.1393738253945855,2,2,0
"PCTChangeLT-0.5,,,,chisDownTrend-Risky-nearHigh,",0.03507345498597402,1237,607,626
"PCTChangeGT5,,,,(GLOBALFUTUP-UPTRENDMARKET)checkBuyConsolidationBreakUp-week2-highNotReachedWeek3,week2BarHighChangeGT2,brokenToday,",1.0985745199671666,6,3,3
"PCTChangeGT1,_HTGT1.5__LTGT3.0__HTGTPCTDayChange__LTGTPCTDayChange_,,,%%:checkSell:CupDownDoji,%%HLTF:(GLOBAL-DOWN)sellHighLowerTail-Reversal-LastDayMarketUp,",-4.415909209058314,1,0,1
"PCTChangeLT-0.5,_HTGT1.5__HTGTPCTDayChange_,,,##MA-SMA200GT0SMA100GT0,",-0.3495783915195822,2,0,2
"PCTChangeLT-3,_HTGT3.0_,,,checkCupDown-2dayDown-mayReversalBuy,chisDownTrend-Risky-nearHigh,##last2DayLow(LT-3)-M3LGT0,##sellRisingMA,",-1.2705873330741764,1,0,1
"PCTChangeLT-2,_HTGT1.5_,,,vol-buy-DownVol-3dayDown-Week2Low,##MANegative_Downtrend_(LT-2),##MA-SMA200LT0SMA100LT0,##DOWNTREND:sellMonth6LowBreak,",-2.5352131779391622,1,0,1
"PCTChangeGT0,_HTGT1.5_,,,shortUpTrendBuyContinue-Doji-Last2DayGTToday,chisSellEveningStar-2(Check2-3MidCapCross),",-1.1443707531181848,1,0,1
"PCTChangeLT-3,,,,##DOWNTREND:sellYearHigh(InDownTrend),##(Check-chart-buy):month3High-InMinus,BreakHighMonth3,",-2.5892893473307246,1,0,1
"PCTChangeGT3,year2High,_LTGT1.5_,,,volumeUpsergedLast2n3n4DayDown,(GLOBALFUTUP-UPTRENDMARKET)checkBuyConsolidationBreakUp-week2,weekBarHighChangeGT2,##last2DayHighGT3-M3HGT0,",-3.56,1,0,1
"PCTChangeGT8,_LTGT1.5_,,,%%HLTF-Risky:(GLOBAL-DOWN)sellHighLowerTail-Reversal-LastDayMarketUp,chisSell-2week-breakoutup,",4.529917138254524,1,1,0
"PCTChangeLT-1,PCDayChange-0.5to0.5,_HTGT1.5__LTGT1.5_,,,##MANegative_Downtrend_(LT0),##MA-SMA200LT0SMA100LT0,",0.00811578852229039,2,1,1
"PCTChangeGT0,PCDayChange-0.5to0.5,,,,shortUpTrendSellReversal-MonthHigh,buyYearHigh-0,",-1.7171686345880701,1,0,1
"PCTChangeGT3,_HTGT1.5_,,,%%HLTF-Last2HighTail:(UPTREND)buy(DOWNTREND)sell:HighUpperTailPre-last2DayUp,##MAPositive_Uptrend(GT4.5),##MA-SMA200GT0SMA100GT0,##last2DayHighGT3-M3HLT0,",2.4471829199098414,1,1,0
"PCDCLT0PCTChangeGT0,_HTGT1.5_,,,%%:checkSell:CupDownDoji-lastDayLT(-2)TodayDoji,%%HLTF-Last2HighTail:(DOWNTREND)sell(UPTREND)buy:HighUpperTailPre,",0.23568749561589022,1,1,0
"PCTChangeLT-1,_HTGT1.5__LTGT1.5_,,,chisDownTrend-Risky-nearHigh,##(Test):buyRisingMA-uptrend-SMA25gt0,",6.069715429075514,1,1,0
"PCTChangeGT3,,,,weekBarHighChangeGT2,brokenToday,##(check-chart)mayBuy-EMA6-LT-May-MT-EMA14,",0.08182801174696541,2,1,1
"PCTChangeLT-1,,,,checkCupDown-inDownTrend-month3HighLTmonth3Low,bar_low,chisSellDownTrend-nearHigh,##(Check-chart-buy):month3High-InMinus,BreakHighMonth3,",-0.8150205507383363,1,0,1
"PCTChangeLT-3,year2Low,,,,volBuyVolumeUpsergedLast2n3DayUp,weekBarLowChangeLT0,brokenToday,",-1.9694121043967747,1,0,1
"PCTChangeLT-0.5,,,,checkSellConsolidationBreakDown-2week,week2BarLowChangeLT0,brokenToday,",1.234175283697581,1,1,0
"PCTChangeGT3,,,,chisUpTrend-Risky-nearLow,volumeUpsergedLast2n3n4DayDown,##UPTREND:buyYearLowReversal(Confirm),",-1.825375658798619,1,0,1
"PCTChangeGT2,_HTGT1.5_,,,%%HLTF-Last2HighTail:(UPTREND)buy(DOWNTREND)sell:HighUpperTailPre-last2DayUp,vol-sell-DownVol-3dayUp-Week2High,",-6.4018717403609955,2,0,2
"PCTChangeLT-3,,,,checkCupDown-near2WeekDown-mayReveresalBuy,(GLOBALFUTDOWN-DOWNTRENDMARKET)checkSellConsolidationBreakDown-week2-lowNotReachedWeek3,week2BarLowChangeLT-2,weekLowLTweek2Low,##(Check-chart-buy):month3High-InMinus,ReversalHighMonth3,##(check-chart)maySell-EMA6-MT-May-LT-EMA14,",-0.18567932265449721,1,0,1
"PCTChangeLT-2,,,,checkCupDown-3dayDown-mayReversalBuy,chisBuyMay5DayFloorReversal,##DOWNTREND:sellMonth6HighReversal(InDownTrend),##(Check-chart-buy):month3High-InMinus,ReversalHighMonth3,",1.1020144514798857,1,1,0
"PCTChangeLT-2,,,,volBuyReversalLast2DayDown-VolDown,chisDownTrend-Risky-nearHigh,##(Check-chart-buy):YearHigh-InMinus,ReversalHighYear,",-1.561201712733445,1,0,1
"PCTChangeLT-3,,,,volSellContinueLast2DayDown-VolUp,chisDownTrend-Risky-nearHigh,",0.8637554096088551,9,5,4
"PCTChangeLT-3,year2High,_HTGT3.0__LTGT1.5__HTGTPCTDayChange_,,,##sellTenDaysMoreThanTen,",-4.199998286732453,1,0,1
"PCTChangeLT-3,,,,(GLOBALFUTDOWN-DOWNTRENDMARKET)checkSellConsolidationBreakDown-week2-lowNotReachedWeek3,week2BarLowChangeLT0,##DOWNTREND:sellYear2HighReversal(InDownTrend),##(Check-chart-buy):YearHigh-InMinus,ReversalHighYear,",-2.0263916652207223,1,0,1
"PCTChangeGT3,,,,volSellVolumeUpsergedLast2n3DayDown,volBuyContinueLast2DayUp-VolUp,(GLOBALFUTUP-UPTRENDMARKET)checkBuyConsolidationBreakUp-week2,weekBarHighChangeGT2,",-4.585990084009312,1,0,1
"PCTChangeLT-2,_HTGT1.5_,,,checkCupDown-3dayDown-mayReversalBuy,##DOWNTREND:sellYear2HighReversal(InDownTrend),##(Check-chart-buy):month3High-InMinus,ReversalHighMonth3,",5.080461173221979,1,1,0
"PCTChangeLT-3,_HTGT1.5_,,,volSellContinueLast2DayDown-VolUp,sellPatternsML,sellPatterns-LT-1.5-SMALT0,(SMA9LT0),",-1.7627593170128277,1,0,1
"PCTChangeGT3,_LTGT1.5_,,,chisBuyUpTrend-1-YearHigh,",-2.2566156373594555,1,0,1
"PCTChangeGT1,_HTGT1.5_,,,(SMA9LT0),",-1.4516153643208156,1,0,1
"PCTChangeLT-2,_HTGT3.0__HTGTPCTDayChange_,,,checkCupDown-inDownTrend-month3HighLTmonth3Low,%%HLTF:maySellTail-tailGT2-7,10thDayGT20,##sellTenDaysMoreThanTen,",1.111123506379799,1,1,0
"PCTChangeLT-2,_HTGT3.0__HTGTPCTDayChange_,,,VOL:buy-UpVol-3dayDown-Week2Low,",1.0490282968319737,1,1,0
"PCTChangeGT5,_HTGT1.5_,,,chisCheckConsolidationBreakoutGT(4.5),(GLOBALFUTUP-UPTRENDMARKET)checkBuyConsolidationBreakUp-week2-highNotReachedWeek3,week2BarHighChangeGT0,",-0.8723787421748789,1,0,1
"PCTChangeGT1,PCDayChange-0.5to0.5,_HTGT1.5_,,,##MAPositive_Uptrend(GT0),##MA-SMA200GT0SMA100GT0,",-0.9957643445215162,3,0,3
"PCTChangeLT-2,year2High,_LTGT1.5_,,,checkCupDown-inDownTrend-month3HighLTmonth3Low,bar_low,",-3.6568723454156746,2,0,2
"PCTDayChangeLT0,_LTGT3.0_,,,%%HLTF:(GLOBAL-DOWN)sellHighLowerTail-Reversal-LastDayMarketUp,buyPatternsML,buyPattern-GT1.5-SMAGT0,(SMA9GT0),",4.295360755994111,1,1,0
"PCTChangeLT-3,_HTGT3.0__LTGT3.0__HTGTPCTDayChange_,,,chisSell-smallUptrendReversal,",3.284006618796641,1,1,0
"PCDCGT0PCTDayChangeLT0,_HTGT1.5__LTGT3.0_,,,%%HLTF:(GLOBAL-DOWN)sellHighLowerTail-Reversal-LastDayMarketUp,",-8.62616308859895,1,0,1
"PCTDayChangeLT0,PCDayChange-0.5to0.5,_HTGT1.5_,,,%%:checkSell:Super0,",-3.627838134765635,1,0,1
"PCDCGT0PCTDayChangeLT0,,,,(Test)MaySell-CheckChart(downTrend-lastDayUp),",-0.44362098340479,9,4,5
"PCTChangeGT5,_HTGT3.0__LTGT1.5_,,,chisSellYear2LowLT-40-last4DayDown(triggerAfter-9:15),",-3.6336683966929115,1,0,1
"PCTChangeLT-0.5,year2High,,,,volBuyReversalLast2DayDown-VolDown,",0.21358365751890696,5,2,3
"PCTChangeLT-5,,,,chisDownTrend-Risky-nearHigh,##DOWNTREND:sellYear2HighReversal(InDownTrend),##last2DayLow(LT-3)-M3LGT0,",1.5772623731798248,3,2,1
"PCTChangeGT5,_HTGT1.5_,,,chisUpTrend-Risky-nearLow,volSellReversalLast2DayUp-VolDown,(GLOBALFUTUP-UPTRENDMARKET)checkBuyConsolidationBreakUp-week2-highNotReachedWeek3,week2BarHighChangeGT0,brokenToday,##sellRisingMAuptrend-2,##UPTREND:buyYearLow,",0.9069649544263135,1,1,0
"PCTChangeLT-2,_HTGT3.0__HTGTPCTDayChange_,,,%%HLTF:maySellTail-tailGT2-allDayGT0,##sellTenDaysMoreThanTen,##MAPositive_Uptrend(LT-2),##MA-SMA200LT0SMA100GT0,",1.8188220769651418,1,1,0
"PCTChangeGT16,year2High,_HTGT1.5_,,,volumeUpsergedLast2n3n4DayDown,##last2DayHighGT3-M3HGT0,",-1.8872781094211692,1,0,1
"PCTChangeGT2,_HTGT1.5__LTGT1.5_,,,(GLOBALFUTUP-UPTRENDMARKET)checkBuyConsolidationBreakUp-week2-highNotReachedWeek3,week2BarHighChangeGT0,weekHighGTweek2High,",-0.6587113621451789,1,0,1
"PCTChangeGT2,,,,chisCheckConsolidationBreakoutLT(4.5),checkBuyConsolidationBreakUp-2week,week2BarHighChangeGT0,weekHighGTweek2High,brokenToday,",0.1339749185171248,1,1,0
"PCTChangeLT-2,year2High,_HTGT1.5_,,,volSellVolumeUpsergedLast2n3DayUp,##sellTenDaysMoreThanTen,",0.24315411396461517,2,1,1
"PCTChangeGT0,PCDayChange-0.5to0.5,_HTGT3.0__LTGT3.0_,,,##MANegative_Downtrend_(GT0),##MA-SMA200LT0SMA100LT0,",-1.548060300582061,2,1,1
"PCTDayChangeLT0,PCDayChange-0.5to0.5,_LTGT1.5_,,,$$MayBuy-CheckChart-baseLine(inuptrend-monthlow)-PCTDayChangeLT0,",-1.2604294461869334,5,1,4
"PCTChangeGT3,,,,zigZagVolCrossedFromDown,chisUpTrend-Risky-nearLow,(GLOBALFUTUP-UPTRENDMARKET)checkBuyConsolidationBreakUp-week2-highNotReachedWeek3,week2BarHighChangeGT0,chis-breakoutup-2week,##(check-chart)sellEMA6>EMA14,",-0.5960224480028973,1,0,1
"PCTChangeGT0.5,PCDayChange-0.5to0.5,year2High,_HTGT1.5_,,,%%HLTF:maySellTail-tailGT2-7,10thDayGT20,",-3.813369328286046,1,0,1
"PCDCLT0PCTChangeGT1,PCDayChange-0.5to0.5,_HTGT1.5__LTGT1.5_,,,%%HLTF:(UPTREND-MorningTrend-UP)mayBuyTail-highTailGT2-7,10thDayGT10-Last2DayStockDown,",-1.0556690963273243,1,0,1
"PCTChangeLT-3,,,,vol-buy-DownVol-3dayDown-Week2Low,##MANegative_Downtrend_(LT-2),##MA-SMA200LT0SMA100LT0,##last2DayLow(LT-3)-M3LLT0,chisBuyDayLowVolLow-03-checkMorningTrend(.5SL)-after10:30,",1.5693361692049812,1,1,0
"PCTChangeGT2,year2High,,,,volumeUpsergedLast2n3n4DayDown,chisCheckConsolidationBreakoutLT(4.5),",-1.9651263450091685,1,0,1
"PCTChangeGT3,_HTGT1.5_,,,%%:checkSell:CupDownDoji,checkCupDown-lastDayUp,",-0.5424499511718721,1,0,1
"PCTChangeGT5,,,,checkBuyConsolidationBreakUp-month3HighLTMonth3Low,",2.5202026924826453,2,2,0
"PCTChangeLT-2,,,,chisSellFlagWeek-Risky,chisDownTrend-Risky-nearHigh,##DOWNTREND:sellYear2HighReversal(InDownTrend),##(Check-chart-buy):month3High-InMinus,ReversalHighMonth3,",-0.8966635212584539,1,0,1
"PCTChangeLT-2,_LTGT3.0_,,,(Test)MayBuy-CheckChart(upTrend-lastDayDown),##MA-SMA200GT0SMA100GT0,",-0.6908307304503427,1,0,1
"PCTChangeLT-2,,,,chisBuy-smallUptrendContinue,chisDownTrend-Risky-nearHigh,##ML:buyRisingMA-down-Risky,",-1.0112152515391233,1,0,1
"PCTChangeGT3,,,,vol-sell-DownVol-3dayUp-Week2High,##MAPositive_Uptrend(GT2),##MA-SMA200LT0SMA100GT0,",-1.7744562205816943,4,1,3
"PCTDayChangeLT0,_HTGT3.0_,,,%%HLTF:(UPTREND-MorningTrend-UP)mayBuyTail-highTailGT2-7,10thDayGT10-Last2DayStockDown,",1.185976257452663,3,2,1
"PCTChangeGT1,_HTGT1.5__HTGTPCTDayChange_,,,(Test)MaySellCheckChart-last3DayUp,MaySellCheckChart-(IndexNotDownInSecondHalf),$$MaySell-CheckChart(downTrend-mayReverseLast4DaysUp)-Risky,",2.320622125545696,1,1,0
"PCTChangeGT2,,,,volSellVolumeUpsergedLast2n3DayDown,weekBarHighChangeGT0,brokenToday,",-0.04423685459494181,8,3,5
"PCTChangeLT-0.5,year2High,_HTGT1.5__HTGTPCTDayChange_,,,%%HLTF-Last2HighTail:(DOWNTREND)sellHighUpperTailPre,",-0.8533103179771158,4,1,3
"PCTChangeLT-3,,,,volumeUpsergedLast2n3n4DayUp,(GLOBALFUTDOWN-DOWNTRENDMARKET)checkSellConsolidationBreakDown-week2-lowNotReachedWeek3,week2BarLowChangeLT0,chisDownTrend-Risky-nearHigh,##DOWNTREND:sellYear2HighReversal(InDownTrend),##(Check-chart-buy):YearHigh-InMinus,ReversalHighYear,",-2.08644199613673,1,0,1
"PCTChangeGT2,_HTGT1.5__HTGTPCTDayChange_,,,$$MaySell-CheckChart-baseLine(inDownTrend-monthHigh)-MLCGT10,weekBarHighChangeGT2,",-0.4432624113475248,1,0,1
"PCTChangeLT-2,,,,volBuyReversalLast2DayDown-VolDown,chisSellDownTrend-nearHigh,##(Check-chart-buy):month6High-InMinus,NearHighMonth6,",0.6449718588202624,1,1,0
"PCTDayChangeLT0,,,,(SMA9GT0),mayBuyFromSellPattern-GT1.8,(Test)MayBuy-CheckChart(upTrend-lastDayDown),",4.45353461297284,1,1,0
"PCTChangeLT-2,,,,checkCupDown-inDownTrend-month3HighLTmonth3Low,bar_low,chisSellDownTrend-nearHigh,",0.15137346084014974,2,1,1
"PCTChangeLT-3,,,,volSellVolumeUpsergedLast2n3DayUp,##ML:buyRisingMA-down-Risky,",-1.7569164363342327,1,0,1
"PCTChangeLT-2,,,,checkCupDown-near2WeekDown-mayReveresalBuy,(GLOBALFUTDOWN-DOWNTRENDMARKET)checkSellConsolidationBreakDown-week2-lowNotReachedWeek3,week2BarLowChangeLT0,weekLowLTweek2Low,chisSellDownTrend-nearHigh,##DOWNTREND:sellYear2HighReversal(InDownTrend),##(Check-chart-buy):month3High-InMinus,ReversalHighMonth3,",-0.5206060512981244,1,0,1
"PCTChangeLT-3,_HTGT1.5_,,,##ML:BuyRisingMA-Risky-1,",1.0267870766775908,1,1,0
"PCTChangeGT3,year2High,_HTGT1.5_,,,week2BarHighChangeGT2,",-1.6309843532682402,2,1,1
"PCTChangeGT3,_HTGT1.5__LTGT3.0_,,,chisSelldowntrendReversalMayFail,",-2.6475449859118894,1,0,1
"PCDCLT0PCTChangeGT5,,,,chisSellLastDayHighUpReversal,",0.5005381289023808,3,2,1
"PCTChangeGT2,_HTGT1.5_,,,##MANegative_Downtrend_(GT2),##MA-SMA200LT0SMA100LT0,sellPattern-LT-1.5-SMALT0,(SMA9LT0),##buyTenDaysLessThanMinusTen,",-0.03739539186859826,1,0,1
"PCTChangeGT0.5,_LTGT1.5_,,,(SMA9GT0),",4.056767257858102,1,1,0
"PCTChangeGT2,_LTGT3.0_,,,%%HLTF:(SGXNIFTYUP)buyHighLowerTail-Continue,##MA-SMA200LT0SMA100GT0,",0.5001818954269514,1,1,0
"PCTChangeLT-2,year2High,_LTGT3.0_,,,checkCupDown-inDownTrend-month3HighLTmonth3Low,bar_low,%%HLTF:(GLOBAL-DOWN)sellHighLowerTail-Reversal-LastDayMarketUp,volBuyReversalLast2DayDown-VolUp,",-2.2029636106803308,1,0,1
"PCTChangeLT-2,_LTGT1.5_,,,volBuyVolumeUpsergedLast2n3DayUp,weekBarLowChangeLT-2,buyMorningStar-HighLowerTail,",-2.267524712627156,1,0,1
"PCTChangeLT-1,_LTGT1.5_,,,weekBarLowChangeLT0,brokenToday,$$MayBuy-CheckChart(monthLow-minimumLast4DayDown),",1.5141854686525045,1,1,0
"PCTChangeLT-8,_LTGT3.0_,,,(GLOBAL-DOWN)maySellContinueHighVolatileLastDayDOWN-month3LowGT0-(LT-8),",1.1393335046735902,5,2,3
"PCTChangeLT-2,_LTGT1.5_,,,checkCupDown-2dayDown-mayReversalBuy,%%HLTF:(GLOBAL-UP)buyHighLowerTail-LastDayMarketUp,chisDownTrend-Risky-nearHigh,##DOWNTREND:sellYear2HighReversal(InDownTrend),##(Check-chart-buy):month3High-InMinus,ReversalHighMonth3,",0.655737704918017,1,1,0
"PCTChangeLT-1,_HTGT1.5__HTGTPCTDayChange_,,,volBuyReversalLast2DayDown-VolUp,",-2.552634894000454,3,1,2
"PCDCLT0PCTChangeGT0,PCDayChange-0.5to0.5,,,,%%:checkSell:Super0,##MANegative_Downtrend_(LT0),##MA-SMA200LT0SMA100LT0,",-4.020503391528064,1,0,1
"PCTChangeLT-5,year2High,,,,##last2DayLow(LT-3)-M3LGT0,chisSellDayLowVolLow-0,",-1.4353273794854045,1,0,1
"PCTChangeGT3,year2High,,,,volBuyContinueLast2DayUp-VolUp,",-0.4916712612483167,24,6,18
"PCTChangeLT-1,,,,volBuyRevarsalVolCrossed,##(Check-chart-buy):month3High-InMinus,ReversalHighMonth3,",1.7182629429467964,4,4,0
"PCTChangeGT0.5,year2High,,,,shortUpTrendSellReversal-MonthHigh,buyPatternsML,buyPattern-GT1.5-SMAGT0,(SMA9GT0),",0.5382678156455419,1,1,0
"PCTChangeGT5,year2High,_HTGT1.5__LTGT1.5_,,,volumeUpsergedLast2n3n4DayDown,##last2DayHighGT3-M3HGT0,",4.648212226066888,1,1,0
"PCTChangeGT2,_LTGT1.5_,,,zigZagVolCrossedFromDown,",0.6415169795797955,11,5,6
"PCTChangeGT1,year2High,,,,volSellVolumeUpsergedLast2n3DayDown,",-0.9270863785469354,2,1,1
"PCTChangeLT-2,_HTGT3.0__LTGT1.5__HTGTPCTDayChange_,,,##DOWNTREND:sellYearHighReversal(InDownTrend),##(Check-chart-buy):month3High-InMinus,ReversalHighMonth3,",2.252745017027231,1,1,0
"PCTChangeLT-1,_LTGT1.5_,,,checkCupDown-near2WeekDown-mayReveresalBuy,(GLOBALFUTDOWN-DOWNTRENDMARKET)checkSellConsolidationBreakDown-week2-lowNotReachedWeek3,week2BarLowChangeLT0,",-0.6991719655073819,1,0,1
"PCTChangeGT8,year2High,,,,chisCheckConsolidationBreakoutGT(4.5),",10.381465499300743,1,1,0
"PCTChangeGT5,_LTGT1.5_,,,volumeUpsergedLast2n3n4DayDown,",1.530904756638027,2,2,0
"PCTChangeGT3,,,,volBuyContinueLast2DayUp-VolUp,(GLOBALFUTUP-UPTRENDMARKET)checkBuyConsolidationBreakUp-week2-highNotReachedWeek3,week2BarHighChangeGT2,brokenToday,",-2.0082086288283896,2,0,2
"PCDCLT0PCTChangeGT1,PCDayChange-0.5to0.5,_HTGT1.5__LTGT1.5_,,,##MA-SMA200GT0SMA100GT0,",0.2442667724823399,1,1,0
"PCTChangeGT1,PCDayChange-0.5to0.5,_HTGT1.5_,,,%%HLTF-Last2HighTail:(UPTREND)buy(DOWNTREND)sell:HighUpperTailPre-last2DayUp,%%HLTF-Risky9:30:maySellTail-tailGT2-7,10thDayGT15,",1.3033798238635503,2,1,1
"PCTChangeGT3,,,,(GLOBALFUTUP-UPTRENDMARKET)checkBuyConsolidationBreakUp-week2-highNotReachedWeek3,week2BarHighChangeGT2,weekHighGTweek2High,brokenToday,chisBuy-2week-breakoutup(check-chart)(|-|-| or --|),",-0.5811815877059163,1,0,1
"PCTChangeLT-1,,,,##sellSMA25GT10,",-0.30952799795011804,3,1,2
"PCTChangeGT1,_LTGT3.0_,,,%%HLTF-Risky:(GLOBAL-DOWN)sellHighLowerTail-Reversal-LastDayMarketUp,",-0.47688577091735745,5,3,2
"PCTChangeGT2,_LTGT3.0_,,,(GLOBALFUTUP-UPTRENDMARKET)checkBuyConsolidationBreakUp-week2-highNotReachedWeek3,week2BarHighChangeGT0,brokenToday,",0.4476093834566713,2,1,1
"PCTChangeLT-2,_LTGT1.5_,,,(GLOBALFUTDOWN-DOWNTRENDMARKET)checkSellConsolidationBreakDown-week2-lowNotReachedWeek3,week2BarLowChangeLT0,##DOWNTREND:sellYearHighReversal(InDownTrend),MayBuyCheckChart-(IndexNotUpInSecondHalf),##(Check-chart-buy):month3High-InMinus,ReversalHighMonth3,",1.3823125201318733,1,1,0
"PCTChangeGT3,_LTGT1.5_,,,VOL:buy(GLOBALFUTDOWN-GLOBALMARKETDOWN)Sell-UpVol-3dayUp-Week2Low,##last2DayHighGT3-M3HLT0,",0.9966257456186669,1,1,0
"PCTChangeLT-3,,,,chisBuyMay5DayFloorReversal,VOL:sell(GLOBALFUTUP-GLOBALMARKETUP)Buy-UpVol-3dayDown-Week2High,##last2DayLow(LT-3)-M3LGT0,",3.3250870613891848,1,1,0
"PCTChangeLT-5,,,,%%:checkSell:Flag2Week,chisBuyDayLowVolLow,",0.328464925724236,1,1,0
"PCTChangeLT-5,,,,weekBarLowChangeLT-2,brokenToday,##DOWNTREND:sellMonth3HighReversal(InDownTrend),",-0.6930662853883031,1,0,1
"PCTChangeLT-3,,,,##(check-chart)maySell-EMA6-MT-May-LT-EMA14,",0.5803428772269899,9,7,2
"PCTChangeGT1,_LTGT1.5_,,,chisBuyFinalCandidate-(lastDayUp)-(sellPattern),buyFinal,",-0.7622842986867716,1,0,1
"PCTChangeLT-2,,,,%%HLTF-Last2DayMarketDown:(GLOBAL-UP)buyHighUpperTailPre1-Reversal-LastDayMarketDown,##longDownTrend-2-IndexNotDownLastDay(checkBase),chisDownTrend-Risky-nearHigh,",2.764228882828383,1,1,0
"PCTChangeGT3,,,,volSellVolumeUpsergedLast2n3DayDown,(GLOBALFUTUP-UPTRENDMARKET)checkBuyConsolidationBreakUp-week2-highNotReachedWeek3,week2BarHighChangeGT0,weekHighGTweek2High,brokenToday,",-0.4192766619367452,1,0,1
"PCTChangeLT-3,,,,##ML:buyRisingMA-down-0,",-0.21900951582554828,2,1,1
"PCTChangeLT-3,_LTGT1.5_,,,volSellContinueLast2DayDown-VolUp,chisDownTrend-Risky-nearHigh,##(Check-chart-buy):YearHigh-InMinus,ReversalHighYear,",0.29556390710197616,2,1,1
"PCTChangeLT-2,_LTGT1.5_,,,%%:checkSell:Super01-monthLow,",-0.634614272025372,12,3,8
"PCTChangeGT3,,,,(GLOBALFUTUP-UPTRENDMARKET)checkBuyConsolidationBreakUp-week2-highNotReachedWeek3,week2BarHighChangeGT2,brokenToday,chisBuy-2week-breakoutup(check-chart)(|-|-| or --|),##(check-chart)sellEMA6>EMA14,",-2.2659042157801226,1,0,1
"PCTChangeGT3,year2High,,,,chisBuyConsolidationBreakUp-2week-(Risky)-year2High,week2BarHighChangeGT2,weekHighGTweek2High,brokenToday,",-0.7841286978816993,2,1,1
"PCTChangeGT5,,,,volBuyContinueLast2DayUp-VolUp,chisCheckConsolidationBreakoutLT(4.5),(GLOBALFUTUP-UPTRENDMARKET)checkBuyConsolidationBreakUp-week2-highNotReachedWeek3,week2BarHighChangeGT0,brokenToday,",0.9590542124727458,1,1,0
"PCTChangeLT-3,,,,checkCupDown-2dayDown-mayReversalBuy,##DOWNTREND:sellMonth6HighReversal(InDownTrend),%%:checkBuyRevarsalLast3DayDownAtMonth3High,##(Check-chart-buy):month3High-InMinus,ReversalHighMonth3,##(check-chart)maySell-EMA6-MT-May-LT-EMA14,",0.8835308682647256,1,1,0
"PCTChangeLT-2,,,,VOL:sell(GLOBALFUTUP-GLOBALMARKETUP)Buy-UpVol-3dayDown-Week2High,",0.8617413448971053,10,6,4
"PCTChangeLT-2,,,,(GLOBALFUTDOWN-DOWNTRENDMARKET)checkSellConsolidationBreakDown-week2-lowNotReachedWeek3,week2BarLowChangeLT0,##(Check-chart-buy):month6High-InMinus,ReversalHighMonth6,",1.460642678885473,2,2,0
"PCTChangeLT-2,_HTGT3.0_,,,volBuyReversalLast2DayDown-VolUp,",0.9453947684060777,1,1,0
"PCTChangeGT0,_HTGT1.5__HTGTPCTDayChange_,,,chisBuyYearHigh-3,",0.09035106803314341,4,2,2
"PCTChangeLT-3,,,,volBuyReversalLast2DayDown-VolDown,##(Check-chart-sell)Month3Low-Continue(InUpTrend),ReversalLowMonth3,",2.369462938731526,1,1,0
"PCTChangeGT3,,,,volSellVolumeUpsergedLast2n3DayDown,checkBuyConsolidationBreakout-allPreLT0,weekBarHighChangeGT2,",-1.6076894906850892,1,0,1
"PCTChangeLT-1,_LTGT1.5_,,,shortDownTrendSellContinue-Doji-Last2DayLTToday,##MANegative_Downtrend_(LT0),##MA-SMA200GT0SMA100GT0,",-2.9487218612279587,1,0,1
"PCTChangeGT3,,,,chis-breakoutup-2week,##(check-chart)mayBuy-EMA6-LT-May-MT-EMA14,",-0.6354523893690894,3,0,3
"PCTChangeLT-1,_HTGT3.0__HTGTPCTDayChange_,,,(GLOBALFUTDOWN-DOWNTRENDMARKET)checkSellConsolidationBreakDown-week2-lowNotReachedWeek3,week2BarLowChangeLT-2,weekLowLTweek2Low,##MANegative_Downtrend_(LT-2),##MA-SMA200LT0SMA100LT0,",-2.0270270270270414,1,0,1
"PCTChangeLT-2,,,,weekBarLowChangeLT0,chisDownTrend-Risky-nearHigh,##DOWNTREND:sellYearHighReversal(InDownTrend),",-1.9089844186006855,1,0,1
"PCTChangeGT2,_LTGT1.5_,,,%%HLTF-Risky:(GLOBAL-DOWN)sellHighLowerTail-Reversal-LastDayMarketUp,weekBarHighChangeGT2,",0.5283201228488664,1,1,0
"PCTChangeGT1,year2High,,,,shortUpTrendSellReversal-MonthHigh,weekBarHighChangeGT0,",1.015042183094459,1,1,0
"PCTChangeLT-2,_LTGT3.0_,,,%%checkCupDown-2dayDown-continue,",1.3942854817985897,1,1,0
"PCTChangeLT-2,_LTGT1.5_,,,##MANegative_Downtrend_(LT-2),##MA-SMA200LT0SMA100LT0,",0.5902403724481249,25,14,10
"PCTChangeLT-8,_LTGT1.5_,,,(GLOBAL-DOWN)maySellContinueHighVolatileLastDayDOWN-month3LowGT0-(LT-8),",-1.7615286829989194,7,1,6
"PCTDayChangeLT0,PCDayChange-0.5to0.5,_LTGT1.5_,,,%%:checkSell:CupDownDoji-lastDayLT(-2)TodayDoji,",-0.6759467151308264,6,3,3
"PCTChangeLT-0.5,_LTGT3.0_,,,%%:check(UPTREND-UPMARKET)Buy(DOWNTRENDTREND-DOWNMARKET)Sell:Super01-monthLow,",-1.4085351117119882,1,0,1
"PCTChangeGT0.5,PCDayChange-0.5to0.5,_HTGT1.5_,,,chisSellFlag2Week-doji-Risky,%%HLTF-Last2HighTail:(UPTREND)buy(DOWNTREND)sell:HighUpperTailPre-last2DayUp,",-2.923099254761268,1,0,1
"PCTChangeLT-3,,,,checkCupDown-month3HighLTmonth3Low,bar_low,chisSellDownTrend-nearHigh,##(Check-chart-buy):month3High-InMinus,ReversalHighMonth3,",1.2927667749853966,1,1,0
"PCTChangeGT2,_HTGT3.0__HTGTPCTDayChange_,,,volSellReversalLast2DayUp-VolUp,",0.8665553327138463,2,1,1
"PCTChangeGT2,,,,volSellVolumeUpsergedLast2n3DayDown,chisBuy-2week-breakoutup(check-chart)(|-|-| or --|),",1.8029426125919124,1,1,0
"PCTChangeLT-2,year2High,_HTGT1.5__LTGT1.5__HTGTPCTDayChange_,,,%%HLTF-Risky9:30:maySellTail-tailGT2-7,10thDayGT15,",-2.461748633879781,1,0,1
"PCTChangeLT-1,_HTGT1.5_,,,(GLOBALFUTDOWN-DOWNTRENDMARKET)checkSellConsolidationBreakDown-week2-lowNotReachedWeek3,week2BarLowChangeLT-2,weekLowLTweek2Low,",-1.0217632649774213,5,1,4
"PCTChangeLT-2,_LTGT3.0_,,,volBuyReversalLast2DayDown-VolDown,",-2.3244224569916128,2,0,2
"PCTChangeLT-2,_LTGT1.5_,,,##longDownTrend-2-IndexNotDownLastDay(checkBase),chisSellDownTrend-nearHigh,",-1.5886139907383166,1,0,1
"PCTChangeLT-5,year2Low,_LTGT3.0_,,,volSellContinueLast2DayDown-VolUp,##last2DayLow(LT-3)-M3LLT0,",-4.223680998149679,1,0,1
"PCTChangeLT-3,year2Low,,,,volBuyReversalLast2DayDown-VolDown,chisBuyDayLowVolLow-01,",-2.6244357700261594,1,0,1
"PCTChangeLT-3,,,,chisSellFlagWeek-Risky,##last2DayLow(LT-3)-M3LGT0,",0.38543635823742467,1,1,0
"PCTChangeGT5,year2High,_HTGT1.5_,,,chisBuyConsolidationBreakUp-2week-(Risky)-year2High,week2BarHighChangeGT2,",4.132238502710896,1,1,0
"PCTChangeGT3,,,,volumeUpsergedLast2n3n4DayDown,volBuyContinueLast2DayUp-VolUp,chisCheckConsolidationBreakoutGT(4.5),week2BarHighChangeGT2,brokenToday,",2.1298733005275854,1,1,0
"PCTChangeLT-5,_LTGT3.0_,,,VOL:sellAboveTail-BuyAtClose:upVol3dayDownWeek2Low-highLowerTail,##MANegative_Downtrend_(LT-4.5),##MA-SMA200GT0SMA100LT0,##last2DayLow(LT-3)-M3LLT0,",-1.8062029698098332,1,0,1
"PCTChangeGT3,_HTGT1.5__LTGT1.5_,,,VOL:buy(GLOBALFUTDOWN-GLOBALMARKETDOWN)Sell-UpVol-3dayUp-Week2Low,##UPTREND:buyYear2LowReversal(Confirm),",-2.399121733885652,1,0,1
"PCTChangeGT3,,,,(GLOBALFUTUP-UPTRENDMARKET)checkBuyConsolidationBreakUp-week2-highNotReachedWeek3,week2BarHighChangeGT0,brokenToday,chisSell-2week-breakoutup,##lastDayHighGT5TodayGT1,",0.465535137356412,1,1,0
"PCTChangeGT3,_LTGT1.5_,,,(GLOBALFUTUP-UPTRENDMARKET)checkBuyConsolidationBreakUp-week2,weekBarHighChangeGT2,",3.125007108811093,1,1,0
"PCTChangeLT-3,,,,(GLOBALFUTDOWN-DOWNTRENDMARKET)checkSellConsolidationBreakDown-week2-lowNotReachedWeek3,week2BarLowChangeLT0,%%:checkBuyRevarsalLast3DayDownAtMonth3High,",-0.9121212255447878,1,0,1
"PCTChangeGT1,_HTGT1.5_,,,MaySellCheckChart-(IndexNotDownInSecondHalf),##(Check-chart-sell):month3Low-InPlus,ReversalLowMonth3,(GLOBALFUTUP-UPTRENDMARKET)checkBuyConsolidationBreakUp-week2-highNotReachedWeek3,week2BarHighChangeGT0,weekHighGTweek2High,brokenToday,",0.9844778657432159,1,1,0
"PCTChangeLT-1,,,,weekBarLowChangeLT0,brokenToday,(SMA9LT0),",0.4761936613258376,1,1,0
"PCTChangeLT-2,,,,(GLOBALFUTDOWN-DOWNTRENDMARKET)checkSellConsolidationBreakDown-week2-lowNotReachedWeek3,week2BarLowChangeLT-2,$$MayBuy-CheckChart(monthLow-minimumLast4DayDown),",-1.004147351530086,1,0,1
"PCTChangeLT-0.5,PCDayChange-0.5to0.5,_HTGT1.5_,,,%%HLTF:maySellTail-tailGT2-7,10thDayGT0,",-0.5343488154520497,1,0,1
"PCTChangeLT-3,,,,checkSellConsolidationBreakDown-month3HighGTMonth3Low,##longDownTrend-1-IndexNotDownLastDay(checkBase),",0.5026569772273941,1,1,0
"PCTChangeGT3,year2High,_HTGT1.5__LTGT1.5__LTGTPCTDayChange_,,,weekBarHighChangeGT2,",3.835491352059897,1,1,0
"PCTChangeGT1,PCDayChange-0.5to0.5,year2High,_HTGT3.0_,,,%%HLTF-Last2HighTail:(UPTREND)buy(DOWNTREND)sell:HighUpperTailPre-last2DayUp,%%HLTF:maySellTail-tailGT2-7,10thDayGT20,",-2.6853695183335464,1,0,1
"PCTChangeLT-0.5,_HTGT1.5__HTGTPCTDayChange_,,,chisSell:Super03-monthLow,",-1.110265886772074,2,0,2
"PCTChangeLT-2,_HTGT3.0_,,,weekBarLowChangeLT-2,brokenToday,##(Check-chart-buy):month3High-InMinus,ReversalHighMonth3,##(check-chart)maySell-EMA6-MT-May-LT-EMA14,",10.658455400028188,1,1,0
"PCTChangeLT-2,,,,volBuyVolumeUpsergedLast2n3DayUp,weekBarLowChangeLT-2,brokenToday,chisDownTrend-Risky-nearHigh,##DOWNTREND:sellYearHighReversal(InDownTrend),##(Check-chart-buy):month3High-InMinus,ReversalHighMonth3,",-3.6151278585511974,1,0,1
"PCTChangeGT3,,,,volumeUpsergedLast2n3n4DayDown,(GLOBALFUTUP-UPTRENDMARKET)checkBuyConsolidationBreakUp-week2-highNotReachedWeek3,week2BarHighChangeGT2,##lastDayHighGT5TodayGT1,",0.8103839421676378,1,1,0
"PCTChangeLT-12,,,,chisSell-smallUptrendReversal,chisDownTrend-Risky-nearHigh,",-6.607929769236014,1,0,1
"PCTChangeLT-2,_HTGT1.5__HTGTPCTDayChange_,,,chisBuyMay5DayFloorReversal,",4.823890471450675,1,1,0
"PCTChangeGT5,_HTGT1.5_,,,%%ACU:sellReversalLast2DayHighGT4,chisBuyDayHighVolLow-0,##last2DayHighGT3-M3HLT0,",-7.269914228990667,1,0,1
"PCTChangeLT-2,,,,volumeUpsergedLast2n3n4DayUp,chisSellDownTrend-nearHigh,##(Check-chart-buy):month3High-InMinus,NearHighMonth3,",-0.2601903763721533,2,1,1
"PCTChangeLT-2,,,,volumeUpsergedLast2n3n4DayUp,weekBarLowChangeLT-2,##DOWNTREND:sellYear2HighReversal(InDownTrend),##(Check-chart-buy):month3High-InMinus,ReversalHighMonth3,",-1.1223162003903784,1,0,1
"PCTChangeLT-3,,,,checkCupDown-near2WeekDown-mayReveresalBuy,(GLOBALFUTDOWN-DOWNTRENDMARKET)checkSellConsolidationBreakDown-week2-lowNotReachedWeek3,week2BarLowChangeLT0,##last2DayLow(LT-3)-M3LGT0,##(check-chart)maySell-EMA6-MT-May-LT-EMA14,",0.44571597239097327,1,1,0
"PCTChangeGT2,_HTGT3.0__HTGTPCTDayChange_,,,%%HLTF:(DOWNTREND-OR-GLOBALDOWN)maySellTail-tailGT2-2,3,4thDayGT0,sellEveningStar-0,chisUpTrend-Risky-nearLow,##RisingMA(check-chart-sell)-MaySellCheckChart,##UPTREND:buyMonth6LowReversal(Confirm),",4.549808820286391,1,1,0
"PCTChangeGT5,year2High,_HTGT3.0_,,,VOL:buyBelowTail-SellAtClose:upVol3dayUpWeek2High-highUpperTail,chisCheckConsolidationBreakoutGT(4.5),",-2.474890315134517,1,0,1
"PCTChangeLT-3,,,,checkCupDown-near2WeekDown-mayReveresalBuy,##DOWNTREND:sellYear2HighReversal(InDownTrend),%%:checkBuyRevarsalLast3DayDownAtMonth3High,##(Check-chart-buy):month3High-InMinus,ReversalHighMonth3,",-0.2197143242032989,1,0,1
"PCTChangeGT0,_HTGT1.5_,,,%%:checkBuyContinue:CupDownDoji-last2dayUp,",-0.4424021388953015,1,0,1
"PCTChangeGT2,year2Low,,,,chisSellYear2LowLT-40-last4DayDown(triggerAfter-9:15),##buyTenDaysLessThanMinusTen,",2.1517056194224082,1,1,0
"PCTChangeGT1,_LTGT1.5_,,,volSellReversalLast2DayUp-VolUp,chisSellFinalContinue-(lastDayUp)-1,buyFinal1,",-3.389858943872122,1,0,1
"PCTChangeGT1,PCDayChange-0.5to0.5,_HTGT1.5__LTGT1.5_,,,##MAPositive_Uptrend(GT0),##MA-SMA200GT0SMA100GT0,",-2.9030751008464324,2,0,2
"PCTChangeGT2,,,,chisSellYear2LowLT-40-last4DayDown(triggerAfter-9:15),##(Check-chart-sell):month3Low-InPlus,BreakLowMonth3,chisBuyDownTrend-Risky-2,",-2.53055654490292,1,0,1
"PCTChangeGT3,_HTGT1.5_,,,##(Check-chart-sell):month3Low-InPlus,ReversalLowMonth3,chisBuyUpTrend-nearLow,",1.319404157315161,1,1,0
"PCTChangeGT2,_HTGT3.0__HTGTPCTDayChange_,,,%%HLTF:(DOWNTREND-OR-GLOBALDOWN)maySellTail-tailGT2-2,3,4thDayGT0,##(Check-chart):year2High-InPlus,",-2.1844660194174677,1,0,1
"PCTChangeLT-2,,,,chisSellFlag2Week-Risky,VOL:buy-DownVol-3dayDown-Week2High,",0.35526315789474877,1,1,0
"PCTChangeLT-3,_HTGT1.5_,,,volumeUpsergedLast2n3n4DayUp,##last2DayLow(LT-3)-M3LLT0,",-0.2238636920687364,1,0,1
"PCTChangeLT-0.5,,,,##(Test)buyBottomReversal-0,",-0.016475595259516623,6,3,3
"PCTChangeLT-5,_HTGT1.5__LTGT1.5__LTGTPCTDayChange_,,,##MANegative_Downtrend_(LT-2),##MA-SMA200LT0SMA100LT0,",-2.700624465942394,1,0,1
"PCTChangeLT-3,,,,zigZagVolCrossedFromUp,",0.46982080047211894,33,18,14
"PCTChangeGT3,,,,chisSellYear2LowLT-40-last3DayDown(triggerAfter-9:15),chisCheckConsolidationBreakoutLT(4.5),",1.5923343267779204,2,2,0
"PCTChangeGT0.5,_HTGT1.5__HTGTPCTDayChange_,,,%%:sellDowntrend-lastDayUp-ReversalHighTail,",1.1417993726232383,5,2,3
"PCTChangeGT3,,,,##(Check-chart-sell):month3Low-InPlus,ReversalLowMonth3,chisCheckConsolidationBreakoutLT(4.5),##UPTREND:buyYear2LowReversal(Confirm),",-1.2714047675362732,1,0,1
"PCTChangeGT0,,,,chisSellFlag2Week-doji-Risky,",0.656898395642937,9,6,3
"PCTChangeGT2,_HTGT1.5_,,,%%HLTF:(DOWNTREND-OR-GLOBALDOWN)maySellTail-tailGT2-2,3,4thDayGT0,VOL:buy(GLOBALFUTDOWN-GLOBALMARKETDOWN)Sell-UpVol-3dayUp-Week2Low,",-2.426231795228341,1,0,1
"PCDCGT0PCTDayChangeLT0,PCDayChange-0.5to0.5,_HTGT1.5_,,,(SMA9LT0),",-1.1979724249427217,4,0,4
"PCTChangeGT3,year2High,,,,volumeUpsergedLast2n3n4DayDown,volBuyContinueLast2DayUp-VolUp,chisCheckConsolidationBreakoutLT(4.5),chisBuyConsolidationBreakUp-2week-(Risky)-year2High,week2BarHighChangeGT2,brokenToday,",0.7076966002747356,1,1,0
"PCTChangeLT-2,,,,checkCupDown-near2WeekDown-mayReveresalBuy,(GLOBALFUTDOWN-DOWNTRENDMARKET)checkSellConsolidationBreakDown-week2-lowNotReachedWeek3,week2BarLowChangeLT0,weekLowLTweek2Low,##(Check-chart-buy):month3High-InMinus,ReversalHighMonth3,",4.131009149744715,1,1,0
"PCTChangeGT1,,,,##(Check-chart-sell):month3Low-InPlus,ReversalLowMonth3,volSellReversalLast2DayUp-VolDown,",0.28591414213760163,1,1,0
"PCTChangeLT-1,_HTGT1.5__LTGT3.0__HTGTPCTDayChange__LTGTPCTDayChange_,,,(GLOBALFUTDOWN-DOWNTRENDMARKET)checkSellConsolidationBreakDown-week2-lowNotReachedWeek3,week2BarLowChangeLT0,volBuyRevarsalVolCrossed,%%:checkBuyRevarsalLast3DayDownAtMonth3High,",0.26504417768879923,1,1,0
"PCTDayChangeLT0,,,,%%:checkSell:Super0,",-0.19422497182278758,10,4,6
"PCTChangeLT-3,,,,checkCupDown-month3HighLTmonth3Low,bar_low,chisDownTrend-Risky-nearHigh,",-5.323432245338648,2,0,2
"PCTChangeGT5,year2High,_HTGT1.5_,,,volBuyContinueLast2DayUp-VolUp,##last2DayHighGT3-M3HGT0,",4.396484524772648,1,1,0
"PCTChangeGT3,,,,##MAPositive_Uptrend(GT4.5),##MA-SMA200GT0SMA100GT0,##lastDayHighGT5TodayGT1,",-0.8087150818843059,2,1,1
"PCTChangeLT-3,,,,volSellContinueLast2DayDown-VolUp,chisDownTrend-Risky-nearHigh,##(Check-chart-buy):YearHigh-InMinus,NearHighYear,",0.6588446201698737,1,1,0
"PCTChangeGT5,_LTGT1.5_,,,$$(UPTREND-OR-GLOBALUP)MayBuy-CheckChart-baseLine(inuptrend-monthlow)-MHCLT(-10),",-1.666668878085376,1,0,1
"PCTChangeLT-1,year2High,_LTGT3.0_,,,%%HLTF:(SGXNIFTYUP)buyHighLowerTail-Continue,volSellContinueLast2DayDown-VolUp,",1.4512829902844522,1,1,0
"PCTChangeLT-3,,,,##MANegative_Downtrend_(LT-2),##MA-SMA200GT0SMA100LT0,##DOWNTREND:sellMonth3LowBreak,",1.1526474356868832,5,4,1
"PCTChangeGT8,_HTGT1.5__LTGT3.0__HTGTPCTDayChange__LTGTPCTDayChange_,,,chisBuyUpTrend-nearLow,",-4.666663275824653,1,0,1
"PCTChangeLT-2,,,,volBuyVolumeUpsergedLast2n3DayUp,weekBarLowChangeLT0,brokenToday,",0.9921754130406564,6,3,3
"PCTChangeGT3,_LTGT1.5_,,,week2BarHighChangeGT2,weekHighGTweek2High,",-0.5397026110391853,1,0,1
"PCTChangeGT1,year2High,_HTGT1.5_,,,shortUpTrendSellReversal-MonthHigh,",-1.4296858029250856,3,0,3
"PCTChangeLT-8,,,,volumeUpsergedLast2n3n4DayUp,##MANegative_Downtrend_(LT-4.5),##MA-SMA200GT0SMA100LT0,",-2.059695040742825,1,0,1
"PCTChangeLT-3,_HTGT1.5_,,,weekBarLowChangeLT-2,##DOWNTREND:sellMonth6HighReversal(InDownTrend),##(Check-chart-buy):month3High-InMinus,ReversalHighMonth3,",-1.996746115587448,1,0,1
"PCTChangeLT-3,_HTGT1.5__LTGT1.5_,,,checkCupDown-2dayDown,##DOWNTREND:sellYear2HighReversal(InDownTrend),##(Check-chart-buy):YearHigh-InMinus,ReversalHighYear,",0.814513552614577,1,1,0
"PCTChangeLT-1,_HTGT1.5_,,,volSellContinueLast2DayDown-VolUp,##(Check-chart-buy):month3High-InMinus,NearHighMonth3,",-0.2353066337847421,2,1,1
"PCTChangeGT2,_LTGT1.5_,,,chisSellYear2LowLT-40-last4DayDown(triggerAfter-9:15),zigZagVolCrossedFromDown,",-0.9234425456925981,1,0,1
"PCTChangeLT-12,_LTGT3.0_,,,%%:checkSell:FlagWeek,##MANegative_Downtrend_(LT-4.5),##MA-SMA200LT0SMA100LT0,zigZagVolCrossedFromUp,",-11.425982037751286,1,0,1
"PCTChangeLT-1,_HTGT1.5_,,,(GLOBALFUTDOWN-DOWNTRENDMARKET)checkSellConsolidationBreakDown-week2-lowNotReachedWeek3,week2BarLowChangeLT-2,",-0.8620689655172468,1,0,1
"PCTChangeGT1,PCDayChange-0.5to0.5,,,,shortUpTrendBuyContinue-Doji-Last2DayGTToday,",0.21563009607830558,15,7,8
"PCTChangeLT-0.5,_HTGT1.5__LTGT3.0__HTGTPCTDayChange__LTGTPCTDayChange_,,,volBuyRevarsalVolCrossed,",2.334024859321169,1,1,0
"PCTChangeLT-2,,,,volBuyReversalLast2DayDown-VolDown,chisBuyFinalContinue-1,chisSellDownTrend-nearHigh,##(Check-chart-buy):month3High-InMinus,ReversalHighMonth3,",1.134104934727518,1,1,0
"PCTChangeLT-1,,,,volumeUpsergedLast2n3n4DayUp,volSellContinueLast2DayDown-VolUp,chisSellDownTrend-nearHigh,##(Check-chart-buy):YearHigh-InMinus,NearHighYear,",-1.4941796072720184,1,0,1
"PCTDayChangeLT0,PCDayChange-0.5to0.5,_HTGT1.5_,,,%%HLTF-Last2HighTail:(DOWNTREND)sellHighUpperTailPre,buyYearHigh-0,",-1.6721424863093415,1,0,1
"PCTChangeLT-3,,,,volBuyVolumeUpsergedLast2n3DayUp,(GLOBALFUTDOWN-DOWNTRENDMARKET)checkSellConsolidationBreakDown-week2,weekBarLowChangeLT-2,",-0.5260413689518503,1,0,1
"PCDCGT0PCTChangeLT-1,PCDayChange-0.5to0.5,_HTGT1.5_,,,%%:sellDowntrend-lastDayUp-ReversalHighTail,",-0.929307931530153,3,0,3
"PCTChangeGT2,,,,chisUpTrend-Risky-nearLow,chis-breakoutup-2week,chisSell-2week-breakoutup,##(Test)buyBottomReversal-1,",6.384912299861824,1,1,0
"PCTChangeLT-2,,,,volSellContinueLast2DayDown-VolUp,(GLOBALFUTDOWN-DOWNTRENDMARKET)checkSellConsolidationBreakDown-week2-lowNotReachedWeek3,week2BarLowChangeLT-2,##DOWNTREND:sellYear2HighReversal(InDownTrend),##(Check-chart-buy):YearHigh-InMinus,ReversalHighYear,",1.0705853630514603,1,1,0
"PCTChangeGT0,PCDayChange-0.5to0.5,_LTGT1.5_,,,%%HLTF:(SGXNIFTYUP)buyHighLowerTail-Continue,",-0.1363538846727215,12,5,7
"PCTChangeGT1,year2High,_HTGT1.5__HTGTPCTDayChange_,,,%%:sellUpTrend-month3High,",-1.7737661992437956,6,2,4
"PCTChangeLT-1,_LTGT1.5_,,,checkCupDown-3dayDown-mayReversalBuy,##(Check-chart-buy):month3High-InMinus,ReversalHighMonth3,",4.128655815820519,1,1,0
"PCTChangeGT1,year2High,,,,%%:sellUpTrend-month3High,",0.0022821434999031652,76,31,45
"PCTChangeLT-3,,,,checkCupDown-2dayDown-mayReversalBuy,chisDownTrend-Risky-nearHigh,##DOWNTREND:sellYear2HighReversal(InDownTrend),##(Check-chart-buy):YearHigh-InMinus,ReversalHighYear,##(check-chart)maySell-EMA6-MT-May-LT-EMA14,",1.9246506990081305,1,1,0
"PCDCLT0PCTChangeGT0,PCDayChange-0.5to0.5,_LTGT3.0_,,,%%HLTF:sellStockInUptrendReversal,",1.199658579682588,1,1,0
"PCTChangeLT-1,_HTGT3.0__HTGTPCTDayChange_,,,checkCupDown,bar_low,",2.081062535072836,1,1,0
"PCTChangeGT1,_HTGT1.5_,,,chisUpTrend-Risky-nearLow,##RisingMA(check-chart-sell)-MaySellCheckChart,",3.4092038530092545,1,1,0
"PCTChangeGT3,_LTGT3.0_,,,##(Check-chart-sell):month3Low-InPlus,ReversalLowMonth3,",1.243915711249125,1,1,0
"PCTChangeLT-3,year2Low,,,,weekBarLowChangeLT-2,",-0.6780225921205805,8,4,4
"PCTChangeLT-1,_LTGT1.5_,,,volSellVolumeUpsergedLast2n3DayUp,volSellContinueLast2DayDown-VolUp,##(Check-chart-buy):month3High-InMinus,ReversalHighMonth3,",2.552460868762281,2,2,0
"PCTChangeGT1,_HTGT1.5_,,,(Test)MaySell-CheckChart(downTrend-lastDayUp),",0.5951948854796092,7,3,4
"PCTChangeLT-3,_HTGT3.0__LTGT3.0_,,,%%HLTF:(SGXNIFTYUP)buyHighLowerTail-Continue,",-1.8080472982542957,1,0,1
"PCTChangeLT-2,_LTGT3.0_,,,volBuyVolumeUpsergedLast2n3DayUp,buyMorningStar-HighLowerTail,",1.68183273565573,1,1,0
"PCTChangeLT-5,_HTGT3.0__HTGTPCTDayChange_,,,##last2DayLow(LT-3)-M3LGT0,chisSellDayLowVolLow-0,",2.833818079613205,1,1,0
"PCTChangeGT2,,,,##MANegative_Downtrend_(GT2),##MA-SMA200LT0SMA100LT0,##buyTenDaysLessThanMinusTen,",1.0391525430997748,1,1,0
"PCTChangeLT-5,,,,vol-buy-DownVol-3dayDown-Week2Low,##MANegative_Downtrend_(LT-2),##MA-SMA200LT0SMA100LT0,##last2DayLow(LT-3)-M3LLT0,",3.3827875063751853,1,1,0
"PCTChangeLT-1,_HTGT3.0__LTGT3.0__HTGTPCTDayChange__LTGTPCTDayChange_,,,%%HLTF:(GLOBAL-DOWN)sellHighLowerTail-Reversal-LastDayMarketUp,",0.7978723404255342,1,1,0
"PCTChangeGT8,,,,chisSell-2week-breakoutup,##MAPositive_Uptrend(GT4.5),##MA-SMA200LT0SMA100LT0,",-1.17962302854809,1,0,1
"PCTChangeGT1,_HTGT3.0__LTGT1.5_,,,zigZagVolCrossedFromDown,chisBuyDownTrend-Risky-2,",2.722453664403117,1,1,0
"PCTChangeGT3,_HTGT3.0__HTGTPCTDayChange_,,,%%HLTF:(UPTREND-GLOBAL/SGX-UP)BuyHighUpperTail-Reversal-7,10thDayGT15-LastDayMarketDown,##MAPositive_Uptrend(GT2),##MA-SMA200GT0SMA100GT0,##last2DayHighGT3-M3HGT0,",0.10589648561087377,1,1,0
"PCTChangeGT3,,,,##MAPositive_Uptrend(GT2),##MA-SMA200LT0SMA100GT0,##last2DayHighGT3-M3HLT0,",-2.5273258369444753,6,0,6
"PCTChangeGT8,_LTGT1.5_,,,%%HLTF-Risky:(GLOBAL-DOWN)sellHighLowerTail-Reversal-LastDayMarketUp,##MAPositive_Uptrend(GT2),##MA-SMA200GT0SMA100GT0,",0.788703421077809,1,1,0
"PCTChangeGT2,_HTGT1.5_,,,%%HLTF-Risky9:30:maySellTail-tailGT2-7,10thDayGT15,chisCheckConsolidationBreakout2WeekLT(4.5),##MAPositive_Uptrend(GT2),##MA-SMA200LT0SMA100LT0,",-3.0246938697595183,1,0,1
"PCTChangeGT1,year2High,,,,shortUpTrendSellReversal-MonthHigh,week2BarHighChangeGT2,",-0.8094287309490201,1,0,1
"PCTChangeGT1,,,,(GLOBALFUTUP-UPTRENDMARKET)checkBuyConsolidationBreakUp-week2-highNotReachedWeek3,week2BarHighChangeGT0,weekHighGTweek2High,",0.3545884773181689,15,11,4
"PCTChangeGT2,year2High,_HTGT1.5_,,,%%HLTF-Last2HighTail:(UPTREND)buy(DOWNTREND)sell:HighUpperTailPre-last2DayUp,MaySellCheckChart-(IndexNotDownInSecondHalf),",-2.1695945695129804,1,0,1
"PCTChangeLT-2,_HTGT1.5__LTGT3.0__LTGTPCTDayChange_,,,chisDownTrend-Risky-nearHigh,##DOWNTREND:sellMonth3HighReversal(InDownTrend),##(Check-chart-buy):month3High-InMinus,ReversalHighMonth3,",2.1341284547848365,1,1,0
"PCTChangeLT-0.5,PCDayChange-0.5to0.5,,,,%%:checkBuyContinue:CupDownDoji,",0.031050113943907165,1,1,0
"PCTChangeLT-3,,,,(GLOBALFUTDOWN-DOWNTRENDMARKET)checkSellConsolidationBreakDown-week2-lowNotReachedWeek3,week2BarLowChangeLT0,chisSellDownTrend-nearHigh,##DOWNTREND:sellYearHigh(InDownTrend),chisBuyDayLowVolLow-02-checkMorningTrend(.5SL),",-1.676829268292674,1,0,1
"PCTChangeLT-3,_LTGT1.5_,,,volBuyVolumeUpsergedLast2n3DayUp,volSellContinueLast2DayDown-VolUp,(GLOBALFUTDOWN-DOWNTRENDMARKET)checkSellConsolidationBreakDown-week2-lowNotReachedWeek3,week2BarLowChangeLT0,##DOWNTREND:sellYear2HighReversal(InDownTrend),##last2DayLow(LT-3)-M3LGT0,##(Check-chart-buy):month3High-InMinus,ReversalHighMonth3,",2.2951542157993057,1,1,0
"PCTChangeLT-12,_LTGT1.5_,,,##MANegative_Downtrend_(LT-4.5),##MA-SMA200GT0SMA100LT0,",1.3377382433712615,2,1,1
"PCTChangeGT0.5,PCDayChange-0.5to0.5,,,,chisSellSMA4Reversal,shortUpTrendBuyContinue-Doji-Last2DayGTToday,",-0.6832942193441618,1,0,1
"PCTChangeGT1,_HTGT1.5__HTGTPCTDayChange_,,,zigZagVolCrossedFromDown,",-0.18561201693010337,1,0,1
"PCDCGT0PCTDayChangeLT0,year2High,_HTGT3.0__HTGTPCTDayChange_,,,%%HLTF-Risky9:30:maySellTail-tailGT2-7,10thDayGT15,",-0.47481105161044845,2,1,1
"PCTChangeGT5,_HTGT1.5__LTGT1.5_,,,%%HLTF-Last2HighTail:(UPTREND)buy(DOWNTREND)sell:HighUpperTailPre-last2DayUp,chisCheckConsolidationBreakout2WeekLT(4.5),",-2.937332581896102,1,0,1
"PCTChangeGT2,,,,(GLOBALFUTUP-UPTRENDMARKET)checkBuyConsolidationBreakUp-week2-highNotReachedWeek3,week2BarHighChangeGT2,weekHighGTweek2High,##UPTREND:buyYearLowReversal(Confirm),",0.8631779446437455,1,1,0
"PCTChangeGT3,year2High,,,,chisCheckConsolidationBreakoutGT(4.5),",-1.2032468057992063,1,0,1
"PCTChangeGT3,,,,##UPTREND:buyYear2LowReversal(Confirm),",-0.17762924983939435,15,4,11
"PCTChangeGT1,_HTGT1.5__LTGT3.0_,,,%%HLTF:(GLOBAL-DOWN)sellHighLowerTail-Reversal-LastDayMarketUp,",0.7283802082977937,2,1,1
"PCTChangeLT-5,_LTGT1.5_,,,##MAPositive_Uptrend(LT-4.5),##MA-SMA200LT0SMA100LT0,",-2.470856397141256,1,0,1
"PCTChangeGT1,_LTGT1.5_,,,chisSellSuper-Risky,-+,",-1.1512481011317877,1,0,1
"PCTChangeLT-1,year2High,,,,volBuyReversalLast2DayDown-VolUp,",-0.6408833623038384,7,2,5
"PCTChangeLT-3,,,,%%:checkSell:Flag2Week,##(Check-chart-buy):YearHigh-InMinus,NearHighYear,",2.822168150089068,1,1,0
"PCTChangeLT-3,_LTGT1.5_,,,volBuyVolumeUpsergedLast2n3DayUp,chisSellDownTrend-nearHigh,",-0.6053165059224558,1,0,1
"PCTChangeLT-12,year2Low,,,,zigZagVolCrossedFromUp,",-7.638888888888886,1,0,1
"PCTChangeLT-2,,,,(GLOBALFUTDOWN-DOWNTRENDMARKET)checkSellConsolidationBreakDown-week2-lowNotReachedWeek3,week2BarLowChangeLT-2,##(Check-chart-buy):month3High-InMinus,ReversalHighMonth3,",-0.3110790689971347,8,5,3
"PCTChangeLT-3,_LTGT1.5_,,,##last2DayLow(LT-3)-M3LGT0,chisSellDayLowVolLow-01,",0.5646050170500689,1,1,0
"PCTChangeLT-2,year2High,_HTGT3.0__LTGT1.5__HTGTPCTDayChange_,,,%%HLTF:maySellTail-tailGT2-allDayGT0,##sellTenDaysMoreThanTen,",-2.5379793473218273,1,0,1
"PCTChangeLT-2,,,,(GLOBALFUTDOWN-DOWNTRENDMARKET)checkSellConsolidationBreakDown-week2-lowNotReachedWeek3,week2BarLowChangeLT-2,chisDownTrend-Risky-nearHigh,",0.060126048428809496,7,4,3
"PCTDayChangeLT0,PCDayChange-0.5to0.5,_HTGT1.5_,,,%%HLTF-LastDayUp:(DOWNTREND-OR-GLOBALDOWN)MaySellHighTail-LastDayMarketUp,shortDownTrendSellContinue-Doji-Last2DayLTToday,",-0.19381928844657473,3,2,1
"PCTChangeLT-5,,,,VOL:buy-DownVol-3dayDown-Week2High,##DOWNTREND:sellYearHigh(InDownTrend),",-0.9444444444444379,1,0,1
"PCTChangeGT2,,,,%%:sellUpTrend-month3High,weekBarHighChangeGT2,##MAPositive_Uptrend(GT1),##MA-SMA200GT0SMA100GT0,",3.75934595127989,1,1,0
"PCTChangeLT-16,_LTGT3.0_,,,##MANegative_Downtrend_(LT-4.5),##MA-SMA200LT0SMA100LT0,chisBuyYear2Low,",-4.375002119276261,1,0,1
"PCTChangeLT-3,_HTGT3.0__LTGT1.5__HTGTPCTDayChange_,,,##(check-chart)buyEMA6<EMA14-Risky,",1.6272851571743032,1,1,0
"PCTChangeGT1,_HTGT3.0_,,,%%HLTF-Last2HighTail:(UPTREND)buy(DOWNTREND)sell:HighUpperTailPre-last2DayUp,chisSellEveningStar-2(Check2-3MidCapCross),##RisingMA(check-chart-sell)-MaySellCheckChart,",0.3659909909909856,1,1,0
"PCTChangeGT2,,,,chisUpTrend-Risky-nearLow,chisCheckConsolidationBreakoutLT(4.5),(GLOBALFUTUP-UPTRENDMARKET)checkBuyConsolidationBreakUp-week2-highNotReachedWeek3,week2BarHighChangeGT0,BuyYearLow,##UPTREND:buyYearLowReversal(Confirm),",-3.74371859296483,1,0,1
"PCTChangeGT3,year2High,_LTGT1.5_,,,weekBarHighChangeGT2,",-1.0775597917666084,4,1,3
"PCTChangeGT3,year2High,,,,volSellVolumeUpsergedLast2n3DayDown,chisCheckConsolidationBreakoutLT(4.5),weekBarHighChangeGT2,",-1.7927061586318824,3,0,3
"PCTChangeGT1,_HTGT1.5_,,,%%HLTF-Last2HighTail:(UPTREND)buy(DOWNTREND)sell:HighUpperTailPre-last2DayUp,shortUpTrendBuyContinue-Doji-Last2DayGTToday,",2.564102564102564,1,1,0
"PCTChangeLT-8,_LTGT1.5_,,,chisSell-smallUptrendReversal,",-4.828857647722017,1,0,1
"PCTChangeLT-3,_HTGT1.5_,,,volumeUpsergedLast2n3n4DayUp,VOL:sell(GLOBALFUTUP-GLOBALMARKETUP)Buy-UpVol-3dayDown-Week2High,##last2DayLow(LT-3)-M3LGT0,",-0.7896126090706113,1,0,1
"PCTChangeGT0.5,_HTGT1.5_,,,%%:checkSell:Super2,-+,",0.3963313992955535,3,1,2
"PCTChangeGT2,year2High,,,,volSellVolumeUpsergedLast2n3DayDown,week2BarHighChangeGT2,weekHighGTweek2High,",-0.9845216355456727,1,0,1
"PCDCGT0PCTDayChangeLT0,_HTGT3.0_,,,checkCupDown-lastDayUp,",0.49353237809807404,1,1,0
"PCTChangeGT1,_LTGT3.0_,,,%%HLTF:(GLOBAL-DOWN)sellHighLowerTail-Reversal-LastDayMarketUp,chisBuyYearHigh-3,",-1.7141729906848677,1,0,1
"PCTChangeLT-5,year2High,,,,##last2DayLow(LT-3)-M3LGT0,",6.972242399812613,1,1,0
"PCTChangeLT-2,,,,chisSellFlagWeek-Risky,volBuyReversalLast2DayDown-VolDown,##(Check-chart-buy):YearHigh-InMinus,ReversalHighYear,",2.8368794326241127,1,1,0
"PCTChangeGT2,,,,chisFinalBreakOutBuyContinue-11-test-atYearLow,chisFinalBreakOutBuyContinue-00-test-atYearLow,chis-breakoutup-2week,##ML:sellRisingMAuptrend-1,##UPTREND:buyYear2LowReversal(Confirm),",-0.457791633723789,1,0,1
"PCTChangeLT-3,_LTGT1.5_,,,volBuyVolumeUpsergedLast2n3DayUp,##(Check-chart-buy):month3High-InMinus,ReversalHighMonth3,",-0.16783121267868228,1,0,1
"PCTChangeLT-3,_LTGT3.0_,,,chisSell-smallUptrendReversal,",2.0736014092700428,2,1,1
"PCTChangeLT-5,,,,##MANegative_Downtrend_(LT-4.5),##MA-SMA200LT0SMA100LT0,##last3DayLow(LT-3)-M3LGT0,",-5.57052880002742,1,0,1
"PCTChangeLT-2,,,,%%HLTF-Last2DayMarketDown:(GLOBAL-UP)buyHighUpperTailPre1-Reversal-LastDayMarketDown,chisDownTrend-Risky-nearHigh,##(check-chart)maySell-EMA6-MT-May-LT-EMA14,",-0.07382386482802128,1,0,1
"PCTChangeLT-3,,,,%%:checkSell:Flag2Week,##last2DayLow(LT-3)-M3LGT0,",6.201410743129188,2,1,1
"PCTChangeGT2,,,,chisUpTrend-Risky-nearLow,chisCheckConsolidationBreakoutLT(4.5),(GLOBALFUTUP-UPTRENDMARKET)checkBuyConsolidationBreakUp-week2-highNotReachedWeek3,week2BarHighChangeGT0,brokenToday,##(Test)buyBottomReversal-1,",0.5408789676690092,1,1,0
"PCTChangeLT-2,_LTGT1.5_,,,##MA-SMA200LT0SMA100LT0,##DOWNTREND:sellYearLowBreak,",3.7254913877130265,1,1,0
"PCTChangeLT-3,_HTGT1.5__HTGTPCTDayChange_,,,%%HLTF-Last2HighTail:(DOWNTREND)sell(UPTREND)buy:HighUpperTailPre,",-1.114862916067985,1,0,1
"PCTDayChangeLT0,PCDayChange-0.5to0.5,_LTGT3.0_,,,%%HLTF-Last2DayMarketUp:(GLOBAL-DOWN)sellHighLowerTail-Reversal-LastDayMarketUp,##MAPositive_Uptrend(LT0),##MA-SMA200GT0SMA100GT0,",0.25022886447745635,1,1,0
"PCTChangeGT3,,,,vol-sell-DownVol-3dayUp-Week2High,##(Check-chart):year2High-InPlus,",-0.08820826310963074,3,1,2
"PCTChangeGT3,_HTGT1.5__LTGT1.5__LTGTPCTDayChange_,,,volSellReversalLast2DayUp-VolUp,",-1.7121193625710174,1,0,1
"PCTChangeLT-2,_HTGT1.5__HTGTPCTDayChange_,,,%%HLTF-Risky9:30:maySellTail-tailGT2-7,10thDayGT15,##sellTenDaysMoreThanTen,",-0.09074378612892342,2,1,1
"PCTChangeGT1,,,,##(Check-chart-sell):month3Low-InPlus,ReversalLowMonth3,chisBuyUpTrend-nearLow,##UPTREND:buyMonth3LowReversal(Confirm),",-0.015384615384618832,1,0,1
"PCTChangeGT3,,,,volBuyVolumeUpsergedLast2n3DayDown,chisCheckConsolidationBreakoutLT(4.5),##RisingMA(Test)(check-chart-buy)-2DayUp,",-1.2876556284420575,1,0,1
"PCTChangeLT-5,_HTGT3.0_,,,##MAPositive_Uptrend(LT-4.5),##MA-SMA200GT0SMA100GT0,",-0.5278128443565744,1,0,1
"PCTChangeLT-3,,,,%%HLTF-Last2DayMarketDown:(GLOBAL-UP)buyHighUpperTailPre1-Reversal-LastDayMarketDown,volSellVolumeUpsergedLast2n3DayUp,",-1.73519333895907,1,0,1
"PCTChangeLT-2,year2Low,,,,(GLOBALFUTDOWN-DOWNTRENDMARKET)checkSellConsolidationBreakDown-week2,weekBarLowChangeLT-2,",-0.1816915319436543,1,0,1
"PCTChangeGT1,_HTGT1.5__LTGT3.0__LTGTPCTDayChange_,,,volBuyContinueLast2DayUp-VolUp,",-4.539903810886154,1,0,1
"PCTChangeLT-8,_HTGT3.0__HTGTPCTDayChange_,,,chisDownTrend-Risky-nearHigh,",-1.909089521928273,1,0,1
"PCTChangeGT3,year2High,,,,shortUpTrendSellReversal-MonthHigh,volumeUpsergedLast2n3n4DayDown,",-1.7661706725163249,1,0,1
"PCTChangeLT-3,_LTGT1.5_,,,volSellContinueLast2DayDown-VolUp,chisDownTrend-Risky-nearHigh,##DOWNTREND:sellMonth6HighReversal(InDownTrend),##(Check-chart-buy):month6High-InMinus,ReversalHighMonth6,",-2.051787041974711,2,0,2
"PCTChangeLT-3,,,,%%:checkSell:ConsolidationBreakDown(NotShapeA)-2week,checkSellConsolidationBreakDown-2week,week2BarLowChangeLT0,brokenToday,chisDownTrend-Risky-nearHigh,##(Check-chart-buy):YearHigh-InMinus,ReversalHighYear,",-0.2115396352914642,1,0,1
"PCTChangeLT-2,PCDayChange-0.5to0.5,_HTGT1.5_,,,%%:checkSell:Super01-monthLow,%%HLTF-Last2HighTail:(DOWNTREND)sellHighUpperTailPre,",-5.3132045526489735,1,0,1
"PCTChangeGT16,_HTGT1.5_,,,chisSellYear2LowLT-40-last4DayDown(triggerAfter-9:15),",5.027019202437398,2,2,0
"PCTChangeGT2,_LTGT1.5_,,,%%HLTF:(SGXNIFTYUP)buyHighLowerTail-Continue,weekBarHighChangeGT2,",2.5259466593302333,1,1,0
"PCTChangeLT-2,,,,%%:checkSell:ConsolidationBreakDown(NotShapeA)-2week,checkSellConsolidationBreakDown-2week,week2BarLowChangeLT0,brokenToday,##longDownTrend-1-IndexNotDownLastDay(checkBase),",-3.1378702081820755,1,0,1
"PCTChangeGT5,_HTGT1.5__LTGT3.0_,,,volumeUpsergedLast2n3n4DayDown,",4.380449491437606,1,1,0
"PCTChangeGT3,_HTGT1.5_,,,%%HLTF-Last2HighTail:(UPTREND)buy(DOWNTREND)sell:HighUpperTailPre-last2DayUp,(GLOBALFUTUP-UPTRENDMARKET)checkBuyConsolidationBreakUp-week2-highNotReachedWeek3,week2BarHighChangeGT0,chis-breakoutup-2week,chisSell-2week-breakoutup,##UPTREND:buyMonth6LowReversal(Confirm),",0.09259259259259729,1,1,0
"PCTChangeLT-1,_HTGT1.5_,,,##MANegative_Downtrend_(LT-1),##MA-SMA200LT0SMA100LT0,",0.5087777588273746,3,2,1
"PCTChangeLT-2,,,,(GLOBALFUTDOWN-DOWNTRENDMARKET)checkSellConsolidationBreakDown-week2-lowNotReachedWeek3,week2BarLowChangeLT0,chisDownTrend-Risky-nearHigh,##DOWNTREND:sellYear2HighReversal(InDownTrend),##(Check-chart-buy):YearHigh-InMinus,ReversalHighYear,",-3.852717473010245,1,0,1
"PCTChangeLT-3,,,,volBuyReversalLast2DayDown-VolDown,chisDownTrend-Risky-nearHigh,##DOWNTREND:sellYear2HighReversal(InDownTrend),",6.397846180905577,1,1,0
"PCTDayChangeLT0,,,,(GLOBALFUTDOWN-DOWNTRENDMARKET)checkSellConsolidationBreakDown-week2-lowNotReachedWeek3,week2BarLowChangeLT0,volBuyRevarsalVolCrossed,%%:checkBuyRevarsalLast3DayDownAtMonth3High,",0.4337424506659002,1,1,0
"PCTChangeLT-0.5,PCDayChange-0.5to0.5,year2Low,_LTGT1.5_,,,chisBuyMorningStar-1(NotUpSecondHalfAndUp2to3),",0.08044929337568475,1,1,0
"PCTDayChangeLT0,PCDayChange-0.5to0.5,_HTGT1.5__LTGT1.5_,,,##MANegative_Downtrend_(LT0),##MA-SMA200LT0SMA100LT0,",-0.11406178445435056,2,1,1
"PCTChangeGT0,year2Low,_HTGT1.5__LTGT1.5__HTGTPCTDayChange__LTGTPCTDayChange_,,,%%HLTF-Last2LowTail:(DOWNTREND)sellHighLowerTailPre-1,",5.437401117973977,1,1,0
"PCTChangeGT3,,,,##(Check-chart-sell):month3Low-InPlus,ReversalLowMonth3,chisUpTrend-Risky-nearLow,##UPTREND:buyYearLowReversal(Confirm),",-3.3852026873114007,2,1,1
"PCTChangeGT2,_HTGT1.5_,,,##(Check-chart-sell):month3Low-InPlus,NearLowMonth3,chisBuyUpTrend-nearLow,",-1.534300118062806,1,0,1
"PCTChangeLT-3,,,,checkCupDown-near2WeekDown-mayReveresalBuy,weekBarLowChangeLT-2,##last2DayLow(LT-3)-M3LGT0,",0.5485683369748459,1,1,0
"PCTChangeGT0,_HTGT3.0__HTGTPCTDayChange_,,,%%HLTF-Last2HighTail:(UPTREND)buy(DOWNTREND)sell:HighUpperTailPre-last2DayUp,",1.3888888888888775,1,1,0
"PCTDayChangeLT0,_HTGT1.5__HTGTPCTDayChange_,,,chisSellDownTrend-nearHigh,",-1.1642351104882356,2,1,1
"PCTChangeLT-2,,,,volBuyVolumeUpsergedLast2n3DayUp,chisDownTrend-Risky-nearHigh,##(Check-chart-buy):month6High-InMinus,NearHighMonth6,",0.11461186975265472,1,1,0
"PCTChangeGT0.5,,,,##MA-SMA200LT0SMA100GT0,",-3.520405049226726,1,0,1
"PCTChangeGT1,,,,volBuyContinueLast2DayUp-VolUp,chisCheckConsolidationBreakoutLT(4.5),(GLOBALFUTUP-UPTRENDMARKET)checkBuyConsolidationBreakUp-week2-highNotReachedWeek3,week2BarHighChangeGT0,brokenToday,BuyYearLow,",-1.045755623212827,1,0,1
"PCTChangeGT2,PCDayChange-0.5to0.5,_LTGT3.0_,,,chisSellSuper-Risky,-+,",5.586080586080582,1,1,0
"PCTChangeGT0.5,,,,chisSellDowningMA-(check5MinuteDownTrendAndSellDowntrend)-Already10DayDown,buyYearHigh-0,",-2.9333005004630275,1,0,1
"PCTChangeLT-1,year2Low,_LTGT1.5_,,,(Test)(check-chart-2-3MidCapCross)MayBuyCheckChart-Risky,",-0.7884693947071347,2,1,1
"PCTChangeGT3,,,,chisCheckConsolidationBreakoutLT(4.5),weekBarHighChangeGT2,chis-breakoutup-2week,chisBuy-2week-breakoutup,",-0.09539898554746395,2,1,1
"PCTChangeGT2,,,,%%:sellUpTrend-month3High,(GLOBALFUTUP-UPTRENDMARKET)checkBuyConsolidationBreakUp-month,weekBarHighChangeGT2,",2.2015522801598824,1,1,0
"PCTChangeLT-3,_LTGT1.5_,,,weekBarLowChangeLT0,brokenToday,",2.031254113857507,2,2,0
"PCTChangeLT-2,,,,checkCupDown-month3HighLTmonth3Low,bar_low,",-0.6003916934862383,8,2,6
"PCTChangeGT1,year2High,_HTGT3.0__HTGTPCTDayChange_,,,%%HLTF-Risky9:30:maySellTail-tailGT2-7,10thDayGT15,%%:sellUpTrend-month3High,",-2.4456521739130466,1,0,1
"PCTChangeGT2,_HTGT3.0__HTGTPCTDayChange_,,,chisCheckConsolidationBreakout2WeekLT(4.5),",0.7989706883708404,1,1,0
"PCTChangeGT3,year2High,,,,%%:sellUpTrend-month3High,weekBarHighChangeGT2,brokenToday,",-1.7502403033619593,2,0,2
"PCTChangeGT2,,,,checkBuyConsolidationBreakUp-2week,week2BarHighChangeGT2,weekHighGTweek2High,chisBuy-2week-breakoutup(check-chart)(|-|-| or --|),",0.7442915470748737,2,1,1
"PCTChangeLT-2,_HTGT1.5__HTGTPCTDayChange_,,,volSellContinueLast2DayDown-VolUp,chisDownTrend-Risky-nearHigh,",-0.539903237786087,1,0,1
"PCTChangeLT-1,,,,checkCupDown-2dayDown-mayReversalBuy,##(Check-chart-buy):month3High-InMinus,NearHighMonth3,",0.6707961977743742,1,1,0
"PCTChangeLT-1,,,,weekBarLowChangeLT-2,##(Check-chart-buy):month3High-InMinus,ReversalHighMonth3,",-0.9616900272042125,2,1,1
"PCTChangeGT3,_HTGT1.5_,,,weekBarHighChangeGT2,chis-breakoutup-2week,chisSell-2week-breakoutup,",7.923173904418947,1,1,0
"PCTChangeGT5,_HTGT3.0_,,,##MAPositive_Uptrend(GT4.5),##MA-SMA200LT0SMA100LT0,##last2DayHighGT3-M3HLT0,",0.3905131674322341,1,1,0
"PCTChangeGT1,_HTGT1.5_,,,%%HLTF:(GLOBAL-SGX-DOWN)maySellTail-2,3,4thDayGT0,",-0.019988217821627727,126,58,68
"PCTChangeGT3,,,,checkBuyConsolidationBreakout-allPreLT0,(SMA9GT0),",0.5782169816460195,1,1,0
"PCTChangeLT-2,,,,checkCupDown-2dayDown,vol-buy-DownVol-3dayDown-Week2Low,",1.6944461398654513,1,1,0
"PCTChangeLT-2,,,,chisSellFinalCandidate-4,##(Check-chart-buy):month3High-InMinus,NearHighMonth3,",3.795919612962377,1,1,0
"PCTChangeLT-2,,,,volSellContinueLast2DayDown-VolUp,chisSellDownTrend-nearHigh,##DOWNTREND:sellYearHigh(InDownTrend),##(Check-chart-buy):month3High-InMinus,NearHighMonth3,",1.9028938334043615,1,1,0
"PCTChangeGT2,,,,chisCheckConsolidationBreakout2WeekLT(4.5),checkBuyConsolidationBreakUp-month3HighLTMonth3Low,",-0.8080878150731021,1,0,1
"PCTChangeGT3,_HTGT1.5__LTGT1.5_,,,checkCupDown-lastDayUp,chisSelldowntrendReversalMayFail,",0.9436147533982971,1,1,0
"PCTChangeGT8,,,,volumeUpsergedLast2n3n4DayDown,volBuyContinueLast2DayUp-VolUp,chisSell-2week-breakoutup,##last2DayHighGT3-M3HLT0,",0.624206931727707,1,1,0
"PCTChangeGT3,,,,VOL:sell-UpVol-3dayUp-Week2High,week2BarHighChangeGT2,weekHighGTweek2High,",0.7423535822996317,2,1,1
"PCTChangeGT1,,,,$$MaySell-CheckChart(downTrend-mayReverseLast4DaysUp)-Risky,shortUpTrendSellReversal-MonthHigh,buyYearHigh-0,",0.3077983792867336,1,1,0
"PCTChangeGT2,_HTGT1.5__LTGT3.0__HTGTPCTDayChange__LTGTPCTDayChange_,,,##buyTenDaysLessThanMinusTen,",-2.427563467662063,1,0,1
"PCTChangeGT5,,,,(GLOBALFUTUP-UPTRENDMARKET)checkBuyConsolidationBreakUp-week2-highNotReachedWeek3,week2BarHighChangeGT0,weekHighGTweek2High,brokenToday,chisBuy-2week-breakoutup(check-chart)(|-|-| or --|),",2.0593646727156827,1,1,0
"PCDCGT0PCTDayChangeLT0,PCDayChange-0.5to0.5,_HTGT1.5_,,,chisBuyYearHigh-1,",-0.5055630485437839,3,0,2
"PCTChangeGT5,_LTGT1.5_,,,volBuyContinueLast2DayUp-VolUp,##last2DayHighGT3-M3HLT0,",-3.9423433800722036,1,0,1
"PCTChangeGT2,_HTGT1.5__LTGT1.5__HTGTPCTDayChange__LTGTPCTDayChange_,,,(GLOBALFUTUP-UPTRENDMARKET)checkBuyConsolidationBreakUp-week2-highNotReachedWeek3,week2BarHighChangeGT0,weekHighGTweek2High,",3.500856413066707,2,2,0
"PCTChangeLT-0.5,_HTGT1.5_,,,chisSellFlagWeek-Risky,",0.5016853528153291,2,1,1
"PCTChangeGT2,year2Low,,,,volumeUpsergedLast2n3n4DayDown,volBuyContinueLast2DayUp-VolUp,##buyTenDaysLessThanMinusTen,",-0.09801369529577661,1,0,1
"PCDCGT0PCTDayChangeLT0,PCDayChange-0.5to0.5,,,,%%:checkSell:Flag2Week-doji,",-0.757376633235929,3,2,1
"PCTChangeGT3,_HTGT3.0__HTGTPCTDayChange_,,,maySellFromBuyPattern-LT-1.8,",-2.063955262649902,1,0,1
"PCTChangeGT2,,,,chisCheckConsolidationBreakoutLT(4.5),(GLOBALFUTUP-UPTRENDMARKET)checkBuyConsolidationBreakUp-week2-highNotReachedWeek3,week2BarHighChangeGT2,weekHighGTweek2High,",-0.1531843572159714,8,5,3
"PCTChangeLT-3,,,,(GLOBALFUTDOWN-DOWNTRENDMARKET)checkSellConsolidationBreakDown-week2-lowNotReachedWeek3,week2BarLowChangeLT-5,",-2.4530940481831194,3,0,3
"PCTChangeLT-1,_HTGT1.5__HTGTPCTDayChange_,,,%%HLTF:maySellTail-tailGT2-7,10thDayGT0,",0.817820315862229,5,3,2
"PCTChangeLT-1,,,,%%:check(UPTREND-UPMARKET)Buy(DOWNTRENDTREND-DOWNMARKET)Sell:Super01-monthLow,##(Test)(Check-chart):yearLow-InMinus,",-0.06228236486035438,1,0,1
"PCTChangeLT-3,,,,volumeUpsergedLast2n3n4DayUp,##longDownTrend-2-IndexNotDownLastDay(checkBase),",-1.417223843185066,1,0,1
"PCTChangeLT-3,,,,sellFinal,zigZagVolCrossedFromUp,",-0.6705426768717807,1,0,1
"PCTChangeLT-5,_LTGT1.5_,,,##MAPositive_Uptrend(LT-4.5),##MA-SMA200GT0SMA100GT0,",-2.593547254185216,3,0,3
"PCTChangeLT-0.5,PCDayChange-0.5to0.5,year2High,_HTGT1.5_,,,%%HLTF-Last2HighTail:(DOWNTREND)sell(UPTREND)buy:HighUpperTailPre,%%HLTF:(UPTREND-MorningTrend-UP)mayBuyTail-highTailGT2-7,10thDayGT10-Last2DayStockDown,",-3.963226536564731,1,0,1
"PCDCLT0PCTChangeGT1,PCDayChange-0.5to0.5,_HTGT3.0__LTGT1.5_,,,buyYearHigh-0,",-0.015353929909189669,1,0,1
"PCTChangeEQ0,PCDayChange-0.5to0.5,_LTGT3.0_,,,%%HLTF:(GLOBAL-DOWN)sellHighLowerTail-Reversal-LastDayMarketUp,",1.5914105111596368,3,2,1
"PCTChangeLT-3,year2High,,,,VOL:buy-DownVol-3dayDown-Week2High,##last2DayLow(LT-3)-M3LGT0,",3.282005974298082,1,1,0
"PCTChangeLT-5,_HTGT1.5__LTGT3.0__LTGTPCTDayChange_,,,##MANegative_Downtrend_(LT-2),##MA-SMA200LT0SMA100LT0,",0.5250237949907065,7,4,3
"PCTChangeGT1,year2High,_HTGT1.5__HTGTPCTDayChange_,,,%%HLTF-Risky9:30:maySellTail-tailGT2-7,10thDayGT15,(Test)(check-chart-2-3MidCapCross)MaySellCheckChart-Risky,",0.7177740228507817,1,1,0
"PCTChangeLT-2,,,,##sellTenDaysMoreThanTen,##MA-SMA200LT0SMA100LT0,",5.880029303619924,1,1,0
"PCTChangeGT0,PCDayChange-0.5to0.5,_LTGT1.5_,,,%%:checkSell:CupDownDoji-last2lastDayLT0orTodayGT0,",1.8147822261328568,1,1,0
"PCTChangeGT3,,,,(GLOBALFUTUP-UPTRENDMARKET)checkBuyConsolidationBreakUp-week2-highNotReachedWeek3,week2BarHighChangeGT2,weekHighGTweek2High,##(check-chart)mayBuy-EMA6-LT-May-MT-EMA14,##last2DayHighGT3-M3HLT0,",-2.9387742645886448,1,0,1
"PCTChangeGT5,,,,chisUpTrend-Risky-nearLow,",-0.006513636787239684,53,23,30
"PCTChangeLT-2,year2High,,,,volSellContinueLast2DayDown-VolUp,##sellTenDaysMoreThanTen,",-1.0947865867771789,1,0,1
"PCTChangeGT3,_HTGT1.5_,,,%%HLTF:(DOWNTREND-OR-GLOBALDOWN)maySellTail-tailGT2-2,3,4thDayGT0,weekBarHighChangeGT2,",1.7963128340871621,1,1,0
"PCTChangeLT-3,year2Low,_LTGT3.0_,,,buyMorningStar-HighLowerTail-(checkChart),",5.991366016830142,2,1,1
"PCTChangeGT5,_LTGT1.5_,,,%%HLTF-Risky:(GLOBAL-DOWN)sellHighLowerTail-Reversal-LastDayMarketUp,",1.5944114610124194,2,2,0
"PCTChangeLT-1,_LTGT1.5_,,,(GLOBALFUTDOWN-DOWNTRENDMARKET)checkSellConsolidationBreakDown-week2-lowNotReachedWeek3,week2BarLowChangeLT0,chisDownTrend-Risky-nearHigh,MayBuyCheckChart-(IndexNotUpInSecondHalf),##(Check-chart-buy):month3High-InMinus,ReversalHighMonth3,",-2.2847100175746964,1,0,1
"PCTChangeLT-3,_LTGT1.5_,,,chisDownTrend-Risky-nearHigh,$$MayBuy-CheckChart-baseLine(inuptrend-monthlow)-PCTDayChangeLT0,",-3.562782000299329,2,0,2
"PCDCGT0PCTChangeLT-1,PCDayChange-0.5to0.5,_HTGT1.5__LTGT1.5_,,,$$MaySellContinue-CheckChart(inuptrend-monthlow)-highTail,",1.1545273837044554,2,2,0
"PCTDayChangeLT0,_HTGT3.0__HTGTPCTDayChange_,,,##buyYear2LowMovingSMA,",1.276858206015431,1,1,0
"PCDCGT0PCTDayChangeLT0,PCDayChange-0.5to0.5,_HTGT1.5_,,,(SMA9GT0),",0.13791780180104107,2,1,1
"PCTChangeLT-1,_HTGT1.5__LTGT3.0__HTGTPCTDayChange__LTGTPCTDayChange_,,,##MANegative_Downtrend_(LT-1),##MA-SMA200GT0SMA100LT0,$$MayBuy-CheckChart(downTrend-mayReverseLast4DaysDown),",1.0379228834553127,1,1,0
"PCTChangeLT-3,,,,vol-buy-DownVol-3dayDown-Week2Low,##MANegative_Downtrend_(LT-2),##MA-SMA200GT0SMA100LT0,##last3DayLow(LT-3)-M3LGT0,",3.234499888061083,1,1,0
"PCTChangeGT2,,,,(GLOBALFUTUP-UPTRENDMARKET)checkBuyConsolidationBreakUp-week2-highNotReachedWeek3,week2BarHighChangeGT0,##MAPositive_Uptrend(GT2),##MA-SMA200GT0SMA100GT0,",1.2633514406419633,1,1,0
"PCTChangeGT2,_HTGT3.0__HTGTPCTDayChange_,,,chisBuyFinalContinueReversal-2,",-6.347828740658967,1,0,1
"PCTChangeLT-0.5,,,,(GLOBALFUTDOWN-DOWNTRENDMARKET)checkSellConsolidationBreakDown-month,weekBarLowChangeLT0,",-0.8696650093709486,2,0,2
"PCTChangeLT-3,,,,checkCupDown-near2WeekDown-mayReveresalBuy,##DOWNTREND:sellMonth6HighReversal(InDownTrend),##(Check-chart-buy):month3High-InMinus,ReversalHighMonth3,##(check-chart)maySell-EMA6-MT-May-LT-EMA14,",2.5065509798522028,1,1,0
"PCTChangeGT3,,,,chisCheckConsolidationBreakoutLT(4.5),(GLOBALFUTUP-UPTRENDMARKET)checkBuyConsolidationBreakUp-week2-highNotReachedWeek3,week2BarHighChangeGT0,weekHighGTweek2High,brokenToday,",-0.8530737784755095,1,0,1
"PCTChangeGT2,_HTGT3.0__HTGTPCTDayChange_,,,%%HLTF:(DOWNTREND-OR-GLOBALDOWN)maySellTail-tailGT2-2,3,4thDayGT0,chisUpTrend-Risky-nearLow,",5.310363559516138,1,1,0
"PCTChangeGT1,_HTGT1.5__HTGTPCTDayChange_,,,(Test)(check-chart-2-3MidCapCross)MaySellCheckChart-Risky,MaySellCheckChart-(IndexNotDownInSecondHalf),",-0.007041708115422821,66,28,38
"PCTChangeGT1,_HTGT3.0__HTGTPCTDayChange_,,,chisBuyUpTrend-nearLow,",-1.2426197489754132,1,0,1
"PCTChangeGT2,,,,(GLOBALFUTUP-UPTRENDMARKET)checkBuyConsolidationBreakUp-week2-highNotReachedWeek3,week2BarHighChangeGT0,brokenToday,",0.005334702284845731,69,32,37
"PCTChangeGT3,,,,chisBuyUpTrend-nearLow,chisSell-2week-breakoutup,",-3.05555131700305,1,0,1
"PCTChangeLT-2,_LTGT1.5_,,,chisSellConsolidationBreakDown-forecastDayPCT7LT0,##(Check-chart-buy):YearHigh-InMinus,ReversalHighYear,",0.9449921574168553,1,1,0
"PCTChangeLT-2,,,,weekBarLowChangeLT-2,##DOWNTREND:sellYearHighReversal(InDownTrend),$$MayBuy-CheckChart(monthLow-minimumLast4DayDown),##(Check-chart-buy):YearHigh-InMinus,ReversalHighYear,",3.1929036845326726,1,1,0
"PCTChangeLT-3,,,,volBuyVolumeUpsergedLast2n3DayUp,(GLOBALFUTDOWN-DOWNTRENDMARKET)checkSellConsolidationBreakDown-week2-lowNotReachedWeek3,week2BarLowChangeLT-2,chisDownTrend-Risky-nearHigh,##DOWNTREND:sellYear2HighReversal(InDownTrend),##(Check-chart-buy):YearHigh-InMinus,ReversalHighYear,",2.2198447164408255,1,1,0
"PCTChangeGT1,_HTGT1.5_,,,%%HLTF-Risky9:30:maySellTail-tailGT2-7,10thDayGT15,chisSellEveningStar-2(Check2-3MidCapCross),##MAPositive_Uptrend(GT0),##MA-SMA200GT0SMA100GT0,",-0.10084264418658388,1,0,1
"PCTChangeLT-8,,,,volumeUpsergedLast2n3n4DayUp,volSellContinueLast2DayDown-VolUp,chisDownTrend-Risky-nearHigh,##last2DayLow(LT-3)-M3LGT0,",2.1390374331550723,1,1,0
"PCTChangeGT3,year2High,_LTGT1.5_,,,volSellVolumeUpsergedLast2n3DayDown,",-1.7918940162687613,2,0,2
"PCTChangeGT0.5,_LTGT3.0_,,,##RisingMA(Test)(check-chart-buy)-1DayUp,",-0.11098328025029597,1,0,1
"PCDCLT0PCTChangeGT0,_HTGT1.5_,,,buyMayYear2LowBreakingUp,",1.1041180789977931,5,4,1
"PCTChangeGT3,PCDayChange-0.5to0.5,_LTGT1.5_,,,%%HLTF:(SGXNIFTYUP)buyHighLowerTail-Continue,##MA-SMA200GT0SMA100LT0,",3.8530418802780027,1,1,0
"PCTChangeLT-1,_LTGT1.5_,,,chisDownTrend-Risky-nearHigh,##(Check-chart-buy):month3High-InMinus,NearHighMonth3,",0.049220856926242555,2,2,0
"PCTChangeGT1,,,,chisSellFinalContinue-(lastDayDown)-2,",-0.2940278115064848,2,1,1
"PCTChangeLT-2,PCDayChange-0.5to0.5,,,,%%:check(UPTREND-UPMARKET)Buy(DOWNTRENDTREND-DOWNMARKET)Sell:Super01-monthLow,sellPatternsML,",-1.724844742604589,1,0,1
"PCTChangeLT-1,,,,checkCupDown-2dayDown,volSellContinueLast2DayDown-VolUp,",6.490738480179405,1,1,0
"PCTChangeGT1,_HTGT1.5__LTGT1.5_,,,volSellReversalLast2DayUp-VolDown,(GLOBALFUTUP-UPTRENDMARKET)checkBuyConsolidationBreakUp-week2-highNotReachedWeek3,week2BarHighChangeGT0,brokenToday,",-1.3309465117564276,2,0,2
"PCTDayChangeLT0,_HTGT3.0__HTGTPCTDayChange_,,,%%HLTF:(UPTREND-MorningTrend-UP)mayBuyTail-highTailGT2-7,10thDayGT10-Last2DayStockDown,##MAPositive_Uptrend(LT-1),##MA-SMA200GT0SMA100GT0,",5.381354639085672,1,1,0
"PCDCLT0PCTChangeGT3,PCDayChange-0.5to0.5,_LTGT1.5_,,,##MA-SMA200GT0SMA100GT0,",0.37132290726534295,1,1,0
"PCDCGT0PCTChangeLT-1,PCDayChange-0.5to0.5,_HTGT3.0__LTGT3.0_,,,##MAPositive_Uptrend(GT0),##MA-SMA200GT0SMA100GT0,",7.643171037946428,1,1,0
"PCTChangeLT-2,_HTGT3.0__HTGTPCTDayChange_,,,##MANegative_Downtrend_(LT-2),##MA-SMA200LT0SMA100LT0,##DOWNTREND:sellYearLowBreak,",-0.8645474847866522,1,0,1
"PCTChangeLT-5,_HTGT3.0__LTGT3.0_,,,volumeUpsergedLast2n3n4DayUp,volSellContinueLast2DayDown-VolUp,##last2DayLow(LT-3)-M3LGT0,",-9.423580935742583,1,0,1
"PCTChangeLT-3,_LTGT3.0_,,,volBuyReversalLast2DayDown-VolUp,chisDownTrend-Risky-nearHigh,##MANegative_Downtrend_(LT-4.5),##MA-SMA200GT0SMA100GT0,",-10.48210616534487,1,0,1
"PCTChangeGT3,_LTGT1.5_,,,weekBarHighChangeGT2,##(check-chart)mayBuy-EMA6-LT-May-MT-EMA14,",-3.1173117343653822,1,0,1
"PCTChangeGT3,,,,chisUpTrend-Risky-nearLow,##(check-chart)mayBuy-EMA6-LT-May-MT-EMA14,##UPTREND:buyMonth6LowReversal(Confirm),",-0.8177151265704856,1,0,1
"PCDCGT0PCTChangeLT-1,_HTGT1.5_,,,##(Test)buyBottomReversal-1,",1.7522621731023453,1,1,0
"PCDCGT0PCTChangeLT-1,_HTGT1.5_,,,%%HLTF:(UPTREND-MorningTrend-UP)mayBuyTail-highTailGT2-7,10thDayGT10-Last2DayStockDown,",3.088159397201988,1,1,0
"PCTChangeGT1,,,,##RisingMA(Test)(check-chart-buy)-2DayUp,",-0.16950138343919827,14,5,9
"PCTChangeLT-2,PCDayChange-0.5to0.5,_LTGT1.5_,,,##MA-SMA200LT0SMA100LT0,buyMorningStar-HighLowerTail-(checkChart),",-2.1666666666666723,1,0,1
"PCTChangeLT-1,year2High,_HTGT3.0__HTGTPCTDayChange_,,,%%HLTF:maySellTail-tailGT2-7,10thDayGT20,",3.9874190804343645,1,1,0
"PCTChangeGT3,year2High,_HTGT1.5__LTGT1.5_,,,volSellVolumeUpsergedLast2n3DayDown,volBuyContinueLast2DayUp-VolUp,week2BarHighChangeGT2,brokenToday,",-1.4527971540178544,1,0,1
"PCTChangeGT3,_HTGT3.0__HTGTPCTDayChange_,,,volSellReversalLast2DayUp-VolUp,##MAPositive_Uptrend(GT2),##MA-SMA200LT0SMA100GT0,",-2.3158448477446156,1,0,1
"PCTChangeLT-3,_HTGT1.5_,,,VOL:buy-UpVol-3dayDown-Week2Low,##MANegative_Downtrend_(LT-2),##MA-SMA200LT0SMA100LT0,##DOWNTREND:sellMonth6LowBreak,##last3DayLow(LT-3)-M3LLT0,",0.8179821445662899,1,1,0
"PCTChangeLT-1,_HTGT3.0__HTGTPCTDayChange_,,,volBuyReversalLast2DayDown-VolDown,",3.555664647876686,1,1,0
"PCTChangeLT-3,,,,volBuyVolumeUpsergedLast2n3DayUp,chisDownTrend-Risky-nearHigh,##DOWNTREND:sellMonth3HighReversal(InDownTrend),##(Check-chart-buy):month3High-InMinus,ReversalHighMonth3,",1.495071725324546,1,1,0
"PCTChangeGT3,_LTGT1.5_,,,checkBuyConsolidationBreakUp-2week,week2BarHighChangeGT2,brokenToday,",1.7390465202397822,1,1,0
"PCTChangeGT8,_HTGT1.5__LTGT1.5_,,,chisBuyDayHighVolLow-0,",-2.2000034877232144,1,0,1
"PCTChangeLT-12,year2Low,_LTGT3.0_,,,volumeUpsergedLast2n3n4DayUp,",2.3360643230500715,1,1,0
"PCTChangeLT-3,_HTGT3.0__LTGT1.5__HTGTPCTDayChange_,,,##MANegative_Downtrend_(LT-2),##MA-SMA200LT0SMA100LT0,",0.4154981300218905,3,2,1
"PCTChangeGT3,,,,chisUpTrend-Risky-nearLow,volSellVolumeUpsergedLast2n3DayDown,weekBarHighChangeGT0,brokenToday,##UPTREND:buyYearLowReversal(Confirm),",-0.9395284883196093,1,0,1
"PCTChangeGT2,_LTGT3.0_,,,volSellReversalLast2DayUp-VolDown,",-1.245891175086948,2,1,1
"PCTChangeLT-2,_HTGT3.0__HTGTPCTDayChange_,,,chisSellUpTrend-highTail,",-6.440281030444968,1,0,1
"PCDCGT0PCTDayChangeLT0,_HTGT1.5__HTGTPCTDayChange_,,,%%HLTF-Last2HighTail:(UPTREND)buy(DOWNTREND)sell:HighUpperTailPre-last2DayUp,",-1.7807239495613651,2,1,1
"PCTChangeLT-3,,,,$$MayBuy-CheckChart(monthLow-minimumLast4DayDown),",-0.8431424840748527,2,1,1
"PCTChangeGT2,,,,sellHeavyUpTrend-Reversal,##MAPositive_Uptrend(GT2),##MA-SMA200GT0SMA100GT0,",-0.5249343832021012,1,0,1
"PCTChangeLT-5,_HTGT1.5__LTGT1.5_,,,volBuyReversalLast2DayDown-VolDown,##MANegative_Downtrend_(LT-2),##MA-SMA200LT0SMA100LT0,",-3.3447057313886592,1,0,1
"PCTChangeLT-1,,,,checkCupDown-inDownTrend-month3HighLTmonth3Low,bar_low,",-1.1009409963023131,16,3,13
"PCTChangeGT1,,,,$$MaySell-CheckChart(monthHigh-minimumLast4DayUp),$$MaySell-CheckChart(downTrend-mayReverseLast4DaysUp)-Risky,",-0.7676763744887634,3,1,2
"PCTChangeGT3,_HTGT3.0__HTGTPCTDayChange_,,,%%HLTF:(DOWNTREND-OR-GLOBALDOWN)maySellTail-tailGT2-2,3,4thDayGT0,chisBuyUpTrend-1-YearHigh,chisUpTrend-Risky-nearLow,",2.157194718070642,1,1,0
"PCTChangeGT2,,,,##(Check-chart-sell):month3Low-InPlus,NearLowMonth3,chisUpTrend-Risky-nearLow,volumeUpsergedLast2n3n4DayDown,",0.7963779194182331,1,1,0
"PCDCGT0PCTChangeLT-1,_HTGT1.5__LTGT1.5__HTGTPCTDayChange__LTGTPCTDayChange_,,,%%:sellDowntrend-lastDayUp-ReversalHighTail,",-3.336444034754688,1,0,1
"PCTChangeGT1,,,,chisSellFinalContinue-(lastDayUp)-(volLow),",-2.3878004811191187,2,0,2
"PCTChangeGT2,_HTGT1.5_,,,%%HLTF-Last2HighTail:(UPTREND)buy(DOWNTREND)sell:HighUpperTailPre-last2DayUp,%%:sellUpTrend-month3High,",2.7337646484374982,1,1,0
"PCTChangeLT-2,,,,chisSell:Super03-monthLow,VOL:sell(GLOBALFUTUP-GLOBALMARKETUP)Buy-UpVol-3dayDown-Week2High,",-1.481873024510973,1,0,1
"PCTChangeLT-3,_HTGT3.0__HTGTPCTDayChange_,,,weekBarLowChangeLT-2,##longDownTrend-2-IndexNotDownLastDay(checkBase),##DOWNTREND:sellMonth3LowBreak,",2.412456111685312,1,1,0
"PCTChangeGT1,,,,%%:checkBuyContinue:CupDownDoji-last2dayUp,",1.117464122483699,5,2,3
"PCDCGT0PCTDayChangeLT0,_HTGT1.5__HTGTPCTDayChange_,,,##(Test)(check-chart)-sellSMADownTrend-2DayUp-weekHighTouch,",2.7002093933830915,1,1,0
"PCTChangeGT3,_HTGT1.5__HTGTPCTDayChange_,,,MaySellCheckChart-(IndexNotDownInSecondHalf),weekBarHighChangeGT2,",0.8045895136613074,2,1,1
"PCTChangeGT3,,,,(GLOBALFUTUP-UPTRENDMARKET)checkBuyConsolidationBreakUp-week2-highNotReachedWeek3,week2BarHighChangeGT2,weekHighGTweek2High,brokenToday,",-0.044760313681700796,14,6,8
"PCTChangeGT1,year2High,,,,$$MaySell-CheckChart(downTrend-mayReverseLast4DaysUp)-Risky,shortUpTrendSellReversal-MonthHigh,",-0.019050763644733414,3,1,2
"PCTChangeLT-3,_LTGT3.0_,,,buyMorningStar-HighLowerTail,",-1.300837388919806,7,3,4
"PCTChangeGT3,,,,chisBuy-2week-breakoutup(check-chart)(|-|-| or --|),##MAPositive_Uptrend(GT2),##MA-SMA200LT0SMA100LT0,",-1.2783449668410198,1,0,1
"PCTChangeGT2,_LTGT1.5_,,,%%HLTF-Risky:(GLOBAL-DOWN)sellHighLowerTail-Reversal-LastDayMarketUp,##MAPositive_Uptrend(GT1),##MA-SMA200GT0SMA100GT0,",-1.9586041130394638,2,1,1
"PCTChangeLT-2,,,,weekBarLowChangeLT-2,##(Check-chart-buy):YearHigh-InMinus,ReversalHighYear,",-0.06403874603369156,16,10,6
"PCTChangeGT3,,,,chisCheckConsolidationBreakout2WeekLT(4.5),##MAPositive_Uptrend(GT2),##MA-SMA200LT0SMA100LT0,",0.007263391760676178,3,2,1
"PCTChangeLT-0.5,,,,%%HLTF-Last2DayMarketDown:(GLOBAL-UP)buyHighUpperTailPre1-Reversal-LastDayMarketDown,volSellContinueLast2DayDown-VolUp,",-0.2474251973260213,1,0,1
"PCTChangeGT2,year2High,,,,%%:sellUpTrend-month3High,volSellVolumeUpsergedLast2n3DayDown,",-0.7619471160501935,3,2,1
"PCDCLT0PCTChangeGT0,PCDayChange-0.5to0.5,,,,(SMA9LT0),",-1.1294123882851932,7,1,6
"PCTChangeGT2,_HTGT1.5_,,,(Test)MaySell-CheckChart(downTrend-lastDayUp),",0.28067694698180157,6,3,3
"PCTChangeGT3,,,,chisSelldowntrendReversalMayFail,chisBuyDownTrend-Risky-2,",0.8777549654914196,1,1,0
"PCTChangeLT-2,,,,checkCupDown-2dayDown,chisDownTrend-Risky-nearHigh,##DOWNTREND:sellYear2HighReversal(InDownTrend),",-1.2302118738779542,2,0,2
"PCTChangeLT-1,_LTGT3.0_,,,%%HLTF-Last2DayMarketUp:(GLOBAL-DOWN)sellHighLowerTail-Reversal-LastDayMarketUp,##(Test):buyRisingMA-uptrend-SMA25gt0,",1.9422556158751683,1,1,0
"PCTChangeGT0,,,,shortUpTrendSellReversal-MonthHigh,shortUpTrendSellReversal-Month3High-Doji-Last2DayGTToday,",-0.25406503671065384,1,0,1
"PCTChangeLT-2,_LTGT1.5_,,,##DOWNTREND:sellYearLowBreak,##ML:buyRisingMA-down-Risky,",-0.15075450484407527,1,0,1
"PCTChangeLT-3,_LTGT1.5_,,,weekBarLowChangeLT-2,##MANegative_Downtrend_(LT-2),##MA-SMA200GT0SMA100LT0,##DOWNTREND:sellMonth3LowBreak,",1.1377818448708386,1,1,0
"PCTChangeGT12,_HTGT3.0__HTGTPCTDayChange_,,,%%HLTF:(UPTREND-GLOBAL/SGX-UP)BuyHighUpperTail-Reversal-7,10thDayGT15-LastDayMarketDown,##MAPositive_Uptrend(GT4.5),##MA-SMA200GT0SMA100GT0,##last3DayHighGT3-M3HGT0,",-5.871312036590985,1,0,1
"PCTChangeLT-2,,,,weekBarLowChangeLT0,brokenToday,chisDownTrend-Risky-nearHigh,##(Check-chart-buy):month3High-InMinus,ReversalHighMonth3,",0.20407784075107832,26,12,14
"PCTChangeGT3,,,,VOL:sell-UpVol-3dayUp-Week2High,##(Check-chart):year2High-InPlus,",0.4020100502512459,1,1,0
"PCTChangeGT1,year2High,_HTGT1.5_,,,%%:sellUpTrend-month3High,",1.9063586986528245,1,1,0
"PCTChangeLT-0.5,year2High,_LTGT3.0_,,,%%HLTF:(SGXNIFTYUP)buyHighLowerTail-Continue,",0.10449008887261542,6,3,2
"PCTChangeLT-3,_HTGT1.5_,,,checkCupDown-inDownTrend-month3HighLTmonth3Low,bar_low,##(Check-chart-buy):month3High-InMinus,BreakHighMonth3,",-1.509922326971884,1,0,1
"PCTChangeLT-1,_HTGT1.5__LTGT1.5_,,,checkCupDown-near2WeekDown-mayReveresalBuy,volBuyVolumeUpsergedLast2n3DayUp,(GLOBALFUTDOWN-DOWNTRENDMARKET)checkSellConsolidationBreakDown-week2-lowNotReachedWeek3,week2BarLowChangeLT0,##MANegative_Downtrend_(LT-2),##MA-SMA200LT0SMA100LT0,",6.152939740349269,1,1,0
"PCTChangeLT-1,,,,volBuyReversalLast2DayDown-VolDown,##MAPositive_Uptrend(LT-2),##MA-SMA200GT0SMA100GT0,",-0.6475896116162921,2,1,1
"PCTChangeGT3,,,,%%:sellUpTrend-month3High,vol-sell-DownVol-3dayUp-Week2High,##MAPositive_Uptrend(GT2),##MA-SMA200GT0SMA100GT0,",0.2791288599695346,2,1,1
"PCTChangeGT8,year2High,_HTGT3.0_,,,%%HLTF-Last2HighTail:(UPTREND)buy(DOWNTREND)sell:HighUpperTailPre-last2DayUp,",-5.434369755533666,2,0,2
"PCTChangeLT-3,_LTGT1.5_,,,checkCupDown-near2WeekDown-mayReveresalBuy,volBuyVolumeUpsergedLast2n3DayUp,(GLOBALFUTDOWN-DOWNTRENDMARKET)checkSellConsolidationBreakDown-week2-lowNotReachedWeek3,week2BarLowChangeLT-2,##MANegative_Downtrend_(LT-2),##MA-SMA200LT0SMA100LT0,##last2DayLow(LT-3)-M3LGT0,",-3.5856793688962814,1,0,1
"PCTChangeLT-5,_HTGT3.0__LTGT1.5_,,,chisDownTrend-Risky-nearHigh,##MANegative_Downtrend_(LT-4.5),##MA-SMA200GT0SMA100GT0,",-8.277374783246831,1,0,1
"PCTChangeLT-3,,,,vol-buy-DownVol-3dayDown-Week2Low,##(check-chart)maySell-EMA6-MT-May-LT-EMA14,",-2.8510718057754465,1,0,1
"PCTChangeLT-0.5,PCDayChange-0.5to0.5,_LTGT1.5_,,,$$MayBuy-CheckChart-baseLine(inuptrend-monthlow)-PCTDayChangeLT0,",-0.11277799810950372,1,0,1
"PCTChangeLT-2,,,,volumeUpsergedLast2n3n4DayUp,##DOWNTREND:sellYear2HighReversal(InDownTrend),##(Check-chart-buy):month3High-InMinus,ReversalHighMonth3,",-1.1747544348212717,3,1,2
"PCTChangeLT-12,_HTGT3.0__LTGT1.5__HTGTPCTDayChange_,,,##MANegative_Downtrend_(LT-2),##MA-SMA200LT0SMA100LT0,",2.442801702532511,2,1,1
"PCDCGT0PCTDayChangeLT0,_LTGT1.5_,,,##MA-SMA200LT0SMA100LT0,",-0.32495648000142946,3,1,2
"PCTChangeLT-2,_HTGT1.5__LTGT1.5_,,,##MANegative_Downtrend_(LT-2),##MA-SMA200GT0SMA100LT0,",6.79011371800394,1,1,0
"PCTChangeGT5,_HTGT1.5_,,,%%HLTF-Last2HighTail:(UPTREND)buy(DOWNTREND)sell:HighUpperTailPre-last2DayUp,weekBarHighChangeGT0,brokenToday,##MAPositive_Uptrend(GT2),##MA-SMA200GT0SMA100GT0,",-3.6528513221543095,1,0,1
"PCTChangeLT-3,,,,weekBarLowChangeLT-2,brokenToday,##MANegative_Downtrend_(LT-2),##MA-SMA200LT0SMA100LT0,",0.2432098256569669,6,5,1
"PCTChangeGT3,_HTGT1.5__HTGTPCTDayChange_,,,chisCheckConsolidationBreakoutLT(4.5),weekBarHighChangeGT2,brokenToday,",-0.1470761302998928,1,0,1
"PCTChangeLT-2,,,,volSellContinueLast2DayDown-VolUp,checkSellConsolidationBreakDown-month3HighGTMonth3Low,chisDownTrend-Risky-nearHigh,##(Check-chart-buy):month6High-InMinus,ReversalHighMonth6,",0.6262638592960965,1,1,0
"PCTChangeLT-3,,,,volBuyReversalLast2DayDown-VolDown,chisSellDownTrend-nearHigh,##(Check-chart-buy):YearHigh-InMinus,NearHighYear,",0.17996447343290245,3,2,1
"PCTChangeLT-8,_HTGT3.0__LTGT3.0_,,,volBuyReversalLast2DayDown-VolDown,##MANegative_Downtrend_(LT-4.5),##MA-SMA200GT0SMA100LT0,chisSellDayLowVolLow-01,",-0.1284530498130927,1,0,1
"PCTChangeLT-1,_LTGT1.5_,,,chisDownTrend-Risky-nearHigh,$$MayBuy-CheckChart-baseLine(inuptrend-monthlow)-PCTDayChangeLT0,",-0.9627597401905099,2,1,1
"PCTChangeGT0.5,_LTGT1.5_,,,%%:checkSell:Super2,-+,",-1.4146359343126942,3,1,2
"PCTChangeLT-5,_HTGT1.5__LTGT1.5_,,,##MANegative_Downtrend_(LT-2),##MA-SMA200GT0SMA100LT0,",0.9875776246551716,1,1,0
"PCTChangeLT-5,year2Low,_LTGT3.0_,,,volSellContinueLast2DayDown-VolUp,",-1.611820363466951,2,1,1
"PCTChangeLT-3,,,,vol-buy-DownVol-3dayDown-Week2Low,(GLOBALFUTDOWN-DOWNTRENDMARKET)checkSellConsolidationBreakDown-week2-lowNotReachedWeek3,week2BarLowChangeLT-2,weekLowLTweek2Low,",-8.452465947532797,1,0,1
"PCTChangeLT-8,_HTGT3.0__LTGT3.0__LTGTPCTDayChange_,,,##MANegative_Downtrend_(LT-4.5),##MA-SMA200LT0SMA100LT0,",-1.9027299669036677,2,1,1
"PCTChangeGT2,_HTGT3.0__HTGTPCTDayChange_,,,week2BarHighChangeGT0,weekHighGTweek2High,brokenToday,",3.4454553777521406,1,1,0
"PCTChangeGT1,,,,week2BarHighChangeGT0,",0.03822448971470452,58,30,28
"PCTChangeGT3,year2High,_HTGT3.0__HTGTPCTDayChange_,,,%%HLTF-Risky9:30:maySellTail-tailGT2-7,10thDayGT15,",-4.171840288836229,1,0,1
"PCTChangeGT0.5,,,,chisUpTrend-Risky-nearLow,##RisingMA(Test)(check-chart-buy)-2DayUp,",-0.071547341922258,5,1,4
"PCTChangeLT-2,_HTGT1.5_,,,%%HLTF:(UPTREND-MorningTrend-UP)mayBuyTail-highTailGT2-7,10thDayGT10-Last2DayStockDown,##sellTenDaysMoreThanTen,",2.722487698539678,1,1,0
"PCTChangeGT2,,,,chisSellFinalContinue-(lastDayDown)-2,chisBuyDownTrend-Risky-1,",1.3355579577321364,1,1,0
"PCTChangeLT-2,_LTGT3.0_,,,volBuyVolumeUpsergedLast2n3DayUp,volSellContinueLast2DayDown-VolUp,",2.463602321454668,1,1,0
"PCTChangeGT3,year2Low,_HTGT3.0__LTGT1.5__HTGTPCTDayChange_,,,volBuyContinueLast2DayUp-VolUp,",-17.759563170600398,1,0,1
"PCTChangeGT0.5,_HTGT1.5_,,,%%HLTF-Last2HighTail:(UPTREND)buy(DOWNTREND)sell:HighUpperTailPre-last2DayUp,##MA-SMA200GT0SMA100GT0,",-0.8154732840401823,1,0,1
"PCTChangeLT-2,_HTGT1.5__HTGTPCTDayChange_,,,%%HLTF-Last2HighTail:(DOWNTREND)sell(UPTREND)buy:HighUpperTailPre,volBuyReversalLast2DayDown-VolUp,chisSellDownTrend-nearHigh,",-1.8436962471271228,1,0,1
"PCTChangeGT12,year2High,,,,##last2DayHighGT3-M3HGT0,",6.519704199924509,1,1,0
"PCTChangeLT-1,,,,chisBuyYear2Low,",-7.244020306892943,1,0,1
"PCTChangeGT0,PCDayChange-0.5to0.5,year2High,_HTGT3.0_,,,%%HLTF-Last2HighTail:(UPTREND)buy(DOWNTREND)sell:HighUpperTailPre-last2DayUp,%%HLTF:maySellTail-tailGT2-7,10thDayGT20,",1.8880208333333264,1,1,0
"PCTChangeLT-3,_LTGT1.5_,,,volBuyReversalLast2DayDown-VolDown,(GLOBALFUTDOWN-DOWNTRENDMARKET)checkSellConsolidationBreakDown-week2-lowNotReachedWeek3,week2BarLowChangeLT0,weekLowLTweek2Low,##ML:buyRisingMA-down-Risky,",-4.2350855883569,1,0,1
"PCTChangeLT-2,_LTGT1.5_,,,%%HLTF:(SGXNIFTYUP)buyHighLowerTail-Continue,chisSellTrend-lowTail,",-1.9312979284537826,1,0,1
"PCTChangeGT5,year2High,_HTGT3.0_,,,volumeUpsergedLast2n3n4DayDown,volBuyContinueLast2DayUp-VolUp,",3.2815421337934456,1,1,0
"PCTChangeGT3,_HTGT1.5_,,,(Test)sellHeavyUpTrend-Reversal-1,weekBarHighChangeGT2,",-2.7093596059113234,1,0,1
"PCTChangeLT-1,,,,##MANegative_Downtrend_(LT-1),##MA-SMA200LT0SMA100LT0,$$MayBuy-CheckChart(monthLow-minimumLast4DayDown),$$MayBuy-CheckChart(downTrend-mayReverseLast4DaysDown)-Risky,",-1.5656565656565626,1,0,1
"PCTChangeGT0.5,year2High,_HTGT1.5__LTGT3.0_,,,%%HLTF:(GLOBAL-DOWN)sellHighLowerTail-Reversal-LastDayMarketUp,",-2.1208943631537633,2,0,2
"PCDCLT0PCTChangeGT0,PCDayChange-0.5to0.5,_LTGT1.5_,,,%%HLTF:(GLOBAL-DOWN)sellHighLowerTail-Reversal-LastDayMarketUp,",0.653578343725929,14,7,7
"PCTChangeLT-1,_HTGT1.5__LTGT1.5__HTGTPCTDayChange__LTGTPCTDayChange_,,,chisDownTrend-Risky-nearHigh,##ML:BuyRisingMA-Risky-0,",-2.212655754303301,1,0,1
"PCDCLT0PCTChangeGT0,PCDayChange-0.5to0.5,_HTGT1.5_,,,%%HLTF:maySellTail-tailGT2-7,10thDayGT0,",0.23041122259285138,1,1,0
"PCTChangeGT5,_HTGT3.0_,,,%%HLTF-Last2HighTail:(UPTREND)buy(DOWNTREND)sell:HighUpperTailPre-last2DayUp,##MAPositive_Uptrend(GT4.5),##MA-SMA200GT0SMA100GT0,",-2.5000037216558595,1,0,1
"PCTChangeLT-1,_HTGT1.5__HTGTPCTDayChange_,,,chisSell-smallUptrendReversal,%%HLTF-Last2HighTail:(DOWNTREND)sellHighUpperTailPre,##(Test):buyRisingMA-uptrend-SMA25gt0,",5.43924777307243,1,1,0
"PCTChangeLT-3,_HTGT1.5_,,,checkSellConsolidationBreakDown-month3HighGTMonth3Low,chisDownTrend-Risky-nearHigh,##(Check-chart-buy):month3High-InMinus,ReversalHighMonth3,",0.24859781626407285,1,1,0
"PCTChangeGT8,_LTGT1.5_,,,chisBuyUpTrend-nearLow,",-0.3219921473494308,2,1,1
"PCTChangeLT-5,year2High,_HTGT3.0__LTGT1.5_,,,VOL:sell(GLOBALFUTUP-GLOBALMARKETUP)Buy-UpVol-3dayDown-Week2High,",-0.46825590587798277,1,0,1
"PCTChangeLT-2,,,,weekBarLowChangeLT-2,##DOWNTREND:sellMonth6HighReversal(InDownTrend),##(Check-chart-buy):month3High-InMinus,ReversalHighMonth3,",0.006013302082164218,2,1,1
"PCTChangeGT3,year2High,,,,volumeUpsergedLast2n3n4DayDown,chisCheckConsolidationBreakoutLT(4.5),(GLOBALFUTUP-UPTRENDMARKET)checkBuyConsolidationBreakUp-month,weekBarHighChangeGT2,",0.8771929824561391,1,1,0
"PCTChangeLT-3,,,,chisSellFinalCandidate-(lastDayUp)-(highChange),chisFinalBreakOutSell-0,##sellTenDaysMoreThanTen,",-2.902235185596134,1,0,1
"PCTChangeGT2,,,,chisUpTrend-Risky-nearLow,##UPTREND:buyMonth3LowReversal(Confirm),",-0.6142563304161349,23,8,15
"PCTChangeGT1,,,,##(Check-chart-sell):month3Low-InPlus,NearLowMonth3,",2.351819302243293,2,1,1
"PCTChangeLT-0.5,PCDayChange-0.5to0.5,year2Low,_LTGT3.0_,,,buyMorningStar-HighLowerTail-(checkChart),",0.43130860415003525,1,1,0
"PCTChangeLT-2,,,,##MAPositive_Uptrend(LT-2),##MA-SMA200GT0SMA100GT0,",0.16247786781966894,9,4,5
"PCTChangeLT-2,,,,$$MayBuy-CheckChart(monthLow-minimumLast4DayDown),##(Check-chart-buy):month3High-InMinus,ReversalHighMonth3,",-1.4389973163895342,2,1,1
"PCTChangeLT-2,,,,(SMA9LT0),chisDownTrend-Risky-nearHigh,##DOWNTREND:sellMonth3HighReversal(InDownTrend),##(Check-chart-buy):month3High-InMinus,ReversalHighMonth3,",-2.141797656727718,1,0,1
"PCTChangeGT5,year2Low,_LTGT1.5_,,,chisSellYear2LowLT-40-last3DayDown(triggerAfter-9:15),",-0.32241805671059365,1,0,1
"PCTChangeGT3,_HTGT1.5_,,,##(Check-chart-sell):month3Low-InPlus,ReversalLowMonth3,(GLOBALFUTUP-UPTRENDMARKET)checkBuyConsolidationBreakUp-week2-highNotReachedWeek3,week2BarHighChangeGT0,weekHighGTweek2High,brokenToday,##UPTREND:buyMonth3LowReversal(Confirm),",-2.9110479226330863,1,0,1
"PCTChangeLT-3,,,,VOL:buy-DownVol-3dayDown-Week2High,##(Check-chart-buy):month3High-InMinus,ReversalHighMonth3,",0.5156798709039119,2,1,1
"PCTChangeGT2,_LTGT3.0_,,,%%HLTF:(GLOBAL-DOWN)sellHighLowerTail-Reversal-LastDayMarketUp,vol-sell-DownVol-3dayUp-Week2High,##MAPositive_Uptrend(GT2),##MA-SMA200GT0SMA100GT0,",-0.5799598918682525,1,0,1
"PCDCLT0PCTChangeGT1,year2High,_HTGT3.0__HTGTPCTDayChange_,,,%%HLTF:maySellTail-tailGT2-allDayGT0,",-0.5462197696461409,1,0,1
"PCTChangeLT-5,,,,volSellContinueLast2DayDown-VolUp,weekBarLowChangeLT-2,brokenToday,##MANegative_Downtrend_(LT-4.5),##MA-SMA200GT0SMA100GT0,",-2.4887667880969135,1,0,1
"PCTChangeGT0,PCDayChange-0.5to0.5,_HTGT1.5__LTGT1.5_,,,%%HLTF-Last2HighTail:(UPTREND)buy(DOWNTREND)sell:HighUpperTailPre-last2DayUp,",1.0168479342153423,4,3,1
"PCTChangeGT5,_HTGT1.5__LTGT1.5_,,,##MAPositive_Uptrend(GT2),##MA-SMA200GT0SMA100GT0,##last2DayHighGT3-M3HLT0,",0.9513340115513447,1,1,0
"PCTChangeLT-1,_LTGT1.5_,,,chisDownTrend-Risky-nearHigh,(Test)(check-chart-2-3MidCapCross)MayBuyCheckChart-Risky,",-1.0484079608737042,2,1,1
"PCTChangeGT3,year2High,_HTGT3.0_,,,zigZagVolCrossedFromDown,",-0.8148744862641364,1,0,1
"PCTChangeLT-3,,,,chisSellConsolidationBreakDown-forecastDayPCT7LT0,chisSellDownTrend-nearHigh,##(Check-chart-buy):YearHigh-InMinus,ReversalHighYear,",-0.03676694982192899,1,0,1
"PCTChangeGT5,,,,chisBuyConsolidationBreakUp-2week-(Risky)-year2High,week2BarHighChangeGT2,brokenToday,",-1.2406558733884554,1,0,1
"PCTChangeLT-5,PCDayChange-0.5to0.5,_HTGT3.0__LTGT3.0_,,,##MA-SMA200LT0SMA100LT0,",2.10789265391494,3,2,1
"PCTChangeLT-3,,,,%%:checkSell:Flag2Week,checkCupDown-inDownTrend,bar_low,chisSellDownTrend-nearHigh,",-2.48587225790078,1,0,1
"PCTChangeLT-5,year2Low,_LTGT3.0_,,,volBuyReversalLast2DayDown-VolDown,",-1.8666687011718723,1,0,1
"PCTChangeGT8,year2Low,,,,chisSellYear2LowLT-40-last4DayDown(triggerAfter-9:15),",-4.003022021877124,2,0,2
"PCDCLT0PCTChangeGT1,,,,(Test)MayBuy-CheckChart(upTrend-lastDayDown),",0.14796453528607204,3,1,2
"PCTChangeLT-5,_LTGT1.5_,,,(GLOBAL-DOWN)maySellContinueHighVolatileLastDayDOWN-(LT-5),##MANegative_Downtrend_(LT-4.5),##MA-SMA200GT0SMA100LT0,",1.4564852943217153,1,1,0
"PCTChangeLT-3,year2High,_LTGT1.5_,,,checkCupDown-inDownTrend-month3HighLTmonth3Low,bar_low,volBuyReversalLast2DayDown-VolDown,##sellTenDaysMoreThanTen,",0.07612262874643559,1,1,0
"PCDCGT0PCTChangeLT-1,PCDayChange-0.5to0.5,_HTGT1.5_,,,%%:checkSell:Super2,-+,",5.248757737192935,1,1,0
"PCTChangeLT-2,,,,chisSell:Super03-monthLow,weekBarLowChangeLT0,brokenToday,",1.358358787949071,2,2,0
"PCTChangeGT2,,,,$$MaySell-CheckChart(monthHigh-minimumLast4DayUp),weekBarHighChangeGT2,##MAPositive_Uptrend(GT2),##MA-SMA200GT0SMA100GT0,",-0.9402971456574581,1,0,1
"PCTChangeLT-5,_HTGT1.5_,,,##MANegative_Downtrend_(LT-4.5),##MA-SMA200GT0SMA100LT0,##last3DayLow(LT-3)-M3LLT0,",-4.331127444639907,1,0,1
"PCDCLT0PCTChangeGT0,_LTGT3.0_,,,buyMorningStar-(checkChart),",3.6583917035837965,5,5,0
"PCTChangeGT3,_LTGT1.5_,,,zigZagVolCrossedFromDown,",-0.6278980824499379,20,8,12
"PCDCGT0PCTChangeLT-3,_HTGT3.0__LTGT3.0__HTGTPCTDayChange__LTGTPCTDayChange_,,,%%HLTF-Last2LowTail:(DOWNTREND)sellHighLowerTailPre-1,",-5.568180662212956,1,0,1
"PCTChangeGT2,,,,%%:sellUpTrend-month3High,##MAPositive_Uptrend(GT2),##MA-SMA200GT0SMA100GT0,",-0.5999811948279684,23,10,13
"PCTChangeLT-3,_LTGT1.5_,,,##MANegative_Downtrend_(LT-1),##MA-SMA200LT0SMA100LT0,MayBuyCheckChart-(IndexNotUpInSecondHalf),",3.362944162436538,1,1,0
"PCTChangeGT2,,,,%%:sellUpTrend-month3High,VOL:sell-UpVol-3dayUp-Week2High,##MAPositive_Uptrend(GT2),##MA-SMA200GT0SMA100GT0,",-0.08035233151728707,1,0,1
"PCTChangeGT5,,,,(GLOBALFUTUP-UPTRENDMARKET)checkBuyConsolidationBreakUp-week2-highNotReachedWeek3,week2BarHighChangeGT5,weekHighGTweek2High,##last2DayHighGT3-M3HLT0,",1.633074188649713,1,1,0
"PCTChangeLT-2,_HTGT1.5__LTGT1.5_,,,chisSell-smallUptrendReversal,",-0.6666642005997557,1,0,1
"PCTChangeGT5,,,,##last3DayHighGT3-M3HLT0,",-2.504912878027634,1,0,1
"PCTChangeLT-0.5,_HTGT3.0__HTGTPCTDayChange_,,,chisSell-smallUptrendReversal,%%HLTF:maySellTail-tailGT2-7,10thDayGT20,##ML:BuyRisingMA-Risky-2,",-2.6780088731735003,1,0,1
"PCTChangeLT-3,,,,chisSellFlag2Week-Risky,VOL:buy-DownVol-3dayDown-Week2High,##ML:buyRisingMA-down-Risky,",3.698088165609481,1,1,0
"PCTChangeLT-3,,,,checkCupDown-near2WeekDown-mayReveresalBuy,chisDownTrend-Risky-nearHigh,##(check-chart)buyEMA6<EMA14,##(Check-chart-buy):month3High-InMinus,ReversalHighMonth3,",1.803843979604254,1,1,0
"PCTChangeGT8,_HTGT3.0_,,,chisUpTrend-Risky-nearLow,",2.5744886607726682,3,2,1
"PCTChangeGT5,_HTGT1.5__LTGT1.5_,,,##MAPositive_Uptrend(GT2),##MA-SMA200GT0SMA100GT0,##last2DayHighGT3-M3HGT0,",3.2053770223889306,2,2,0
"PCTChangeLT-3,_HTGT3.0__HTGTPCTDayChange_,,,%%HLTF:maySellTail-tailGT2-7,10thDayGT20,",-3.8863751563508817,1,0,1
"PCTChangeLT-2,year2High,_LTGT3.0_,,,%%HLTF:(GLOBAL-UP)buyHighLowerTail-LastDayMarketUp,volBuyReversalLast2DayDown-VolDown,",3.7898936170212894,1,1,0
"PCTChangeLT-3,year2High,,,,%%HLTF-Last2DayMarketDown:(GLOBAL-UP)buyHighUpperTailPre1-Reversal-LastDayMarketDown,volBuyReversalLast2DayDown-VolDown,chisSellUpTrend-Risky-2,",-1.834167787178081,1,0,1
"PCTChangeGT2,,,,volumeUpsergedLast2n3n4DayDown,##(check-chart)mayBuy-EMA6-LT-May-MT-EMA14,",0.34562211981566876,1,1,0
"PCTChangeLT-1,PCDayChange-0.5to0.5,_HTGT3.0__LTGT1.5_,,,shortDownTrendSellContinue-Doji-Last2DayLTToday,",0.7326035477244474,1,1,0
"PCDCLT0PCTChangeGT5,year2High,_HTGT3.0__LTGT1.5_,,,chisSellLastDayHighUpReversal,",-0.08066356490779325,1,0,1
"PCTChangeLT-1,PCDayChange-0.5to0.5,,,,shortDownTrendSellContinue-Doji-Last2DayLTToday,",0.09421429435144424,1,1,0
"PCTChangeLT-3,,,,vol-buy-DownVol-3dayDown-Week2Low,##DOWNTREND:sellYear2HighReversal(InDownTrend),##(Check-chart-buy):YearHigh-InMinus,ReversalHighYear,",1.0288700908777306,2,2,0
"PCTChangeLT-2,_LTGT1.5_,,,weekBarLowChangeLT-2,chisDownTrend-Risky-nearHigh,MayBuyCheckChart-(IndexNotUpInSecondHalf),$$MayBuy-CheckChart-baseLine(inuptrend-monthlow)-PCTDayChangeLT0,",1.7663015591400089,1,1,0
"PCTChangeLT-8,_LTGT1.5_,,,volSellContinueLast2DayDown-VolUp,chisDownTrend-Risky-nearHigh,",-0.22169736458792208,1,0,1
"PCTChangeGT3,year2High,,,,chisCheckConsolidationBreakoutLT(4.5),(GLOBALFUTUP-UPTRENDMARKET)checkBuyConsolidationBreakUp-week2,weekBarHighChangeGT2,",-0.7158126591473062,1,0,1
"PCTChangeLT-2,_LTGT1.5_,,,(GLOBALFUTDOWN-DOWNTRENDMARKET)checkSellConsolidationBreakDown-week2-lowNotReachedWeek3,week2BarLowChangeLT-2,##DOWNTREND:sellYear2HighReversal(InDownTrend),$$MayBuy-CheckChart(monthLow-minimumLast4DayDown),##(Check-chart-buy):YearHigh-InMinus,ReversalHighYear,",6.710374383103872,1,1,0
"PCDCGT0PCTChangeLT-1,_HTGT3.0__LTGT3.0__HTGTPCTDayChange__LTGTPCTDayChange_,,,##MA-SMA200GT0SMA100GT0,",0.058903999962896136,1,1,0
"PCTChangeLT-1,,,,weekBarLowChangeLT0,##MANegative_Downtrend_(LT-1),##MA-SMA200LT0SMA100LT0,$$MayBuy-CheckChart(downTrend-mayReverseLast4DaysDown),",-3.621345088482561,1,0,1
"PCTChangeGT0.5,_HTGT3.0_,,,shortUpTrendSellReversal-Month3High-Doji-Last2DayGTToday,chisSellEveningStar-2(Check2-3MidCapCross),##MAPositive_Uptrend(GT0),##MA-SMA200GT0SMA100GT0,",5.625217250489841,1,1,0
"PCTChangeGT0,PCDayChange-0.5to0.5,,,,%%:checkBuyContinue:CupDownDoji-last2dayUp,%%:sellDowntrend-lastDayUp-ReversalHighTail,",1.591317864912964,1,1,0
"PCTChangeGT3,_LTGT3.0_,,,%%HLTF-Last2DayMarketUp:(GLOBAL-DOWN)sellHighLowerTail-Reversal-LastDayMarketUp,",-1.6331191011822659,1,0,1
"PCTChangeGT2,,,,##(Check-chart-sell):month3Low-InPlus,NearLowMonth3,chisBuyUpTrend-nearLow,volBuyContinueLast2DayUp-VolUp,",3.2825933478065417,1,1,0
"PCTChangeLT-2,_HTGT1.5__LTGT1.5__HTGTPCTDayChange__LTGTPCTDayChange_,,,%%:checkSell:Super01-monthLow,##ML:buyRisingMA-down-Risky,",0.8895433860390914,1,1,0
"PCTChangeGT1,_LTGT3.0_,,,%%HLTF:(GLOBAL-DOWN)sellHighLowerTail-Reversal-LastDayMarketUp,chisBuyYearHigh-1,",-1.4403781717818136,1,0,1
"PCTChangeGT0,PCDayChange-0.5to0.5,_LTGT1.5_,,,%%:checkSell:Super2,-+,##MANegative_Downtrend_(GT0),##MA-SMA200LT0SMA100LT0,",1.631831144128159,1,1,0
"PCTChangeLT-3,_HTGT1.5__LTGT3.0__HTGTPCTDayChange__LTGTPCTDayChange_,,,##MANegative_Downtrend_(LT-1),##MA-SMA200LT0SMA100LT0,",-0.9000072186707675,2,1,1
"PCTChangeLT-3,,,,checkCupDown-near2WeekDown-mayReveresalBuy,week2BarLowChangeLT-2,weekLowLTweek2Low,",-3.6090262699451827,1,0,1
"PCTChangeGT2,_HTGT1.5_,,,##(Check-chart-sell):month3Low-InPlus,ReversalLowMonth3,chisBuyUpTrend-1-YearHigh,chisCheckConsolidationBreakoutLT(4.5),(GLOBALFUTUP-UPTRENDMARKET)checkBuyConsolidationBreakUp-week2-highNotReachedWeek3,week2BarHighChangeGT0,chisSell-2week-breakoutup,",-2.349136615621629,1,0,1
"PCDCGT0PCTChangeLT-3,PCDayChange-0.5to0.5,_HTGT1.5__LTGT1.5_,,,##MA-SMA200LT0SMA100LT0,",5.623333288164691,1,1,0
"PCTDayChangeLT0,_HTGT1.5__HTGTPCTDayChange_,,,%%HLTF-Last2HighTail:(DOWNTREND)sell(UPTREND)buy:HighUpperTailPre,",-1.7151493448061368,3,0,3
"PCTChangeLT-1,_LTGT3.0_,,,%%:checkSell:FlagWeek,chisSellDayLowVolLow-01,",3.6402783717952296,1,1,0
"PCTChangeLT-3,_LTGT1.5_,,,checkCupDown-2dayDown-mayReversalBuy,##DOWNTREND:sellYear2HighReversal(InDownTrend),volBuyRevarsalVolCrossed,##(Check-chart-buy):month3High-InMinus,ReversalHighMonth3,",-3.264655141645772,1,0,1
"PCTChangeGT5,_HTGT1.5_,,,##last2DayHighGT3-M3HGT0,",-0.7563971968331288,3,0,3
"PCTChangeLT-1,_LTGT1.5_,,,chisSellDownTrend-nearHigh,(Test)(check-chart-2-3MidCapCross)MayBuyCheckChart-Risky,",1.8134065561755344,3,3,0
"PCTChangeLT-2,,,,##longDownTrend-1-IndexNotDownLastDay(checkBase),",0.03901061078594227,14,7,7
"PCTChangeGT3,,,,##MAPositive_Uptrend(GT4.5),##MA-SMA200LT0SMA100GT0,##last2DayHighGT3-M3HLT0,",-2.123292820905319,2,0,2
"PCTChangeGT1,_HTGT1.5_,,,chisSellEveningStar-2(Check2-3MidCapCross),",0.24187683389463313,11,6,5
"PCTChangeGT3,_LTGT1.5_,,,week2BarHighChangeGT0,brokenToday,",-1.6096567391153167,2,0,2
"PCTChangeLT-3,,,,chisSellFinalCandidate-4,sellFinal,",-3.4952948881458683,1,0,1
"PCTChangeLT-3,,,,##MANegative_Downtrend_(LT-2),##MA-SMA200GT0SMA100LT0,##last2DayLow(LT-3)-M3LLT0,",3.4021730578013116,2,2,0
"PCTChangeEQ0,_HTGT1.5_,,,%%HLTF-LastDayUp:(DOWNTREND-OR-GLOBALDOWN)MaySellHighTail-LastDayMarketUp,##MAPositive_Uptrend(LT0),##MA-SMA200GT0SMA100GT0,",-0.39409017327971424,1,0,1
"PCTChangeGT3,,,,%%:sellUpTrend-month3High,volumeUpsergedLast2n3n4DayDown,weekBarHighChangeGT0,brokenToday,##MAPositive_Uptrend(GT2),##MA-SMA200GT0SMA100GT0,",0.83153113272186,1,1,0
"PCTChangeLT-2,_LTGT1.5_,,,##sellRisingMA,",1.5089717622454777,1,1,0
"PCTChangeLT-0.5,year2Low,,,,shortDownTrendBuyReversal-Month3Low-Doji-Last2DayLTToday,",-1.8005245373350935,2,1,1
"PCTChangeGT0.5,,,,%%:checkSell:CupDownDoji-last2lastDayLT0orTodayGT0,",4.291845493562229,1,1,0
"PCTChangeGT2,_HTGT1.5__HTGTPCTDayChange_,,,%%HLTF-Last2HighTail:(UPTREND)buy(DOWNTREND)sell:HighUpperTailPre-last2DayUp,MaySellCheckChart-(IndexNotDownInSecondHalf),$$MaySell-CheckChart(monthHigh-minimumLast4DayUp),weekBarHighChangeGT2,",-0.1565345170950433,1,0,1
"PCDCGT0PCTDayChangeLT0,year2High,_HTGT1.5_,,,%%HLTF-Risky9:30:maySellTail-tailGT2-7,10thDayGT15,",-0.8161553780139652,2,1,1
"PCTChangeGT0.5,PCDayChange-0.5to0.5,_HTGT1.5_,,,%%:sellDowntrend-lastDayUp-ReversalHighTail,(SMA9LT0),",0.02488400454812839,1,1,0
"PCTChangeLT-3,,,,VOL:buy-DownVol-3dayDown-Week2High,chisSellDownTrend-nearHigh,##DOWNTREND:sellYearHigh(InDownTrend),##(Check-chart-buy):month3High-InMinus,BreakHighMonth3,",-3.303571428571429,1,0,1
"PCTChangeLT-8,_LTGT1.5_,,,(GLOBAL-DOWN)maySellContinueHighVolatileLastDayDOWN-month3LowGT0-(LT-8),chisDownTrend-Risky-nearHigh,##MANegative_Downtrend_(LT-4.5),##MA-SMA200GT0SMA100GT0,",4.249683500085988,2,2,0
"PCTChangeGT1,_LTGT1.5_,,,weekBarHighChangeGT0,brokenToday,",-1.127780490451387,2,0,2
"PCDCLT0PCTChangeGT1,year2High,_LTGT1.5_,,,%%HLTF:(SGXNIFTYUP)buyHighLowerTail-Continue,",-1.4099040088741304,4,2,2
"PCTChangeGT0.5,year2High,,,,weekBarHighChangeGT0,brokenToday,",-0.4924716532198818,1,0,1
"PCTChangeGT1,_LTGT3.0_,,,volumeUpsergedLast2n3n4DayDown,",0.7050070116825178,1,1,0
"PCTChangeLT-2,,,,##MA-SMA200LT0SMA100LT0,",1.844572842072544,7,3,4
"PCTChangeLT-8,year2Low,_LTGT1.5_,,,##last2DayLow(LT-3)-M3LLT0,chisBuyYear2Low,BreakLowYear2,",1.1952191235059821,1,1,0
"PCTChangeLT-2,_HTGT1.5__LTGT3.0_,,,##MA-SMA200LT0SMA100LT0,##DOWNTREND:sellYearLowBreak,",8.372918996612018,1,1,0
"PCTChangeGT3,_HTGT3.0__HTGTPCTDayChange_,,,sellHeavyUpTrend-Reversal,",-2.216031176955415,1,0,1
"PCDCLT0PCTChangeGT1,_HTGT1.5__HTGTPCTDayChange_,,,%%HLTF:(UPTREND-MorningTrend-UP)mayBuyTail-highTailGT2-7,10thDayGT10-Last2DayStockDown,",3.9594118259736173,2,1,1
"PCTChangeGT2,_HTGT1.5__HTGTPCTDayChange_,,,%%HLTF:(DOWNTREND-OR-GLOBALDOWN)maySellTail-tailGT2-2,3,4thDayGT0,volumeUpsergedLast2n3n4DayDown,volBuyContinueLast2DayUp-VolUp,(GLOBALFUTUP-UPTRENDMARKET)checkBuyConsolidationBreakUp-week2-highNotReachedWeek3,week2BarHighChangeGT0,brokenToday,",0.24623156085533185,1,1,0
"PCTChangeGT0.5,,,,##RisingMA(Test)(check-chart-buy)-1DayUp,",-0.020134675969673846,26,9,17
"PCTChangeLT-3,,,,sellFinal1,chisDownTrend-Risky-nearHigh,",-1.518566976068586,1,0,1
"PCTChangeLT-1,,,,volBuyReversalLast2DayDown-VolDown,(GLOBALFUTDOWN-DOWNTRENDMARKET)checkSellConsolidationBreakDown-week2-lowNotReachedWeek3,week2BarLowChangeLT0,weekLowLTweek2Low,",0.05927577098883328,3,1,2
"PCTChangeLT-3,,,,weekBarLowChangeLT-2,##DOWNTREND:sellMonth6HighReversal(InDownTrend),##last2DayLow(LT-3)-M3LGT0,##(Check-chart-buy):month3High-InMinus,ReversalHighMonth3,",0.6139333048605056,2,1,1
"PCTDayChangeLT0,_HTGT3.0__HTGTPCTDayChange_,,,chisSell-smallUptrendReversal,",-4.36743436626447,1,0,1
"PCTChangeLT-3,_HTGT1.5__LTGT1.5_,,,VOL:buy-UpVol-3dayDown-Week2Low,##MANegative_Downtrend_(LT-2),##MA-SMA200LT0SMA100LT0,",0.26249694824219255,1,1,0
"PCTChangeLT-1,_LTGT3.0_,,,volBuyRevarsalVolCrossed,%%:checkBuyRevarsalLast3DayDownAtMonth3High,##(Check-chart-buy):month3High-InMinus,ReversalHighMonth3,",-2.8456793891058956,1,0,1
"PCDCGT0PCTChangeLT-1,,,,##MA-SMA200GT0SMA100GT0,",-3.5720245815696514,3,0,3
"PCTChangeGT3,_HTGT1.5__LTGT1.5_,,,chisSellYear2LowLT-40-last3DayDown(triggerAfter-9:15),",8.781728141583988,1,1,0
"PCTChangeLT-2,_HTGT3.0_,,,%%HLTF-Last2HighTail:(DOWNTREND)sellHighUpperTailPre,",2.2737003810177128,2,2,0
"PCTChangeLT-3,,,,VOL:buy-DownVol-3dayDown-Week2High,##DOWNTREND:sellYear2HighReversal(InDownTrend),##last2DayLow(LT-3)-M3LGT0,##(Check-chart-buy):YearHigh-InMinus,ReversalHighYear,",0.6870340753329521,1,1,0
"PCTChangeGT1,_HTGT1.5__HTGTPCTDayChange_,,,(Test)MaySellCheckChart-last3DayUp,",1.1395480173373687,2,2,0
"PCDCLT0PCTChangeGT0,year2High,_HTGT1.5_,,,%%HLTF-Last2HighTail:(DOWNTREND)sell(UPTREND)buy:HighUpperTailPre,",-3.3681833895397575,1,0,1
"PCTChangeLT-1,_HTGT1.5__HTGTPCTDayChange_,,,%%:checkSell:Super0,shortDownTrendSellContinue-Doji-Last2DayLTToday,",0.2723370265037949,2,1,1
"PCTChangeGT3,,,,chisUpTrend-Risky-nearLow,chisCheckConsolidationBreakoutLT(4.5),##UPTREND:buyYearLowReversal(Confirm),",4.421138471484352,1,1,0
"PCTChangeGT5,,,,volBuyContinueLast2DayUp-VolUp,##MAPositive_Uptrend(GT4.5),##MA-SMA200GT0SMA100GT0,##last2DayHighGT3-M3HGT0,",0.8127114002560878,1,1,0
"PCTChangeLT-0.5,_HTGT1.5_,,,%%:checkSell:Super01-monthLow,",0.48123171212853094,13,7,6
"PCTChangeLT-8,,,,##MANegative_Downtrend_(LT-4.5),##MA-SMA200GT0SMA100LT0,",0.8090261567890719,4,2,2
"PCDCGT0PCTDayChangeLT0,_HTGT1.5__LTGT1.5__HTGTPCTDayChange__LTGTPCTDayChange_,,,%%:sellDowntrend-lastDayUp-ReversalHighTail,",-4.819127907706994,1,0,1
"PCDCGT0PCTChangeLT-3,_HTGT3.0_,,,chisBuyYearHigh-3,",0.2358490566037824,1,1,0
"PCTChangeLT-0.5,PCDayChange-0.5to0.5,_HTGT3.0_,,,%%HLTF:(UPTREND-MorningTrend-UP)mayBuyTail-highTailGT2-7,10thDayGT10-Last2DayStockDown,",2.4374961853027304,1,1,0
"PCTChangeGT16,_HTGT1.5_,,,volBuyContinueLast2DayUp-VolUp,##MAPositive_Uptrend(GT4.5),##MA-SMA200LT0SMA100GT0,",-5.954975971932399,1,0,1
"PCTChangeLT-5,,,,week2BarLowChangeLT0,weekLowLTweek2Low,",1.9159160300446298,1,1,0
"PCTChangeGT5,_HTGT1.5_,,,%%HLTF-Last2HighTail:(UPTREND)buy(DOWNTREND)sell:HighUpperTailPre-last2DayUp,volSellReversalLast2DayUp-VolDown,chisSell-2week-breakoutup,",1.0267870766775935,1,1,0
"PCTChangeLT-2,_HTGT1.5_,,,##MANegative_Downtrend_(LT-2),##MA-SMA200LT0SMA100LT0,##DOWNTREND:sellMonth3LowBreak,",-3.9273907249123345,1,0,1
"PCTChangeGT2,,,,(Test)sellHeavyUpTrend-Reversal-1,weekBarHighChangeGT0,brokenToday,",5.108834654685472,1,1,0
"PCTChangeGT2,_HTGT1.5__LTGT3.0__LTGTPCTDayChange_,,,%%HLTF:(GLOBAL-DOWN)sellHighLowerTail-Reversal-LastDayMarketUp,sellHeavyUpTrend-Reversal,VOL:sell-UpVol-3dayUp-Week2High,##MAPositive_Uptrend(GT2),##MA-SMA200GT0SMA100GT0,",-3.6490147409875515,1,0,1
"PCTChangeGT1,,,,volSellReversalLast2DayUp-VolUp,buyYearHigh-0,",0.09661442607689767,1,1,0
"PCTChangeGT5,_LTGT1.5_,,,chisBuy-2week-breakoutup(check-chart)(|-|-| or --|),##(check-chart)sellEMA6>EMA14,",1.5947006687973486,1,1,0
"PCTChangeLT-3,,,,chisBuyFinalContinue-(lastDayUp)-(highChange),",-1.0815350740226266,1,0,1
"PCTChangeLT-2,_HTGT3.0_,,,chisSellUpTrend-highTail,",0.8787614445535956,1,1,0
"PCTChangeGT0,PCDayChange-0.5to0.5,_HTGT1.5_,,,sellPattern-LT-1.5-SMALT0,(SMA9LT0),",-2.5888875325520844,1,0,1
"PCTChangeLT-1,PCDayChange-0.5to0.5,_HTGT1.5_,,,sellPatternsML,sellPatterns-LT-1.5-SMALT0,(SMA9LT0),",-4.236660373669819,1,0,1
"PCTChangeGT16,_HTGT1.5__LTGT1.5_,,,##(check-chart)sellEMA6>EMA14,##MAPositive_Uptrend(GT4.5),##MA-SMA200LT0SMA100LT0,",-8.29659196322331,1,0,1
"PCTChangeLT-2,,,,chisSellFlagWeek-Risky,%%HLTF-Last2DayMarketDown:(GLOBAL-UP)buyHighUpperTailPre1-Reversal-LastDayMarketDown,volBuyReversalLast2DayDown-VolDown,",0.6046560872258907,2,1,1
"PCTChangeLT-2,_HTGT1.5_,,,weekBarLowChangeLT-2,",0.24659278420840003,15,8,7
"PCTChangeLT-3,,,,checkCupDown-2dayDown,chisSellDownTrend-nearHigh,##(Check-chart-buy):month3High-InMinus,NearHighMonth3,",-1.5238080705915178,1,0,1
"PCTChangeLT-3,,,,%%HLTF-Last2DayMarketDown:(GLOBAL-UP)buyHighUpperTailPre1-Reversal-LastDayMarketDown,##(Check-chart-buy):month3High-InMinus,ReversalHighMonth3,",-0.9973365289854056,3,1,2
"PCTChangeLT-2,,,,chisDownTrend-Risky-nearHigh,##DOWNTREND:sellYearHighReversal(InDownTrend),##(Check-chart-buy):month3High-InMinus,ReversalHighMonth3,",1.6185103363643611,6,5,1
"PCTChangeLT-5,_LTGT1.5_,,,##last3DayLow(LT-3)-M3LGT0,",1.763046506485254,1,1,0
"PCTChangeLT-5,,,,chisDownTrend-Risky-nearHigh,##DOWNTREND:sellYearHigh(InDownTrend),",4.009663310027932,1,1,0
"PCTChangeGT0.5,year2High,_HTGT1.5__HTGTPCTDayChange_,,,(Test)(check-chart-2-3MidCapCross)MaySellCheckChart-Risky,",0.054129214380603904,13,7,6
"PCTChangeGT3,_LTGT1.5_,,,%%HLTF:(SGXNIFTYUP)buyHighLowerTail-Continue,##MAPositive_Uptrend(GT2),##MA-SMA200GT0SMA100GT0,",0.5593976345740318,3,1,2
"PCDCLT0PCTChangeGT0,PCDayChange-0.5to0.5,_LTGT1.5_,,,%%HLTF:(SGXNIFTYUP)buyHighLowerTail-Continue,chisBuyYearHigh-1,",-0.9384777424509744,1,0,1
"PCTChangeGT0,_HTGT1.5__LTGT3.0__HTGTPCTDayChange__LTGTPCTDayChange_,,,chisBuyYearHigh-3,",-0.537261919587717,1,0,1
"PCTChangeLT-8,,,,maySellAfter10:30HighVolatileDownContinueLT-8-Risky,vol-buy-DownVol-3dayDown-Week2Low,##MANegative_Downtrend_(LT-4.5),##MA-SMA200LT0SMA100LT0,",5.030971290790922,1,1,0
"PCTChangeLT-2,_LTGT1.5_,,,(GLOBALFUTDOWN-DOWNTRENDMARKET)checkSellConsolidationBreakDown-week2-lowNotReachedWeek3,week2BarLowChangeLT0,weekLowLTweek2Low,chisDownTrend-Risky-nearHigh,MayBuyCheckChart-(IndexNotUpInSecondHalf),",-1.0259193101356827,1,0,1
"PCTChangeLT-1,_HTGT1.5__LTGT1.5__HTGTPCTDayChange__LTGTPCTDayChange_,,,$$MayBuy-CheckChart(downTrend-mayReverseLast4DaysDown)-Risky,",0.8398278231247787,5,4,1
"PCTChangeGT2,,,,volumeUpsergedLast2n3n4DayDown,(GLOBALFUTUP-UPTRENDMARKET)checkBuyConsolidationBreakUp-week2-highNotReachedWeek3,week2BarHighChangeGT0,",1.3327880929866798,2,2,0
"PCTChangeGT1,,,,(SMA4GT(1.5)),",-0.24397404647112933,3,2,1
"PCTChangeGT2,,,,(GLOBALFUTUP-UPTRENDMARKET)checkBuyConsolidationBreakUp-week2-highNotReachedWeek3,week2BarHighChangeGT0,chis-breakoutup-2week,chisBuy-2week-breakoutup,##UPTREND:buyYear2LowReversal(Confirm),",-1.1647959071162486,1,0,1
"PCTChangeLT-1,_LTGT1.5_,,,checkCupDown-near2WeekDown-mayReveresalBuy,(GLOBALFUTDOWN-DOWNTRENDMARKET)checkSellConsolidationBreakDown-week2-lowNotReachedWeek3,week2BarLowChangeLT0,chisDownTrend-Risky-nearHigh,##(Check-chart-buy):month6High-InMinus,ReversalHighMonth6,",-0.06307199460652248,1,0,1
"PCTChangeLT-2,_HTGT1.5__LTGT1.5_,,,volBuyVolumeUpsergedLast2n3DayUp,week2BarLowChangeLT0,##(Test)(Check-chart):year2Low-InMinus,",1.1529397403492645,1,1,0
"PCTChangeGT8,,,,chisSellDayHighVolLow-01-checkMorningTrend(.5SL),volSellReversalLast2DayUp-VolDown,##MAPositive_Uptrend(GT4.5),##MA-SMA200GT0SMA100GT0,",-7.263684628614733,1,0,1
"PCTDayChangeLT0,_HTGT3.0__LTGT1.5_,,,##buyYear2LowMovingSMA,",-4.285710494710788,1,0,1
"PCTChangeLT-3,year2Low,_LTGT3.0_,,,buyMorningStar-HighLowerTail,",2.072695798142418,3,2,1
"PCTChangeGT3,,,,volumeUpsergedLast2n3n4DayDown,volBuyContinueLast2DayUp-VolUp,chisCheckConsolidationBreakout2WeekLT(4.5),",1.451671276958211,2,1,1
"PCDCLT0PCTChangeGT0,_HTGT3.0__LTGT1.5_,,,$$MayBuyContinue-CheckChart(inUpTrend-monthHigh)-lowTail,",5.852461017546093,1,1,0
"PCTChangeLT-3,_HTGT1.5_,,,weekBarLowChangeLT-2,chisDownTrend-Risky-nearHigh,##(Check-chart-buy):YearHigh-InMinus,ReversalHighYear,",-0.7407388569396115,1,0,1
"PCTChangeGT5,_HTGT3.0_,,,%%HLTF-Last2HighTail:(UPTREND)buy(DOWNTREND)sell:HighUpperTailPre-last2DayUp,volumeUpsergedLast2n3n4DayDown,chisCheckConsolidationBreakoutGT(4.5),weekBarHighChangeGT5,",1.9728878894484185,1,1,0
"PCTChangeGT3,_LTGT1.5_,,,chisSellFinalContinue-(lastDayUp)-(volLow),buyFinal,",-0.5949382540545947,1,0,1
"PCTChangeLT-1,PCDayChange-0.5to0.5,,,,%%:checkBuyContinue:CupDownDoji-last2dayUp,",-2.230993603511568,1,0,1
"PCTChangeLT-5,_HTGT1.5_,,,volumeUpsergedLast2n3n4DayUp,",-5.499487473010998,1,0,1
"PCDCGT0PCTChangeLT-3,PCDayChange-0.5to0.5,_LTGT1.5_,,,##MA-SMA200LT0SMA100LT0,",-10.152817987712744,1,0,1
"PCTChangeGT2,PCDayChange-0.5to0.5,_HTGT1.5_,,,%%HLTF-Last2HighTail:(UPTREND)buy(DOWNTREND)sell:HighUpperTailPre-last2DayUp,",-0.32709735208872504,2,1,1
"PCTChangeGT3,_HTGT1.5_,,,volSellReversalLast2DayUp-VolUp,weekBarHighChangeGT2,brokenToday,",-3.26530300841041,1,0,1
"PCTChangeLT-2,,,,(GLOBALFUTDOWN-DOWNTRENDMARKET)checkSellConsolidationBreakDown-week2-lowNotReachedWeek3,week2BarLowChangeLT0,weekLowLTweek2Low,##DOWNTREND:sellYear2HighReversal(InDownTrend),",0.30644305278690487,1,1,0
"PCTChangeLT-3,_LTGT1.5_,,,##DOWNTREND:sellYearLowBreak,",-0.1233458177769493,6,3,3
"PCTChangeLT-1,_LTGT1.5_,,,%%HLTF:(GLOBAL-DOWN)sellHighLowerTail-Reversal-LastDayMarketUp,",-0.6911062267901703,22,8,14
"PCDCGT0PCTDayChangeLT0,_HTGT1.5_,,,buyYearHigh-0,",-0.38921808575969125,6,2,4
"PCTChangeLT-1,,,,checkCupDown-near2WeekDown-mayReveresalBuy,(GLOBALFUTDOWN-DOWNTRENDMARKET)checkSellConsolidationBreakDown-week2-lowNotReachedWeek3,week2BarLowChangeLT0,weekLowLTweek2Low,chisDownTrend-Risky-nearHigh,",-2.7644092273734735,1,0,1
"PCTChangeGT1,_LTGT1.5_,,,##MAPositive_Uptrend(GT1),##MA-SMA200GT0SMA100GT0,",-0.11932656186500319,11,4,7
"PCTChangeLT-2,_HTGT1.5_,,,chisDownTrend-Risky-nearHigh,##(check-chart)buyEMA6<EMA14,",-4.26056552940691,1,0,1
"PCTChangeLT-2,,,,weekBarLowChangeLT-2,brokenToday,##DOWNTREND:sellYear2HighReversal(InDownTrend),##(Check-chart-buy):month3High-InMinus,ReversalHighMonth3,",-0.9879431731749967,1,0,1
"PCTChangeLT-3,_HTGT1.5_,,,##MANegative_Downtrend_(LT-2),##MA-SMA200LT0SMA100LT0,##last2DayLow(LT-3)-M3LLT0,",-1.2757558638733608,3,1,2
"PCTChangeLT-1,PCDayChange-0.5to0.5,_LTGT1.5_,,,##(Test)(check-chart)-buySMAUpTrend,",-0.15192849037315723,1,0,1
"PCDCGT0PCTDayChangeLT0,_HTGT1.5__HTGTPCTDayChange_,,,buyYearHigh-0,",9.223811952020075,1,1,0
"PCTChangeGT2,,,,shortUpTrendSellReversal-MonthHigh,volSellVolumeUpsergedLast2n3DayDown,weekBarHighChangeGT0,brokenToday,##(Check-chart):yearHigh-InPlus,",2.696078431372549,1,1,0
"PCTChangeLT-5,_HTGT3.0__LTGT1.5__HTGTPCTDayChange__LTGTPCTDayChange_,,,##MANegative_Downtrend_(LT-2),##MA-SMA200GT0SMA100LT0,",-4.88322571459162,1,0,1
"PCTChangeLT-1,_LTGT1.5_,,,volBuyRevarsalVolCrossed,%%:checkBuyRevarsalLast3DayDownAtMonth3High,",0.14616386297802686,2,1,1
"PCTChangeGT2,_HTGT1.5_,,,chisUpTrend-Risky-nearLow,(GLOBALFUTUP-UPTRENDMARKET)checkBuyConsolidationBreakUp-week2-highNotReachedWeek3,week2BarHighChangeGT2,",3.6695930228131037,1,1,0
"PCDCGT0PCTChangeLT-5,PCDayChange-0.5to0.5,_HTGT3.0__LTGT1.5_,,,%%HLTF-Last2LowTail:(DOWNTREND)sellHighLowerTailPre-1,",-2.461682531293784,2,1,1
"PCTChangeGT3,,,,volumeUpsergedLast2n3n4DayDown,weekBarHighChangeGT2,chis-breakoutup-2week,",-1.4694461920961541,1,0,1
"PCTChangeGT0,_HTGT1.5_,,,shortUpTrendSellReversal-MonthHigh,chisBuyYearHigh-3,",0.14619659633086374,1,1,0
"PCTChangeLT-1,_LTGT1.5_,,,chisSellFlagWeek-Risky,chisSellDownTrend-nearHigh,##(Check-chart-buy):month3High-InMinus,ReversalHighMonth3,",1.3771917869082386,1,1,0
"PCTChangeGT3,,,,zigZagVolCrossedFromDown,(GLOBALFUTUP-UPTRENDMARKET)checkBuyConsolidationBreakUp-week2-highNotReachedWeek3,week2BarHighChangeGT0,brokenToday,chisBuy-2week-breakoutup(check-chart)(|-|-| or --|),##(check-chart)sellEMA6>EMA14,",1.4618026369147237,1,1,0
"PCTChangeGT2,year2High,_HTGT3.0__HTGTPCTDayChange_,,,%%HLTF:maySellTail-tailGT2-7,10thDayGT20,sellEveningStar-0,",0.03597341853078497,1,1,0
"PCTChangeGT3,_LTGT1.5_,,,week2BarHighChangeGT0,##(check-chart)mayBuy-EMA6-LT-May-MT-EMA14,",2.231980503967552,1,1,0
"PCTChangeGT3,,,,%%:sellUpTrend-month3High,##MAPositive_Uptrend(GT2),##MA-SMA200GT0SMA100GT0,",-0.7604064447121257,8,4,4
"PCTChangeGT1,year2High,_HTGT1.5__HTGTPCTDayChange_,,,%%HLTF:(GLOBAL-SGX-DOWN)maySellTail-2,3,4thDayGT0,shortUpTrendSellReversal-MonthHigh,",0.48494983277591563,1,1,0
"PCTChangeGT2,,,,##MAPositive_Uptrend(GT2),##MA-SMA200LT0SMA100GT0,",-0.39221122039435363,26,9,17
"PCTChangeGT8,_LTGT1.5_,,,chisBuyUpTrend-nearLow,##last2DayHighGT3-M3HLT0,",-8.473831891356753,1,0,1
"PCDCGT0PCTDayChangeLT0,,,,mayBuyFromSellPattern-GT1.8,",2.2644640346282103,2,2,0
"PCTChangeLT-5,_LTGT1.5_,,,volBuyReversalLast2DayDown-VolDown,##DOWNTREND:sellYear2HighReversal(InDownTrend),chisSellDayLowVolLow-0,",3.797384025224678,1,1,0
"PCTChangeGT3,_HTGT1.5_,,,(GLOBALFUTUP-UPTRENDMARKET)checkBuyConsolidationBreakUp-week2-highNotReachedWeek3,week2BarHighChangeGT0,brokenToday,##UPTREND:buyYear2LowReversal(Confirm),",-0.07273171164774599,1,0,1
"PCTChangeGT5,,,,(GLOBALFUTUP-UPTRENDMARKET)checkBuyConsolidationBreakUp-week2,weekBarHighChangeGT2,",-5.286288278019631,1,0,1
"PCTChangeLT-2,,,,chisBuyFinalContinue-(lastDayUp),##sellTenDaysMoreThanTen,",-2.3723561356707226,1,0,1
"PCTChangeGT2,_HTGT1.5__LTGT1.5_,,,sellPattern-LT-1.5-SMALT0,(SMA9LT0),maySellFromBuyPattern-LT-1.8,",-0.2999979654947933,1,0,1
"PCTChangeGT5,,,,##UPTREND:buyYearLowReversal(Confirm),",0.2154932196159849,2,1,1
"PCTChangeGT3,,,,##(Check-chart-sell):month3Low-InPlus,ReversalLowMonth3,chisUpTrend-Risky-nearLow,(GLOBALFUTUP-UPTRENDMARKET)checkBuyConsolidationBreakUp-week2-highNotReachedWeek3,week2BarHighChangeGT0,brokenToday,##(check-chart)mayBuy-EMA6-LT-May-MT-EMA14,##UPTREND:buyMonth3LowReversal(Confirm),",-1.183205571475184,3,2,1
"PCTChangeGT8,_HTGT3.0_,,,%%HLTF-Last2HighTail:(UPTREND)buy(DOWNTREND)sell:HighUpperTailPre-last2DayUp,chisUpTrend-Risky-nearLow,volumeUpsergedLast2n3n4DayDown,",-0.3651808425041513,1,0,1
"PCTChangeLT-5,_HTGT1.5__LTGT1.5_,,,##MANegative_Downtrend_(LT-2),##MA-SMA200LT0SMA100LT0,##DOWNTREND:sellMonth6LowBreak,##last2DayLow(LT-3)-M3LLT0,",3.1194145344971025,1,1,0
"PCTChangeLT-3,,,,volSellVolumeUpsergedLast2n3DayUp,VOL:sell(GLOBALFUTUP-GLOBALMARKETUP)Buy-UpVol-3dayDown-Week2High,chisSellDownTrend-nearHigh,##(Check-chart-buy):YearHigh-InMinus,ReversalHighYear,",-0.9643554687499868,1,0,1
"PCDCGT0PCTChangeLT-1,PCDayChange-0.5to0.5,_HTGT1.5_,,,(SMA9GT0),mayBuyFromSellPattern-GT1.8,",6.098362656890372,1,1,0
"PCTChangeGT3,_HTGT1.5_,,,$$MaySell-CheckChart-baseLine(inDownTrend-monthHigh)-PCTDayChangeGT0,##(Check-chart-sell):month3Low-InPlus,ReversalLowMonth3,chisUpTrend-Risky-nearLow,(GLOBALFUTUP-UPTRENDMARKET)checkBuyConsolidationBreakUp-week2-highNotReachedWeek3,week2BarHighChangeGT2,weekHighGTweek2High,brokenToday,##(check-chart)sellEMA6>EMA14,##UPTREND:buyMonth3LowReversal(Confirm),",-1.4650991882844702,1,0,1
"PCTChangeLT-3,,,,chisSellConsolidationBreakDown-forecastDayPCT7LT0,##(Check-chart-buy):month3High-InMinus,NearHighMonth3,",-1.312979162688665,1,0,1
"PCTChangeLT-3,_LTGT1.5_,,,%%:checkSell:FlagWeek,##MANegative_Downtrend_(LT-2),##MA-SMA200LT0SMA100LT0,##last2DayLow(LT-3)-M3LGT0,",-0.37328123136331026,1,0,1
"PCTChangeGT3,_HTGT1.5__LTGT1.5_,,,##(Check-chart-sell):month3Low-InPlus,NearLowMonth3,VOL:buy-DownVol-3dayUp-Week2Low,##UPTREND:buyMonth3Low,",-1.0352846084326428,1,0,1
"PCTChangeGT2,,,,$$(DOWNTREND-OR-GLOBALDOWN)MaySellContinue-CheckChart(inuptrend-monthlow)-PCTDayChangeGT2,",-0.6437752079050933,1,0,1
"PCTChangeGT5,,,,VOL:buy(GLOBALFUTDOWN-GLOBALMARKETDOWN)Sell-UpVol-3dayUp-Week2Low,",1.4933302826238632,9,7,2
"PCTChangeLT-0.5,_HTGT1.5__HTGTPCTDayChange_,,,%%HLTF-Last2HighTail:(DOWNTREND)sell(UPTREND)buy:HighUpperTailPre,chisDownTrend-Risky-nearHigh,",-1.3101587958514371,1,0,1
"PCTChangeLT-3,year2Low,_LTGT3.0_,,,volBuyVolumeUpsergedLast2n3DayUp,",4.178077414077791,1,1,0
"PCTChangeGT2,_HTGT1.5_,,,$$(DOWNTREND-OR-GLOBALDOWN)MaySellContinue-CheckChart(inuptrend-monthlow)-highTail,",-0.34979675041794916,1,0,1
"PCTChangeLT-12,year2Low,_HTGT3.0__LTGT1.5_,,,chisRSISellCandidate(yearLow)-lessThanMinus5,",-5.32893321817104,1,0,1
"PCTChangeLT-3,_HTGT1.5__LTGT1.5_,,,volBuyVolumeUpsergedLast2n3DayUp,chisDownTrend-Risky-nearHigh,##DOWNTREND:sellYear2HighReversal(InDownTrend),",0.927839246402496,1,1,0
"PCTDayChangeLT0,PCDayChange-0.5to0.5,_HTGT1.5_,,,%%HLTF-LastDayUp:(DOWNTREND-OR-GLOBALDOWN)MaySellHighTail-LastDayMarketUp,##(Test)buyBottomReversal-0,",0.3411530191205602,1,1,0
"PCTChangeGT2,_LTGT3.0_,,,$$(UPTREND-OR-GLOBALUP)MayBuy-CheckChart-baseLine(inuptrend-monthlow)-MHCLT(-10),",4.3777802887867665,1,1,0
"PCTChangeGT8,year2Low,_HTGT3.0__LTGT1.5__HTGTPCTDayChange_,,,volumeUpsergedLast2n3n4DayDown,",-1.1458333333333357,1,0,1
"PCTChangeLT-5,,,,VOL:sell(GLOBALFUTUP-GLOBALMARKETUP)Buy-UpVol-3dayDown-Week2High,",-0.9795909594179348,4,2,2
"PCTChangeLT-3,_LTGT1.5_,,,(GLOBALFUTDOWN-DOWNTRENDMARKET)checkSellConsolidationBreakDown-week2-lowNotReachedWeek3,week2BarLowChangeLT0,weekLowLTweek2Low,##DOWNTREND:sellYearLowBreak,",2.527341205279691,1,1,0
"PCDCLT0PCTChangeGT5,_LTGT3.0_,,,##MA-SMA200LT0SMA100GT0,",-6.128054270679245,1,0,1
"PCTChangeGT1,year2High,_HTGT1.5__LTGT1.5__HTGTPCTDayChange__LTGTPCTDayChange_,,,$$MaySell-CheckChart(downTrend-mayReverseLast4DaysUp),%%:sellUpTrend-month3High,",1.2282173905313873,1,1,0
"PCTChangeGT2,PCDayChange-0.5to0.5,_HTGT1.5_,,,##MA-SMA200GT0SMA100GT0,",-0.9160561531691062,1,0,1
"PCDCLT0PCTChangeGT0,PCDayChange-0.5to0.5,_LTGT1.5_,,,%%:checkBuyContinue:CupDownDoji-last2dayUp,",-0.2670626708110177,3,1,2
"PCTChangeLT-8,year2High,_LTGT3.0_,,,(GLOBAL-DOWN)maySellContinueHighVolatileLastDayDOWN-month3LowGT0-(LT-8),volSellContinueLast2DayDown-VolUp,",3.977272727272721,1,1,0
"PCTChangeLT-5,_HTGT1.5_,,,(GLOBALFUTDOWN-DOWNTRENDMARKET)checkSellConsolidationBreakDown-week2-lowNotReachedWeek3,week2BarLowChangeLT-2,",0.9189025170406095,2,2,0
"PCTChangeLT-1,,,,weekBarLowChangeLT0,brokenToday,##(Check-chart-buy):YearHigh-InMinus,NearHighYear,",-4.003906249999992,1,0,1
"PCTChangeLT-3,_HTGT1.5_,,,%%HLTF:maySellTail-tailGT2-7,10thDayGT0,##DOWNTREND:sellMonth6High(InDownTrend),##(Check-chart-buy):month3High-InMinus,NearHighMonth3,",-3.248876734164796,1,0,1
"PCTChangeLT-2,_LTGT1.5_,,,volBuyVolumeUpsergedLast2n3DayUp,chisDownTrend-Risky-nearHigh,##DOWNTREND:sellYear2HighReversal(InDownTrend),##(Check-chart-buy):YearHigh-InMinus,ReversalHighYear,",-1.9050547065200842,1,0,1
"PCTChangeLT-0.5,PCDayChange-0.5to0.5,_LTGT1.5_,,,##MANegative_Downtrend_(LT0),##MA-SMA200LT0SMA100LT0,",2.2882466033642945,4,4,0
"PCTChangeLT-1,_HTGT1.5__HTGTPCTDayChange_,,,%%:checkSell:Super0,",-0.6442168003590971,4,1,3
"PCTDayChangeLT0,,,,%%:checkBuyRevarsalLast3DayDownAtMonth3High,",5.6183424454180075,1,1,0
"PCTChangeLT-3,_LTGT1.5_,,,(GLOBALFUTDOWN-DOWNTRENDMARKET)checkSellConsolidationBreakDown-week2-lowNotReachedWeek3,week2BarLowChangeLT0,##(Check-chart-buy):month3High-InMinus,NearHighMonth3,",-1.6970569812120133,1,0,1
"PCTChangeGT3,,,,chisUpTrend-Risky-nearLow,BuyYearLow,##UPTREND:buyYear2LowReversal(Confirm),",-1.8470253604581992,2,0,2
"PCTChangeGT2,,,,chisBuyUpTrend-nearLow,",0.29440492187623785,62,30,32
"PCTChangeGT3,,,,##(Check-chart-sell):month3Low-InPlus,BreakLowMonth3,volBuyContinueLast2DayUp-VolUp,",-3.9329126274014783,1,0,1
"PCTChangeLT-3,_HTGT3.0__HTGTPCTDayChange_,,,##MAPositive_Uptrend(LT-4.5),##MA-SMA200GT0SMA100GT0,",1.7934003654666253,1,1,0
"PCTChangeGT5,_HTGT1.5_,,,chisCheckConsolidationBreakoutLT(4.5),weekBarHighChangeGT2,",-0.3046883877380795,1,0,1
"PCTDayChangeLT0,_HTGT1.5__HTGTPCTDayChange_,,,%%:checkSell:CupDownDoji-last2lastDayLT0orTodayGT0,",-4.417992647362764,1,0,1
"PCTChangeGT3,_HTGT1.5__LTGT3.0_,,,%%HLTF:(GLOBAL-DOWN)sellHighLowerTail-Reversal-LastDayMarketUp,##MAPositive_Uptrend(GT4.5),##MA-SMA200GT0SMA100GT0,",12.604048627248387,1,1,0
"PCTChangeLT-2,,,,checkCupDown-3dayDown-mayReversalBuy,##DOWNTREND:sellMonth6HighReversal(InDownTrend),##(Check-chart-buy):month3High-InMinus,ReversalHighMonth3,",4.886191868848047,1,1,0
"PCTChangeLT-2,PCDayChange-0.5to0.5,_HTGT1.5_,,,%%:sellDowntrend-lastDayDown-ReversalHighTail,",-1.300051981448556,1,0,1
"PCTChangeGT0,_HTGT1.5__HTGTPCTDayChange_,,,%%:checkSell:Super2,(Test)(check-chart-2-3MidCapCross)MaySellCheckChart-Risky,",0.4753008656565901,3,2,1
"PCTChangeGT16,_HTGT3.0__LTGT1.5_,,,volBuyContinueLast2DayUp-VolUp,",-8.000000000000002,1,0,1
"PCTChangeLT-2,,,,##longDownTrend-2-IndexNotDownLastDay(checkBase),##(Check-chart-sell)Month3Low-Continue(InUpTrend),ReversalLowMonth3,",1.288272464223573,1,1,0
"PCTChangeGT2,,,,##(Check-chart-sell):month3Low-InPlus,ReversalLowMonth3,chis-breakoutup-2week,chisSell-2week-breakoutup,##UPTREND:buyMonth3LowReversal(Confirm),",2.2799987792968857,1,1,0
"PCDCGT0PCTDayChangeLT0,year2Low,_HTGT1.5__LTGT3.0__HTGTPCTDayChange__LTGTPCTDayChange_,,,%%HLTF-Last2LowTail:(DOWNTREND)sellHighLowerTailPre-1,",0.13642939205104515,1,1,0
"PCTChangeLT-2,,,,checkCupDown-3dayDown,weekBarLowChangeLT-2,",2.1100945428970785,1,1,0
"PCTChangeLT-2,year2Low,_LTGT1.5_,,,buyMorningStar-HighLowerTail,%%:buyDownTrend-month3Low,",-0.46511191161672627,1,0,1
"PCTDayChangeLT0,year2High,_HTGT1.5_,,,%%HLTF-LastDayUp:(DOWNTREND-OR-GLOBALDOWN)MaySellHighTail-LastDayMarketUp,",0.46531391195077487,8,4,4
"PCTChangeLT-1,,,,volBuyVolumeUpsergedLast2n3DayUp,checkSellConsolidationBreakDown-month3HighGTMonth3Low,chisDownTrend-Risky-nearHigh,##(Check-chart-buy):YearHigh-InMinus,ReversalHighYear,",1.9353205476818762,1,1,0
"PCTChangeLT-2,_LTGT1.5_,,,chisDownTrend-Risky-nearHigh,##DOWNTREND:sellYear2HighReversal(InDownTrend),",-1.2029089013135827,2,0,2
"PCTChangeLT-2,,,,volSellVolumeUpsergedLast2n3DayUp,volSellContinueLast2DayDown-VolUp,weekBarLowChangeLT-2,brokenToday,chisDownTrend-Risky-nearHigh,##(Check-chart-buy):month3High-InMinus,ReversalHighMonth3,",-0.4396965839576975,1,0,1
"PCTChangeLT-1,,,,%%:checkSell:ConsolidationBreakDown(NotShapeA)-2week,checkSellConsolidationBreakDown-2week,week2BarLowChangeLT0,chisDownTrend-Risky-nearHigh,##(Check-chart-buy):YearHigh-InMinus,ReversalHighYear,",-0.283021887476016,1,0,1
"PCTChangeLT-3,_LTGT3.0_,,,checkCupDown-month3HighLTmonth3Low,bar_low,%%HLTF:(GLOBAL-UP)buyHighLowerTail-LastDayMarketUp,",5.777894342492748,1,1,0
"PCTChangeGT5,,,,weekBarHighChangeGT2,##MAPositive_Uptrend(GT2),##MA-SMA200GT0SMA100GT0,",-0.989315405695095,1,0,1
"PCTChangeGT2,_HTGT1.5_,,,(GLOBALFUTUP-UPTRENDMARKET)checkBuyConsolidationBreakUp-week2-highNotReachedWeek3,week2BarHighChangeGT0,chis-breakoutup-2week,",-3.337729260286123,1,0,1
"PCTChangeGT2,_LTGT1.5_,,,%%HLTF-Risky:(GLOBAL-DOWN)sellHighLowerTail-Reversal-LastDayMarketUp,chisUpTrend-Risky-nearLow,##UPTREND:buyMonth6LowReversal(Confirm),",-1.377898528147841,1,0,1
"PCTChangeGT2,_HTGT1.5_,,,volSellVolumeUpsergedLast2n3DayDown,chisCheckConsolidationBreakout2WeekLT(4.5),",0.18099863142371858,1,1,0
"PCTChangeLT-2,_LTGT1.5_,,,VOL:buy-DownVol-3dayDown-Week2High,",-2.1304365517436645,1,0,1
"PCTChangeGT0.5,_HTGT1.5__LTGT1.5_,,,%%HLTF-Last2LowTail:(DOWNTREND)sellHighLowerTailPre-1,##MANegative_Downtrend_(GT0),##MA-SMA200LT0SMA100LT0,",0.40424480808240587,1,1,0
"PCTDayChangeLT0,,,,(Test)MayBuy-CheckChart(upTrend-lastDayDown),##MAPositive_Uptrend(LT-1),##MA-SMA200GT0SMA100GT0,",-1.515140345650754,2,0,2
"PCTChangeLT-3,,,,chisSellDownTrend-nearHigh,##(Check-chart-buy):YearHigh-InMinus,ReversalHighYear,",-0.39473453581764606,4,1,3
"PCTChangeGT1,,,,chisUpTrend-Risky-nearLow,##UPTREND:buyYear2LowReversal(Confirm),",-0.3969842397492919,7,3,3
"PCDCGT0PCTChangeLT-1,_HTGT1.5_,,,chisBuyYearHigh-1,",-0.17595231433387015,1,0,1
"PCTChangeGT5,_HTGT3.0__LTGT1.5__HTGTPCTDayChange_,,,VOL:buy(GLOBALFUTDOWN-GLOBALMARKETDOWN)Sell-UpVol-3dayUp-Week2Low,",-4.476204543244447,1,0,1
"PCTChangeLT-3,,,,checkCupDown-2dayDown,volumeUpsergedLast2n3n4DayUp,##DOWNTREND:sellMonth3HighReversal(InDownTrend),##(Check-chart-buy):month3High-InMinus,ReversalHighMonth3,",-2.157298952791711,1,0,1
"PCTChangeLT-3,,,,%%:checkSell:Flag2Week,volumeUpsergedLast2n3n4DayUp,volSellContinueLast2DayDown-VolUp,##(Check-chart-sell)Month3Low-Continue(InUpTrend),ReversalLowMonth3,",-0.858494020857901,1,0,1
"PCTChangeGT0.5,_HTGT1.5__LTGT3.0__HTGTPCTDayChange__LTGTPCTDayChange_,,,%%HLTF-Last2LowTail:(DOWNTREND)sellHighLowerTailPre-1,",1.5937050917706148,1,1,0
"PCTChangeLT-3,_HTGT1.5__LTGT1.5__HTGTPCTDayChange_,,,(GLOBALFUTDOWN-DOWNTRENDMARKET)checkSellConsolidationBreakDown-week2-lowNotReachedWeek3,week2BarLowChangeLT-2,weekLowLTweek2Low,chisDownTrend-Risky-nearHigh,",0.5616084542913258,1,1,0
"PCDCGT0PCTDayChangeLT0,PCDayChange-0.5to0.5,,,,chisFinalBreakOutBuyContinue-1-test-atYearLow,chisFinalBreakOutBuyContinue-0-test-atYearLow,",-1.108279739298823,2,1,1
"PCTChangeGT12,year2Low,_HTGT1.5_,,,chisSellYear2LowLT-40-last4DayDown(triggerAfter-9:15),",-4.456328106948611,1,0,1
"PCTChangeLT-3,,,,checkCupDown-near2WeekDown-mayReveresalBuy,(GLOBALFUTDOWN-DOWNTRENDMARKET)checkSellConsolidationBreakDown-week2-lowNotReachedWeek3,week2BarLowChangeLT-2,",-3.5972865062219648,2,0,2
"PCDCLT0PCTChangeGT0,PCDayChange-0.5to0.5,_LTGT1.5_,,,%%HLTF:(SGXNIFTYUP)buyHighLowerTail-Continue,##MAPositive_Uptrend(LT0),##MA-SMA200GT0SMA100GT0,",-5.09750069063903,1,0,1
"PCTChangeGT2,_LTGT1.5_,,,week2BarHighChangeGT0,buyYearHigh-0,",1.7936303259845459,1,1,0
"PCTChangeGT3,_LTGT1.5_,,,(GLOBALFUTUP-UPTRENDMARKET)checkBuyConsolidationBreakUp-week2-highNotReachedWeek3,week2BarHighChangeGT2,",0.32583161316083237,3,2,1
"PCTChangeGT2,,,,chisBuyFinalCandidate-(lastDayDown),buyFinal1,",-0.5457315715701306,1,0,1
"PCTChangeLT-2,_HTGT1.5__HTGTPCTDayChange_,,,%%HLTF-Last2HighTail:(DOWNTREND)sell(UPTREND)buy:HighUpperTailPre,",0.254312439591168,11,7,4
"PCTChangeLT-0.5,PCDayChange-0.5to0.5,_LTGT1.5_,,,##MANegative_Downtrend_(LT0),##MA-SMA200GT0SMA100GT0,",2.267866215057805,1,1,0
"PCTChangeLT-3,,,,volBuyReversalLast2DayDown-VolDown,chisDownTrend-Risky-nearHigh,##(Check-chart-buy):YearHigh-InMinus,ReversalHighYear,",-0.801730841931894,3,2,1
"PCTDayChangeLT0,PCDayChange-0.5to0.5,_HTGT1.5_,,,%%:checkSell:CupDownDoji-lastDayLT(-2)TodayDoji,",1.285379400610702,4,2,2
"PCTChangeLT-2,_HTGT1.5__HTGTPCTDayChange_,,,chisSell-smallUptrendReversal,%%HLTF-Last2HighTail:(DOWNTREND)sellHighUpperTailPre,",-0.9496575692998593,2,0,2
"PCTChangeLT-3,,,,volumeUpsergedLast2n3n4DayUp,volSellContinueLast2DayDown-VolUp,chisDownTrend-Risky-nearHigh,##DOWNTREND:sellYear2HighReversal(InDownTrend),##(Check-chart-buy):month3High-InMinus,ReversalHighMonth3,",0.1694937033062048,1,1,0
"PCTChangeLT-5,_HTGT1.5_,,,volSellContinueLast2DayDown-VolUp,##MANegative_Downtrend_(LT-4.5),##MA-SMA200GT0SMA100LT0,",0.9747023385513149,1,1,0
"PCTChangeGT1,_HTGT1.5__LTGT1.5__HTGTPCTDayChange__LTGTPCTDayChange_,,,volSellRevarsalVolCrossed,",2.97160119604147,1,1,0
"PCTChangeGT1,_HTGT1.5__HTGTPCTDayChange__LTGTPCTDayChange_,,,chisSellFinalContinue-(lastDayDown)-1,",0.47770579730119883,1,1,0
"PCTChangeLT-1,PCDayChange-0.5to0.5,_HTGT3.0_,,,chisSell:Super03-monthLow,buyYearHigh-0,",0.26003426010138064,1,1,0
"PCTChangeGT5,_LTGT1.5_,,,##MANegative_Downtrend_(GT1),##MA-SMA200LT0SMA100LT0,",-2.9122608660643463,1,0,1
"PCTChangeGT0.5,_HTGT1.5_,,,chisUpTrend-Risky-nearLow,buyYearHigh-0,",1.21705056416935,1,1,0
"PCTChangeLT-0.5,_HTGT3.0__LTGT1.5__HTGTPCTDayChange__LTGTPCTDayChange_,,,##MANegative_Downtrend_(LT-1),##MA-SMA200LT0SMA100LT0,",-4.194258428432225,1,0,1
"PCTChangeGT3,,,,(GLOBALFUTUP-UPTRENDMARKET)checkBuyConsolidationBreakUp-week2-highNotReachedWeek3,week2BarHighChangeGT0,weekHighGTweek2High,brokenToday,",-0.12293586143426982,33,15,18
"PCTChangeGT2,_LTGT1.5_,,,VOL:buy-DownVol-3dayUp-Week2Low,chisCheckConsolidationBreakoutLT(4.5),",-1.550256475647977,1,0,1
"PCTChangeGT3,_HTGT1.5__LTGT3.0_,,,##(check-chart)sellEMA6>EMA14,",-3.9478342386300254,1,0,1
"PCTChangeGT5,_HTGT1.5__LTGT1.5_,,,volumeUpsergedLast2n3n4DayDown,volBuyContinueLast2DayUp-VolUp,",0.6376089022852918,1,1,0
"PCTChangeLT-1,,,,checkCupDown-2dayDown-mayReversalBuy,##(Test):buyRisingMA-uptrend-SMA25gt0,",0.5782815011867131,1,1,0
"PCDCLT0PCTChangeGT0,PCDayChange-0.5to0.5,_HTGT3.0_,,,##MAPositive_Uptrend(LT0),##MA-SMA200GT0SMA100GT0,",3.4001253409067482,1,1,0
"PCTChangeLT-8,_LTGT1.5_,,,volumeUpsergedLast2n3n4DayUp,##MANegative_Downtrend_(LT-4.5),##MA-SMA200LT0SMA100LT0,",1.07470114569194,1,1,0
"PCTChangeLT-2,,,,volBuyVolumeUpsergedLast2n3DayUp,volSellContinueLast2DayDown-VolUp,chisDownTrend-Risky-nearHigh,##(Check-chart-buy):YearHigh-InMinus,ReversalHighYear,",-0.47033401358675797,1,0,1
"PCDCLT0PCTChangeGT1,_LTGT3.0_,,,%%HLTF:(SGXNIFTYUP)buyHighLowerTail-Continue,(Test)MayBuy-CheckChart(upTrend-lastDayDown),",-2.115700461647727,1,0,1
"PCTChangeGT1,_HTGT1.5__HTGTPCTDayChange_,,,(Test)MaySell-CheckChart(downTrend-lastDayUp),",-0.7974035154598348,12,5,7
"PCTChangeGT5,_HTGT3.0__LTGT1.5__HTGTPCTDayChange_,,,weekBarHighChangeGT2,brokenToday,##MAPositive_Uptrend(GT2),##MA-SMA200LT0SMA100GT0,",-0.30947303403047477,1,0,1
"PCTChangeLT-1,_HTGT3.0__LTGT1.5_,,,##MANegative_Downtrend_(LT0),##MA-SMA200LT0SMA100LT0,",-1.023292361063962,1,0,1
"PCTChangeGT5,,,,##last2DayHighGT3-M3HLT0,",-0.4008957548665294,55,21,34
"PCTChangeLT-0.5,_HTGT1.5__HTGTPCTDayChange_,,,%%:checkSell:Super01-monthLow,",-0.2778487383905081,7,3,4
"PCTChangeGT3,_LTGT1.5_,,,chisUpTrend-Risky-nearLow,",0.47840849626625737,12,5,7
"PCTChangeLT-3,_HTGT3.0__LTGT1.5_,,,chisDownTrend-Risky-nearHigh,##(check-chart)buyEMA6<EMA14,##(Check-chart-buy):month3High-InMinus,ReversalHighMonth3,",2.127905557321948,1,1,0
"PCTChangeGT5,_HTGT1.5_,,,chisSelldowntrendReversalMayFail,##MANegative_Downtrend_(GT4.5),##MA-SMA200LT0SMA100LT0,",-0.8243683845766052,1,0,1
"PCTChangeGT3,,,,chisUpTrend-Risky-nearLow,volumeUpsergedLast2n3n4DayDown,volBuyContinueLast2DayUp-VolUp,BuyYearLow,",-0.9999976967865563,1,0,1
"PCTChangeGT3,_LTGT1.5_,,,chisSellFinalContinue-(lastDayUp)-(volLow),chisBuyFinalContinueReversal-1,buyFinal,",1.29723081924912,1,1,0
"PCTChangeGT3,,,,chisSellFinalContinue-(lastDayDown)-1,##buyTenDaysLessThanMinusTen,",0.475662366478844,1,1,0
"PCTChangeLT-2,,,,volumeUpsergedLast2n3n4DayUp,(GLOBALFUTDOWN-DOWNTRENDMARKET)checkSellConsolidationBreakDown-week2-lowNotReachedWeek3,week2BarLowChangeLT0,chisDownTrend-Risky-nearHigh,##DOWNTREND:sellYear2HighReversal(InDownTrend),",-0.8049271752258061,2,1,1
"PCTChangeGT3,_HTGT1.5_,,,chisSellYear2LowLT-40-last4DayDown(triggerAfter-9:15),zigZagVolCrossedFromDown,",0.7959171217315002,1,1,0
"PCTChangeLT-2,_LTGT3.0_,,,chisBuyYear2Low,",-1.15814696485623,1,0,1
"PCTChangeLT-5,_HTGT1.5__LTGT1.5_,,,##MANegative_Downtrend_(LT-4.5),##MA-SMA200LT0SMA100LT0,chisBuyDayLowVolLow-03-checkMorningTrend(.5SL)-after10:30,",15.561425071726406,1,1,0
"PCTChangeLT-3,,,,chisSellFinalCandidate-4,##sellTenDaysMoreThanTen,##ML:BuyRisingMA-Risky-1,",3.0677006044574107,1,1,0
"PCTChangeGT2,,,,##UPTREND:buyYear2Low,",-0.7234297490483335,1,0,1
"PCTChangeGT0.5,,,,chisBuyDownTrend-Risky-2,",-1.0631527951613913,1,0,1
"PCTChangeLT-2,PCDayChange-0.5to0.5,,,,chisBuyYearHigh-1,",1.5952943545897065,1,1,0
"PCTChangeLT-3,_HTGT1.5__LTGT1.5_,,,chisSellDayLowVolLow-0,",-1.7711833371954575,1,0,1
"PCTChangeGT0.5,_LTGT1.5_,,,chisBuyYearHigh-1,",-0.4797288225820524,3,2,1
"PCTChangeGT3,,,,$$MaySell-CheckChart(monthHigh-minimumLast4DayUp),##(Check-chart-sell):month3Low-InPlus,ReversalLowMonth3,chisCheckConsolidationBreakoutLT(4.5),(GLOBALFUTUP-UPTRENDMARKET)checkBuyConsolidationBreakUp-week2-highNotReachedWeek3,week2BarHighChangeGT2,chis-breakoutup-2week,chisSell-2week-breakoutup,##UPTREND:buyMonth3LowReversal(Confirm),",0.8297667934954548,1,1,0
"PCTChangeGT5,,,,weekBarHighChangeGT2,",0.8913913615183068,15,9,6
"PCTChangeLT-2,_LTGT3.0_,,,##MANegative_Downtrend_(LT-2),##MA-SMA200LT0SMA100LT0,",-1.080015033670488,3,1,2
"PCTDayChangeLT0,PCDayChange-0.5to0.5,,,,buyYearHigh-0,",0.2797640930755495,75,43,32
"PCTChangeLT-3,,,,##MAPositive_Uptrend(LT-4.5),##MA-SMA200LT0SMA100GT0,",1.0244450366713436,3,3,0
"PCTChangeGT2,year2High,_HTGT3.0__HTGTPCTDayChange_,,,%%HLTF-Last2HighTail:(UPTREND)buy(DOWNTREND)sell:HighUpperTailPre-last2DayUp,volSellVolumeUpsergedLast2n3DayDown,volBuyContinueLast2DayUp-VolUp,",8.569788328611489,1,1,0
"PCTChangeLT-3,,,,checkCupDown-near2WeekDown-mayReveresalBuy,(GLOBALFUTDOWN-DOWNTRENDMARKET)checkSellConsolidationBreakDown-week2-lowNotReachedWeek3,week2BarLowChangeLT0,##(Check-chart-buy):month3High-InMinus,ReversalHighMonth3,",0.09786764114590585,2,1,1
"PCTChangeGT0.5,,,,mayBuyFromSellPattern-GT1.8,",1.7168226488924923,2,2,0
"PCTChangeGT0.5,_HTGT1.5_,,,chisSellDowningMA-(check5MinuteDownTrendAndSellDowntrend),",-0.5325000810425233,1,0,1
"PCDCGT0PCTChangeLT-1,PCDayChange-0.5to0.5,,,,chisSellFlagWeek-doji-Risky,chisBuyYearHigh-3,",0.20716549857225613,1,1,0
"PCTChangeLT-5,,,,##last2DayLow(LT-3)-M3LGT0,chisSellDayLowVolLow-01,",-3.310346932246765,1,0,1
"PCTChangeLT-1,_LTGT3.0_,,,%%checkCupDown-2dayDown-continue,",1.2447264284692312,1,1,0
"PCTChangeLT-8,_LTGT1.5_,,,volBuyReversalLast2DayDown-VolDown,chisRSISellCandidate(yearLow)-lessThanMinus5,##MANegative_Downtrend_(LT-4.5),##MA-SMA200LT0SMA100LT0,chisBuyDayLowVolLow-01,",3.7889315595263895,1,1,0
"PCTChangeGT0.5,,,,week2BarHighChangeGT0,brokenToday,",1.0767968749999977,1,1,0
"PCTChangeLT-2,,,,volSellContinueLast2DayDown-VolUp,weekBarLowChangeLT0,brokenToday,##ML:buyRisingMA-down-Risky,",0.7366530666147686,1,1,0
"PCTChangeGT2,year2High,_HTGT1.5_,,,volSellVolumeUpsergedLast2n3DayDown,weekBarHighChangeGT2,brokenToday,",-0.22574106816405462,1,0,1
"PCTChangeLT-1,year2High,_HTGT3.0__HTGTPCTDayChange_,,,volBuyReversalLast2DayDown-VolUp,",-2.1269391673479876,1,0,1
"PCTChangeGT0.5,_LTGT1.5_,,,%%HLTF:(GLOBAL-DOWN)sellHighLowerTail-Reversal-LastDayMarketUp,chisBuyYearHigh-3,",1.0441807201359217,2,1,1
"PCTChangeLT-1,_LTGT3.0_,,,%%HLTF:(SGXNIFTYUP)buyHighLowerTail-Continue,",-4.383129604809742,3,0,3
"PCTChangeGT1,year2High,,,,checkCupDown-lastDayUp-near2WeekHigh-mayReveresalSell,zigZagVolCrossedFromDown,",-0.5597014925373143,1,0,1
"PCTChangeGT2,year2High,_HTGT1.5__HTGTPCTDayChange_,,,weekBarHighChangeGT2,",-0.22956372883523382,3,1,2
"PCTChangeGT1,year2Low,_HTGT1.5__HTGTPCTDayChange_,,,(Test)MaySell-CheckChart(downTrend-lastDayUp),",4.6885630106498155,1,1,0
"PCTChangeLT-5,,,,volSellContinueLast2DayDown-VolUp,##MANegative_Downtrend_(LT-4.5),##MA-SMA200GT0SMA100LT0,",-0.899621212121193,1,0,1
"PCTChangeGT1,PCDayChange-0.5to0.5,_HTGT3.0__LTGT3.0_,,,chisSellDowningMA-(check5MinuteDownTrendAndSellDowntrend)-Already10DayDown,%%HLTF-Last2LowTail:(DOWNTREND)sellHighLowerTailPre-1,",1.9167115133720312,1,1,0
"PCTChangeLT-1,_LTGT1.5_,,,##MANegative_Downtrend_(LT-2),##MA-SMA200GT0SMA100LT0,%%:buyDownTrend-month3Low,",1.868081180811811,1,1,0
"PCTChangeEQ0,_LTGT1.5_,,,(Test)MayBuy-CheckChart(upTrend-lastDayDown),",0.298998681373225,3,2,1
"PCTChangeGT1,PCDayChange-0.5to0.5,_LTGT1.5_,,,%%:checkBuyContinue:CupDownDoji,",1.6334236630460588,1,1,0
"PCTChangeLT-2,,,,chisBuyFinalContinue-2,chisDownTrend-Risky-nearHigh,##DOWNTREND:sellYearHigh(InDownTrend),##(Check-chart-buy):month3High-InMinus,NearHighMonth3,",1.3444056336007146,1,1,0
"PCTChangeGT3,_HTGT3.0__HTGTPCTDayChange_,,,%%HLTF:(DOWNTREND-OR-GLOBALDOWN)maySellTail-tailGT2-2,3,4thDayGT0,sellEveningStar-0,##last3DayHighGT3-M3HLT0,",1.101141924959217,1,1,0
"PCTChangeLT-2,_LTGT1.5_,,,MayBuyCheckChart-(IndexNotUpInSecondHalf),",0.263768991592606,45,20,25
"PCTChangeLT-2,year2High,,,,checkCupDown-2dayDown,volBuyReversalLast2DayDown-VolDown,",-3.6779870520104994,2,0,2
"PCTChangeGT1,_HTGT3.0__HTGTPCTDayChange_,,,%%HLTF:(DOWNTREND-OR-GLOBALDOWN)maySellTail-tailGT2-2,3,4thDayGT0,chisUpTrend-Risky-nearLow,week2BarHighChangeGT0,brokenToday,##RisingMA(check-chart-sell)-MaySellCheckChart,##(Test)buyBottomReversal-1,",1.3679619349722534,1,1,0
"PCDCGT0PCTChangeLT-1,PCDayChange-0.5to0.5,_LTGT3.0_,,,%%HLTF:(GLOBAL-DOWN)sellHighLowerTail-Reversal-LastDayMarketUp,##MA-SMA200LT0SMA100GT0,",-2.6923063114218126,1,0,1
"PCTChangeLT-3,_LTGT1.5_,,,VOL:buy-DownVol-3dayDown-Week2High,",2.60499401248706,1,1,0
"PCTChangeGT5,_HTGT3.0_,,,zigZagVolCrossedFromDown,##MAPositive_Uptrend(GT4.5),##MA-SMA200GT0SMA100GT0,",1.9266041046982516,1,1,0
"PCTChangeLT-1,,,,chisBuyFinalContinue-2,",-2.185916242587254,2,0,2
"PCTChangeGT5,_HTGT3.0__LTGT3.0__LTGTPCTDayChange_,,,VOL:buy(GLOBALFUTDOWN-GLOBALMARKETDOWN)Sell-UpVol-3dayUp-Week2Low,",2.38083521525065,1,1,0
"PCTChangeGT0.5,year2High,,,,shortUpTrendSellReversal-Month3High-Doji-Last2DayGTToday,",-1.0125101228240758,9,2,6
"PCDCLT0PCTChangeGT0,_HTGT1.5__HTGTPCTDayChange__LTGTPCTDayChange_,,,buyMayYear2LowBreakingUp,",-1.6942173981469526,1,0,1
"PCTChangeGT1,,,,volSellVolumeUpsergedLast2n3DayDown,(GLOBALFUTUP-UPTRENDMARKET)checkBuyConsolidationBreakUp-week2-highNotReachedWeek3,week2BarHighChangeGT2,weekHighGTweek2High,",-4.257853179443698,1,0,1
"PCTChangeGT0.5,PCDayChange-0.5to0.5,_HTGT3.0__LTGT1.5_,,,chisSellDowningMA-(check5MinuteDownTrendAndSellDowntrend),",-0.6745406575225682,1,0,1
"PCTChangeLT-3,_HTGT3.0__HTGTPCTDayChange_,,,chisDownTrend-Risky-nearHigh,",1.1584132567502958,3,1,2
"PCTChangeGT3,,,,(GLOBALFUTUP-UPTRENDMARKET)checkBuyConsolidationBreakUp-month,weekBarHighChangeGT2,brokenToday,##MAPositive_Uptrend(GT2),##MA-SMA200GT0SMA100GT0,",0.2549485583070714,1,1,0
"PCTChangeLT-1,_HTGT3.0_,,,%%:checkSell:Super01-monthLow,",0.9819718571211882,1,1,0
"PCTChangeGT2,_HTGT1.5_,,,%%HLTF-Last2HighTail:(UPTREND)buy(DOWNTREND)sell:HighUpperTailPre-last2DayUp,(GLOBALFUTUP-UPTRENDMARKET)checkBuyConsolidationBreakUp-week2-highNotReachedWeek3,week2BarHighChangeGT2,weekHighGTweek2High,##MAPositive_Uptrend(GT2),##MA-SMA200GT0SMA100GT0,",-2.4431835521351206,1,0,1
"PCTChangeLT-1,_LTGT3.0_,,,shortDownTrendBuyReversal-MonthLow-Doji-Last2DayLTToday,",-2.236842105263156,1,0,1
"PCTChangeGT2,_HTGT1.5_,,,$$MaySell-CheckChart(monthHigh-minimumLast4DayUp),chisCheckConsolidationBreakoutLT(4.5),weekBarHighChangeGT2,",1.0172650818274362,1,1,0
"PCTChangeGT1,_HTGT1.5__LTGT1.5_,,,##(Check-chart-sell):month3Low-InPlus,ReversalLowMonth3,",-0.6557875811274634,2,1,1
"PCTChangeGT1,,,,chisBuyYearHigh-1,",0.0936189119960321,170,82,86
"PCTChangeGT3,year2High,_HTGT1.5__LTGT3.0__LTGTPCTDayChange_,,,%%HLTF-Risky:(GLOBAL-DOWN)sellHighLowerTail-Reversal-LastDayMarketUp,vol-sell-DownVol-3dayUp-Week2High,##last3DayHighGT3-M3HGT0,",0.9633055520714001,1,1,0
"PCTChangeGT5,,,,volBuyContinueLast2DayUp-VolUp,weekBarHighChangeGT2,",3.777255278265322,1,1,0
"PCTChangeLT-3,year2High,,,,volSellVolumeUpsergedLast2n3DayUp,##sellTenDaysMoreThanTen,",-0.1778461634993569,2,0,2
"PCTChangeLT-12,_LTGT3.0_,,,##MANegative_Downtrend_(LT-4.5),##MA-SMA200LT0SMA100GT0,",-4.878048780487801,1,0,1
"PCTChangeGT5,_HTGT1.5__LTGT3.0_,,,chisSellYear2LowLT-40-last4DayDown(triggerAfter-9:15),",-1.2135922479918675,1,0,1
"PCTChangeLT-3,_LTGT3.0_,,,##DOWNTREND:sellYear2HighReversal(InDownTrend),zigZagVolCrossedFromUp,##(Check-chart-buy):month3High-InMinus,ReversalHighMonth3,",-0.8734428544389623,1,0,1
"PCTChangeLT-2,_HTGT3.0__LTGT1.5__HTGTPCTDayChange_,,,weekBarLowChangeLT-2,##DOWNTREND:sellMonth3LowBreak,",3.096841683122217,1,1,0
"PCTChangeLT-1,,,,brokenToday,chisDownTrend-Risky-nearHigh,",0.8451301355548947,2,2,0
"PCTChangeGT12,_HTGT1.5__LTGT1.5_,,,chisSellYear2LowLT-40-last4DayDown(triggerAfter-9:15),",-0.8108121854764939,1,0,1
"PCTChangeLT-1,_LTGT1.5_,,,shortDownTrendBuyReversal-MonthLow-Doji-Last2DayLTToday,MayBuyCheckChart-(IndexNotUpInSecondHalf),$$MayBuy-CheckChart(downTrend-mayReverseLast4DaysDown),",2.8128640878962172,1,1,0
"PCTChangeGT0.5,_HTGT1.5__HTGTPCTDayChange_,,,%%HLTF-Last2HighTail:(UPTREND)buy(DOWNTREND)sell:HighUpperTailPre-last2DayUp,%%HLTF:maySellTail-tailGT2-7,10thDayGT20,",-1.5440508628519536,1,0,1
"PCTChangeLT-1,year2High,_HTGT1.5__HTGTPCTDayChange_,,,%%HLTF-Last2HighTail:(DOWNTREND)sell(UPTREND)buy:HighUpperTailPre,",-1.9849864745044654,3,0,3
"PCTDayChangeLT0,year2High,,,,##(Test)(check-chart)-buySMAUpTrend,",2.472231873220195,3,3,0
"PCTChangeLT-16,year2Low,_HTGT3.0__LTGT3.0_,,,volumeUpsergedLast2n3n4DayUp,",-2.365588116389449,1,0,1
"PCTChangeGT3,_HTGT1.5_,,,%%HLTF-Last2HighTail:(UPTREND)buy(DOWNTREND)sell:HighUpperTailPre-last2DayUp,VOL:sell-UpVol-3dayUp-Week2High,weekBarHighChangeGT2,",1.01265381300859,1,1,0
"PCTChangeLT-5,_LTGT1.5_,,,checkCupDown-2dayDown-mayReversalBuy,##DOWNTREND:sellYear2HighReversal(InDownTrend),##last2DayLow(LT-3)-M3LGT0,",-9.619503497510399,1,0,1
"PCTChangeGT2,_HTGT3.0_,,,##MA-SMA200GT0SMA100LT0,",5.045696760104759,1,1,0
"PCTChangeLT-1,PCDayChange-0.5to0.5,_HTGT1.5__LTGT3.0_,,,%%HLTF:(GLOBAL-DOWN)sellHighLowerTail-Reversal-LastDayMarketUp,",2.8389384465253684,1,1,0
"PCTDayChangeLT0,_HTGT1.5_,,,%%:checkSell:CupDownDoji-lastDayLT(-2)TodayDoji,chisDownTrend-Risky-nearHigh,",-2.9064215669504034,1,0,1
"PCTChangeLT-2,_HTGT1.5__LTGT3.0_,,,##MANegative_Downtrend_(LT-2),##MA-SMA200LT0SMA100LT0,chisBuyDayLowVolLow-03-checkMorningTrend(.5SL)-after10:30,",-5.290853240357932,1,0,1
"PCTChangeGT1,PCDayChange-0.5to0.5,_LTGT1.5_,,,chisSellFlag2Week-doji-Risky,",-0.3223470363761356,3,1,2
"PCTChangeLT-1,,,,weekBarLowChangeLT0,$$MayBuy-CheckChart(monthLow-minimumLast4DayDown),",1.5113179671868906,6,4,2
"PCTChangeGT3,_HTGT1.5_,,,volumeUpsergedLast2n3n4DayDown,##lastDayHighGT5TodayGT1,",-0.9893667093584784,1,0,1
"PCTChangeLT-1,,,,chisSell:Super03-monthLow,##(Check-chart-sell)Month3Low-Continue(InUpTrend),ReversalLowMonth3,",-0.5263134949189323,1,0,1
"PCDCGT0PCTChangeLT-1,year2High,_HTGT3.0_,,,%%HLTF-Risky9:30:maySellTail-tailGT2-7,10thDayGT15,",-0.557189762029778,2,1,1
"PCTChangeLT-12,_LTGT3.0_,,,##MANegative_Downtrend_(LT-4.5),##MA-SMA200GT0SMA100LT0,",3.5526330391185663,1,1,0
"PCTChangeLT-3,_HTGT1.5__LTGT1.5_,,,checkCupDown-near2WeekDown-mayReveresalBuy,(GLOBALFUTDOWN-DOWNTRENDMARKET)checkSellConsolidationBreakDown-week2-lowNotReachedWeek3,week2BarLowChangeLT-2,weekLowLTweek2Low,",3.349058847500852,1,1,0
"PCTChangeGT3,_LTGT1.5_,,,%%HLTF:(SGXNIFTYUP)buyHighLowerTail-Continue,##MAPositive_Uptrend(GT2),##MA-SMA200LT0SMA100LT0,",-1.9256437033926488,1,0,1
"PCTChangeLT-3,_LTGT1.5_,,,(GLOBALFUTDOWN-DOWNTRENDMARKET)checkSellConsolidationBreakDown-week2-lowNotReachedWeek3,week2BarLowChangeLT0,##(Check-chart-buy):month3High-InMinus,ReversalHighMonth3,",0.7429011426166295,1,1,0
"PCTChangeLT-3,_HTGT1.5_,,,%%checkCupDown-2dayDown-continue,chisDownTrend-Risky-nearHigh,##DOWNTREND:sellMonth6HighReversal(InDownTrend),##last2DayLow(LT-3)-M3LGT0,##(Check-chart-buy):month6High-InMinus,ReversalHighMonth6,",-2.4275406547214557,1,0,1
"PCTChangeLT-1,,,,weekBarLowChangeLT0,brokenToday,##MANegative_Downtrend_(LT-2),##MA-SMA200LT0SMA100LT0,",4.383594385744476,1,1,0
"PCTChangeLT-2,,,,(SMA9LT0),chisDownTrend-Risky-nearHigh,",-3.6099585062240562,1,0,1
"PCTChangeGT2,_HTGT3.0__HTGTPCTDayChange_,,,%%:sellDowntrend-lastDayUp-ReversalHighTail,",0.7056451612903225,1,1,0
"PCTChangeGT1,,,,%%:checkSell:Super2,%%:sellDowntrend-lastDayUp-ReversalHighTail,",-0.3169173385599777,2,1,1
"PCTChangeLT-3,_LTGT1.5_,,,volSellContinueLast2DayDown-VolUp,chisDownTrend-Risky-nearHigh,##DOWNTREND:sellYear2HighReversal(InDownTrend),$$MayBuy-CheckChart-baseLine(inuptrend-monthlow)-PCTDayChangeLT0,##(Check-chart-buy):month3High-InMinus,ReversalHighMonth3,",-1.2289541739004473,1,0,1
"PCDCGT0PCTDayChangeLT0,_HTGT1.5_,,,%%:sellDowntrend-lastDayUp-ReversalHighTail,",0.8029960115138538,9,6,3
"PCTChangeGT0,PCDayChange-0.5to0.5,_HTGT1.5_,,,##(Test)(check-chart)-sellSMADownTrend,",1.6284028183247894,6,4,2
"PCTChangeGT2,_HTGT1.5__LTGT3.0__HTGTPCTDayChange__LTGTPCTDayChange_,,,chisBuyDownTrend-Risky-2,##(Check-chart)ML:buyMonth3High-Continue,",3.2879253765484258,1,1,0
"PCTDayChangeLT0,_HTGT1.5__LTGT3.0_,,,chisDownTrend-Risky-nearHigh,",-2.049716427742686,2,1,1
"PCDCLT0PCTChangeGT0,,,,$$(DOWNTREND-OR-GLOBALDOWN)MaySell-CheckChart-baseLine(inDownTrend-monthHigh)-MLCGT10,",-0.7224597973262532,1,0,1
"PCTChangeLT-1,_HTGT3.0__LTGT1.5__HTGTPCTDayChange_,,,%%HLTF:maySellTail-tailGT2-allDayGT0,##MAPositive_Uptrend(LT-2),##MA-SMA200LT0SMA100LT0,",-6.236562421244944,1,0,1
"PCTChangeLT-3,_LTGT1.5_,,,chisSellFlagWeek-Risky,chisSellDownTrend-nearHigh,##(Check-chart-buy):month3High-InMinus,NearHighMonth3,",1.0658057015230538,1,1,0
"PCTChangeLT-1,,,,##(Check-chart-buy):month6High-InMinus,ReversalHighMonth6,",-0.9480853240525832,17,5,12
"PCTChangeGT1,_HTGT3.0__LTGT3.0__HTGTPCTDayChange__LTGTPCTDayChange_,,,##MAPositive_Uptrend(GT1),##MA-SMA200LT0SMA100LT0,",-1.8312744642971939,1,0,1
"PCTChangeGT2,,,,(GLOBALFUTUP-UPTRENDMARKET)checkBuyConsolidationBreakUp-week2-highNotReachedWeek3,week2BarHighChangeGT0,brokenToday,##(check-chart)mayBuy-EMA6-LT-May-MT-EMA14,##UPTREND:buyMonth6LowReversal(Confirm),",0.24823127908909876,1,1,0
"PCTChangeLT-3,PCDayChange-0.5to0.5,_HTGT3.0_,,,##MA-SMA200LT0SMA100LT0,",-0.348931357181801,1,0,1
"PCTChangeGT3,_HTGT3.0__LTGT1.5__HTGTPCTDayChange_,,,%%HLTF-Last2HighTail:(UPTREND)buy(DOWNTREND)sell:HighUpperTailPre-last2DayUp,##MAPositive_Uptrend(GT2),##MA-SMA200GT0SMA100GT0,##lastDayHighGT5TodayGT1,",0.47852822414362034,1,1,0
"PCTChangeGT0.5,_HTGT1.5_,,,shortUpTrendSellReversal-MonthHigh-Doji-Last2DayGTToday,",-2.0467178918017384,2,0,2
"PCTChangeLT-3,,,,chisDownTrend-Risky-nearHigh,zigZagVolCrossedFromUp,##(Check-chart-buy):month3High-InMinus,BreakHighMonth3,",1.69735945661375,1,1,0
"PCTChangeGT1,_HTGT1.5_,,,week2BarHighChangeGT2,",-3.9212370572024806,1,0,1
"PCTChangeGT0,year2High,_LTGT1.5_,,,%%HLTF:(GLOBAL-DOWN)sellHighLowerTail-Reversal-LastDayMarketUp,",0.45751766961124474,1,1,0
"PCTChangeGT5,_HTGT3.0__LTGT3.0__HTGTPCTDayChange__LTGTPCTDayChange_,,,%%HLTF-Last2HighTail:(UPTREND)buy(DOWNTREND)sell:HighUpperTailPre-last2DayUp,##MAPositive_Uptrend(GT2),##MA-SMA200GT0SMA100GT0,##lastDayHighGT5TodayGT1,",-11.032262002268146,1,0,1
"PCTChangeGT5,,,,weekBarHighChangeGT5,##UPTREND:buyYearLowReversal(Confirm),##last2DayHighGT3-M3HLT0,",-0.6882153712031671,1,0,1
"PCTChangeLT-2,_LTGT1.5_,,,%%:checkSell:Flag2Week,volSellContinueLast2DayDown-VolUp,",-3.296594002929143,1,0,1
"PCTChangeGT0.5,PCDayChange-0.5to0.5,_LTGT1.5_,,,chisSellDowningMA-(check5MinuteDownTrendAndSellDowntrend),",-1.275504280784339,7,0,7
"PCDCLT0PCTChangeGT0,,,,%%:sellDowntrend-lastDayDown-ReversalHighTail,",0.8376288659793835,1,1,0
"PCTChangeGT8,_HTGT3.0_,,,$$MaySell-CheckChart-baseLine(inDownTrend-monthHigh)-PCTDayChangeGT0,chisUpTrend-Risky-nearLow,##(check-chart)sellEMA6>EMA14,",0.2599635657858238,1,1,0
"PCTChangeLT-5,_HTGT1.5_,,,##MANegative_Downtrend_(LT-4.5),##MA-SMA200LT0SMA100LT0,##last2DayLow(LT-3)-M3LLT0,",3.0329347223099545,3,2,1
"PCTChangeGT2,_LTGT1.5_,,,%%HLTF:(GLOBAL-DOWN)sellHighLowerTail-Reversal-LastDayMarketUp,##(Check-chart-sell):month3Low-InPlus,ReversalLowMonth3,chisSell-2week-breakoutup,##UPTREND:buyYearLowReversal(Confirm),",-0.36718229783654693,1,0,1
"PCTChangeGT5,_HTGT1.5__LTGT1.5_,,,%%HLTF-Last2HighTail:(UPTREND)buy(DOWNTREND)sell:HighUpperTailPre-last2DayUp,##MAPositive_Uptrend(GT2),##MA-SMA200LT0SMA100LT0,",-0.17445917902957467,1,0,1
"PCTChangeGT5,,,,chisCheckConsolidationBreakoutGT(4.5),##(check-chart)sellEMA6>EMA14,",-2.0988388934410027,2,0,2
"PCTChangeGT1,_HTGT1.5__HTGTPCTDayChange_,,,volumeUpsergedLast2n3n4DayDown,chisCheckConsolidationBreakoutLT(4.5),",-0.42037193271068424,1,0,1
"PCTChangeLT-3,_LTGT3.0_,,,volumeUpsergedLast2n3n4DayUp,volSellContinueLast2DayDown-VolUp,",2.490072122845678,2,1,1
"PCTChangeGT2,,,,(GLOBALFUTUP-UPTRENDMARKET)checkBuyConsolidationBreakUp-week2-highNotReachedWeek3,week2BarHighChangeGT2,weekHighGTweek2High,",-0.4606549607292655,28,8,20
"PCTDayChangeLT0,_HTGT1.5_,,,chisSell:Super03-monthLow,",1.4763953428984766,2,2,0
"PCTChangeGT1,_HTGT1.5__HTGTPCTDayChange_,,,buyPattern-GT1.5-SMAGT0,(SMA9GT0),",2.383071684182448,1,1,0
"PCTChangeGT3,_HTGT3.0__HTGTPCTDayChange_,,,%%HLTF:(DOWNTREND-OR-GLOBALDOWN)maySellTail-tailGT2-2,3,4thDayGT0,week2BarHighChangeGT0,weekHighGTweek2High,brokenToday,",0.9094566502731861,1,1,0
"PCTChangeLT-0.5,PCDayChange-0.5to0.5,_LTGT1.5_,,,chisSellSuper-Risky,--,",0.8786358960688422,1,1,0
"PCTChangeLT-1,_HTGT1.5_,,,weekBarLowChangeLT0,##(Check-chart-buy):YearHigh-InMinus,ReversalHighYear,",6.099853462259293,1,1,0
"PCTChangeGT3,year2High,_HTGT3.0__LTGT1.5__HTGTPCTDayChange__LTGTPCTDayChange_,,,week2BarHighChangeGT2,",3.726455645195098,1,1,0
"PCTChangeGT2,,,,VOL:buy-DownVol-3dayUp-Week2Low,chisCheckConsolidationBreakoutLT(4.5),##(Check-chart)ML:buyMonth3High-Continue,",-1.8973976741659915,1,0,1
"PCTChangeGT2,_LTGT1.5_,,,##(Check-chart)ML:buyMonth3High-Continue,",-0.3996881390568708,12,3,9
"PCTChangeGT3,_HTGT1.5_,,,%%HLTF:(DOWNTREND-OR-GLOBALDOWN)maySellTail-tailGT2-2,3,4thDayGT0,volBuyContinueLast2DayUp-VolUp,chisCheckConsolidationBreakoutLT(4.5),weekBarHighChangeGT2,",-0.6432024020593036,1,0,1
"PCTChangeGT1,_HTGT1.5__HTGTPCTDayChange_,,,%%HLTF-Last2HighTail:(UPTREND)buy(DOWNTREND)sell:HighUpperTailPre-last2DayUp,%%HLTF:(GLOBAL-SGX-DOWN)maySellTail-2,3,4thDayGT0,chisBuyYearHigh-3,",-1.1659192825112066,1,0,1
"PCTChangeGT8,_HTGT1.5_,,,##MANegative_Downtrend_(GT4.5),##MA-SMA200LT0SMA100LT0,",1.9515203503806346,1,1,0
"PCTChangeGT2,year2Low,,,,volSellReversalLast2DayUp-VolDown,##RisingMA(Test)(check-chart-buy)-2DayUp,",1.5445695255265532,1,1,0
"PCTChangeGT2,_HTGT1.5__HTGTPCTDayChange_,,,%%:sellUpTrend-month3High,##MAPositive_Uptrend(GT2),##MA-SMA200GT0SMA100GT0,",-1.770376439574945,4,0,4
"PCTChangeLT-3,year2Low,,,,weekBarLowChangeLT-2,##last2DayLow(LT-3)-M3LLT0,",1.2463469564190035,3,2,1
"PCTChangeLT-2,_HTGT1.5__LTGT1.5_,,,##DOWNTREND:sellYearHigh(InDownTrend),##(Check-chart-buy):YearHigh-InMinus,NearHighYear,",2.816896759940494,1,1,0
"PCDCLT0PCTChangeGT0,_HTGT1.5_,,,(GLOBALFUTDOWN-DOWNTRENDMARKET)checkSellConsolidationBreakDown-week2-lowNotReachedWeek3,week2BarLowChangeLT0,weekLowLTweek2Low,",1.264134303330719,1,1,0
"PCDCGT0PCTChangeLT-1,_HTGT3.0_,,,##MA-SMA200LT0SMA100LT0,",20.388709035520662,1,1,0
"PCTChangeLT-3,,,,##MANegative_Downtrend_(LT-2),##MA-SMA200LT0SMA100LT0,chisBuyDayLowVolLow-03-checkMorningTrend(.5SL)-after10:30,",-12.122806749845811,1,0,1
"PCTChangeLT-1,,,,chisSellFinalCandidate-3,##(Test):buyRisingMA-uptrend-SMA25gt0,",0.8422594129549243,1,1,0
"PCTChangeLT-2,_HTGT3.0__HTGTPCTDayChange_,,,chisDownTrend-Risky-nearHigh,",-0.07199395718282772,4,2,2
"PCTChangeLT-2,_HTGT1.5_,,,chisSellDownTrend-nearHigh,##(Check-chart-buy):month3High-InMinus,BreakHighMonth3,",1.8485930560076733,1,1,0
"PCTChangeGT3,year2High,,,,volSellVolumeUpsergedLast2n3DayDown,chisBuyConsolidationBreakUp-2week-(Risky)-year2High,week2BarHighChangeGT0,brokenToday,",1.1597328195040697,1,1,0
"PCTChangeLT-3,_HTGT3.0__HTGTPCTDayChange_,,,(GLOBALFUTDOWN-DOWNTRENDMARKET)checkSellConsolidationBreakDown-week2-lowNotReachedWeek3,week2BarLowChangeLT-2,",3.2501970024243825,3,1,2
"PCTDayChangeLT0,_LTGT1.5_,,,chisSellUpTrend-Risky-2,",1.858877086494688,1,1,0
"PCTChangeLT-3,,,,volSellVolumeUpsergedLast2n3DayUp,volSellContinueLast2DayDown-VolUp,(GLOBALFUTDOWN-DOWNTRENDMARKET)checkSellConsolidationBreakDown-week2-lowNotReachedWeek3,week2BarLowChangeLT-2,weekLowLTweek2Low,",-0.5708973443330134,1,0,1
"PCTChangeLT-8,_HTGT3.0__HTGTPCTDayChange_,,,##MANegative_Downtrend_(LT-4.5),##MA-SMA200LT0SMA100LT0,",-0.7312688375369514,1,0,1
"PCTChangeGT0,PCDayChange-0.5to0.5,_LTGT1.5_,,,shortUpTrendBuyContinue-Doji-Last2DayGTToday,",0.7986168644627261,4,2,2
"PCTChangeLT-1,,,,volBuyReversalLast2DayDown-VolUp,##(Check-chart-buy):month3High-InMinus,NearHighMonth3,",-1.263690722870161,2,0,2
"PCTChangeLT-1,,,,##(check-chart)buyEMA6<EMA14-Risky,",-0.6363608620383588,1,0,1
"PCTChangeGT1,,,,chisUpTrend-Risky-nearLow,##UPTREND:buyMonth6LowReversal(Confirm),",-1.0808988140617588,3,1,2
"PCTChangeLT-3,_LTGT3.0_,,,chisSellDownTrend-nearHigh,##(Check-chart-buy):month3High-InMinus,ReversalHighMonth3,",-0.15237707870769682,1,0,1
"PCTChangeLT-2,,,,sellFinal1,##longDownTrend-2-IndexNotDownLastDay(checkBase),",2.0346624041711703,1,1,0
"PCTChangeGT2,,,,volumeUpsergedLast2n3n4DayDown,checkBuyConsolidationBreakUp-2week,week2BarHighChangeGT0,brokenToday,",-1.7088588280013912,1,0,1
"PCTChangeLT-3,,,,volumeUpsergedLast2n3n4DayUp,chisDownTrend-Risky-nearHigh,##DOWNTREND:sellYearHigh(InDownTrend),##(Check-chart-buy):YearHigh-InMinus,NearHighYear,",-1.2545787333960947,1,0,1
"PCTChangeLT-2,,,,vol-buy-DownVol-3dayDown-Week2Low,(GLOBALFUTDOWN-DOWNTRENDMARKET)checkSellConsolidationBreakDown-week2-lowNotReachedWeek3,week2BarLowChangeLT0,",-13.292635215170565,1,0,1
"PCTChangeLT-1,_HTGT1.5__LTGT1.5__HTGTPCTDayChange_,,,(GLOBALFUTDOWN-DOWNTRENDMARKET)checkSellConsolidationBreakDown-week2-lowNotReachedWeek3,week2BarLowChangeLT0,##(Check-chart-buy):month3High-InMinus,ReversalHighMonth3,",2.1819504547559463,1,1,0
"PCTChangeGT3,,,,(GLOBALFUTUP-UPTRENDMARKET)checkBuyConsolidationBreakUp-week2-highNotReachedWeek3,week2BarHighChangeGT2,weekHighGTweek2High,brokenToday,chis-breakoutup-2week,",0.6010474228277507,1,1,0
"PCDCGT0PCTChangeLT-1,PCDayChange-0.5to0.5,_HTGT1.5_,,,chisSellSuper-Risky,-+,",-1.6393442622950727,1,0,1
"PCTChangeGT2,PCDayChange-0.5to0.5,year2High,_HTGT3.0_,,,%%HLTF-Last2HighTail:(UPTREND)buy(DOWNTREND)sell:HighUpperTailPre-last2DayUp,",-2.5588537135005387,1,0,1
"PCDCLT0PCTChangeGT0,_HTGT1.5__LTGT3.0__HTGTPCTDayChange__LTGTPCTDayChange_,,,$$MaySellContinue-CheckChart(inuptrend-monthlow)-highTail,",-1.6223729118309382,1,0,1
"PCTChangeLT-3,,,,(GLOBALFUTDOWN-DOWNTRENDMARKET)checkSellConsolidationBreakDown-week2-lowNotReachedWeek3,week2BarLowChangeLT0,##(Check-chart-buy):month3High-InMinus,NearHighMonth3,",-0.48941765098488627,1,0,1
"PCTChangeGT3,,,,week2BarHighChangeGT2,chisBuy-2week-breakoutup(check-chart)(|-|-| or --|),##(check-chart)mayBuy-EMA6-LT-May-MT-EMA14,##last2DayHighGT3-M3HLT0,",2.4866982472851555,1,1,0
"PCTChangeLT-0.5,,,,##MAPositive_Uptrend(LT0),##MA-SMA200GT0SMA100LT0,",-1.2550820361809294,1,0,1
"PCTChangeGT3,_HTGT1.5_,,,buyHeavyUpTrend-Continue-(Risky),##MAPositive_Uptrend(GT2),##MA-SMA200GT0SMA100GT0,",-2.1978021978022,1,0,1
"PCTChangeGT1,,,,%%:checkSell:Super2,chisSellDowningMA-(check5MinuteDownTrendAndSellDowntrend),$$(UPTREND-OR-GLOBALUP)MayBuy-CheckChart-baseLine(inuptrend-monthlow)-MHCLT(-10),",2.241404957251415,1,1,0
"PCTChangeGT0.5,PCDayChange-0.5to0.5,_HTGT1.5_,,,chisSellFlag2Week-doji-Risky,",0.35523372237056444,3,2,1
"PCTChangeGT3,year2High,,,,volumeUpsergedLast2n3n4DayDown,chisBuyConsolidationBreakUp-2week-(Risky)-year2High,week2BarHighChangeGT2,weekHighGTweek2High,brokenToday,",2.3772673857377318,1,1,0
"PCTChangeLT-2,_HTGT1.5_,,,%%:checkSell:Super01-monthLow,chisSell-smallUptrendReversal,",2.1546927604886026,1,1,0
"PCTChangeGT1,_HTGT1.5__LTGT1.5__HTGTPCTDayChange_,,,%%:sellUpTrend-month3High,##MAPositive_Uptrend(GT1),##MA-SMA200LT0SMA100GT0,",-1.9070415329322878,1,0,1
"PCDCLT0PCTChangeGT0,_HTGT3.0__LTGT1.5__HTGTPCTDayChange__LTGTPCTDayChange_,,,buyMayYear2LowBreakingUp,",-5.791096991973052,1,0,1
"PCTChangeGT3,,,,##(Test)buyBottomReversal-1,##UPTREND:buyYear2LowReversal(Confirm),",3.160401168906645,1,1,0
"PCTChangeLT-2,_HTGT1.5_,,,(GLOBALFUTDOWN-DOWNTRENDMARKET)checkSellConsolidationBreakDown-week2-lowNotReachedWeek3,week2BarLowChangeLT0,##DOWNTREND:sellYear2HighReversal(InDownTrend),##(Check-chart-buy):month3High-InMinus,ReversalHighMonth3,",5.818856375558046,1,1,0
"PCTChangeGT3,,,,(GLOBALFUTUP-UPTRENDMARKET)checkBuyConsolidationBreakUp-week2-highNotReachedWeek3,week2BarHighChangeGT2,chisBuy-2week-breakoutup(check-chart)(|-|-| or --|),",-2.331297499109919,4,0,4
"PCTChangeGT0,_HTGT3.0_,,,(Test)MaySell-CheckChart(downTrend-lastDayUp),##MA-SMA200LT0SMA100LT0,",4.510773300762983,1,1,0
"PCTChangeLT-3,_HTGT1.5_,,,checkSellConsolidationBreakDown-month3HighGTMonth3Low,",-3.7828947368421053,1,0,1
"PCTChangeGT3,_HTGT1.5_,,,chisBuyDownTrend-Risky-2,",2.434868516329534,1,1,0
"PCTChangeGT0,,,,##MA-SMA200LT0SMA100GT0,",-3.9413307264568047,3,0,3
"PCTChangeLT-1,,,,weekBarLowChangeLT0,(SMA9LT0),chisDownTrend-Risky-nearHigh,",-1.1613730778769933,1,0,1
"PCTChangeGT5,_LTGT1.5_,,,chisUpTrend-Risky-nearLow,",-0.14798925185017217,7,4,3
"PCTChangeGT3,,,,chisCheckConsolidationBreakoutLT(4.5),weekBarHighChangeGT2,",-0.19309855489352504,47,23,23
"PCTChangeGT2,_HTGT1.5__HTGTPCTDayChange_,,,%%HLTF-Last2HighTail:(UPTREND)buy(DOWNTREND)sell:HighUpperTailPre-last2DayUp,%%HLTF:(DOWNTREND-OR-GLOBALDOWN)maySellTail-tailGT2-2,3,4thDayGT0,",0.04803367194115607,1,1,0
"PCTChangeGT5,,,,weekBarHighChangeGT2,brokenToday,chis-breakoutup-2week,",-2.1818195689808175,1,0,1
"PCTChangeLT-8,,,,chisSellDownTrend-nearHigh,",-0.18490958042842354,2,1,1
"PCTChangeLT-0.5,year2High,_LTGT3.0_,,,%%HLTF:(SGXNIFTYUP)buyHighLowerTail-Continue,(Test)MayBuy-CheckChart(upTrend-lastDayDown),",-9.68790677390844,1,0,1
"PCTChangeLT-2,,,,(GLOBALFUTDOWN-DOWNTRENDMARKET)checkSellConsolidationBreakDown-week2-lowNotReachedWeek3,week2BarLowChangeLT-2,##(Check-chart-buy):YearHigh-InMinus,ReversalHighYear,",0.30504610633554585,2,1,1
"PCTChangeLT-2,,,,checkCupDown-near2WeekDown-mayReveresalBuy,(GLOBALFUTDOWN-DOWNTRENDMARKET)checkSellConsolidationBreakDown-week2-lowNotReachedWeek3,week2BarLowChangeLT0,##DOWNTREND:sellYear2HighReversal(InDownTrend),##(Check-chart-buy):month3High-InMinus,ReversalHighMonth3,",1.4584029908061886,3,2,1
"PCTChangeGT3,_HTGT1.5_,,,zigZagVolCrossedFromDown,chis-breakoutup-2week,",-2.1068381652068853,1,0,1
"PCTChangeLT-3,,,,(GLOBALFUTDOWN-DOWNTRENDMARKET)checkSellConsolidationBreakDown-week2,weekBarLowChangeLT-2,##MANegative_Downtrend_(LT-4.5),##MA-SMA200LT0SMA100LT0,",2.2573364467847092,1,1,0
"PCTChangeLT-3,,,,chisDownTrend-Risky-nearHigh,zigZagVolCrossedFromUp,",0.38671434399182153,4,2,2
"PCTChangeLT-2,PCDayChange-0.5to0.5,_LTGT1.5_,,,##MA-SMA200LT0SMA100LT0,",-4.245637649737268,1,0,1
"PCTChangeLT-2,,,,(GLOBALFUTDOWN-DOWNTRENDMARKET)checkSellConsolidationBreakDown-week2-lowNotReachedWeek3,week2BarLowChangeLT0,weekLowLTweek2Low,chisDownTrend-Risky-nearHigh,##(Check-chart-buy):YearHigh-InMinus,ReversalHighYear,",-0.24402202794700645,2,1,1
"PCTChangeGT0.5,PCDayChange-0.5to0.5,_HTGT1.5_,,,shortUpTrendSellReversal-MonthHigh,",0.2262229175439393,3,2,1
"PCTChangeGT3,_HTGT1.5_,,,##(Check-chart-sell):month3Low-InPlus,NearLowMonth3,chisBuyUpTrend-nearLow,volBuyVolumeUpsergedLast2n3DayDown,",2.6992696617181213,1,1,0
"PCTChangeGT2,_HTGT1.5_,,,volSellVolumeUpsergedLast2n3DayDown,(GLOBALFUTUP-UPTRENDMARKET)checkBuyConsolidationBreakUp-week2-highNotReachedWeek3,week2BarHighChangeGT0,brokenToday,",-0.9692115207515188,1,0,1
"PCTChangeLT-0.5,_HTGT1.5__HTGTPCTDayChange__LTGTPCTDayChange_,,,chisSell:Super03-monthLow,%%HLTF-Last2HighTail:(DOWNTREND)sellHighUpperTailPre,volBuyReversalLast2DayDown-VolUp,",-1.7501577427357953,1,0,1
"PCTChangeLT-2,_HTGT1.5__LTGT1.5__LTGTPCTDayChange_,,,volBuyVolumeUpsergedLast2n3DayUp,",-3.0365268933718603,1,0,1
"PCTChangeLT-5,,,,VOL:buy-UpVol-3dayDown-Week2Low,##MANegative_Downtrend_(LT-4.5),##MA-SMA200GT0SMA100GT0,",-11.491519606031579,1,0,1
"PCTChangeLT-0.5,,,,volBuyReversalLast2DayDown-VolUp,chisSellDownTrend-nearHigh,",1.2205181420025164,3,2,1
"PCTChangeGT3,,,,volumeUpsergedLast2n3n4DayDown,volBuyContinueLast2DayUp-VolUp,chisCheckConsolidationBreakoutLT(4.5),(GLOBALFUTUP-UPTRENDMARKET)checkBuyConsolidationBreakUp-week2-highNotReachedWeek3,week2BarHighChangeGT0,brokenToday,##(Check-chart):yearHigh-InPlus,",-1.7256953527446932,1,0,1
"PCTChangeGT5,year2High,,,,VOL:sell-UpVol-3dayUp-Week2High,##last3DayHighGT3-M3HGT0,",-3.6605261810108183,1,0,1
"PCTChangeGT0,_LTGT3.0_,,,$$MaySellContinue-CheckChart(inuptrend-monthlow)-PCTDayChangeGT2,",3.762362838531149,1,1,0
"PCTChangeLT-3,,,,(GLOBALFUTDOWN-DOWNTRENDMARKET)checkSellConsolidationBreakDown-week2-lowNotReachedWeek3,week2BarLowChangeLT0,volBuyRevarsalVolCrossed,chisSellDayLowVolLow-03-checkMorningTrend(.5SL),",2.585036089631155,1,1,0
"PCDCGT0PCTChangeLT-1,PCDayChange-0.5to0.5,_HTGT1.5__LTGT1.5_,,,%%:sellDowntrend-lastDayUp-ReversalHighTail,%%HLTF-Last2LowTail:(DOWNTREND)sellHighLowerTailPre-1,",-5.985399232293562,1,0,1
"PCTChangeLT-3,year2High,_HTGT1.5__LTGT1.5_,,,volumeUpsergedLast2n3n4DayUp,",-0.19490934412222524,1,0,1
"PCDCGT0PCTDayChangeLT0,PCDayChange-0.5to0.5,,,,chisBuyYearHigh-3,",-0.09836438535807442,333,155,178
"PCTChangeGT1,PCDayChange-0.5to0.5,_HTGT1.5__LTGT3.0_,,,%%HLTF:(GLOBAL-DOWN)sellHighLowerTail-Reversal-LastDayMarketUp,",-1.5540127530459866,1,0,1
"PCTChangeLT-1,_LTGT1.5_,,,(Test)MayBuyCheckChart-last3DayDown,$$MayBuy-CheckChart(downTrend-mayReverseLast4DaysDown),",0.8870361332573573,2,1,1
"PCTChangeLT-0.5,_HTGT1.5__HTGTPCTDayChange_,,,volBuyReversalLast2DayDown-VolDown,",2.3106501738302536,1,1,0
"PCTChangeLT-3,_LTGT1.5_,,,(GLOBALFUTDOWN-DOWNTRENDMARKET)checkSellConsolidationBreakDown-week2-lowNotReachedWeek3,week2BarLowChangeLT0,weekLowLTweek2Low,chisDownTrend-Risky-nearHigh,##(Check-chart-buy):month6High-InMinus,ReversalHighMonth6,",0.3264367980220491,1,1,0
"PCTChangeGT3,_HTGT1.5__LTGT1.5_,,,chis-breakoutup-2week,",5.1477832512315285,1,1,0
"PCTChangeGT2,_HTGT3.0_,,,##MAPositive_Uptrend(GT2),##MA-SMA200LT0SMA100GT0,",-2.015314336738524,1,0,1
"PCDCLT0PCTChangeGT1,PCDayChange-0.5to0.5,_HTGT3.0__LTGT1.5_,,,##MAPositive_Uptrend(LT0),##MA-SMA200GT0SMA100GT0,",-2.9687523841858012,1,0,1
"PCTChangeGT1,_LTGT1.5_,,,volSellReversalLast2DayUp-VolDown,chisSellFinalContinue-(lastDayUp)-1,",-0.6249979922646037,1,0,1
"PCTChangeLT-3,,,,checkCupDown-2dayDown-mayReversalBuy,##DOWNTREND:sellMonth3HighReversal(InDownTrend),##(Check-chart-buy):month3High-InMinus,ReversalHighMonth3,",0.7461128975822066,4,2,2
"PCTChangeGT3,,,,sellHeavyUpTrend-Reversal-(Risky),volBuyContinueLast2DayUp-VolUp,##MAPositive_Uptrend(GT2),##MA-SMA200GT0SMA100GT0,",-2.415415866315844,1,0,1
"PCTChangeLT-3,_LTGT1.5_,,,##MANegative_Downtrend_(LT-1),##MA-SMA200LT0SMA100LT0,",-0.35637196833125845,4,3,1
"PCTChangeLT-2,year2Low,,,,weekBarLowChangeLT-2,sellPatternsML,",-4.290121572989005,1,0,1
"PCTChangeLT-2,,,,chisSellFlag2Week-Risky,",0.11554614730542372,12,7,5
"PCTChangeLT-2,,,,chisSellDownTrend-nearHigh,##(Check-chart-buy):month6High-InMinus,ReversalHighMonth6,",-2.902326562317511,2,0,2
"PCTChangeGT5,_HTGT3.0__HTGTPCTDayChange_,,,volSellReversalLast2DayUp-VolUp,##MAPositive_Uptrend(GT2),##MA-SMA200GT0SMA100LT0,",1.9592036838602327,1,1,0
"PCTChangeGT1,year2High,_HTGT1.5__HTGTPCTDayChange_,,,$$MaySell-CheckChart(downTrend-mayReverseLast4DaysUp),",-0.5425733676667476,1,0,1
"PCTChangeLT-3,_LTGT1.5_,,,##MANegative_Downtrend_(LT-2),##MA-SMA200GT0SMA100LT0,##DOWNTREND:sellMonth3LowBreak,",-2.297306005897173,3,1,2
"PCTChangeGT3,year2Low,,,,##buyTenDaysLessThanMinusTen,",-0.7153991294882903,9,3,6
"PCTChangeGT3,_HTGT3.0__HTGTPCTDayChange_,,,%%HLTF-Last2HighTail:(UPTREND)buy(DOWNTREND)sell:HighUpperTailPre-last2DayUp,%%HLTF:maySellTail-tailGT2-7,10thDayGT20,%%HLTF:(UPTREND-GLOBAL/SGX-UP)BuyHighUpperTail-Reversal-7,10thDayGT15-LastDayMarketDown,##RisingMA(check-chart-sell)-MaySellCheckChart,",-5.249343691865917,1,0,1
"PCTChangeGT2,,,,zigZagVolCrossedFromDown,(GLOBALFUTUP-UPTRENDMARKET)checkBuyConsolidationBreakUp-week2-highNotReachedWeek3,week2BarHighChangeGT0,",-0.717142665505397,2,0,2
"PCTChangeLT-3,_HTGT1.5_,,,weekBarLowChangeLT-2,chisDownTrend-Risky-nearHigh,##DOWNTREND:sellYear2HighReversal(InDownTrend),",0.1586340288998224,1,1,0
"PCTChangeGT5,,,,chisSellYear2LowLT-40-last3DayDown(triggerAfter-9:15),",0.49561786445068473,8,5,3
"PCTChangeLT-12,_HTGT1.5__LTGT3.0_,,,##(Test)(Check-chart-sell):year2Low-InMinus,",12.32464433491483,1,1,0
"PCTChangeLT-3,,,,##last2DayLow(LT-3)-M3LGT0,",0.6821153947157643,75,49,26
"PCTChangeLT-3,,,,checkCupDown-3dayDown-mayReversalBuy,VOL:buy-UpVol-3dayDown-Week2Low,",0.4343011596951559,1,1,0
"PCTChangeLT-3,_LTGT1.5_,,,buyMorningStar-HighLowerTail,",1.078486141651559,1,1,0
"PCTChangeLT-3,_LTGT1.5_,,,checkCupDown-2dayDown-mayReversalBuy,(GLOBALFUTDOWN-DOWNTRENDMARKET)checkSellConsolidationBreakDown-week2-lowNotReachedWeek3,week2BarLowChangeLT0,chisDownTrend-Risky-nearHigh,##DOWNTREND:sellMonth3HighReversal(InDownTrend),##(Check-chart-buy):month3High-InMinus,ReversalHighMonth3,",3.2528157111312987,1,1,0
"PCTChangeLT-2,_HTGT1.5__LTGT3.0__HTGTPCTDayChange__LTGTPCTDayChange_,,,(GLOBALFUTDOWN-DOWNTRENDMARKET)checkSellConsolidationBreakDown-week2-lowNotReachedWeek3,week2BarLowChangeLT0,weekLowLTweek2Low,##DOWNTREND:sellYear2HighReversal(InDownTrend),",-1.7358456017836064,1,0,1
"PCTChangeGT1,_HTGT1.5_,,,##MAPositive_Uptrend(GT1),##MA-SMA200LT0SMA100LT0,",-0.8771929824561514,1,0,1
"PCTChangeGT1,PCDayChange-0.5to0.5,_HTGT1.5_,,,%%HLTF-Last2HighTail:(UPTREND)buy(DOWNTREND)sell:HighUpperTailPre-last2DayUp,",0.3379801089813256,22,13,9
"PCTChangeLT-2,_HTGT1.5_,,,weekBarLowChangeLT-2,##(Check-chart-buy):month3High-InMinus,ReversalHighMonth3,",-1.860466299130948,1,0,1
"PCTChangeLT-2,_LTGT1.5_,,,volumeUpsergedLast2n3n4DayUp,volSellContinueLast2DayDown-VolUp,##DOWNTREND:sellYearHigh(InDownTrend),##(Check-chart-buy):month3High-InMinus,NearHighMonth3,",0.4231838733812343,1,1,0
"PCTChangeLT-5,_HTGT3.0__HTGTPCTDayChange_,,,##MANegative_Downtrend_(LT-1),##MA-SMA200LT0SMA100LT0,",-3.8600778271852905,1,0,1
"PCTChangeGT12,,,,checkBuyConsolidationBreakout-allPreLT0,",-0.08151842200238307,1,0,1
"PCTChangeLT-3,_LTGT1.5_,,,volBuyRevarsalVolCrossed,",0.6513579214398505,1,1,0
"PCTChangeGT5,_HTGT3.0_,,,week2BarHighChangeGT0,brokenToday,",-1.0033444816053512,1,0,1
"PCTChangeLT-5,,,,%%:checkSell:Flag2Week,volBuyReversalLast2DayDown-VolDown,",-5.333329339212678,1,0,1
"PCTChangeGT8,_HTGT1.5_,,,volBuyContinueLast2DayUp-VolUp,",2.630312434892237,5,3,2
"PCTChangeGT2,_HTGT1.5__HTGTPCTDayChange_,,,%%HLTF-Last2HighTail:(UPTREND)buy(DOWNTREND)sell:HighUpperTailPre-last2DayUp,%%HLTF:(GLOBAL-SGX-DOWN)maySellTail-2,3,4thDayGT0,",-1.4439864760065781,1,0,1
"PCTChangeLT-1,,,,%%HLTF-Last2DayMarketDown:(GLOBAL-UP)buyHighUpperTailPre1-Reversal-LastDayMarketDown,##(Check-chart-buy):YearHigh-InMinus,ReversalHighYear,",-2.7383730169602902,1,0,1
"PCTDayChangeLT0,_HTGT1.5__HTGTPCTDayChange_,,,##MANegative_Downtrend_(LT-1),##MA-SMA200GT0SMA100LT0,",-3.654669658940958,1,0,1
"PCTChangeGT5,year2High,_HTGT1.5__LTGT1.5_,,,VOL:sell-UpVol-3dayUp-Week2High,",-3.296085975689605,1,0,1
"PCTChangeGT5,,,,chisUpTrend-Risky-nearLow,volumeUpsergedLast2n3n4DayDown,volBuyContinueLast2DayUp-VolUp,",-0.992594401041661,1,0,1
"PCTChangeGT3,,,,VOL:sell-UpVol-3dayUp-Week2High,week2BarHighChangeGT0,",3.300655589384191,1,1,0
"PCTChangeLT-1,_LTGT1.5_,,,chisDownTrend-Risky-nearHigh,",-0.013924255483147283,149,77,71
"PCTChangeGT2,year2High,_HTGT1.5__HTGTPCTDayChange_,,,%%HLTF-Risky9:30:maySellTail-tailGT2-7,10thDayGT15,%%:sellUpTrend-month3High,",10.343578792828625,1,1,0
"PCTChangeLT-2,,,,chisSellConsolidationBreakDown-forecastDayPCT7LT0,chisDownTrend-Risky-nearHigh,",-2.1136034211970376,1,0,1
"PCTChangeLT-3,year2High,,,,volBuyReversalLast2DayDown-VolDown,(GLOBALFUTDOWN-DOWNTRENDMARKET)checkSellConsolidationBreakDown-week2-lowNotReachedWeek3,week2BarLowChangeLT0,weekLowLTweek2Low,",-4.49302031499183,1,0,1
"PCTChangeLT-2,,,,chisSellDownTrend-nearHigh,chisSellUpTrend-Risky-2,",1.0462555066079369,1,1,0
"PCDCLT0PCTChangeGT8,_HTGT1.5_,,,chisSellLastDayHighUpReversal,",-0.8557814931746079,1,0,1
"PCTChangeLT-3,year2High,,,,chisSellUpTrend-Risky-0,",-0.760664599839583,5,2,3
"PCTChangeLT-2,,,,volSellContinueLast2DayDown-VolUp,weekBarLowChangeLT-2,chisDownTrend-Risky-nearHigh,##DOWNTREND:sellYearHighReversal(InDownTrend),##(Check-chart-buy):YearHigh-InMinus,ReversalHighYear,",-3.1297698275733565,1,0,1
"PCTChangeGT2,year2High,,,,brokenToday,",0.3040163884494142,4,2,2
"PCTChangeGT3,_HTGT1.5_,,,chisUpTrend-Risky-nearLow,chisBuyYearLow1,##last2DayHighGT3-M3HLT0,",4.329004138368367,1,1,0
"PCTChangeLT-1,,,,%%:checkSell:ConsolidationBreakDown(NotShapeA)-2week,volumeUpsergedLast2n3n4DayUp,volSellContinueLast2DayDown-VolUp,checkSellConsolidationBreakDown-2week,week2BarLowChangeLT0,brokenToday,",1.1377192785582164,1,1,0
"PCTChangeGT1,_LTGT1.5_,,,volSellVolumeUpsergedLast2n3DayDown,",0.555555245412663,1,1,0
"PCTChangeLT-3,,,,weekBarLowChangeLT-2,brokenToday,##longDownTrend-2-IndexNotDownLastDay(checkBase),",-4.2098434386155095,2,0,2
"PCTChangeGT1,PCDayChange-0.5to0.5,_HTGT1.5__LTGT1.5_,,,%%HLTF-Last2HighTail:(UPTREND)buy(DOWNTREND)sell:HighUpperTailPre-last2DayUp,shortUpTrendBuyContinue-Doji-Last2DayGTToday,",0.0,1,0,0
"PCDCLT0PCTChangeGT0,_HTGT3.0_,,,%%HLTF:(UPTREND-MorningTrend-UP)mayBuyTail-highTailGT2-7,10thDayGT10-Last2DayStockDown,buyMayYear2LowBreakingUp,",0.7022471910112359,1,1,0
"PCTChangeLT-1,,,,%%:checkSell:Super01-monthLow,##longDownTrend-2-IndexNotDownLastDay(checkBase),",1.6321022388924313,1,1,0
"PCTChangeGT3,_HTGT3.0__HTGTPCTDayChange_,,,%%HLTF-Risky9:30:maySellTail-tailGT2-7,10thDayGT15,%%HLTF:(UPTREND-GLOBAL/SGX-UP)BuyHighUpperTail-Reversal-7,10thDayGT15-LastDayMarketDown,sellEveningStar-0,%%:sellUpTrend-month3High,##MAPositive_Uptrend(GT1),##MA-SMA200GT0SMA100GT0,",4.620834898168071,1,1,0
"PCTChangeLT-2,_HTGT1.5__LTGT1.5__HTGTPCTDayChange_,,,weekBarLowChangeLT0,brokenToday,chisDownTrend-Risky-nearHigh,",0.9657156808035758,1,1,0
"PCDCLT0PCTChangeGT1,_HTGT3.0__LTGT1.5__HTGTPCTDayChange__LTGTPCTDayChange_,,,##MA-SMA200GT0SMA100GT0,",1.9540194807381568,1,1,0
"PCTChangeLT-1,_LTGT1.5_,,,checkCupDown-2dayDown,##sellRisingMA,",0.7060274859950665,1,1,0
"PCDCGT0PCTDayChangeLT0,PCDayChange-0.5to0.5,_LTGT1.5_,,,buyMorningStar-(checkChart),",-1.6861160156827122,1,0,1
"PCTChangeLT-1,_LTGT1.5_,,,%%:check(UPTREND-UPMARKET)Buy(DOWNTRENDTREND-DOWNMARKET)Sell:Super01-monthLow,volSellContinueLast2DayDown-VolUp,",-0.23057055104029506,1,0,1
"PCTChangeGT3,,,,chisCheckConsolidationBreakoutLT(4.5),chisBuyConsolidationBreakUp-2week-(Risky)-year2High,week2BarHighChangeGT0,",-0.061667489828281394,1,0,1
"PCTChangeLT-1,,,,##ML:BuyRisingMA-Risky-2,",0.9485061300593666,12,8,4
"PCTChangeLT-2,,,,weekBarLowChangeLT0,brokenToday,##MANegative_Downtrend_(LT-2),##MA-SMA200LT0SMA100LT0,##DOWNTREND:sellYearLowBreak,",0.8967121547242849,2,1,1
"PCTChangeLT-1,,,,volBuyReversalLast2DayDown-VolDown,##(Test):buyRisingMA-uptrend-SMA25gt0,",-0.06406540653772128,1,0,1
"PCTChangeLT-1,,,,(GLOBALFUTDOWN-DOWNTRENDMARKET)checkSellConsolidationBreakDown-week2-lowNotReachedWeek3,week2BarLowChangeLT-2,weekLowLTweek2Low,$$MayBuy-CheckChart(monthLow-minimumLast4DayDown),##(Check-chart-buy):month3High-InMinus,ReversalHighMonth3,",3.397673888185765,1,1,0
"PCTChangeGT3,,,,checkBuyConsolidationBreakout-allPreLT0,",-0.025263080632723922,55,23,32
"PCTChangeGT3,_HTGT1.5_,,,(Test)sellHeavyUpTrend-Reversal-1,##MAPositive_Uptrend(GT2),##MA-SMA200LT0SMA100GT0,##last2DayHighGT3-M3HGT0,",-0.7325988558516809,1,0,1
"PCTChangeLT-1,,,,(GLOBALFUTDOWN-DOWNTRENDMARKET)checkSellConsolidationBreakDown-week2-lowNotReachedWeek3,week2BarLowChangeLT0,$$MayBuy-CheckChart(downTrend-mayReverseLast4DaysDown)-Risky,",1.427968951768509,1,1,0
"PCTChangeLT-3,_HTGT1.5__HTGTPCTDayChange_,,,%%:check(UPTREND-UPMARKET)Buy(DOWNTRENDTREND-DOWNMARKET)Sell:Super01-monthLow,",-2.34414145580733,1,0,1
"PCTChangeGT0.5,_LTGT1.5_,,,%%HLTF:(GLOBAL-DOWN)sellHighLowerTail-Reversal-LastDayMarketUp,",-0.6742636589329868,12,6,6
"PCTChangeLT-2,,,,chisDownTrend-Risky-nearHigh,##DOWNTREND:sellMonth3High(InDownTrend),##(Check-chart-buy):month3High-InMinus,NearHighMonth3,",-1.6990211592961975,2,1,1
"PCTChangeGT3,year2High,_HTGT1.5_,,,%%HLTF-Last2HighTail:(UPTREND)buy(DOWNTREND)sell:HighUpperTailPre-last2DayUp,",-0.04016953555122042,11,5,6
"PCTChangeGT3,_HTGT1.5_,,,%%HLTF-Last2HighTail:(UPTREND)buy(DOWNTREND)sell:HighUpperTailPre-last2DayUp,weekBarHighChangeGT2,##last2DayHighGT3-M3HLT0,",2.559997558593757,1,1,0
"PCTChangeLT-1,_LTGT1.5_,,,weekBarLowChangeLT0,brokenToday,(Test)(check-chart-2-3MidCapCross)MayBuyCheckChart-Risky,MayBuyCheckChart-(IndexNotUpInSecondHalf),",-1.540692371203047,1,0,1
"PCTChangeLT-2,,,,(GLOBALFUTDOWN-DOWNTRENDMARKET)checkSellConsolidationBreakDown-week2-lowNotReachedWeek3,week2BarLowChangeLT-2,##DOWNTREND:sellYearHighReversal(InDownTrend),##(Check-chart-buy):YearHigh-InMinus,ReversalHighYear,",1.3333380510265738,1,1,0
"PCTChangeGT5,_LTGT3.0_,,,##MANegative_Downtrend_(GT2),##MA-SMA200LT0SMA100LT0,",-4.2788636485023375,1,0,1
"PCDCLT0PCTChangeGT0,PCDayChange-0.5to0.5,year2High,_LTGT3.0_,,,%%HLTF:(SGXNIFTYUP)buyHighLowerTail-Continue,",1.1121389796219843,2,1,1
"PCTDayChangeLT0,_HTGT1.5_,,,%%:checkSell:Flag2Week,chisSell-smallUptrendReversal,",-0.6113510464997252,1,0,1
"PCTChangeGT3,year2High,,,,chisBuyConsolidationBreakUp-2week-(Risky)-year2High,week2BarHighChangeGT2,",-1.6511345817166556,2,0,2
"PCTChangeLT-2,_LTGT1.5_,,,weekBarLowChangeLT0,brokenToday,##DOWNTREND:sellYearLowBreak,",-0.05003920743333086,1,0,1
"PCTChangeLT-3,,,,%%:checkSell:Super01-monthLow,##ML:buyRisingMA-down-0,",-0.3046252767434309,1,0,1
"PCTChangeLT-8,,,,maySellHighVolatileDownContinueLT-8,chisSellDownTrend-nearHigh,##sellRisingMA,",-4.290544664537588,1,0,1
"PCTChangeGT1,_HTGT1.5__HTGTPCTDayChange__LTGTPCTDayChange_,,,%%:checkSell:Super2,%%:sellDowntrend-lastDayUp-ReversalHighTail,",-0.6506673400572944,1,0,1
"PCTChangeLT-3,,,,%%:checkSell:FlagWeek,VOL:buy-DownVol-3dayDown-Week2High,##MANegative_Downtrend_(LT-4.5),##MA-SMA200LT0SMA100LT0,",-5.303281190794435,1,0,1
"PCTChangeGT3,_HTGT1.5__HTGTPCTDayChange_,,,##RisingMA(check-chart-sell)-MaySellCheckChart,",-0.9646198848742022,1,0,1
"PCTDayChangeLT0,PCDayChange-0.5to0.5,_HTGT1.5_,,,%%HLTF-Last2HighTail:(DOWNTREND)sellHighUpperTailPre-1,",-1.3374009219019967,5,1,4
"PCTChangeLT-3,_HTGT3.0__HTGTPCTDayChange_,,,volBuyReversalLast2DayDown-VolUp,##last2DayLow(LT-3)-M3LGT0,##(Check-chart-buy):YearHigh-InMinus,NearHighYear,",-3.518351736132652,1,0,1
"PCTChangeLT-2,_LTGT3.0_,,,volSellContinueLast2DayDown-VolUp,(GLOBALFUTDOWN-DOWNTRENDMARKET)checkSellConsolidationBreakDown-week2-lowNotReachedWeek3,week2BarLowChangeLT-2,weekLowLTweek2Low,chisDownTrend-Risky-nearHigh,##(Check-chart-buy):month3High-InMinus,ReversalHighMonth3,",-3.142473446862516,1,0,1
"PCTChangeGT3,_HTGT3.0__HTGTPCTDayChange_,,,weekBarHighChangeGT2,##MAPositive_Uptrend(GT2),##MA-SMA200GT0SMA100LT0,",0.29368906013814056,1,1,0
"PCTChangeLT-2,_HTGT3.0__LTGT1.5_,,,%%:checkSell:CupDownDoji-lastDayLT(-2)TodayDoji,",-1.3392895807677,1,0,1
"PCTChangeGT3,,,,chisBuyConsolidationBreakUp-2week-(Risky)-year2High,week2BarHighChangeGT2,chisBuy-2week-breakoutup(check-chart)(|-|-| or --|),",-6.1199067404906575,1,0,1
"PCTChangeLT-2,,,,volSellContinueLast2DayDown-VolUp,chisSellDownTrend-nearHigh,##DOWNTREND:sellMonth3High(InDownTrend),##(Check-chart-buy):month3High-InMinus,NearHighMonth3,",1.8738026372789252,1,1,0
"PCTChangeLT-12,_HTGT3.0__LTGT3.0__HTGTPCTDayChange_,,,##MANegative_Downtrend_(LT-4.5),##MA-SMA200LT0SMA100LT0,",1.3190286520411205,1,1,0
"PCTChangeLT-2,,,,checkCupDown-2dayDown,VOL:buy-DownVol-3dayDown-Week2High,sellFinal,",0.47457714340656254,1,1,0
"PCTChangeLT-2,,,,checkCupDown-near2WeekDown-mayReveresalBuy,volumeUpsergedLast2n3n4DayUp,(GLOBALFUTDOWN-DOWNTRENDMARKET)checkSellConsolidationBreakDown-week2-lowNotReachedWeek3,week2BarLowChangeLT0,chisDownTrend-Risky-nearHigh,##DOWNTREND:sellYear2HighReversal(InDownTrend),##(Check-chart-buy):YearHigh-InMinus,ReversalHighYear,",-1.5340614318847565,1,0,1
"PCTChangeLT-3,,,,volSellVolumeUpsergedLast2n3DayUp,volSellContinueLast2DayDown-VolUp,(GLOBALFUTDOWN-DOWNTRENDMARKET)checkSellConsolidationBreakDown-week2-lowNotReachedWeek3,week2BarLowChangeLT0,chisDownTrend-Risky-nearHigh,##(Check-chart-buy):YearHigh-InMinus,NearHighYear,",-0.2646994493331323,1,0,1
"PCTChangeGT3,,,,chisUpTrend-Risky-nearLow,##UPTREND:buyYear2LowReversal(Confirm),",-0.379466596484045,7,4,3
"PCTChangeLT-3,_LTGT1.5_,,,(GLOBAL-DOWN)maySellContinueHighVolatileLastDayDOWN-(LT-5),##MANegative_Downtrend_(LT-4.5),##MA-SMA200LT0SMA100LT0,",1.522504698945723,1,1,0
"PCTChangeGT8,_HTGT1.5__LTGT3.0_,,,chisSellYear2LowLT-40-last3DayDown(triggerAfter-9:15),chisUpTrend-Risky-nearLow,##(Test)buyBottomReversal-1,",9.415745230472057,1,1,0
"PCTChangeLT-3,,,,volSellContinueLast2DayDown-VolUp,weekBarLowChangeLT0,brokenToday,",-0.33662057560319913,2,1,1
"PCTChangeGT3,,,,chisCheckConsolidationBreakout2WeekLT(4.5),(GLOBALFUTUP-UPTRENDMARKET)checkBuyConsolidationBreakUp-month,weekBarHighChangeGT2,brokenToday,",-0.6552358029038153,1,0,1
"PCTChangeGT3,year2High,,,,volSellVolumeUpsergedLast2n3DayDown,volBuyContinueLast2DayUp-VolUp,chisCheckConsolidationBreakoutLT(4.5),weekBarHighChangeGT2,brokenToday,",-0.2494533607526533,2,0,2
"PCTDayChangeLT0,PCDayChange-0.5to0.5,_HTGT1.5_,,,%%:checkSell:Super01-monthLow,%%HLTF-LastDayUp:(DOWNTREND-OR-GLOBALDOWN)MaySellHighTail-LastDayMarketUp,##(Test)buyBottomReversal-0,",0.1806569211742633,1,1,0
"PCTChangeLT-1,_LTGT1.5_,,,MayBuyCheckChart-(IndexNotUpInSecondHalf),$$MayBuy-CheckChart-baseLine(inuptrend-monthlow)-PCTDayChangeLT0,",5.520964513721049,1,1,0
"PCTChangeLT-1,_LTGT1.5_,,,(GLOBALFUTDOWN-DOWNTRENDMARKET)checkSellConsolidationBreakDown-week2-lowNotReachedWeek3,week2BarLowChangeLT0,",0.12403579768275914,15,7,8
"PCDCGT0PCTDayChangeLT0,,,,(SMA9GT0),",0.6241845914651719,8,5,3
"PCTChangeGT2,,,,##(Check-chart-sell):month3Low-InPlus,ReversalLowMonth3,##UPTREND:buyYear2LowReversal(Confirm),",1.3146581464609353,3,2,1
"PCTChangeGT2,_HTGT1.5__HTGTPCTDayChange_,,,%%HLTF-Last2HighTail:(UPTREND)buy(DOWNTREND)sell:HighUpperTailPre-last2DayUp,MaySellCheckChart-(IndexNotDownInSecondHalf),weekBarHighChangeGT2,",-0.39320002200119225,1,0,1
"PCTChangeGT3,year2High,_HTGT1.5_,,,volSellVolumeUpsergedLast2n3DayDown,",0.48726898443213074,2,1,1
"PCTChangeGT2,_HTGT1.5_,,,volSellVolumeUpsergedLast2n3DayDown,volBuyContinueLast2DayUp-VolUp,",-2.293348877736184,1,0,1
"PCTChangeGT2,,,,chisCheckConsolidationBreakoutLT(4.5),chisBuy-2week-breakoutup(check-chart)(|-|-| or --|),",-0.37197936687646427,4,2,2
"PCTChangeLT-2,,,,volSellVolumeUpsergedLast2n3DayUp,##DOWNTREND:sellYear2HighReversal(InDownTrend),##(Check-chart-buy):month3High-InMinus,ReversalHighMonth3,",0.10541924944712489,1,1,0
"PCTChangeLT-2,,,,checkCupDown-inDownTrend,bar_low,##ML:buyRisingMA-down-Risky,",-0.5004093646939771,2,1,1
"PCTDayChangeLT0,PCDayChange-0.5to0.5,year2High,_HTGT3.0_,,,%%HLTF:maySellTail-tailGT2-allDayGT0,",-2.2847100175747035,1,0,1
"PCTChangeGT2,year2High,,,,volBuyContinueLast2DayUp-VolUp,weekBarHighChangeGT2,brokenToday,",-3.7154166280673575,1,0,1
"PCTChangeLT-1,,,,##(Check-chart-sell)Month3Low-Continue(InUpTrend),ReversalLowMonth3,",-0.16564791629975498,24,10,14
"PCTChangeGT3,_HTGT1.5_,,,%%HLTF-Last2HighTail:(UPTREND)buy(DOWNTREND)sell:HighUpperTailPre-last2DayUp,(GLOBALFUTUP-UPTRENDMARKET)checkBuyConsolidationBreakUp-week2-highNotReachedWeek3,week2BarHighChangeGT0,",1.076921735491065,1,1,0
"PCTChangeGT3,,,,volumeUpsergedLast2n3n4DayDown,##RisingMA(Test)(check-chart-buy)-2DayUp,",-3.508773711239284,1,0,1
"PCTChangeGT8,,,,shortUpTrendSellReversal-MonthHigh,",0.4478949021610338,1,1,0
"PCTChangeLT-5,_LTGT1.5_,,,VOL:buy-DownVol-3dayDown-Week2High,",-5.232566778823192,1,0,1
"PCTChangeLT-8,_HTGT1.5__LTGT3.0_,,,##last2DayLow(LT-3)-M3LGT0,##ML:BuyRisingMA-Risky-0,",-5.944501727265199,1,0,1
"PCTChangeGT3,_HTGT1.5__LTGT1.5__HTGTPCTDayChange_,,,##buyTenDaysLessThanMinusTen,",-3.137550680931371,1,0,1
"PCTDayChangeLT0,_LTGT1.5_,,,(Test)(check-chart-2-3MidCapCross)MayBuyCheckChart-Risky,##buyYear2LowMovingSMA,",-4.374998266046697,1,0,1
"PCTChangeGT5,_LTGT3.0_,,,%%HLTF:(GLOBAL-DOWN)sellHighLowerTail-Reversal-LastDayMarketUp,##MAPositive_Uptrend(GT4.5),##MA-SMA200LT0SMA100GT0,",-3.242377561321233,1,0,1
"PCTDayChangeLT0,_HTGT1.5_,,,%%:sellDowntrend-lastDayDown-ReversalHighTail,",1.943413297567631,2,2,0
"PCTChangeGT3,,,,volSellVolumeUpsergedLast2n3DayDown,volBuyContinueLast2DayUp-VolUp,(GLOBALFUTUP-UPTRENDMARKET)checkBuyConsolidationBreakUp-week2-highNotReachedWeek3,week2BarHighChangeGT0,brokenToday,",1.125142799459802,2,2,0
"PCTChangeGT2,,,,##UPTREND:buyYearLowReversal(Confirm),",0.08928085695926827,20,9,11
"PCTChangeGT0,year2High,_HTGT1.5__HTGTPCTDayChange_,,,shortUpTrendSellReversal-MonthHigh,",-1.9536205846020374,1,0,1
"PCTChangeLT-1,year2Low,_LTGT1.5_,,,chisBuyMorningStar-1(NotUpSecondHalfAndUp2to3),",4.2187289022508905,1,1,0
"PCTChangeGT2,,,,%%:sellUpTrend-month3High,vol-sell-DownVol-3dayUp-Week2High,##MAPositive_Uptrend(GT2),##MA-SMA200GT0SMA100GT0,",-0.5794261014206745,5,2,3
"PCDCLT0PCTChangeGT1,PCDayChange-0.5to0.5,_LTGT1.5_,,,%%:checkBuyContinue:CupDownDoji,",-2.567394044704348,1,0,1
"PCTChangeLT-3,_LTGT3.0_,,,chisDownTrend-Risky-nearHigh,$$MayBuy-CheckChart-baseLine(inuptrend-monthlow)-PCTDayChangeLT0,",0.23484094998669514,1,1,0
"PCTChangeGT1,_HTGT1.5_,,,shortUpTrendSellReversal-MonthHigh-Doji-Last2DayGTToday,",-1.245775022636222,1,0,1
"PCTChangeLT-3,_LTGT3.0_,,,%%HLTF:(GLOBAL-UP)buyHighLowerTail-LastDayMarketUp,volumeUpsergedLast2n3n4DayUp,volSellContinueLast2DayDown-VolUp,##ML:sellRisingMA-down-(Risky),",4.891949786652746,1,1,0
"PCTChangeLT-3,_HTGT1.5__LTGT1.5_,,,##MANegative_Downtrend_(LT-2),##MA-SMA200GT0SMA100LT0,",-1.4996647625516921,6,3,3
"PCTChangeLT-3,_HTGT1.5__LTGT3.0_,,,##MANegative_Downtrend_(LT-4.5),##MA-SMA200LT0SMA100LT0,",4.619114712765992,2,2,0
"PCDCGT0PCTDayChangeLT0,,,,MaySellCheckChart-(|_|`|),##(Test)(check-chart)-sellSMADownTrend,",-1.5331544414012184,1,0,1
"PCTDayChangeLT0,_HTGT3.0__LTGT1.5__HTGTPCTDayChange__LTGTPCTDayChange_,,,##sellSMA25GT10,##MAPositive_Uptrend(LT-1),##MA-SMA200LT0SMA100LT0,",6.524635985934678,1,1,0
"PCTChangeLT-12,,,,##(check-chart)buyEMA6<EMA14-Risky,##MANegative_Downtrend_(LT-4.5),##MA-SMA200LT0SMA100LT0,",-0.8909135298295385,1,0,1
"PCTChangeLT-1,,,,%%:checkSell:Super0,##MANegative_Downtrend_(LT-2),##MA-SMA200LT0SMA100LT0,%%:buyDownTrend-month3Low,",0.010325183016454353,2,1,1
"PCTChangeLT-1,_LTGT1.5_,,,volBuyReversalLast2DayDown-VolUp,",-1.5087698652545884,7,3,4
"PCTChangeGT0,PCDayChange-0.5to0.5,_HTGT1.5_,,,chisSellFlag2Week-doji-Risky,",-0.7140314279920824,7,3,4
"PCTChangeLT-2,_HTGT1.5_,,,%%:checkSell:Flag2Week,chisSellUpTrend-highTail,",0.5163026892620574,1,1,0
"PCTChangeLT-2,,,,##DOWNTREND:sellYear2HighReversal(InDownTrend),",-0.23842347262360658,26,10,16
"PCDCGT0PCTChangeLT-1,PCDayChange-0.5to0.5,_HTGT3.0_,,,%%HLTF:maySellTail-tailGT2-7,10thDayGT20,%%HLTF:(UPTREND-GLOBAL/SGX-UP)BuyHighUpperTail-Reversal-7,10thDayGT15-LastDayMarketDown,",-0.7946811636972972,2,0,2
"PCTChangeLT-1,_LTGT1.5_,,,chisSellConsolidationBreakDown-forecastDayPCT7LT0,",-0.6750090781038963,1,0,1
"PCTChangeLT-5,_HTGT1.5_,,,chisBuyMay5DayFloorReversal,##MANegative_Downtrend_(LT-4.5),##MA-SMA200LT0SMA100LT0,",-0.7252228339604613,1,0,1
"PCDCLT0PCTChangeGT0,PCDayChange-0.5to0.5,_HTGT1.5_,,,##MAPositive_Uptrend(LT0),##MA-SMA200LT0SMA100GT0,",-0.039471545252970884,3,1,2
"PCTChangeGT3,,,,volBuyContinueLast2DayUp-VolUp,weekBarHighChangeGT0,brokenToday,",-0.04198589820396259,4,1,3
"PCTChangeGT1,_HTGT1.5__HTGTPCTDayChange_,,,%%HLTF-Last2HighTail:(DOWNTREND)sellHighUpperTailPre-1,%%HLTF:(DOWNTREND-OR-GLOBALDOWN)maySellTail-tailGT2-2,3,4thDayGT0,",0.957445072627632,1,1,0
"PCTDayChangeLT0,_LTGT1.5_,,,##MANegative_Downtrend_(LT-1),##MA-SMA200LT0SMA100LT0,",0.326384172142844,2,1,1
"PCTChangeLT-0.5,_HTGT1.5_,,,%%HLTF-Last2HighTail:(DOWNTREND)sell(UPTREND)buy:HighUpperTailPre,%%HLTF-LastDayUp:(DOWNTREND-OR-GLOBALDOWN)MaySellHighTail-LastDayMarketUp,",-2.197681991861407,1,0,1
"PCTChangeLT-2,_LTGT1.5_,,,checkCupDown-mayReversalBuy,(Test)MayBuy-CheckChart(upTrend-lastDayDown),",-4.812834224598929,1,0,1
"PCTChangeGT3,_LTGT3.0_,,,%%ACU:sellReversalLast2DayHighGT4,%%HLTF-Risky:(GLOBAL-DOWN)sellHighLowerTail-Reversal-LastDayMarketUp,vol-sell-DownVol-3dayUp-Week2High,##MAPositive_Uptrend(GT4.5),##MA-SMA200LT0SMA100LT0,##last2DayHighGT3-M3HLT0,",-4.6650717703349205,1,0,1
"PCTChangeGT2,_LTGT1.5_,,,volSellReversalLast2DayUp-VolDown,##UPTREND:buyYear2Low,",-0.7463860362467925,1,0,1
"PCTChangeGT3,,,,##(Check-chart-sell):month3Low-InPlus,ReversalLowMonth3,chisUpTrend-Risky-nearLow,volumeUpsergedLast2n3n4DayDown,weekBarHighChangeGT2,brokenToday,chis-breakoutup-2week,##UPTREND:buyMonth3LowReversal(Confirm),",-2.8524544423301936,1,0,1
"PCTChangeGT2,year2Low,_HTGT1.5_,,,chisSellYear2LowLT-40-last3DayDown(triggerAfter-9:15),",-0.6703893565598813,1,0,1
"PCTChangeLT-3,_HTGT3.0__HTGTPCTDayChange_,,,volSellContinueLast2DayDown-VolUp,chisDownTrend-Risky-nearHigh,##DOWNTREND:sellYear2HighReversal(InDownTrend),##(Check-chart-buy):YearHigh-InMinus,ReversalHighYear,",2.2956516431725627,1,1,0
"PCTChangeLT-3,_LTGT1.5_,,,volSellContinueLast2DayDown-VolUp,(GLOBALFUTDOWN-DOWNTRENDMARKET)checkSellConsolidationBreakDown-week2-lowNotReachedWeek3,week2BarLowChangeLT-2,weekLowLTweek2Low,chisDownTrend-Risky-nearHigh,##last2DayLow(LT-3)-M3LGT0,",-4.494805854403394,1,0,1
"PCTChangeGT3,year2High,_HTGT1.5_,,,%%HLTF-Last2HighTail:(UPTREND)buy(DOWNTREND)sell:HighUpperTailPre-last2DayUp,weekBarHighChangeGT2,",1.727105674211895,2,2,0
"PCTChangeGT0,PCDayChange-0.5to0.5,,,,chisSellSMA4Reversal,",0.3915452357386082,22,14,8
"PCTChangeGT3,,,,##(Check-chart-sell):month3Low-InPlus,ReversalLowMonth3,chis-breakoutup-2week,##ML:sellRisingMAuptrend-1,##UPTREND:buyYear2LowReversal(Confirm),",-0.39416634293614516,1,0,1
"PCTChangeGT3,_HTGT1.5_,,,vol-sell-DownVol-3dayUp-Week2High,(GLOBALFUTUP-UPTRENDMARKET)checkBuyConsolidationBreakUp-week2-highNotReachedWeek3,week2BarHighChangeGT2,##last2DayHighGT3-M3HLT0,",1.623104882302539,1,1,0
"PCTChangeLT-0.5,year2Low,_HTGT3.0__LTGT3.0__HTGTPCTDayChange_,,,chisRSISellCandidate(yearLow)-lessThanMinus5,",-2.4390243902439104,1,0,1
"PCTChangeGT0.5,year2High,_HTGT1.5_,,,%%HLTF-Last2HighTail:(UPTREND)buy(DOWNTREND)sell:HighUpperTailPre-last2DayUp,chisSellEveningStar-2(Check2-3MidCapCross),",0.5171031836301008,1,1,0
"PCTChangeLT-2,_LTGT1.5_,,,##DOWNTREND:sellYearLowBreak,",1.3536707513046642,4,4,0
"PCTChangeGT2,_LTGT3.0_,,,##MAPositive_Uptrend(GT2),##MA-SMA200GT0SMA100GT0,",0.8525314551232698,2,1,1
"PCTChangeLT-3,,,,(GLOBALFUTDOWN-DOWNTRENDMARKET)checkSellConsolidationBreakDown-week2-lowNotReachedWeek3,week2BarLowChangeLT0,weekLowLTweek2Low,chisDownTrend-Risky-nearHigh,",0.6140192075029544,3,3,0
"PCTChangeLT-5,_HTGT3.0__LTGT1.5_,,,##MAPositive_Uptrend(LT-4.5),##MA-SMA200GT0SMA100GT0,",-4.702097270303142,1,0,1
"PCTChangeGT5,_HTGT3.0__LTGT3.0__LTGTPCTDayChange_,,,##MANegative_Downtrend_(GT4.5),##MA-SMA200LT0SMA100LT0,",-7.158470803063719,3,1,2
"PCTChangeLT-3,_HTGT1.5_,,,##MAPositive_Uptrend(LT-4.5),##MA-SMA200GT0SMA100GT0,",2.315401000721742,3,2,1
"PCTChangeGT3,_HTGT1.5_,,,chisCheckConsolidationBreakout2WeekLT(4.5),weekBarHighChangeGT2,brokenToday,##MAPositive_Uptrend(GT2),##MA-SMA200GT0SMA100GT0,",2.802201155777816,1,1,0
"PCTChangeLT-3,,,,chisBuyMay5DayFloorReversal,##DOWNTREND:sellMonth3High(InDownTrend),##last2DayLow(LT-3)-M3LGT0,##(Check-chart-buy):month3High-InMinus,NearHighMonth3,",-2.2080308400468893,1,0,1
"PCTChangeLT-1,_HTGT3.0__LTGT1.5_,,,chisDownTrend-Risky-nearHigh,",-2.983868506646923,1,0,1
"PCTChangeGT0.5,PCDayChange-0.5to0.5,_HTGT1.5__LTGT1.5_,,,chisSellFlagWeek-doji-Risky,",0.3243161254730662,3,1,2
"PCTChangeGT5,_HTGT1.5_,,,volBuyContinueLast2DayUp-VolUp,",1.6550661126064357,8,5,3
"PCTChangeLT-2,_LTGT1.5_,,,chisDownTrend-Risky-nearHigh,##DOWNTREND:sellYear2HighReversal(InDownTrend),##(Check-chart-buy):month3High-InMinus,ReversalHighMonth3,",-1.9872602964141608,3,0,3
"PCDCGT0PCTDayChangeLT0,PCDayChange-0.5to0.5,,,,buyPatternsML,buyPattern-GT1.5-SMAGT0,(SMA9GT0),",0.5317453858713646,2,1,1
"PCTChangeGT1,_HTGT1.5__LTGT1.5__HTGTPCTDayChange__LTGTPCTDayChange_,,,chisUpTrend-Risky-nearLow,##UPTREND:buyMonth6LowReversal(Confirm),",6.878493212965848,1,1,0
"PCTChangeGT1,_HTGT1.5__LTGT1.5_,,,shortUpTrendSellReversal-Month3High-Doji-Last2DayGTToday,",-5.757572674992118,1,0,1
"PCTChangeGT0,,,,chisSellDowningMA-(check5MinuteDownTrendAndSellDowntrend)-Already10DayDown,",0.2110441582893515,84,42,40
"PCTChangeLT-2,,,,##sellTenDaysMoreThanTen,##MAPositive_Uptrend(LT-2),##MA-SMA200LT0SMA100GT0,",4.384094607737962,2,1,1
"PCTChangeLT-3,_LTGT1.5_,,,##MANegative_Downtrend_(LT-2),##MA-SMA200LT0SMA100LT0,##DOWNTREND:sellMonth6LowBreak,",2.3515093005843615,4,3,1
"PCTChangeGT1,,,,chisSellFlagWeek-doji-Risky,shortUpTrendBuyContinue-Doji-Last2DayGTToday,",0.05611672278338946,1,1,0
"PCTChangeLT-3,_HTGT1.5__LTGT1.5_,,,chisSellDownTrend-nearHigh,##DOWNTREND:sellMonth6High(InDownTrend),##(Check-chart-buy):month3High-InMinus,BreakHighMonth3,",-0.4410794345419357,1,0,1
"PCTDayChangeLT0,PCDayChange-0.5to0.5,,,,shortDownTrendBuyReversal-Month3Low-Doji-Last2DayLTToday,",-0.543841494447284,11,4,7
"PCTChangeGT0.5,_HTGT3.0__LTGT1.5__HTGTPCTDayChange__LTGTPCTDayChange_,,,chisUpTrend-Risky-nearLow,",-2.437796496294538,1,0,1
"PCTChangeLT-3,_LTGT3.0_,,,##MANegative_Downtrend_(LT-2),##MA-SMA200LT0SMA100LT0,",2.675167515525276,13,11,2
"PCTChangeGT2,_HTGT1.5_,,,%%HLTF-Last2HighTail:(UPTREND)buy(DOWNTREND)sell:HighUpperTailPre-last2DayUp,%%HLTF-Risky9:30:maySellTail-tailGT2-7,10thDayGT15,volBuyContinueLast2DayUp-VolUp,(GLOBALFUTUP-UPTRENDMARKET)checkBuyConsolidationBreakUp-week2-highNotReachedWeek3,week2BarHighChangeGT2,weekHighGTweek2High,",-1.9776073854361007,1,0,1
"PCDCGT0PCTDayChangeLT0,PCDayChange-0.5to0.5,_HTGT3.0_,,,%%HLTF:(UPTREND-MorningTrend-UP)mayBuyTail-highTailGT2-7,10thDayGT10-Last2DayStockDown,",9.12262147332462,1,1,0
"PCTChangeLT-2,year2High,,,,volBuyReversalLast2DayDown-VolDown,chisSellUpTrend-highTail,",-0.9328859060402737,1,0,1
"PCTChangeGT0,PCDayChange-0.5to0.5,_HTGT1.5__LTGT1.5_,,,chisSellFlag2Week-doji-Risky,chisSellSMA4Reversal,",-3.327786965304507,1,0,1
"PCTChangeGT0.5,PCDayChange-0.5to0.5,_HTGT1.5_,,,chisSellDowningMA-(check5MinuteDownTrendAndSellDowntrend),",0.02625117218920736,4,1,3
"PCTChangeLT-2,_HTGT1.5__HTGTPCTDayChange__LTGTPCTDayChange_,,,%%:checkSell:CupDownDoji-last2lastDayLT0orTodayGT0,",-1.5882955496530116,1,0,1
"PCTChangeLT-2,,,,volBuyReversalLast2DayDown-VolDown,chisSellDownTrend-nearHigh,##DOWNTREND:sellMonth6High(InDownTrend),##(Check-chart-buy):month3High-InMinus,BreakHighMonth3,",4.147821841032622,1,1,0
"PCTChangeLT-1,year2High,_HTGT1.5__LTGT1.5__HTGTPCTDayChange_,,,checkCupDown-inDownTrend-month3HighLTmonth3Low,bar_low,",2.941176470588239,1,1,0
"PCTChangeGT1,,,,chisSellYear2LowLT-40-last4DayDown(triggerAfter-9:15),",0.5394834699976538,3,1,2
"PCTChangeGT5,,,,(GLOBALFUTUP-UPTRENDMARKET)checkBuyConsolidationBreakUp-week2-highNotReachedWeek3,week2BarHighChangeGT0,##last2DayHighGT3-M3HLT0,",-1.7330008631752445,2,1,1
"PCTChangeGT2,_LTGT1.5_,,,VOL:sell-DownVol-3dayUp-Week2Low,",-0.15535609470637246,4,2,2
"PCTChangeGT1,_HTGT3.0__HTGTPCTDayChange_,,,$$MaySell-CheckChart-baseLine(inDownTrend-monthHigh)-PCTDayChangeGT0,",-3.6338426960195696,1,0,1
"PCTChangeLT-2,_LTGT3.0_,,,##ML:buyRisingMA-down-Risky,",-2.0768810192070886,2,1,1
"PCTChangeGT2,,,,volSellVolumeUpsergedLast2n3DayDown,week2BarHighChangeGT2,brokenToday,",1.8196991379183083,1,1,0
"PCTChangeGT1,,,,volSellReversalLast2DayUp-VolDown,##(Check-chart)sellMonth3High-Continue,",-1.1410492253209972,1,0,1
"PCTChangeLT-1,,,,(GLOBALFUTDOWN-DOWNTRENDMARKET)checkSellConsolidationBreakDown-week2-lowNotReachedWeek3,week2BarLowChangeLT0,##(check-chart)maySell-EMA6-MT-May-LT-EMA14,",-0.25773901911046626,2,1,1
"PCTChangeGT5,_HTGT1.5_,,,##MAPositive_Uptrend(GT4.5),##MA-SMA200LT0SMA100LT0,##last2DayHighGT3-M3HLT0,",-1.038338658146965,1,0,1
"PCTChangeGT2,,,,chisSellYear2LowLT-40-last3DayDown(triggerAfter-9:15),##UPTREND:buyYear2LowReversal(Confirm),",0.1401029409752545,1,1,0
"PCTChangeLT-3,_HTGT1.5__LTGT1.5_,,,volSellContinueLast2DayDown-VolUp,chisDownTrend-Risky-nearHigh,##DOWNTREND:sellMonth6HighReversal(InDownTrend),##(Check-chart-buy):month3High-InMinus,ReversalHighMonth3,",1.08981083106866,1,1,0
"PCDCLT0PCTChangeGT1,PCDayChange-0.5to0.5,_HTGT3.0__LTGT1.5_,,,##MA-SMA200GT0SMA100GT0,",-0.373971586696116,1,0,1
"PCTChangeLT-3,_LTGT3.0_,,,##(Check-chart-buy):month3High-InMinus,ReversalHighMonth3,",-0.25904127464989324,4,2,2
"PCTChangeGT0,_HTGT1.5__LTGT1.5_,,,chisSellDowningMA-(check5MinuteDownTrendAndSellDowntrend),",1.6925645156098388,2,2,0
"PCTChangeLT-1,_LTGT1.5_,,,(GLOBALFUTDOWN-DOWNTRENDMARKET)checkSellConsolidationBreakDown-week2-lowNotReachedWeek3,week2BarLowChangeLT0,chisDownTrend-Risky-nearHigh,MayBuyCheckChart-(IndexNotUpInSecondHalf),",1.5208067723945007,2,2,0
"PCTChangeLT-3,,,,checkCupDown-3dayDown,##DOWNTREND:sellMonth3HighReversal(InDownTrend),##(Check-chart-buy):month3High-InMinus,ReversalHighMonth3,",1.11735397347676,1,1,0
"PCTChangeLT-2,,,,%%:checkSell:FlagWeek,volBuyReversalLast2DayDown-VolDown,##MA-SMA200LT0SMA100LT0,",-11.134481878561127,1,0,1
"PCTChangeGT3,year2High,_HTGT1.5__HTGTPCTDayChange_,,,weekBarHighChangeGT2,",4.211689360582537,2,1,1
"PCTChangeLT-2,_HTGT1.5__LTGT1.5__HTGTPCTDayChange__LTGTPCTDayChange_,,,(GLOBALFUTDOWN-DOWNTRENDMARKET)checkSellConsolidationBreakDown-week2-lowNotReachedWeek3,week2BarLowChangeLT0,chisDownTrend-Risky-nearHigh,",3.864734299516915,1,1,0
"PCTChangeLT-8,,,,##MANegative_Downtrend_(LT-4.5),##MA-SMA200LT0SMA100LT0,##(Test)(Check-chart):yearLow-InMinus,",4.286514280499505,1,1,0
"PCTChangeGT5,_HTGT1.5_,,,%%HLTF-Last2HighTail:(UPTREND)buy(DOWNTREND)sell:HighUpperTailPre-last2DayUp,volumeUpsergedLast2n3n4DayDown,volBuyContinueLast2DayUp-VolUp,weekBarHighChangeGT2,brokenToday,",-2.300368088942297,1,0,1
"PCTChangeLT-3,_HTGT3.0__LTGT1.5__HTGTPCTDayChange_,,,%%:buyDownTrend-month3Low,",-0.5740695529513913,1,0,1
"PCTChangeLT-2,_LTGT1.5_,,,weekBarLowChangeLT0,brokenToday,chisDownTrend-Risky-nearHigh,##(Check-chart-buy):month6High-InMinus,ReversalHighMonth6,",-1.2578343931539864,1,0,1
"PCTChangeGT5,_HTGT3.0__LTGT3.0_,,,(GLOBALFUTUP-UPTRENDMARKET)checkBuyConsolidationBreakUp-week2-highNotReachedWeek3,week2BarHighChangeGT5,weekHighGTweek2High,",-6.210935115814217,1,0,1
"PCTChangeGT3,_HTGT1.5_,,,volSellVolumeUpsergedLast2n3DayDown,volBuyContinueLast2DayUp-VolUp,(GLOBALFUTUP-UPTRENDMARKET)checkBuyConsolidationBreakUp-week2,weekBarHighChangeGT2,brokenToday,",-0.3281275431315196,1,0,1
"PCDCGT0PCTChangeLT-5,_HTGT1.5_,,,##MA-SMA200GT0SMA100LT0,",-7.1150464083241145,1,0,1
"PCTChangeLT-2,_HTGT1.5_,,,(GLOBALFUTDOWN-DOWNTRENDMARKET)checkSellConsolidationBreakDown-week2-lowNotReachedWeek3,week2BarLowChangeLT-2,weekLowLTweek2Low,",0.7460962386849349,3,2,1
"PCTChangeLT-5,,,,volSellContinueLast2DayDown-VolUp,chisDownTrend-Risky-nearHigh,##last2DayLow(LT-3)-M3LGT0,",0.024883330439010438,1,1,0
"PCTChangeGT3,,,,chisSellFinalContinue-00,",1.2200923585575778,2,2,0
"PCTChangeGT2,year2High,,,,weekBarHighChangeGT0,brokenToday,",0.2542941028805159,59,29,29
"PCTChangeGT2,year2High,_LTGT1.5_,,,%%:sellUpTrend-month3High,vol-sell-DownVol-3dayUp-Week2High,",0.8953993659550085,2,1,1
"PCTChangeGT3,_HTGT1.5__LTGT1.5_,,,##MAPositive_Uptrend(GT4.5),##MA-SMA200LT0SMA100LT0,",-3.6704531582919033,1,0,1
"PCTChangeLT-2,_HTGT3.0__HTGTPCTDayChange_,,,(GLOBALFUTDOWN-DOWNTRENDMARKET)checkSellConsolidationBreakDown-week2-lowNotReachedWeek3,week2BarLowChangeLT0,",-4.416242105706689,1,0,1
"PCTChangeGT3,,,,zigZagVolCrossedFromDown,##(check-chart)sellEMA6>EMA14,",-0.9457617054293583,1,0,1
"PCTChangeGT0,_HTGT1.5_,,,maySellFromBuyPattern-LT-1.8,",0.14925145391208022,1,1,0
"PCTChangeLT-1,_LTGT1.5_,,,##(Check-chart-buy):month3High-InMinus,ReversalHighMonth3,",-0.12412551228954789,30,15,15
"PCTChangeLT-3,_LTGT3.0_,,,chisSellDownTrend-nearHigh,",0.24025016146689104,2,1,1
"PCDCGT0PCTDayChangeLT0,_LTGT3.0_,,,##MA-SMA200GT0SMA100GT0,",-7.673910389775818,1,0,1
"PCTChangeGT8,_LTGT1.5_,,,##last2DayHighGT3-M3HLT0,",0.1166139049453824,2,1,1
"PCTChangeGT5,,,,volumeUpsergedLast2n3n4DayDown,chisBuy-2week-breakoutup(check-chart)(|-|-| or --|),",-2.464910139117323,1,0,1
"PCTChangeLT-2,,,,sellFinal1,chisDownTrend-Risky-nearHigh,",0.15656442353219696,1,1,0
"PCTChangeLT-3,_LTGT1.5_,,,VOL:sell(GLOBALFUTUP-GLOBALMARKETUP)Buy-UpVol-3dayDown-Week2High,chisSellDownTrend-nearHigh,##(Check-chart-buy):YearHigh-InMinus,NearHighYear,",-3.203496472555488,1,0,1
"PCTChangeGT3,_HTGT1.5__LTGT1.5_,,,volSellReversalLast2DayUp-VolUp,##MAPositive_Uptrend(GT2),##MA-SMA200GT0SMA100LT0,",0.4556593406965169,1,1,0
"PCTChangeLT-0.5,_LTGT1.5_,,,$$MayBuy-CheckChart-baseLine(inuptrend-monthlow)-PCTDayChangeLT0,buyMorningStar-(checkChart),",2.782039913917041,1,1,0
"PCTChangeLT-1,,,,chisSellFlagWeek-Risky,checkCupDown-inDownTrend-month3HighLTmonth3Low,bar_low,",2.0563038680253154,1,1,0
"PCTChangeLT-2,_LTGT1.5_,,,volumeUpsergedLast2n3n4DayUp,chisDownTrend-Risky-nearHigh,##DOWNTREND:sellMonth6HighReversal(InDownTrend),##(Check-chart-buy):month3High-InMinus,ReversalHighMonth3,",-0.406021662085752,1,0,1
"PCTChangeLT-1,_HTGT1.5__HTGTPCTDayChange_,,,%%:sellDowntrend-lastDayDown-ReversalHighTail,",1.2021977323219029,5,4,1
"PCTChangeGT2,,,,chisUpTrend-Risky-nearLow,(GLOBALFUTUP-UPTRENDMARKET)checkBuyConsolidationBreakUp-week2-highNotReachedWeek3,week2BarHighChangeGT2,weekHighGTweek2High,##(Test)buyBottomReversal-1,##UPTREND:buyYearLowReversal(Confirm),",0.9719068703117555,1,1,0
"PCDCGT0PCTDayChangeLT0,_HTGT1.5__LTGT1.5_,,,%%HLTF-Last2LowTail:(DOWNTREND)sellHighLowerTailPre-1,",-2.7371455532178177,3,0,3
"PCTChangeLT-2,,,,checkCupDown-inDownTrend-month3HighLTmonth3Low,bar_low,chisDownTrend-Risky-nearHigh,",1.0078981870752453,5,4,1
"PCTChangeLT-3,,,,weekBarLowChangeLT-2,##DOWNTREND:sellYearHighReversal(InDownTrend),##(Check-chart-buy):YearHigh-InMinus,ReversalHighYear,",0.20503707097386115,2,1,1
"PCTChangeEQ0,_LTGT1.5_,,,##MA-SMA200LT0SMA100LT0,",0.4760093795448794,1,1,0
"PCTChangeLT-3,,,,checkCupDown-3dayDown-mayReversalBuy,##(check-chart)maySell-EMA6-MT-May-LT-EMA14,",-0.700280097079238,1,0,1
"PCDCGT0PCTChangeLT-1,PCDayChange-0.5to0.5,_LTGT1.5_,,,%%HLTF:(GLOBAL-DOWN)sellHighLowerTail-Reversal-LastDayMarketUp,",1.4278415769735022,1,1,0
"PCTChangeGT16,_HTGT3.0_,,,zigZagVolCrossedFromDown,##MAPositive_Uptrend(GT4.5),##MA-SMA200GT0SMA100GT0,",-5.184107201867723,1,0,1
"PCTChangeLT-8,PCDayChange-0.5to0.5,_HTGT3.0__LTGT3.0_,,,##MA-SMA200LT0SMA100LT0,",1.3013726500071348,1,1,0
"PCTChangeGT0.5,,,,week2BarHighChangeGT0,brokenToday,chisBuyYearHigh-3,",2.456006281702222,1,1,0
"PCTChangeLT-3,,,,vol-buy-DownVol-3dayDown-Week2Low,##MANegative_Downtrend_(LT-2),##MA-SMA200LT0SMA100LT0,##last2DayLow(LT-3)-M3LGT0,",0.4202829411905568,3,2,1
"PCTDayChangeLT0,PCDayChange-0.5to0.5,_HTGT1.5_,,,%%HLTF-LastDayUp:(DOWNTREND-OR-GLOBALDOWN)MaySellHighTail-LastDayMarketUp,##ML:buyRisingMA-down-0,",1.8426697829673926,1,1,0
"PCDCLT0PCTChangeGT0,_HTGT1.5__LTGT1.5_,,,##MAPositive_Uptrend(LT0),##MA-SMA200LT0SMA100LT0,",6.3362055811388736,1,1,0
"PCDCGT0PCTDayChangeLT0,,,,##MA-SMA200GT0SMA100GT0,",-0.21321944287760536,7,3,4
"PCTChangeLT-2,,,,checkCupDown-2dayDown,chisSellDownTrend-nearHigh,##DOWNTREND:sellYearHigh(InDownTrend),##(Check-chart-buy):YearHigh-InMinus,NearHighYear,",5.135136968022716,1,1,0
"PCTChangeGT1,year2High,_HTGT1.5__LTGT3.0__LTGTPCTDayChange_,,,%%HLTF:(SGXNIFTYUP)buyHighLowerTail-Continue,",-1.6052144769045644,1,0,1
"PCTChangeLT-1,_HTGT1.5__LTGT1.5__HTGTPCTDayChange_,,,checkCupDown-month3HighLTmonth3Low,bar_low,chisSellDownTrend-nearHigh,##(Check-chart-buy):month3High-InMinus,NearHighMonth3,",-0.31547358812812465,1,0,1
"PCTChangeLT-1,,,,(GLOBALFUTDOWN-DOWNTRENDMARKET)checkSellConsolidationBreakDown-week2-lowNotReachedWeek3,week2BarLowChangeLT0,",-0.16087489116047876,296,144,152
"PCTChangeLT-3,,,,%%checkCupDown-2dayDown-continue,chisDownTrend-Risky-nearHigh,##DOWNTREND:sellMonth6HighReversal(InDownTrend),##(Check-chart-buy):month3High-InMinus,ReversalHighMonth3,",1.7380274049345743,2,2,0
"PCTChangeGT3,year2High,_HTGT1.5_,,,volSellVolumeUpsergedLast2n3DayDown,weekBarHighChangeGT2,##last2DayHighGT3-M3HGT0,",1.6927739301354918,1,1,0
"PCTChangeLT-1,,,,checkSellConsolidationBreakDown-2week,week2BarLowChangeLT0,##(Check-chart-buy):month3High-InMinus,ReversalHighMonth3,",-2.5032925009383358,1,0,1
"PCTChangeGT2,year2High,_HTGT1.5__HTGTPCTDayChange_,,,%%:sellUpTrend-month3High,",-0.5229033451849745,8,3,5
"PCTChangeLT-1,_LTGT3.0_,,,volBuyReversalLast2DayDown-VolDown,(GLOBALFUTDOWN-DOWNTRENDMARKET)checkSellConsolidationBreakDown-week2-lowNotReachedWeek3,week2BarLowChangeLT-2,##(Check-chart-buy):month3High-InMinus,ReversalHighMonth3,",0.08134003792354222,1,1,0
"PCTChangeLT-2,,,,chisSellFlagWeek-Risky,##(Check-chart-buy):month6High-InMinus,NearHighMonth6,",-0.6120178041543021,1,0,1
"PCTChangeLT-5,_HTGT1.5__LTGT1.5_,,,##MANegative_Downtrend_(LT-2),##MA-SMA200GT0SMA100GT0,",1.6180722428480356,1,1,0
"PCTChangeLT-3,_HTGT3.0__LTGT3.0__HTGTPCTDayChange__LTGTPCTDayChange_,,,##DOWNTREND:sellYearHighReversal(InDownTrend),##(Check-chart-buy):month3High-InMinus,ReversalHighMonth3,",3.804796043064114,1,1,0
"PCTChangeGT2,_HTGT1.5__LTGT1.5__LTGTPCTDayChange_,,,##MAPositive_Uptrend(GT2),##MA-SMA200GT0SMA100GT0,",1.1950367064191136,1,1,0
"PCTChangeGT2,year2High,_LTGT3.0_,,,%%HLTF:(GLOBAL-DOWN)sellHighLowerTail-Reversal-LastDayMarketUp,vol-sell-DownVol-3dayUp-Week2High,",-3.149402842026816,1,0,1
"PCTDayChangeLT0,PCDayChange-0.5to0.5,_HTGT1.5_,,,##sellSMA25GT10,",-1.6393442622950938,1,0,1
"PCTChangeLT-1,PCDayChange-0.5to0.5,,,,chisBuyYearHigh-1,",0.5837014128123632,4,2,2
"PCTChangeLT-1,,,,checkCupDown-month3HighLTmonth3Low,bar_low,##(Check-chart-buy):month3High-InMinus,ReversalHighMonth3,",-1.2708346048990997,1,0,1
"PCTChangeLT-3,_HTGT3.0_,,,(GLOBALFUTDOWN-DOWNTRENDMARKET)checkSellConsolidationBreakDown-week2-lowNotReachedWeek3,week2BarLowChangeLT0,weekLowLTweek2Low,chisDownTrend-Risky-nearHigh,##(Check-chart-buy):month3High-InMinus,ReversalHighMonth3,",-1.5398591975908835,1,0,1
"PCTChangeLT-3,,,,volSellVolumeUpsergedLast2n3DayUp,volSellContinueLast2DayDown-VolUp,weekBarLowChangeLT-2,brokenToday,chisDownTrend-Risky-nearHigh,##(Check-chart-buy):month3High-InMinus,ReversalHighMonth3,##(check-chart)maySell-EMA6-MT-May-LT-EMA14,",0.0811526628345428,1,1,0
"PCTChangeGT8,_HTGT1.5__LTGT3.0__LTGTPCTDayChange_,,,%%HLTF-Risky:(GLOBAL-DOWN)sellHighLowerTail-Reversal-LastDayMarketUp,##MAPositive_Uptrend(GT4.5),##MA-SMA200LT0SMA100GT0,",-0.4433166404687082,1,0,1
"PCTChangeGT2,year2High,_HTGT1.5__LTGT1.5_,,,weekBarHighChangeGT2,",-0.22580985723627736,1,0,1
"PCTChangeGT1,_HTGT3.0_,,,%%HLTF-Risky9:30:maySellTail-tailGT2-7,10thDayGT15,%%HLTF:(UPTREND-GLOBAL/SGX-UP)BuyHighUpperTail-Reversal-7,10thDayGT15-LastDayMarketDown,",-1.8390787058863145,1,0,1
"PCTChangeGT2,_HTGT1.5__LTGT3.0__HTGTPCTDayChange__LTGTPCTDayChange_,,,%%:sellUpTrend-month3High,weekBarHighChangeGT2,##MAPositive_Uptrend(GT2),##MA-SMA200GT0SMA100GT0,",-1.4400024414062598,1,0,1
"PCTChangeGT2,year2High,_HTGT1.5__LTGT1.5__HTGTPCTDayChange__LTGTPCTDayChange_,,,%%HLTF:maySellTail-tailGT2-7,10thDayGT20,",4.052857752017857,1,1,0
"PCTChangeGT2,,,,vol-sell-DownVol-3dayUp-Week2High,(SMA9GT0),",0.256827932889347,1,1,0
"PCTChangeGT0.5,,,,%%:checkBuyContinue:CupDownDoji,",-1.0882928390677513,2,0,2
"PCTChangeLT-1,,,,volSellContinueLast2DayDown-VolUp,##(Test):buyRisingMA-uptrend-SMA25gt0,",1.6765255647538704,1,1,0
"PCTChangeLT-3,,,,volumeUpsergedLast2n3n4DayUp,##MANegative_Downtrend_(LT-2),##MA-SMA200GT0SMA100GT0,",-7.024387266577742,1,0,1
"PCTChangeLT-2,,,,##DOWNTREND:sellMonth6HighReversal(InDownTrend),##(Check-chart-buy):month6High-InMinus,ReversalHighMonth6,",1.2631933814428313,4,3,1
"PCTChangeGT5,_LTGT1.5_,,,chisSellYear2LowLT-40-last4DayDown(triggerAfter-9:15),",-1.114799897467968,2,1,1
"PCTChangeGT2,year2High,_HTGT1.5__LTGT1.5__HTGTPCTDayChange_,,,%%HLTF-Last2HighTail:(UPTREND)buy(DOWNTREND)sell:HighUpperTailPre-last2DayUp,",2.671428571428576,1,1,0
"PCTChangeLT-3,_HTGT1.5__LTGT3.0__LTGTPCTDayChange_,,,chisDownTrend-Risky-nearHigh,##(Check-chart-buy):YearHigh-InMinus,NearHighYear,",4.352937586167284,1,1,0
"PCTChangeGT3,,,,checkBuyConsolidationBreakout-allPreLT0,week2BarHighChangeGT0,brokenToday,",1.3675200633513673,1,1,0
"PCDCLT0PCTChangeGT0,PCDayChange-0.5to0.5,_HTGT1.5__LTGT3.0_,,,buyYearHigh-0,",1.1392424535388108,1,1,0
"PCTChangeLT-3,,,,volumeUpsergedLast2n3n4DayUp,##ML:sellRisingMA-down-(Risky),",-3.9506739683996184,1,0,1
"PCTChangeLT-3,_HTGT1.5__LTGT3.0_,,,chisDownTrend-Risky-nearHigh,##(Check-chart-buy):YearHigh-InMinus,ReversalHighYear,",4.075433367260324,1,1,0
"PCTChangeLT-0.5,_HTGT3.0__HTGTPCTDayChange_,,,weekBarLowChangeLT0,brokenToday,",-2.9661016949152534,1,0,1
"PCDCLT0PCTChangeGT1,_LTGT1.5_,,,%%:checkSell:CupDownDoji-lastDayLT(-2)TodayDoji,",0.15723270440252174,1,1,0
"PCTChangeLT-1,_LTGT3.0_,,,zigZagVolCrossedFromUp,",-1.1883670561976816,2,1,1
"PCTChangeLT-0.5,,,,chisSellFlagWeek-Risky,volSellContinueLast2DayDown-VolUp,",5.069956346814793,1,1,0
"PCTChangeLT-3,year2Low,_HTGT1.5__LTGT1.5__HTGTPCTDayChange__LTGTPCTDayChange_,,,%%:buyDownTrend-month3Low,",8.422753605748563,1,1,0
"PCTChangeGT5,year2High,,,,checkBuyConsolidationBreakout-allPreLT0,",-0.8757225402954243,4,1,3
"PCTChangeGT0.5,PCDayChange-0.5to0.5,year2High,_HTGT1.5_,,,%%HLTF:(UPTREND-MorningTrend-UP)mayBuyTail-highTailGT2-7,10thDayGT10-Last2DayStockDown,",-1.1493683468361375,2,0,2
"PCTChangeGT5,_HTGT1.5__LTGT3.0__LTGTPCTDayChange_,,,zigZagVolCrossedFromDown,",0.2171872117348889,1,1,0
"PCTChangeGT2,,,,chisCheckConsolidationBreakout2WeekLT(4.5),weekBarHighChangeGT0,brokenToday,",0.42383324516669996,5,3,2
"PCDCLT0PCTChangeGT0,PCDayChange-0.5to0.5,_HTGT1.5_,,,%%:checkSell:CupDownDoji-lastDayLT(-2)TodayDoji,",1.453920743543381,4,4,0
"PCTChangeGT1,PCDayChange-0.5to0.5,_HTGT1.5_,,,##MANegative_Downtrend_(GT0),##MA-SMA200LT0SMA100LT0,",-3.874896339056142,1,0,1
"PCDCGT0PCTDayChangeLT0,PCDayChange-0.5to0.5,year2High,_HTGT3.0_,,,buyPattern-GT1.5-SMAGT0,(SMA9GT0),",4.135048979343221,1,1,0
"PCTChangeGT0.5,_HTGT3.0__HTGTPCTDayChange_,,,volBuyContinueLast2DayUp-VolUp,",2.2716121356189314,2,2,0
"PCTChangeLT-8,_LTGT1.5_,,,##(check-chart)buyEMA6<EMA14-Risky,",-3.65634533927936,1,0,1
"PCTChangeGT3,_HTGT1.5_,,,checkBuyConsolidationBreakUp-2week,week2BarHighChangeGT2,weekHighGTweek2High,brokenToday,chis-breakoutup-2week,",1.3136311855030032,1,1,0
"PCTChangeLT-1,,,,volumeUpsergedLast2n3n4DayUp,##longDownTrend-2-IndexNotDownLastDay(checkBase),",-3.0687500984910203,1,0,1
"PCTChangeLT-3,,,,volumeUpsergedLast2n3n4DayUp,volSellContinueLast2DayDown-VolUp,chisSellDownTrend-nearHigh,",-1.0649882593685152,1,0,1
"PCTChangeGT2,year2High,_HTGT1.5_,,,MaySellCheckChart-(IndexNotDownInSecondHalf),%%:sellUpTrend-month3High,VOL:sell-UpVol-3dayUp-Week2High,",-4.470151075676304,1,0,1
"PCTChangeLT-2,,,,weekBarLowChangeLT-2,(SMA9LT0),",-1.9526503623249987,7,0,6
"PCTChangeLT-1,_HTGT1.5__LTGT1.5__LTGTPCTDayChange_,,,chisDownTrend-Risky-nearHigh,##(Check-chart-buy):YearHigh-InMinus,ReversalHighYear,",3.4052791206548765,1,1,0
"PCTChangeLT-1,,,,##sellRisingMA,",1.259147230737557,1,1,0
"PCTChangeLT-2,_HTGT1.5_,,,##sellTenDaysMoreThanTen,##DOWNTREND:sellYearHigh(InDownTrend),##(Check-chart-buy):month3High-InMinus,NearHighMonth3,",0.7790813461597785,1,1,0
"PCTChangeGT0,_HTGT1.5__LTGT3.0__HTGTPCTDayChange__LTGTPCTDayChange_,,,%%HLTF-Last2DayMarketUp:(GLOBAL-DOWN)sellHighLowerTail-Reversal-LastDayMarketUp,",-0.6427859870615739,1,0,1
"PCTChangeLT-0.5,_HTGT1.5__HTGTPCTDayChange__LTGTPCTDayChange_,,,chisSell-smallUptrendReversal,",-2.623578370444529,1,0,1
"PCTChangeLT-2,,,,checkSellConsolidationBreakDown-2week,week2BarLowChangeLT0,brokenToday,##longDownTrend-2-IndexNotDownLastDay(checkBase),",-0.34897011158737684,1,0,1
"PCTChangeGT2,_HTGT1.5_,,,volBuyContinueLast2DayUp-VolUp,##(Check-chart)ML:buyMonth3High-Continue,",4.421049419202299,1,1,0
"PCTChangeLT-2,_HTGT1.5_,,,volBuyVolumeUpsergedLast2n3DayUp,##MANegative_Downtrend_(LT-2),##MA-SMA200LT0SMA100LT0,##DOWNTREND:sellMonth6LowBreak,",0.7281553398058381,1,1,0
"PCTChangeGT5,_LTGT1.5_,,,weekBarHighChangeGT5,",-2.6147559644505938,3,0,3
"PCTChangeGT1,_HTGT3.0__HTGTPCTDayChange_,,,%%HLTF-Last2HighTail:(UPTREND)buy(DOWNTREND)sell:HighUpperTailPre-last2DayUp,%%HLTF-Risky9:30:maySellTail-tailGT2-7,10thDayGT15,%%HLTF:(UPTREND-GLOBAL/SGX-UP)BuyHighUpperTail-Reversal-7,10thDayGT15-LastDayMarketDown,$$MaySell-CheckChart(downTrend-mayReverseLast4DaysUp),chisSellEveningStar-2(Check2-3MidCapCross),",0.15769592625731402,1,1,0
"PCTChangeGT3,_HTGT1.5__HTGTPCTDayChange_,,,%%HLTF-Last2HighTail:(UPTREND)buy(DOWNTREND)sell:HighUpperTailPre-last2DayUp,%%HLTF:maySellTail-tailGT2-7,10thDayGT20,##MAPositive_Uptrend(GT1),##MA-SMA200GT0SMA100GT0,",-5.592658102639674,1,0,1
"PCTChangeGT2,,,,weekBarHighChangeGT2,brokenToday,chisBuy-2week-breakoutup(check-chart)(|-|-| or --|),",-0.9273162561351368,1,0,1
"PCTChangeLT-3,,,,volBuyReversalLast2DayDown-VolDown,chisBuyFinalContinue-3,",-2.998499558149371,2,0,2
"PCTChangeLT-2,PCDayChange-0.5to0.5,,,,%%:checkSell:CupDownDoji-lastDayLT(-2)TodayDoji,",-0.36276588326958714,1,0,1
"PCTChangeGT1,_HTGT1.5__LTGT3.0_,,,volSellReversalLast2DayUp-VolDown,",-4.339499087357265,1,0,1
"PCTChangeGT1,_LTGT1.5_,,,##RisingMA(Test)(check-chart-buy)-1DayUp,",-1.4427292067291582,12,1,11
"PCTChangeLT-2,_LTGT1.5_,,,checkCupDown,bar_low,##longDownTrend-2-IndexNotDownLastDay(checkBase),chisSellDownTrend-nearHigh,zigZagVolCrossedFromUp,",0.29276324984247387,1,1,0
"PCTChangeGT3,,,,(GLOBALFUTUP-UPTRENDMARKET)checkBuyConsolidationBreakUp-week2-highNotReachedWeek3,week2BarHighChangeGT0,brokenToday,chis-breakoutup-2week,",1.6435302949447446,1,1,0
"PCTChangeLT-1,PCDayChange-0.5to0.5,_LTGT1.5_,,,shortDownTrendSellContinue-Doji-Last2DayLTToday,buyMorningStar-HighLowerTail-(checkChart),",-1.4913727852939382,2,1,1
"PCTChangeGT5,_HTGT1.5_,,,chisUpTrend-Risky-nearLow,##UPTREND:buyYear2LowReversal(Confirm),",1.8645987872848537,2,1,1
"PCTChangeGT5,_HTGT3.0__LTGT3.0_,,,%%HLTF-Risky:(GLOBAL-DOWN)sellHighLowerTail-Reversal-LastDayMarketUp,##MAPositive_Uptrend(GT4.5),##MA-SMA200LT0SMA100LT0,",-3.57633917917786,1,0,1
"PCTChangeGT2,_HTGT1.5_,,,%%HLTF:(DOWNTREND-OR-GLOBALDOWN)maySellTail-tailGT2-2,3,4thDayGT0,(GLOBALFUTUP-UPTRENDMARKET)checkBuyConsolidationBreakUp-week2-highNotReachedWeek3,week2BarHighChangeGT2,",-0.6376463623790377,1,0,1
"PCTChangeGT5,_HTGT1.5_,,,vol-sell-DownVol-3dayUp-Week2High,##MAPositive_Uptrend(GT4.5),##MA-SMA200LT0SMA100LT0,",-1.2344354123417653,1,0,1
"PCTChangeLT-3,_HTGT1.5_,,,chisSellConsolidationBreakDown-forecastDayPCT7LT0,",-2.08196872494714,2,1,1
"PCTDayChangeLT0,_HTGT1.5_,,,%%HLTF-Last2HighTail:(DOWNTREND)sell(UPTREND)buy:HighUpperTailPre,%%HLTF-LastDayUp:(DOWNTREND-OR-GLOBALDOWN)MaySellHighTail-LastDayMarketUp,chisDownTrend-Risky-nearHigh,",2.905025168404961,1,1,0
"PCTChangeGT2,year2High,,,,chisCheckConsolidationBreakoutLT(4.5),chisBuyConsolidationBreakUp-2week-(Risky)-year2High,week2BarHighChangeGT0,brokenToday,",0.38184866062573103,2,2,0
"PCTChangeGT2,_HTGT1.5_,,,MaySellCheckChart-(IndexNotDownInSecondHalf),chisCheckConsolidationBreakout2WeekLT(4.5),",-0.6634536087265486,1,0,1
"PCTChangeGT2,year2High,_HTGT1.5__HTGTPCTDayChange_,,,chisCheckConsolidationBreakoutLT(4.5),",-1.3650643084099525,1,0,1
"PCTChangeLT-1,_HTGT1.5__HTGTPCTDayChange_,,,chisDownTrend-Risky-nearHigh,",-0.19062339876874637,75,32,43
"PCTChangeGT3,_HTGT1.5_,,,volBuyContinueLast2DayUp-VolUp,",-0.12532581122463257,14,5,9
"PCTChangeGT3,_HTGT1.5_,,,##(Check-chart-sell):month3Low-InPlus,ReversalLowMonth3,chisUpTrend-Risky-nearLow,volumeUpsergedLast2n3n4DayDown,weekBarHighChangeGT2,brokenToday,##UPTREND:buyMonth3LowReversal(Confirm),##last2DayHighGT3-M3HLT0,",-0.9803921568627345,1,0,1
"PCDCLT0PCTChangeGT0,PCDayChange-0.5to0.5,_HTGT3.0_,,,%%:checkSell:CupDownDoji-lastDayLT(-2)TodayDoji,",4.296223952288514,1,1,0
"PCTChangeGT3,,,,##(Check-chart-sell):month3Low-InPlus,NearLowMonth3,chisBuyUpTrend-nearLow,volumeUpsergedLast2n3n4DayDown,volBuyContinueLast2DayUp-VolUp,buyFinal,##UPTREND:buyMonth3Low,",4.174314726383321,1,1,0
"PCDCGT0PCTChangeLT-3,PCDayChange-0.5to0.5,_HTGT3.0__LTGT1.5_,,,(SMA4LT(-1.5)),",2.232650015834936,1,1,0
"PCTChangeGT3,_HTGT1.5__LTGT3.0_,,,volBuyContinueLast2DayUp-VolUp,",0.04608576198876261,1,1,0
"PCTChangeGT2,,,,##(Check-chart-sell):month3Low-InPlus,ReversalLowMonth3,weekBarHighChangeGT0,brokenToday,##UPTREND:buyYearLowReversal(Confirm),",-2.9727286487281464,1,0,1
"PCTChangeGT0.5,_HTGT1.5__HTGTPCTDayChange__LTGTPCTDayChange_,,,%%:sellDowntrend-lastDayUp-ReversalHighTail,",-2.329841334158197,1,0,1
"PCTChangeLT-1,PCDayChange-0.5to0.5,_HTGT1.5__LTGT1.5_,,,chisBuyYearHigh-3,",0.8972444522379873,1,1,0
"PCTChangeGT1,_LTGT1.5_,,,chisSellFinalContinue-(lastDayDown)-2,",3.874420875726735,1,1,0
"PCTChangeLT-1,_HTGT3.0__HTGTPCTDayChange_,,,%%:checkSell:FlagWeek,",-1.4141429554332319,1,0,1
"PCTChangeLT-0.5,_HTGT1.5__LTGT1.5__HTGTPCTDayChange__LTGTPCTDayChange_,,,shortDownTrendSellContinue-Doji-Last2DayLTToday,",5.498421276691036,1,1,0
"PCDCLT0PCTChangeGT1,PCDayChange-0.5to0.5,_HTGT1.5__LTGT3.0_,,,%%:checkBuyContinue:CupDownDoji-last2dayUp,",-0.26099236456902714,1,0,1
"PCTChangeLT-3,,,,weekBarLowChangeLT0,brokenToday,",-0.06400236155043253,61,28,32
"PCDCGT0PCTDayChangeLT0,PCDayChange-0.5to0.5,_HTGT1.5_,,,chisSellSuper-Risky,-+,",-2.041490475233701,3,0,3
"PCTChangeGT2,year2High,_HTGT1.5__HTGTPCTDayChange__LTGTPCTDayChange_,,,%%:sellUpTrend-month3High,",2.1323020376037114,1,1,0
"PCTChangeLT-2,,,,##DOWNTREND:sellMonth3LowBreak,",-0.15657936404515715,22,11,11
"PCTChangeLT-3,year2High,,,,%%HLTF-Last2DayMarketDown:(GLOBAL-UP)buyHighUpperTailPre1-Reversal-LastDayMarketDown,volSellContinueLast2DayDown-VolUp,",0.40355481599506726,1,1,0
"PCTChangeGT0,_HTGT3.0__LTGT1.5_,,,%%HLTF-Last2LowTail:(DOWNTREND)sellHighLowerTailPre-1,",-2.2448241878187103,1,0,1
"PCTChangeLT-5,,,,%%HLTF-Last2DayMarketDown:(GLOBAL-UP)buyHighUpperTailPre1-Reversal-LastDayMarketDown,##MANegative_Downtrend_(LT-2),##MA-SMA200LT0SMA100LT0,",2.3351072534692827,1,1,0
"PCTChangeEQ0,_HTGT1.5__HTGTPCTDayChange_,,,chisBuyYearHigh-3,",0.7968711853027441,1,1,0
"PCTChangeGT3,_HTGT1.5__LTGT1.5_,,,checkBuyConsolidationBreakUp-2week,week2BarHighChangeGT2,weekHighGTweek2High,##MAPositive_Uptrend(GT4.5),##MA-SMA200LT0SMA100GT0,",-5.686748458678464,1,0,1
"PCTChangeLT-2,,,,volumeUpsergedLast2n3n4DayUp,##(Check-chart-buy):month3High-InMinus,NearHighMonth3,",-0.6656164543725597,1,0,1
"PCTChangeGT5,year2High,_HTGT3.0__HTGTPCTDayChange_,,,%%HLTF-Last2HighTail:(UPTREND)buy(DOWNTREND)sell:HighUpperTailPre-last2DayUp,##last3DayHighGT3-M3HGT0,",-1.8364800347222223,1,0,1
"PCTChangeLT-3,,,,volumeUpsergedLast2n3n4DayUp,##last2DayLow(LT-3)-M3LGT0,",0.5847307145139256,4,2,2
"PCTChangeLT-3,_LTGT1.5_,,,checkCupDown,bar_low,",8.255748601147744,1,1,0
"PCTChangeGT3,_HTGT3.0__LTGT3.0__HTGTPCTDayChange__LTGTPCTDayChange_,,,%%HLTF-Last2HighTail:(UPTREND)buy(DOWNTREND)sell:HighUpperTailPre-last2DayUp,%%:sellUpTrend-month3High,##MAPositive_Uptrend(GT2),##MA-SMA200GT0SMA100GT0,",-7.464500427246097,1,0,1
"PCTChangeGT2,,,,maySellFromBuyPattern-LT-1.8,",-3.596393612860876,8,0,8
"PCTChangeGT1,PCDayChange-0.5to0.5,_HTGT1.5_,,,%%HLTF-Last2HighTail:(UPTREND)buy(DOWNTREND)sell:HighUpperTailPre-last2DayUp,chisBuyYearHigh-3,",0.8333297002883137,1,1,0
"PCTChangeGT0,,,,shortUpTrendSellReversal-MonthHigh-Doji-Last2DayGTToday,",0.11204755145916362,3,1,2
"PCTChangeGT3,year2High,,,,chisBuyConsolidationBreakUp-2week-(Risky)-year2High,week2BarHighChangeGT2,brokenToday,",0.4382654100195362,6,4,2
"PCTChangeLT-2,_LTGT1.5_,,,checkSellConsolidationBreakDown-2week,week2BarLowChangeLT0,brokenToday,",0.2558926004150509,1,1,0
"PCTChangeGT5,year2High,_HTGT3.0__HTGTPCTDayChange_,,,week2BarHighChangeGT2,",-1.408651713284717,1,0,1
"PCTChangeLT-3,,,,volSellContinueLast2DayDown-VolUp,(GLOBALFUTDOWN-DOWNTRENDMARKET)checkSellConsolidationBreakDown-week2-lowNotReachedWeek3,week2BarLowChangeLT-2,weekLowLTweek2Low,chisDownTrend-Risky-nearHigh,##(Check-chart-buy):month3High-InMinus,ReversalHighMonth3,",-3.2402985063853778,1,0,1
"PCTChangeGT2,,,,checkBuyConsolidationBreakUp-2week,week2BarHighChangeGT2,chisBuy-2week-breakoutup(check-chart)(|-|-| or --|),",-3.3564056079692817,1,0,1
"PCTChangeGT3,year2Low,_HTGT1.5_,,,chisSellYear2LowLT-40-last4DayDown(triggerAfter-9:15),##buyTenDaysLessThanMinusTen,",0.8472188313801924,1,1,0
"PCTChangeLT-1,_HTGT1.5__LTGT1.5__HTGTPCTDayChange_,,,chisDownTrend-Risky-nearHigh,",1.2183236048636894,1,1,0
"PCDCGT0PCTChangeLT-1,PCDayChange-0.5to0.5,_HTGT3.0_,,,##MA-SMA200GT0SMA100LT0,",-14.284210205078127,1,0,1
"PCTChangeLT-5,PCDayChange-0.5to0.5,_HTGT1.5__LTGT3.0_,,,##MA-SMA200LT0SMA100LT0,",3.7850286419066235,1,1,0
"PCTChangeLT-8,year2Low,_LTGT3.0_,,,volSellContinueLast2DayDown-VolUp,",2.1020203950669085,1,1,0
"PCTChangeLT-3,_LTGT3.0_,,,##last2DayLow(LT-3)-M3LGT0,chisSellDayLowVolLow-01,",-1.3056636816172131,2,0,2
"PCTChangeLT-1,_HTGT1.5__LTGT1.5__HTGTPCTDayChange__LTGTPCTDayChange_,,,chisSell-smallUptrendReversal,",1.7137096774193654,1,1,0
"PCTChangeLT-1,_HTGT1.5_,,,weekBarLowChangeLT0,",0.5552432899163341,7,4,2
"PCDCGT0PCTChangeLT-1,_LTGT1.5_,,,(SMA9GT0),##(Test):buyRisingMA-uptrend-SMA25gt0,",-1.4844915628217814,1,0,1
"PCTChangeLT-3,,,,chisDownTrend-Risky-nearHigh,##DOWNTREND:sellYear2HighReversal(InDownTrend),##(Check-chart-buy):YearHigh-InMinus,ReversalHighYear,",-0.3786021369966406,6,2,4
"PCTChangeGT0,PCDayChange-0.5to0.5,,,,%%:checkSell:CupDownDoji-last2lastDayLT0orTodayGT0,",-1.8344829744045306,3,0,3
"PCTChangeGT0,_HTGT1.5_,,,chisSellDowningMA-(check5MinuteDownTrendAndSellDowntrend),",-0.14908995862784172,6,2,4
"PCTChangeGT3,_HTGT3.0__HTGTPCTDayChange_,,,volumeUpsergedLast2n3n4DayDown,volBuyContinueLast2DayUp-VolUp,",0.07595286773929606,1,1,0
"PCTChangeGT3,,,,volBuyContinueLast2DayUp-VolUp,chisCheckConsolidationBreakout2WeekLT(4.5),##MAPositive_Uptrend(GT2),##MA-SMA200GT0SMA100GT0,",-0.5210656548815134,2,0,2
"PCTChangeGT5,,,,volBuyContinueLast2DayUp-VolUp,weekBarHighChangeGT2,brokenToday,##MAPositive_Uptrend(GT4.5),##MA-SMA200GT0SMA100GT0,",1.3550135501355014,1,1,0
"PCTChangeLT-1,_LTGT1.5_,,,chisDownTrend-Risky-nearHigh,zigZagVolCrossedFromUp,",-4.651744330107273,1,0,1
"PCTChangeLT-1,year2High,_LTGT3.0_,,,%%HLTF:(GLOBAL-DOWN)sellHighLowerTail-Reversal-LastDayMarketUp,",0.13769023860880852,5,2,3
"PCTChangeLT-3,_HTGT1.5_,,,##longDownTrend-1-IndexNotDownLastDay(checkBase),",-3.3969524198550247,1,0,1
"PCDCGT0PCTDayChangeLT0,_LTGT1.5_,,,%%HLTF:(GLOBAL-DOWN)sellHighLowerTail-Reversal-LastDayMarketUp,",1.315563069843861,5,3,2
"PCTChangeGT3,_HTGT1.5_,,,volumeUpsergedLast2n3n4DayDown,weekBarHighChangeGT2,brokenToday,##MAPositive_Uptrend(GT2),##MA-SMA200GT0SMA100GT0,##last2DayHighGT3-M3HGT0,",-0.3720392100302988,1,0,1
"PCDCLT0PCTChangeGT0,PCDayChange-0.5to0.5,,,,chisSellSuper-Risky,--,",0.7285012343707582,7,4,2
"PCTChangeLT-1,,,,volBuyReversalLast2DayDown-VolUp,chisSellDownTrend-nearHigh,",0.5427265827980552,1,1,0
"PCTChangeGT1,year2High,_HTGT3.0__HTGTPCTDayChange_,,,volumeUpsergedLast2n3n4DayDown,",-1.807743986504658,1,0,1
"PCTChangeLT-3,,,,weekBarLowChangeLT-2,chisDownTrend-Risky-nearHigh,##(Check-chart-buy):YearHigh-InMinus,ReversalHighYear,",0.0999193022440211,5,2,3
"PCTChangeGT0,PCDayChange-0.5to0.5,_LTGT1.5_,,,chisSellDowningMA-(check5MinuteDownTrendAndSellDowntrend)-Already10DayDown,",-0.23394508276425807,50,23,27
"PCTChangeEQ0,,,,(GLOBALFUTDOWN-DOWNTRENDMARKET)checkSellConsolidationBreakDown-week2-lowNotReachedWeek3,week2BarLowChangeLT0,weekLowLTweek2Low,",-0.15853429774847458,1,0,1
"PCTChangeLT-2,,,,volBuyReversalLast2DayDown-VolDown,chisSellDownTrend-nearHigh,",0.7979088062531249,10,7,3
"PCTChangeGT1,PCDayChange-0.5to0.5,_HTGT3.0_,,,%%HLTF-Last2HighTail:(UPTREND)buy(DOWNTREND)sell:HighUpperTailPre-last2DayUp,%%HLTF:maySellTail-tailGT2-7,10thDayGT20,%%HLTF:(UPTREND-GLOBAL/SGX-UP)BuyHighUpperTail-Reversal-7,10thDayGT15-LastDayMarketDown,",-2.804512123354264,1,0,1
"PCDCLT0PCTChangeGT0,_LTGT1.5_,,,%%HLTF:sellStockInUptrendReversal,",-1.2571402958461357,1,0,1
"PCTChangeGT1,,,,(Test)MaySell-CheckChart(downTrend-lastDayUp),",-0.16426129158126734,30,16,14
"PCTChangeLT-3,,,,vol-buy-DownVol-3dayDown-Week2Low,##last3DayLow(LT-3)-M3LLT0,",-5.900555183874314,1,0,1
"PCTChangeLT-2,_HTGT1.5_,,,##DOWNTREND:sellYear2HighReversal(InDownTrend),##(Check-chart-buy):month3High-InMinus,ReversalHighMonth3,",-2.0376175548589504,1,0,1
"PCTChangeLT-1,_HTGT1.5__HTGTPCTDayChange_,,,(GLOBALFUTDOWN-DOWNTRENDMARKET)checkSellConsolidationBreakDown-week2-lowNotReachedWeek3,week2BarLowChangeLT-2,##MANegative_Downtrend_(LT-1),##MA-SMA200GT0SMA100LT0,",-7.0047799534844675,1,0,1
"PCTChangeLT-2,_HTGT3.0__HTGTPCTDayChange_,,,%%HLTF:maySellTail-tailGT2-7,10thDayGT20,",1.024946296981012,3,2,1
"PCTChangeLT-8,_HTGT3.0__LTGT1.5__HTGTPCTDayChange__LTGTPCTDayChange_,,,##MANegative_Downtrend_(LT-1),##MA-SMA200LT0SMA100LT0,",2.320252268441419,2,2,0
"PCTChangeLT-2,_HTGT1.5__LTGT1.5__HTGTPCTDayChange__LTGTPCTDayChange_,,,(GLOBALFUTDOWN-DOWNTRENDMARKET)checkSellConsolidationBreakDown-week2-lowNotReachedWeek3,week2BarLowChangeLT0,weekLowLTweek2Low,",-4.731725582124271,2,0,2
"PCTChangeLT-3,_HTGT3.0__LTGT1.5_,,,##last2DayLow(LT-3)-M3LGT0,",-0.4628059485918251,2,1,1
"PCTChangeGT3,year2High,_LTGT1.5_,,,weekBarHighChangeGT2,##lastDayHighGT5TodayGT1,",-0.8513603670198612,1,0,1
"PCTChangeLT-2,,,,volBuyReversalLast2DayDown-VolDown,(GLOBALFUTDOWN-DOWNTRENDMARKET)checkSellConsolidationBreakDown-week2,weekBarLowChangeLT-2,",-0.5521155067080006,1,0,1
"PCTChangeGT3,_HTGT1.5_,,,volSellVolumeUpsergedLast2n3DayDown,week2BarHighChangeGT0,weekHighGTweek2High,brokenToday,",0.5979404651279919,1,1,0
"PCTChangeGT3,,,,chisUpTrend-Risky-nearLow,##UPTREND:buyMonth3LowReversal(Confirm),",-1.0416808749011588,8,0,8
"PCTChangeGT2,_LTGT1.5_,,,chisUpTrend-Risky-nearLow,",-0.17546015046212915,21,10,11
"PCTChangeGT1,,,,chisUpTrend-Risky-nearLow,(GLOBALFUTUP-UPTRENDMARKET)checkBuyConsolidationBreakUp-week2-highNotReachedWeek3,week2BarHighChangeGT2,",-2.1212105799202985,1,0,1
"PCTChangeGT2,year2High,_HTGT3.0__HTGTPCTDayChange_,,,%%HLTF:maySellTail-tailGT2-7,10thDayGT20,",-3.046737473139772,1,0,1
"PCTChangeGT2,,,,week2BarHighChangeGT0,weekHighGTweek2High,brokenToday,",0.05387574032515741,42,22,20
"PCTChangeLT-8,_LTGT1.5_,,,##MANegative_Downtrend_(LT-4.5),##MA-SMA200LT0SMA100LT0,chisSellDayLowVolLow-01,",-12.429909394166181,1,0,1
"PCTChangeLT-2,,,,volBuyVolumeUpsergedLast2n3DayUp,(GLOBALFUTDOWN-DOWNTRENDMARKET)checkSellConsolidationBreakDown-week2-lowNotReachedWeek3,week2BarLowChangeLT0,",0.3835861772934258,2,1,1
"PCTChangeGT1,_HTGT1.5_,,,%%HLTF-Last2HighTail:(UPTREND)buy(DOWNTREND)sell:HighUpperTailPre-last2DayUp,%%HLTF:maySellTail-tailGT2-7,10thDayGT20,",-2.176127829891966,2,0,2
"PCTChangeLT-1,_HTGT3.0__LTGT1.5_,,,%%:checkSell:CupDownDoji-lastDayLT(-2)TodayDoji,",4.050593403593856,1,1,0
"PCTChangeLT-3,_HTGT1.5__LTGT1.5__HTGTPCTDayChange__LTGTPCTDayChange_,,,checkCupDown-inDownTrend-month3HighLTmonth3Low,bar_low,##sellTenDaysMoreThanTen,##sellRisingMA,",1.2344184433841154,1,1,0
"PCTChangeGT3,,,,(Test)sellHeavyUpTrend-Reversal-1,chisCheckConsolidationBreakoutGT(4.5),weekBarHighChangeGT2,",-0.7832174423869794,1,0,1
"PCTChangeLT-1,,,,checkCupDown-2dayDown,volBuyReversalLast2DayDown-VolDown,chisBuyFinalContinue-0,##(Check-chart-buy):month3High-InMinus,BreakHighMonth3,",-1.237623762376244,1,0,1
"PCTChangeLT-1,PCDayChange-0.5to0.5,,,,##MANegative_Downtrend_(LT0),##MA-SMA200LT0SMA100LT0,",-1.762566777872924,2,1,1
"PCTChangeGT5,_HTGT1.5_,,,%%HLTF-Last2HighTail:(UPTREND)buy(DOWNTREND)sell:HighUpperTailPre-last2DayUp,chisBuyDayHighVolLow-0,##last2DayHighGT3-M3HLT0,",0.4037685060565276,1,1,0
"PCTChangeGT0,_HTGT1.5_,,,chisBuyYearHigh-3,",-0.07145822013182941,10,2,8
"PCTChangeGT3,_LTGT1.5_,,,VOL:sell-UpVol-3dayUp-Week2High,",1.8589731626776922,6,5,1
"PCTChangeLT-2,,,,##MAPositive_Uptrend(LT-2),##MA-SMA200LT0SMA100LT0,",0.918257645129955,5,3,2
"PCTChangeGT1,_HTGT3.0__LTGT1.5__HTGTPCTDayChange__LTGTPCTDayChange_,,,chisBuyYearHigh-3,",1.77074839200594,1,1,0
"PCTChangeGT3,,,,VOL:sell-UpVol-3dayUp-Week2High,##last2DayHighGT3-M3HGT0,",0.8829753718534049,2,2,0
"PCTDayChangeLT0,PCDayChange-0.5to0.5,_HTGT1.5__LTGT1.5_,,,##(Test)buyBottomReversal-0,",-5.694997629396484,1,0,1
"PCTChangeLT-3,_LTGT1.5_,,,volBuyReversalLast2DayDown-VolDown,##MAPositive_Uptrend(LT-4.5),##MA-SMA200LT0SMA100GT0,",-0.823539648831541,1,0,1
"PCTChangeGT2,year2High,,,,week2BarHighChangeGT0,weekHighGTweek2High,",1.4784983236296243,1,1,0
"PCTChangeLT-3,,,,VOL:buy-UpVol-3dayDown-Week2Low,##MANegative_Downtrend_(LT-4.5),##MA-SMA200LT0SMA100LT0,##last2DayLow(LT-3)-M3LLT0,",-0.6069241665892768,1,0,1
"PCTChangeLT-3,_HTGT3.0__LTGT1.5_,,,##MANegative_Downtrend_(LT-2),##MA-SMA200GT0SMA100LT0,##last3DayLow(LT-3)-M3LGT0,chisBuyDayLowVolLow-03-checkMorningTrend(.5SL)-after10:30,",-4.173915697180719,1,0,1
"PCDCLT0PCTChangeGT0,PCDayChange-0.5to0.5,_HTGT1.5_,,,%%HLTF-LastDayUp:(DOWNTREND-OR-GLOBALDOWN)MaySellHighTail-LastDayMarketUp,chisBuyYearHigh-3,",0.8078940462131871,11,9,2
"PCTChangeGT0,_LTGT1.5_,,,chisSellDowningMA-(check5MinuteDownTrendAndSellDowntrend),",0.22113426079099985,4,2,2
"PCDCGT0PCTDayChangeLT0,_HTGT3.0_,,,%%HLTF-Last2HighTail:(UPTREND)buy(DOWNTREND)sell:HighUpperTailPre-last2DayUp,",0.00494691409389425,7,4,3
"PCTChangeLT-2,,,,weekBarLowChangeLT0,brokenToday,##DOWNTREND:sellMonth3LowBreak,",-1.3793669560161947,2,0,2
"PCTChangeGT3,_HTGT1.5_,,,%%:checkSellRevarsalLast3DayUpAtMonth3Low,",1.8901157972313325,1,1,0
"PCTChangeLT-3,,,,VOL:buy-DownVol-3dayDown-Week2High,chisDownTrend-Risky-nearHigh,##last2DayLow(LT-3)-M3LGT0,##(Check-chart-buy):YearHigh-InMinus,ReversalHighYear,",-1.5757903412361223,1,0,1
"PCTChangeLT-3,_LTGT3.0_,,,##MANegative_Downtrend_(LT-4.5),##MA-SMA200LT0SMA100LT0,",1.0079755067787375,5,3,2
"PCTChangeGT3,,,,volBuyContinueLast2DayUp-VolUp,weekBarHighChangeGT2,brokenToday,",-0.22912407605882185,16,7,9
"PCTChangeGT0.5,_HTGT1.5_,,,(Test)MaySell-CheckChart(downTrend-lastDayUp),##MA-SMA200GT0SMA100LT0,",-2.015797804455234,1,0,1
"PCDCLT0PCTChangeGT5,_HTGT3.0__LTGT1.5_,,,chisSellLastDayHighUpReversal,",2.50149446011907,3,2,1
"PCTChangeGT3,_LTGT1.5_,,,volBuyContinueLast2DayUp-VolUp,chisBuyFinalCandidate-(lastDayUp),buyFinal,",0.2780951106817413,1,1,0
"PCTChangeLT-1,_LTGT1.5_,,,checkCupDown-2dayDown-mayReversalBuy,chisDownTrend-Risky-nearHigh,##(Check-chart-buy):month3High-InMinus,ReversalHighMonth3,",-1.9623233673919314,1,0,1
"PCTChangeGT3,_HTGT1.5__LTGT1.5__HTGTPCTDayChange__LTGTPCTDayChange_,,,%%HLTF-Last2HighTail:(UPTREND)buy(DOWNTREND)sell:HighUpperTailPre-last2DayUp,##MAPositive_Uptrend(GT1),##MA-SMA200GT0SMA100GT0,##lastDayHighGT5TodayGT1,",0.9221937196055583,1,1,0
"PCTChangeLT-1,_HTGT1.5__LTGT1.5__LTGTPCTDayChange_,,,##(Check-chart-buy):month3High-InMinus,ReversalHighMonth3,",-0.7827256447263963,1,0,1
"PCTChangeGT2,_LTGT1.5_,,,$$(DOWNTREND-OR-GLOBALDOWN)MaySellContinue-CheckChart(inuptrend-monthlow)-PCTDayChangeGT2,buyYear2LowBreakingUp,",-0.2615721087401722,1,0,1
"PCTChangeGT3,_HTGT1.5_,,,week2BarHighChangeGT2,",1.1515251549863466,2,1,1
"PCTChangeLT-5,year2Low,,,,chisBuyDayLowVolLow-01,",1.3262238960687882,2,1,1
"PCTChangeLT-5,,,,volumeUpsergedLast2n3n4DayUp,weekBarLowChangeLT-2,brokenToday,##last2DayLow(LT-3)-M3LLT0,",2.400785541878481,1,1,0
"PCTChangeLT-5,_LTGT3.0_,,,(GLOBALFUTDOWN-DOWNTRENDMARKET)checkSellConsolidationBreakDown-week2-lowNotReachedWeek3,week2BarLowChangeLT-2,##MANegative_Downtrend_(LT-4.5),##MA-SMA200GT0SMA100LT0,",0.4553006776276154,1,1,0
"PCTChangeGT1,_HTGT1.5__LTGT3.0__HTGTPCTDayChange__LTGTPCTDayChange_,,,##(Check-chart)buyMonth3High-Continue,",6.331912200575901,1,1,0
"PCTChangeGT2,_LTGT3.0_,,,%%HLTF:(GLOBAL-DOWN)sellHighLowerTail-Reversal-LastDayMarketUp,VOL:sell-DownVol-3dayUp-Week2Low,",-3.445893767604971,1,0,1
"PCTChangeLT-0.5,year2High,_LTGT1.5_,,,%%HLTF:(GLOBAL-UP)buyHighLowerTail-LastDayMarketUp,",2.122802734375002,1,1,0
"PCDCLT0PCTChangeGT0,,,,##(Test)(check-chart)-buySMAUpTrend,MayBuyCheckChart-(|`|_|),",0.7311629669594846,2,2,0
"PCTChangeLT-1,,,,%%:checkSell:ConsolidationBreakDown(NotShapeA)-2week,checkSellConsolidationBreakDown-2week,week2BarLowChangeLT0,brokenToday,##(Check-chart-buy):YearHigh-InMinus,ReversalHighYear,",1.2632308741348095,1,1,0
"PCDCLT0PCTChangeGT0,_HTGT1.5_,,,%%HLTF-LastDayUp:(DOWNTREND-OR-GLOBALDOWN)MaySellHighTail-LastDayMarketUp,buyMayYear2LowBreakingUp,",7.5605759542529904,2,2,0
"PCTDayChangeLT0,_HTGT1.5__LTGT1.5_,,,%%:check(UPTREND-UPMARKET)Buy(DOWNTRENDTREND-DOWNMARKET)Sell:Super01-monthLow,",1.9642875308082273,1,1,0
"PCTChangeGT3,_HTGT1.5__LTGT1.5__LTGTPCTDayChange_,,,chisBuyFinalCandidate-3,",-0.40011258099608615,1,0,1
"PCTChangeLT-8,_LTGT3.0_,,,(GLOBAL-DOWN)maySellContinueHighVolatileLastDayDOWN-month6LowGT0-(LT-8),##MANegative_Downtrend_(LT-4.5),##MA-SMA200LT0SMA100LT0,",2.08324025399981,3,2,1
"PCTChangeGT3,year2Low,_HTGT1.5__LTGT1.5_,,,VOL:buy(GLOBALFUTDOWN-GLOBALMARKETDOWN)Sell-UpVol-3dayUp-Week2Low,",-1.569443614357029,1,0,1
"PCTChangeGT1,_LTGT1.5_,,,%%:checkSell:FlagWeek-doji,",0.43548035863613865,2,1,1
"PCTChangeGT2,year2High,,,,chisCheckConsolidationBreakoutLT(4.5),weekBarHighChangeGT0,brokenToday,",-2.631741772018462,2,0,2
"PCTChangeLT-2,,,,vol-buy-DownVol-3dayDown-Week2Low,##DOWNTREND:sellYear2HighReversal(InDownTrend),$$MayBuy-CheckChart(monthLow-minimumLast4DayDown),",-0.6369434195779556,1,0,1
"PCTChangeGT3,_LTGT3.0_,,,##(Check-chart-sell):month3Low-InPlus,NearLowMonth3,",1.6131723041383301,1,1,0
"PCTChangeLT-1,,,,chisFinalBreakOutSell-0,",-0.786360500499733,3,1,2
"PCTChangeLT-2,_LTGT1.5_,,,weekBarLowChangeLT-2,brokenToday,##DOWNTREND:sellYearLowBreak,",0.7274291800329352,1,1,0
"PCTChangeLT-2,_HTGT1.5_,,,chisSellFlag2Week-Risky,chisDownTrend-Risky-nearHigh,##(Check-chart-buy):month3High-InMinus,ReversalHighMonth3,",-0.853242320819126,1,0,1
"PCTChangeGT3,,,,chisSellYear2LowLT-40-last4DayDown(triggerAfter-9:15),chisBuyUpTrend-nearLow,",0.2584517725401989,1,1,0
"PCTChangeLT-2,,,,volBuyReversalLast2DayDown-VolUp,weekBarLowChangeLT-2,brokenToday,",4.011468359615003,1,1,0
"PCTChangeGT5,_HTGT1.5_,,,volBuyContinueLast2DayUp-VolUp,##MAPositive_Uptrend(GT4.5),##MA-SMA200LT0SMA100GT0,",0.2864398031567795,1,1,0
"PCTChangeGT3,,,,volumeUpsergedLast2n3n4DayDown,weekBarHighChangeGT2,brokenToday,##(Check-chart):year2High-InPlus,",-2.999999999999993,1,0,1
"PCTChangeGT3,_HTGT1.5__HTGTPCTDayChange_,,,##MANegative_Downtrend_(GT1),##MA-SMA200LT0SMA100LT0,",-2.050986564021711,1,0,1
"PCTChangeLT-3,,,,%%:checkSell:Super0,volumeUpsergedLast2n3n4DayUp,weekBarLowChangeLT-2,##MANegative_Downtrend_(LT-2),##MA-SMA200LT0SMA100LT0,",-0.09264122698067015,1,0,1
"PCTChangeGT16,year2Low,_HTGT3.0__LTGT1.5__HTGTPCTDayChange_,,,volBuyContinueLast2DayUp-VolUp,",-3.5170468417080865,1,0,1
"PCDCGT0PCTChangeLT-1,_HTGT3.0_,,,##MA-SMA200GT0SMA100GT0,",-1.6792258159509468,2,0,2
"PCTChangeLT-1,,,,checkCupDown-near2WeekDown-mayReveresalBuy,(GLOBALFUTDOWN-DOWNTRENDMARKET)checkSellConsolidationBreakDown-week2-lowNotReachedWeek3,week2BarLowChangeLT0,weekLowLTweek2Low,##(Check-chart-buy):month3High-InMinus,ReversalHighMonth3,",-0.17981452229699035,1,0,1
"PCTChangeLT-3,,,,week2BarLowChangeLT-2,##last2DayLow(LT-3)-M3LGT0,##ML:sellRisingMA-down-(Risky),",-1.4421206045422266,1,0,1
"PCTChangeGT3,year2Low,,,,chisFinalBreakOutBuy-1test-atYearLow,",-1.227404895406053,1,0,1
"PCTChangeGT5,year2High,_HTGT3.0__LTGT3.0_,,,%%HLTF-Last2HighTail:(UPTREND)buy(DOWNTREND)sell:HighUpperTailPre-last2DayUp,volSellReversalLast2DayUp-VolUp,##last2DayHighGT3-M3HGT0,",-8.461535990479502,1,0,1
"PCTChangeLT-3,_HTGT1.5__HTGTPCTDayChange_,,,##sellTenDaysMoreThanTen,##buyRisingMA-1,",4.958334409176806,1,1,0
"PCDCLT0PCTChangeGT3,_LTGT1.5_,,,##lastDayHigh(LT-5)Today(LT-1),",0.8122028208811214,2,1,1
"PCTChangeLT-2,_HTGT1.5__LTGT1.5_,,,##(Check-chart-buy):month3High-InMinus,NearHighMonth3,",-1.8067375951645746,1,0,1
"PCTChangeGT3,_LTGT1.5_,,,%%HLTF-Risky:(GLOBAL-DOWN)sellHighLowerTail-Reversal-LastDayMarketUp,week2BarHighChangeGT0,weekHighGTweek2High,brokenToday,",-1.9957255815061345,1,0,1
"PCTChangeLT-1,_LTGT1.5_,,,weekBarLowChangeLT0,chisDownTrend-Risky-nearHigh,##(Check-chart-buy):month3High-InMinus,ReversalHighMonth3,",-0.7836018506272154,2,0,1
"PCTChangeGT3,,,,(GLOBALFUTUP-UPTRENDMARKET)checkBuyConsolidationBreakUp-week2-highNotReachedWeek3,week2BarHighChangeGT0,chisBuy-2week-breakoutup(check-chart)(|-|-| or --|),##UPTREND:buyYearLowReversal(Confirm),",2.6188893271579747,1,1,0
"PCTChangeGT5,year2Low,_LTGT3.0_,,,chisSellYear2LowLT-40-last4DayDown(triggerAfter-9:15),",-4.493589259995036,3,1,2
"PCTChangeLT-3,,,,checkCupDown-3dayDown-mayReversalBuy,##last2DayLow(LT-3)-M3LGT0,",1.0674180162979916,1,1,0
"PCTChangeGT2,year2High,,,,chisCheckConsolidationBreakoutLT(4.5),",-0.07387289211687051,23,7,16
"PCTChangeLT-2,_LTGT1.5_,,,%%:checkSell:CupDownDoji-last2lastDayLT0orTodayGT0,##ML:buyRisingMA-down-Risky,",-1.690143710570708,1,0,1
"PCTChangeLT-8,year2Low,_LTGT3.0_,,,##last2DayLow(LT-3)-M3LLT0,",5.018048338081002,1,1,0
"PCTChangeLT-2,_HTGT1.5_,,,%%:checkSell:Super0,",-4.07103896757818,3,1,2
"PCTChangeGT1,PCDayChange-0.5to0.5,_LTGT1.5_,,,sellPattern-LT-1.5-SMALT0,(SMA9LT0),",-3.8775510204081693,1,0,1
"PCTChangeLT-1,year2Low,,,,%%:buyDownTrend-month3Low,",-0.33216631939297114,1,0,1
"PCTChangeGT0,PCDayChange-0.5to0.5,_HTGT1.5_,,,chisSellSuper-Risky,-+,%%:sellDowntrend-lastDayUp-ReversalHighTail,",7.371165263565917,1,1,0
"PCTChangeGT3,_LTGT3.0_,,,chisBuyDownTrend-lowTail,",-0.24106503831649417,2,1,1
"PCDCLT0PCTChangeGT1,year2High,,,,(Test)MayBuy-CheckChart(upTrend-lastDayDown),",3.938051699672481,2,1,1
"PCTChangeGT0,,,,chisSellUpTrend-0,",0.9298723778127068,1,1,0
"PCTChangeLT-3,,,,weekBarLowChangeLT-2,##DOWNTREND:sellMonth6HighReversal(InDownTrend),##(Check-chart-buy):month6High-InMinus,ReversalHighMonth6,",0.25769212947703973,3,2,1
"PCTChangeLT-3,,,,%%:checkSell:Super0,vol-buy-DownVol-3dayDown-Week2Low,(GLOBALFUTDOWN-DOWNTRENDMARKET)checkSellConsolidationBreakDown-week2-lowNotReachedWeek3,week2BarLowChangeLT-2,weekLowLTweek2Low,##DOWNTREND:sellMonth3LowBreak,",5.734026287915584,1,1,0
"PCTChangeLT-0.5,PCDayChange-0.5to0.5,_HTGT1.5__LTGT1.5_,,,%%:checkSell:Super-Risky,+-,",0.1008995979890695,1,1,0
"PCTChangeGT1,PCDayChange-0.5to0.5,_LTGT1.5_,,,chisSellDowningMA-(check5MinuteDownTrendAndSellDowntrend),",-0.891545743521048,7,2,5
"PCTChangeLT-3,,,,vol-buy-DownVol-3dayDown-Week2Low,(GLOBALFUTDOWN-DOWNTRENDMARKET)checkSellConsolidationBreakDown-week2,weekBarLowChangeLT-2,",-0.9128902847343184,1,0,1
"PCTChangeLT-2,_HTGT1.5__LTGT1.5_,,,chisSellDayLowVolLow-03-checkMorningTrend(.5SL),",-1.1125945856491726,1,0,1
"PCTChangeGT1,_HTGT1.5_,,,%%HLTF-Last2HighTail:(UPTREND)buy(DOWNTREND)sell:HighUpperTailPre-last2DayUp,chisBuyYearHigh-3,",2.720659897962583,1,1,0
"PCTChangeLT-0.5,_LTGT1.5_,,,%%:checkSell:CupDownDoji-last2lastDayLT0orTodayGT0,%%HLTF:(GLOBAL-DOWN)sellHighLowerTail-Reversal-LastDayMarketUp,",2.4666646321614616,1,1,0
"PCTChangeLT-5,_HTGT1.5__LTGT3.0__LTGTPCTDayChange_,,,chisDownTrend-Risky-nearHigh,",-1.871845387786951,1,0,1
"PCTChangeLT-2,PCDayChange-0.5to0.5,_HTGT1.5_,,,%%:checkSell:Super00-monthLow,",3.8728306059203437,1,1,0
"PCTChangeLT-2,_HTGT1.5_,,,%%HLTF:(UPTREND-MorningTrend-UP)mayBuyTail-highTailGT2-7,10thDayGT10-Last2DayStockDown,volumeUpsergedLast2n3n4DayUp,chisSellDownTrend-nearHigh,##DOWNTREND:sellYearHigh(InDownTrend),##(Check-chart-buy):month3High-InMinus,NearHighMonth3,",1.0319895402383708,1,1,0
"PCTChangeGT2,_LTGT1.5_,,,chisUpTrend-Risky-nearLow,weekBarHighChangeGT0,brokenToday,##UPTREND:buyMonth3LowReversal(Confirm),",2.8850044893867057,1,1,0
"PCTDayChangeLT0,_HTGT3.0__HTGTPCTDayChange_,,,%%HLTF:maySellTail-tailGT2-7,10thDayGT20,",0.23148148148147413,1,1,0
"PCTChangeGT2,_HTGT3.0__HTGTPCTDayChange_,,,volBuyContinueLast2DayUp-VolUp,(GLOBALFUTUP-UPTRENDMARKET)checkBuyConsolidationBreakUp-week2-highNotReachedWeek3,week2BarHighChangeGT2,weekHighGTweek2High,",2.924205383024608,1,1,0
"PCTChangeGT1,_LTGT1.5_,,,%%:checkSell:Super2,chisSellDowningMA-(check5MinuteDownTrendAndSellDowntrend)-Already10DayDown,",-1.689149557513221,3,0,3
"PCTChangeLT-3,_HTGT1.5_,,,##MANegative_Downtrend_(LT-2),##MA-SMA200LT0SMA100GT0,",-2.1982533370243886,2,1,1
"PCTChangeLT-2,,,,volBuyReversalLast2DayDown-VolDown,##(Check-chart-buy):month3High-InMinus,ReversalHighMonth3,",0.4971460408373323,6,3,3
"PCTChangeLT-1,_HTGT3.0__HTGTPCTDayChange_,,,##buyYear2LowMovingSMA,",-1.6555032579130677,2,0,2
"PCTChangeLT-2,,,,chisBuyFinalContinue-3,",3.863489943397058,1,1,0
"PCTChangeLT-3,_HTGT1.5__LTGT1.5_,,,##MANegative_Downtrend_(LT-4.5),##MA-SMA200LT0SMA100LT0,",1.3304971229828781,3,1,2
"PCTChangeGT3,_HTGT1.5__LTGT1.5_,,,##UPTREND:buyYear2LowReversal(Confirm),",-0.9688358014316287,1,0,1
"PCDCLT0PCTChangeGT0,_HTGT1.5__LTGT1.5__HTGTPCTDayChange__LTGTPCTDayChange_,,,%%HLTF:(UPTREND-MorningTrend-UP)mayBuyTail-highTailGT2-7,10thDayGT10-Last2DayStockDown,",-1.2195191995826182,1,0,1
"PCTChangeGT2,year2High,_HTGT1.5_,,,shortUpTrendSellReversal-MonthHigh,weekBarHighChangeGT2,",1.3832378821511413,1,1,0
"PCTChangeGT3,year2High,,,,checkBuyConsolidationBreakout-allPreLT0,week2BarHighChangeGT2,weekHighGTweek2High,brokenToday,",-3.451047489087742,1,0,1
"PCTChangeGT0.5,_HTGT1.5_,,,chisBuyConsolidationBreakUp-2week-(Risky)-year2High,week2BarHighChangeGT0,weekHighGTweek2High,brokenToday,",-0.44871794871794235,1,0,1
"PCTChangeGT1,_HTGT1.5__HTGTPCTDayChange_,,,$$MaySell-CheckChart(downTrend-mayReverseLast4DaysUp),shortUpTrendBuyContinue-Doji-Last2DayGTToday,",-3.986482362489443,1,0,1
"PCTChangeLT-3,,,,chisSellFinalCandidate-4,##last2DayLow(LT-3)-M3LGT0,",5.020050627752368,1,1,0
"PCTChangeLT-8,_HTGT1.5__LTGT1.5_,,,(GLOBAL-DOWN)maySellContinueHighVolatileLastDayDOWN-PCT10GT0-(LT-8),chisDownTrend-Risky-nearHigh,",-2.5490156186172417,1,0,1
"PCTChangeGT1,PCDayChange-0.5to0.5,,,,%%:sellDowntrend-lastDayUp-ReversalHighTail,",-0.3242964738587441,5,2,3
"PCDCLT0PCTChangeGT0,PCDayChange-0.5to0.5,,,,%%:checkBuyContinue:CupDownDoji-last2dayUp,",-0.37801128163899095,10,4,6
"PCTChangeGT5,_HTGT1.5__LTGT1.5_,,,%%HLTF-Last2HighTail:(UPTREND)buy(DOWNTREND)sell:HighUpperTailPre-last2DayUp,##MAPositive_Uptrend(GT4.5),##MA-SMA200LT0SMA100LT0,",5.899444182765258,1,1,0
"PCTChangeLT-3,,,,week2BarLowChangeLT0,##last2DayLow(LT-3)-M3LGT0,",4.208598669428056,1,1,0
"PCTChangeGT1,_HTGT1.5_,,,##MANegative_Downtrend_(GT2),##MA-SMA200LT0SMA100LT0,",-3.966472229962121,1,0,1
"PCTChangeLT-3,_LTGT1.5_,,,checkCupDown-2dayDown,",-1.5404929577464759,1,0,1
"PCTChangeLT-3,,,,##last2DayLow(LT-3)-M3LGT0,volBuyRevarsalVolCrossed,chisSellDayLowVolLow-0,",-4.627285114991732,1,0,1
"PCTChangeLT-2,,,,vol-buy-DownVol-3dayDown-Week2Low,##DOWNTREND:sellYearLowBreak,",-3.09702878193791,2,0,2
"PCTChangeLT-3,_LTGT1.5_,,,(GLOBALFUTDOWN-DOWNTRENDMARKET)checkSellConsolidationBreakDown-week2-lowNotReachedWeek3,week2BarLowChangeLT0,weekLowLTweek2Low,chisDownTrend-Risky-nearHigh,",-0.4447732042910403,1,0,1
"PCTChangeGT3,_HTGT1.5_,,,chisBuyUpTrend-nearLow,##UPTREND:buyMonth6LowReversal(Confirm),",-2.7699364855328223,1,0,1
"PCTChangeGT0.5,_HTGT1.5__LTGT3.0__HTGTPCTDayChange__LTGTPCTDayChange_,,,checkCupDown-lastDayUp,%%HLTF:(GLOBAL-DOWN)sellHighLowerTail-Reversal-LastDayMarketUp,",-0.06567517858403643,1,0,1
"PCTChangeGT0,PCDayChange-0.5to0.5,_HTGT3.0_,,,%%HLTF:maySellTail-tailGT2-7,10thDayGT20,",-1.083968067897175,1,0,1
"PCTChangeLT-2,_LTGT1.5_,,,chisSellFinalCandidate-(lastDayUp),##ML:BuyRisingMA-Risky-1,",4.191491958942815,1,1,0
"PCTChangeGT3,,,,chisCheckConsolidationBreakoutLT(4.5),checkBuyConsolidationBreakUp-2week,week2BarHighChangeGT2,",0.7135505848361595,3,2,1
"PCTChangeGT0.5,year2High,_HTGT3.0__HTGTPCTDayChange_,,,%%HLTF-Risky9:30:maySellTail-tailGT2-7,10thDayGT15,",-1.8318153170025715,1,0,1
"PCTChangeGT2,year2High,_LTGT1.5_,,,%%HLTF:(SGXNIFTYUP)buyHighLowerTail-Continue,",-3.267763125751401,6,1,5
"PCTChangeGT0.5,_LTGT1.5_,,,%%:checkSell:lastDayLT(-4.5),%%HLTF:(GLOBAL-DOWN)sellHighLowerTail-Reversal-LastDayMarketUp,",-5.164252387152783,1,0,1
"PCDCLT0PCTChangeGT0,PCDayChange-0.5to0.5,_LTGT1.5_,,,%%HLTF:(SGXNIFTYUP)buyHighLowerTail-Continue,##MAPositive_Uptrend(LT0),##MA-SMA200LT0SMA100LT0,",3.4271543389124712,1,1,0
"PCTChangeGT2,,,,VOL:sell-DownVol-3dayUp-Week2Low,##(Check-chart)sellMonth3High-Continue,",-0.5720817570693707,1,0,1
"PCTChangeLT-5,_HTGT1.5__LTGT1.5_,,,chisDownTrend-Risky-nearHigh,",-2.7061086064785447,6,1,5
"PCTChangeGT2,,,,chisCheckConsolidationBreakoutLT(4.5),week2BarHighChangeGT0,",2.0089820976686013,2,2,0
"PCTChangeGT5,,,,chisCheckConsolidationBreakoutGT(4.5),(GLOBALFUTUP-UPTRENDMARKET)checkBuyConsolidationBreakUp-week2-highNotReachedWeek3,week2BarHighChangeGT2,brokenToday,",0.7995513824371245,1,1,0
"PCTChangeLT-2,,,,checkCupDown-near2WeekDown-mayReveresalBuy,##DOWNTREND:sellYear2HighReversal(InDownTrend),##(Check-chart-buy):month3High-InMinus,ReversalHighMonth3,",1.127496956228391,2,2,0
"PCTChangeGT3,_HTGT1.5_,,,%%HLTF-Last2HighTail:(UPTREND)buy(DOWNTREND)sell:HighUpperTailPre-last2DayUp,##MAPositive_Uptrend(GT2),##MA-SMA200GT0SMA100GT0,##last2DayHighGT3-M3HGT0,",-1.4277345470535279,3,1,2
"PCTChangeLT-3,,,,chisSell:Super03-monthLow,",0.8717038463456139,9,6,3
"PCTChangeGT3,,,,##MAPositive_Uptrend(GT4.5),##MA-SMA200GT0SMA100LT0,",-1.8823950504650644,1,0,1
"PCTChangeLT-0.5,PCDayChange-0.5to0.5,_HTGT3.0__LTGT1.5_,,,%%HLTF:maySellTail-tailGT2-allDayGT0,##buyYear2LowMovingSMA,",-8.053692502492542,1,0,1
"PCDCLT0PCTChangeGT3,year2Low,_LTGT3.0_,,,sellPatterns-LT-1.5-SMALT0,(SMA9LT0),",-2.752010459515698,1,0,1
"PCDCGT0PCTChangeLT-1,PCDayChange-0.5to0.5,_HTGT1.5_,,,%%:checkSell:CupDownDoji,",-2.2148188838252314,1,0,1
"PCTChangeLT-3,_HTGT3.0__LTGT1.5__HTGTPCTDayChange_,,,##(Check-chart-buy):month3High-InMinus,NearHighMonth3,",8.30226202284342,1,1,0
"PCTChangeLT-2,_HTGT1.5_,,,vol-buy-DownVol-3dayDown-Week2Low,",0.2983217550485804,2,1,1
"PCTChangeLT-2,PCDayChange-0.5to0.5,year2Low,_LTGT1.5_,,,buyMorningStar-HighLowerTail-(checkChart),",-0.935253994070368,1,0,1
"PCTChangeGT2,,,,vol-sell-DownVol-3dayUp-Week2High,##(Check-chart):year2High-InPlus,",-1.5749429045904701,2,0,2
"PCTChangeLT-2,,,,(GLOBALFUTDOWN-DOWNTRENDMARKET)checkSellConsolidationBreakDown-week2-lowNotReachedWeek3,week2BarLowChangeLT0,weekLowLTweek2Low,chisSellDownTrend-nearHigh,##DOWNTREND:sellYearHighReversal(InDownTrend),##(Check-chart-buy):month3High-InMinus,ReversalHighMonth3,",1.998644986449862,1,1,0
"PCTChangeGT5,,,,chisSellDayHighVolLow-01-checkMorningTrend(.5SL),##MAPositive_Uptrend(GT4.5),##MA-SMA200GT0SMA100GT0,",-1.9625282776130166,2,0,2
"PCTChangeLT-1,_HTGT1.5_,,,chisDownTrend-Risky-nearHigh,##(Check-chart-buy):month3High-InMinus,NearHighMonth3,",-3.8260882833729584,1,0,1
"PCTChangeLT-3,_HTGT1.5__HTGTPCTDayChange__LTGTPCTDayChange_,,,chisBuy-smallUptrendContinue,%%HLTF-Last2HighTail:(DOWNTREND)sell(UPTREND)buy:HighUpperTailPre,",-0.7348030268901138,1,0,1
"PCTChangeEQ0,,,,chisSellFlag2Week-doji-Risky,",-0.169434086634553,1,0,1
"PCTChangeLT-3,_HTGT1.5__HTGTPCTDayChange_,,,##(Check-chart-buy):month3High-InMinus,ReversalHighMonth3,",-0.9672989610669647,1,0,1
"PCTChangeLT-8,,,,##last2DayLow(LT-3)-M3LGT0,",6.457320214548435,2,2,0
"PCTChangeLT-0.5,_LTGT1.5_,,,chisSell:Super03-monthLow,volBuyReversalLast2DayDown-VolUp,",-1.6949112477218424,1,0,1
"PCTChangeLT-3,_LTGT1.5_,,,##MANegative_Downtrend_(LT-4.5),##MA-SMA200GT0SMA100LT0,",-3.027723993898671,5,1,4
"PCTChangeGT0,PCDayChange-0.5to0.5,_LTGT3.0_,,,chisBuyYearHigh-3,",-0.27735835413116333,1,0,1
"PCTChangeGT3,year2High,_HTGT3.0__HTGTPCTDayChange_,,,%%HLTF-Last2HighTail:(UPTREND)buy(DOWNTREND)sell:HighUpperTailPre-last2DayUp,##lastDayHighGT5TodayGT1,",-0.10223170794945627,2,1,1
"PCTChangeLT-8,,,,maySellHighVolatileDownContinueLT-8,volumeUpsergedLast2n3n4DayUp,",-5.035053511719685,1,0,1
"PCTChangeGT2,,,,sellHeavyUpTrend-Reversal,##MA-SMA200GT0SMA100GT0,",2.0944796501194984,1,1,0
"PCTChangeGT3,,,,##(Check-chart-sell):month3Low-InPlus,ReversalLowMonth3,##(check-chart)mayBuy-EMA6-LT-May-MT-EMA14,##UPTREND:buyMonth3LowReversal(Confirm),",-1.9120253062036723,1,0,1
"PCTChangeGT2,,,,##RisingMA(Test)(check-chart-buy)-2DayUp,",-0.24538843824483594,12,5,7
"PCTChangeLT-3,_HTGT1.5__LTGT1.5_,,,##MANegative_Downtrend_(LT-2),##MA-SMA200LT0SMA100LT0,##last2DayLow(LT-3)-M3LLT0,",-7.475725192468144,1,0,1
"PCTChangeLT-16,year2Low,,,,volBuyReversalLast2DayDown-VolDown,chisRSISellCandidate(yearLow)-lessThanMinus5,chisSellDayLowVolLow-0,",1.451106026345623,1,1,0
"PCTChangeLT-1,,,,chisSell:Super03-monthLow,",-0.40398261490516324,157,58,98
"PCTChangeLT-3,year2Low,,,,chisBuyYear2Low,BreakLowYear2,",15.402093633905142,1,1,0
"PCTChangeGT1,PCDayChange-0.5to0.5,_LTGT1.5_,,,buyYearHigh-0,",-0.6584829287363259,3,1,2
"PCTChangeGT0.5,PCDayChange-0.5to0.5,_HTGT1.5_,,,chisSellDowningMA-(check5MinuteDownTrendAndSellDowntrend)-Already10DayDown,",0.37773192762642815,9,5,4
"PCTChangeGT1,,,,chisUpTrend-Risky-nearLow,##RisingMA(Test)(check-chart-buy)-2DayUp,##(Test)buyBottomReversal-1,",3.874519262284317,1,1,0
"PCTChangeLT-2,_LTGT1.5_,,,checkSellConsolidationBreakDown-2week,week2BarLowChangeLT0,",2.4668356362686072,1,1,0
"PCTChangeLT-5,_LTGT3.0_,,,%%HLTF:(SGXNIFTYUP)buyHighLowerTail-Continue,zigZagVolCrossedFromUp,",16.08548388854699,1,1,0
"PCTChangeGT3,year2High,_HTGT3.0__HTGTPCTDayChange_,,,##lastDayHighGT5TodayGT1,",2.3924714775495475,1,1,0
"PCTChangeLT-3,_LTGT1.5_,,,volBuyReversalLast2DayDown-VolDown,##(Check-chart-buy):month3High-InMinus,ReversalHighMonth3,",-6.560242434582076,1,0,1
"PCTChangeLT-5,_HTGT1.5__LTGT1.5_,,,(GLOBALFUTDOWN-DOWNTRENDMARKET)checkSellConsolidationBreakDown-week2-lowNotReachedWeek3,week2BarLowChangeLT-2,##last2DayLow(LT-3)-M3LGT0,",2.524136247306031,1,1,0
"PCTChangeLT-1,_HTGT3.0__HTGTPCTDayChange_,,,##ML:BuyRisingMA-Risky-0,",-0.5654917126793427,1,0,1
"PCTChangeLT-3,,,,##MANegative_Downtrend_(LT-2),##MA-SMA200LT0SMA100LT0,##DOWNTREND:sellYearLowBreak,##last2DayLow(LT-3)-M3LLT0,",-0.688122495467991,6,1,5
"PCTChangeGT0,year2High,_HTGT3.0_,,,%%HLTF:(UPTREND-MorningTrend-UP)mayBuyTail-highTailGT2-7,10thDayGT10-Last2DayStockDown,",-0.9374999999999905,1,0,1
"PCTChangeGT3,_LTGT1.5_,,,chisBuyDownTrend-Risky-2,",2.285595363838295,7,6,1
"PCDCGT0PCTDayChangeLT0,_HTGT3.0__HTGTPCTDayChange_,,,%%:checkSell:Super2,(Test)MaySell-CheckChart(downTrend-lastDayUp),",0.4957997755221812,1,1,0
"PCTChangeLT-1,_LTGT1.5_,,,(GLOBALFUTDOWN-DOWNTRENDMARKET)checkSellConsolidationBreakDown-week2-lowNotReachedWeek3,week2BarLowChangeLT0,(Test)(check-chart-2-3MidCapCross)MayBuyCheckChart-Risky,",2.081193265443128,1,1,0
"PCTChangeLT-3,_LTGT1.5_,,,chisDownTrend-Risky-nearHigh,##(Check-chart-buy):month3High-InMinus,ReversalHighMonth3,",0.06872789121796347,25,13,12
"PCTChangeLT-2,,,,%%:checkSell:ConsolidationBreakDown(NotShapeA)-2week,checkSellConsolidationBreakDown-2week,week2BarLowChangeLT0,weekLowLTweek2Low,chisDownTrend-Risky-nearHigh,##(Check-chart-buy):month6High-InMinus,ReversalHighMonth6,",1.0769183819110573,1,1,0
"PCTChangeLT-1,_HTGT1.5_,,,##ML:BuyRisingMA-Risky-1,",2.9347069386262397,3,2,1
"PCTChangeLT-1,_LTGT1.5_,,,##(Check-chart-buy):month3High-InMinus,NearHighMonth3,",1.4799581985307064,4,3,1
"PCTChangeLT-3,,,,volSellContinueLast2DayDown-VolUp,(GLOBALFUTDOWN-DOWNTRENDMARKET)checkSellConsolidationBreakDown-week2-lowNotReachedWeek3,week2BarLowChangeLT-2,",-0.34185294306820363,3,2,1
"PCTChangeGT3,_HTGT1.5_,,,%%HLTF:(DOWNTREND-OR-GLOBALDOWN)maySellTail-tailGT2-2,3,4thDayGT0,VOL:buy-DownVol-3dayUp-Week2Low,",0.5846345368319419,1,1,0
"PCTChangeGT5,_LTGT3.0_,,,chisSelldowntrendReversalMayFail,",-0.2766654948979315,3,1,2
"PCTChangeLT-0.5,,,,(SMA9GT0),mayBuyFromSellPattern-GT1.8,",1.6541780045178336,2,2,0
"PCTChangeGT1,_HTGT1.5__HTGTPCTDayChange_,,,%%HLTF-Risky9:30:maySellTail-tailGT2-7,10thDayGT15,(Test)(check-chart-2-3MidCapCross)MaySellCheckChart-Risky,%%:sellUpTrend-month3High,",0.3956461050443506,1,1,0
"PCTChangeGT8,year2High,_HTGT3.0__LTGT1.5__HTGTPCTDayChange_,,,%%HLTF-Last2HighTail:(UPTREND)buy(DOWNTREND)sell:HighUpperTailPre-last2DayUp,",12.480920689706586,1,1,0
"PCTChangeLT-3,_HTGT1.5_,,,vol-buy-DownVol-3dayDown-Week2Low,##last2DayLow(LT-3)-M3LGT0,",4.891780152897705,1,1,0
"PCTChangeLT-2,_HTGT3.0__HTGTPCTDayChange_,,,chisDownTrend-Risky-nearHigh,##DOWNTREND:sellMonth3HighReversal(InDownTrend),##(Check-chart-buy):month3High-InMinus,ReversalHighMonth3,",-0.5882352941176457,1,0,1
"PCTChangeLT-0.5,,,,##buyYear2LowMovingSMA,",1.0933195283685377,12,7,5
"PCTChangeLT-2,,,,checkCupDown-inDownTrend-month3HighLTmonth3Low,bar_low,chisSellDownTrend-nearHigh,##DOWNTREND:sellMonth3High(InDownTrend),##(Check-chart-buy):month3High-InMinus,NearHighMonth3,",0.9701492537313487,1,1,0
"PCTChangeGT3,,,,volSellVolumeUpsergedLast2n3DayDown,(GLOBALFUTUP-UPTRENDMARKET)checkBuyConsolidationBreakUp-week2-highNotReachedWeek3,week2BarHighChangeGT0,brokenToday,chis-breakoutup-2week,chisSell-2week-breakoutup,",2.4884764499927963,1,1,0
"PCTChangeGT3,_LTGT1.5_,,,volumeUpsergedLast2n3n4DayDown,volBuyContinueLast2DayUp-VolUp,BuyYearLow,",-3.341430249059009,1,0,1
"PCTChangeGT1,_LTGT3.0_,,,%%HLTF:(GLOBAL-DOWN)sellHighLowerTail-Reversal-LastDayMarketUp,",-0.7353174106593631,19,8,11
"PCTChangeGT2,year2High,,,,week2BarHighChangeGT0,weekHighGTweek2High,brokenToday,",-0.3836805353520898,2,1,1
"PCTChangeLT-0.5,_HTGT3.0__LTGT1.5__HTGTPCTDayChange__LTGTPCTDayChange_,,,%%:checkSell:Super01-monthLow,",-1.3025848276060876,1,0,1
"PCTChangeGT3,year2High,,,,chisCheckConsolidationBreakoutLT(4.5),chisBuyConsolidationBreakUp-2week-(Risky)-year2High,week2BarHighChangeGT5,weekHighGTweek2High,",-1.5923566878980893,1,0,1
"PCTChangeGT2,,,,chisCheckConsolidationBreakoutGT(4.5),",-5.790771107689661,2,0,2
"PCTChangeGT1,_HTGT3.0_,,,volumeUpsergedLast2n3n4DayDown,volBuyContinueLast2DayUp-VolUp,",-2.4390255905360445,1,0,1
"PCDCGT0PCTDayChangeLT0,PCDayChange-0.5to0.5,_HTGT3.0_,,,%%:sellDowntrend-lastDayUp-ReversalHighTail,",0.20779512209327936,3,1,2
"PCTChangeLT-3,,,,$$MayBuy-CheckChart(monthLow-minimumLast4DayDown),##(Check-chart-buy):month3High-InMinus,ReversalHighMonth3,",-0.4122275634841017,1,0,1
"PCTChangeGT3,,,,##MAPositive_Uptrend(GT4.5),##MA-SMA200LT0SMA100LT0,##last2DayHighGT3-M3HLT0,",-0.4655878759777339,2,0,2
"PCTChangeGT0.5,_HTGT3.0__HTGTPCTDayChange_,,,chisBuyYearHigh-1,",-0.838884672160713,1,0,1
"PCTChangeGT0,PCDayChange-0.5to0.5,_LTGT1.5_,,,%%:checkSell:Super2,-+,chisSellDowningMA-(check5MinuteDownTrendAndSellDowntrend)-Already10DayDown,",-0.07873840987383594,1,0,1
"PCTChangeGT3,_HTGT3.0__LTGT3.0__LTGTPCTDayChange_,,,##MANegative_Downtrend_(GT4.5),##MA-SMA200GT0SMA100LT0,",-8.69458085794582,1,0,1
"PCTChangeGT3,year2High,_HTGT1.5_,,,%%:sellUpTrend-month3High,shortUpTrendSellReversal-MonthHigh,",1.6793613268202983,1,1,0
"PCTChangeGT5,,,,chisBuyDayHighVolLow-0,vol-sell-DownVol-3dayUp-Week2High,##MAPositive_Uptrend(GT2),##MA-SMA200GT0SMA100GT0,",0.4162854615991857,1,1,0
"PCTChangeLT-0.5,_HTGT1.5__HTGTPCTDayChange_,,,%%HLTF-Last2HighTail:(DOWNTREND)sellHighUpperTailPre,",-0.6587229291351097,12,5,7
"PCTChangeLT-5,_LTGT3.0_,,,##MANegative_Downtrend_(LT-2),##MA-SMA200LT0SMA100LT0,##last2DayLow(LT-3)-M3LLT0,",1.6109020231981512,1,1,0
"PCTChangeGT3,_LTGT1.5_,,,volumeUpsergedLast2n3n4DayDown,volBuyContinueLast2DayUp-VolUp,##RisingMA(Test)(check-chart-buy)-2DayUp,",-0.3731260622405416,1,0,1
"PCTChangeGT0.5,_HTGT1.5_,,,(GLOBALFUTUP-UPTRENDMARKET)checkBuyConsolidationBreakUp-week2-highNotReachedWeek3,week2BarHighChangeGT0,brokenToday,",-0.8783804403768873,1,0,1
"PCTChangeLT-3,_LTGT1.5_,,,volumeUpsergedLast2n3n4DayUp,(GLOBALFUTDOWN-DOWNTRENDMARKET)checkSellConsolidationBreakDown-week2-lowNotReachedWeek3,week2BarLowChangeLT0,",-0.32055529935080584,2,1,1
"PCTChangeLT-8,_LTGT3.0_,,,VOL:sellAboveTail-BuyAtClose:upVol3dayDownWeek2Low-highLowerTail,##MANegative_Downtrend_(LT-4.5),##MA-SMA200GT0SMA100GT0,",4.532971351622729,1,1,0
"PCTChangeLT-5,_LTGT1.5_,,,volBuyReversalLast2DayDown-VolDown,##MANegative_Downtrend_(LT-4.5),##MA-SMA200LT0SMA100LT0,",2.231734275807437,2,1,1
"PCTChangeGT3,,,,buyHeavyUpTrend-Continue-(Risky),vol-sell-DownVol-3dayUp-Week2High,weekBarHighChangeGT2,##MAPositive_Uptrend(GT2),##MA-SMA200GT0SMA100GT0,##last3DayHighGT3-M3HLT0,",-2.674420788377671,1,0,1
"PCTChangeLT-2,,,,weekBarLowChangeLT-2,##(Test)(Check-chart):year2Low-InMinus,",4.051339371034946,1,1,0
"PCDCLT0PCTChangeGT0,year2High,,,,(Test)MayBuy-CheckChart(upTrend-lastDayDown),",2.2358029701167115,5,3,2
"PCDCGT0PCTDayChangeLT0,_HTGT1.5__LTGT3.0__HTGTPCTDayChange__LTGTPCTDayChange_,,,%%HLTF-Last2LowTail:(DOWNTREND)sellHighLowerTailPre-1,",0.30988363243612416,2,2,0
"PCTChangeLT-2,,,,checkCupDown-month3HighLTmonth3Low,bar_low,##DOWNTREND:sellYear2HighReversal(InDownTrend),##(Check-chart-buy):month3High-InMinus,ReversalHighMonth3,",-1.7842336314347815,1,0,1
"PCTChangeGT3,_LTGT3.0_,,,##UPTREND:buyYearLowReversal(Confirm),",-0.9740259740259827,1,0,1
"PCDCGT0PCTDayChangeLT0,PCDayChange-0.5to0.5,_HTGT1.5_,,,%%:checkSell:Super2,-+,##MANegative_Downtrend_(GT0),##MA-SMA200LT0SMA100LT0,",0.777494366631379,3,2,1
"PCTChangeLT-2,_HTGT1.5_,,,weekBarLowChangeLT0,",1.3372675305575414,3,3,0
"PCTChangeLT-2,,,,(GLOBALFUTDOWN-DOWNTRENDMARKET)checkSellConsolidationBreakDown-week2-lowNotReachedWeek3,week2BarLowChangeLT0,##DOWNTREND:sellMonth6HighReversal(InDownTrend),##(Check-chart-buy):month3High-InMinus,ReversalHighMonth3,",1.0821824043708235,3,2,1
"PCTChangeLT-2,_HTGT1.5_,,,volBuyReversalLast2DayDown-VolDown,",-0.338951556748962,8,4,4
"PCTChangeGT2,,,,%%:checkSell:FlagWeek-doji,%%HLTF:(GLOBAL-SGX-DOWN)maySellTail-2,3,4thDayGT0,chisBuyUpTrend-nearLow,",0.6205956757163362,1,1,0
"PCDCLT0PCTChangeGT1,PCDayChange-0.5to0.5,_HTGT1.5__LTGT3.0_,,,$$MayBuyContinue-CheckChart(inUpTrend-monthHigh)-lowTail,",-1.84550068920029,1,0,1
"PCTChangeLT-5,_LTGT3.0_,,,%%HLTF:(GLOBAL-DOWN)sellHighLowerTail-Reversal-LastDayMarketUp,chisDownTrend-Risky-nearHigh,",-0.7954266981694814,1,0,1
"PCTChangeGT3,,,,zigZagVolCrossedFromDown,(GLOBALFUTUP-UPTRENDMARKET)checkBuyConsolidationBreakUp-week2-highNotReachedWeek3,week2BarHighChangeGT2,chis-breakoutup-2week,",-4.029129691745931,1,0,1
"PCTChangeGT3,,,,chisBuyUpTrend-1-YearHigh,chisCheckConsolidationBreakoutLT(4.5),",-0.27777777777776136,1,0,1
"PCTChangeLT-2,PCDayChange-0.5to0.5,_HTGT3.0_,,,buyYearHigh-0,",4.887759241706875,1,1,0
"PCTChangeLT-2,_LTGT1.5_,,,##MANegative_Downtrend_(LT-2),##MA-SMA200LT0SMA100LT0,chisBuyDayLowVolLow-03-checkMorningTrend(.5SL)-after10:30,",6.528920575606928,1,1,0
"PCTChangeGT3,,,,(GLOBALFUTUP-UPTRENDMARKET)checkBuyConsolidationBreakUp-week2-highNotReachedWeek3,week2BarHighChangeGT0,weekHighGTweek2High,brokenToday,chisBuy-2week-breakoutup(check-chart)(|-|-| or --|),",2.946024585628985,2,1,1
"PCTChangeGT3,,,,volumeUpsergedLast2n3n4DayDown,weekBarHighChangeGT2,",-0.23942919622462147,8,6,2
"PCTChangeLT-2,_HTGT1.5_,,,chisDownTrend-Risky-nearHigh,##(Check-chart-buy):month3High-InMinus,ReversalHighMonth3,",0.5317221515873295,12,8,4
"PCTChangeLT-3,,,,weekBarLowChangeLT0,brokenToday,(SMA9LT0),chisDownTrend-Risky-nearHigh,##(Check-chart-buy):month3High-InMinus,ReversalHighMonth3,",-1.800525891832143,1,0,1
"PCTChangeLT-1,year2Low,_LTGT3.0_,,,chisBuyYear2Low,BreakLowYear2,",-7.807173991614629,2,0,2
"PCDCGT0PCTDayChangeLT0,_HTGT3.0__LTGT3.0__HTGTPCTDayChange__LTGTPCTDayChange_,,,%%HLTF-Last2HighTail:(UPTREND)buy(DOWNTREND)sell:HighUpperTailPre-last2DayUp,##MA-SMA200GT0SMA100GT0,",7.1877623268194455,1,1,0
"PCTChangeGT3,_HTGT1.5__HTGTPCTDayChange_,,,weekBarHighChangeGT2,brokenToday,",0.4558431000279096,1,1,0
"PCTChangeGT1,_HTGT1.5__HTGTPCTDayChange_,,,(Test)(check-chart-2-3MidCapCross)MaySellCheckChart-Risky,chisBuyYearHigh-1,",0.37893704348572665,1,1,0
"PCTChangeLT-5,_LTGT1.5_,,,volumeUpsergedLast2n3n4DayUp,##MANegative_Downtrend_(LT-4.5),##MA-SMA200LT0SMA100LT0,",-2.871425083705354,1,0,1
"PCTChangeGT3,,,,checkBuyConsolidationBreakUp-2week,week2BarHighChangeGT0,brokenToday,",0.6961338594826786,11,5,6
"PCTChangeGT3,PCDayChange-0.5to0.5,year2Low,_HTGT1.5__LTGT3.0_,,,%%HLTF-Last2LowTail:(DOWNTREND)sellHighLowerTailPre-1,",-1.8670898952564665,1,0,1
"PCTChangeGT3,,,,volumeUpsergedLast2n3n4DayDown,volBuyContinueLast2DayUp-VolUp,buyPatternsML,",-0.32153135023662244,1,0,1
"PCTChangeLT-5,,,,chisSellFlagWeek-Risky,%%HLTF-Last2DayMarketDown:(GLOBAL-UP)buyHighUpperTailPre1-Reversal-LastDayMarketDown,volBuyReversalLast2DayDown-VolDown,chisDownTrend-Risky-nearHigh,",6.297162921308002,1,1,0
"PCTChangeGT1,PCDayChange-0.5to0.5,_LTGT1.5_,,,chisSellFlagWeek-doji-Risky,",-0.8663244342221624,3,2,1
"PCTChangeLT-3,,,,chisSellFinalCandidate-(lastDayUp)-(highChange),sellFinalCandidate-00,##sellTenDaysMoreThanTen,",-6.658069241431454,1,0,1
"PCTChangeLT-2,_LTGT3.0_,,,%%HLTF:(GLOBAL-DOWN)sellHighLowerTail-Reversal-LastDayMarketUp,chisDownTrend-Risky-nearHigh,",1.071430387951077,1,1,0
"PCTChangeGT1,,,,##MAPositive_Uptrend(GT1),##MA-SMA200GT0SMA100GT0,",0.026987556181463892,44,18,26
"PCTDayChangeLT0,,,,chisDownTrend-Risky-nearHigh,",-0.06766455923103656,505,222,281
"PCTChangeGT2,,,,chisSellYear2LowLT-40-last4DayDown(triggerAfter-9:15),##UPTREND:buyYear2LowReversal(Confirm),",0.10677893485507368,1,1,0
"PCDCGT0PCTDayChangeLT0,_HTGT1.5_,,,chisSellFlagWeek-doji-Risky,",-0.2806723999090012,1,0,1
"PCTDayChangeLT0,PCDayChange-0.5to0.5,_HTGT1.5_,,,chisSell:Super03-monthLow,buyYearHigh-0,",0.5041441504715323,1,1,0
"PCTChangeGT5,_HTGT3.0__LTGT1.5__HTGTPCTDayChange_,,,##last2DayHighGT3-M3HLT0,",-2.440205384126471,2,1,1
"PCDCGT0PCTDayChangeLT0,PCDayChange-0.5to0.5,_HTGT3.0_,,,maySellFromBuyPattern-LT-1.8,",-4.3657983793005775,1,0,1
"PCTChangeGT3,,,,shortUpTrendSellReversal-MonthHigh,volBuyContinueLast2DayUp-VolUp,checkBuyConsolidationBreakUp-2week,week2BarHighChangeGT0,brokenToday,",-2.651312776749633,1,0,1
"PCTChangeLT-5,,,,(GLOBALFUTDOWN-DOWNTRENDMARKET)checkSellConsolidationBreakDown-week2-lowNotReachedWeek3,week2BarLowChangeLT0,chisDownTrend-Risky-nearHigh,##last2DayLow(LT-3)-M3LGT0,",2.3540489191212384,1,1,0
"PCTChangeGT3,_LTGT1.5_,,,chisSelldowntrendReversalMayFail,$$(DOWNTREND-OR-GLOBALDOWN)MaySellContinue-CheckChart(inuptrend-monthlow)-PCTDayChangeGT2,",-4.341954509104323,1,0,1
"PCTChangeLT-5,year2Low,_HTGT3.0_,,,volSellContinueLast2DayDown-VolUp,",-4.665492957746479,1,0,1
"PCDCGT0PCTDayChangeLT0,_HTGT3.0_,,,%%HLTF-Risky9:30:maySellTail-tailGT2-7,10thDayGT15,%%HLTF:(UPTREND-GLOBAL/SGX-UP)BuyHighUpperTail-Reversal-7,10thDayGT15-LastDayMarketDown,##MAPositive_Uptrend(GT0),##MA-SMA200LT0SMA100LT0,",4.356682071763987,1,1,0
"PCTChangeGT1,_HTGT3.0__HTGTPCTDayChange_,,,%%HLTF-Risky9:30:maySellTail-tailGT2-7,10thDayGT15,$$MaySell-CheckChart(downTrend-mayReverseLast4DaysUp),",1.396758132232006,1,1,0
"PCTChangeLT-2,,,,(GLOBALFUTDOWN-DOWNTRENDMARKET)checkSellConsolidationBreakDown-week2-lowNotReachedWeek3,week2BarLowChangeLT-2,%%:checkBuyRevarsalLast3DayDownAtMonth3High,",-1.0814230160589051,1,0,1
"PCTChangeLT-3,_HTGT1.5_,,,checkCupDown-3dayDown-mayReversalBuy,VOL:sell(GLOBALFUTUP-GLOBALMARKETUP)Buy-UpVol-3dayDown-Week2High,##last3DayLow(LT-3)-M3LGT0,",-2.248850176411292,1,0,1
"PCTChangeLT-2,,,,VOL:buy-UpVol-3dayDown-Week2Low,weekBarLowChangeLT-2,brokenToday,",-1.1631906525861424,1,0,1
"PCTChangeLT-2,_LTGT1.5_,,,volBuyReversalLast2DayDown-VolDown,chisBuyFinalContinue-1,chisDownTrend-Risky-nearHigh,##DOWNTREND:sellMonth6High(InDownTrend),##(Check-chart-buy):month3High-InMinus,BreakHighMonth3,",2.6174455681103206,1,1,0
"PCTChangeLT-2,,,,##DOWNTREND:sellYearHighReversal(InDownTrend),##(Check-chart-buy):month3High-InMinus,ReversalHighMonth3,",0.2052379079230127,13,7,6
"PCTChangeLT-3,_HTGT3.0__LTGT3.0__HTGTPCTDayChange__LTGTPCTDayChange_,,,volBuyReversalLast2DayDown-VolDown,chisDownTrend-Risky-nearHigh,##DOWNTREND:sellYearHigh(InDownTrend),$$MaySellContinue-CheckChart(inuptrend-monthlow)-highTail,##(Check-chart-buy):month3High-InMinus,NearHighMonth3,",1.4476872541950945,1,1,0
"PCTChangeGT1,,,,sellPattern-LT-1.5-SMALT0,(SMA9LT0),",-0.7191863636302458,5,2,3
"PCTChangeLT-3,,,,(GLOBALFUTDOWN-DOWNTRENDMARKET)checkSellConsolidationBreakDown-week2-lowNotReachedWeek3,week2BarLowChangeLT-2,weekLowLTweek2Low,",0.03560564778935369,50,24,26
"PCTChangeGT0,_HTGT1.5_,,,checkCupDown-lastDayUp,",0.05646639806614395,4,1,3
"PCTChangeGT2,PCDayChange-0.5to0.5,year2High,_HTGT1.5_,,,%%HLTF-Last2HighTail:(UPTREND)buy(DOWNTREND)sell:HighUpperTailPre-last2DayUp,",-2.7486644071691178,1,0,1
"PCTChangeLT-2,_HTGT1.5__LTGT1.5_,,,chisDownTrend-Risky-nearHigh,##DOWNTREND:sellYear2HighReversal(InDownTrend),##(Check-chart-buy):YearHigh-InMinus,ReversalHighYear,",0.8253549192392524,1,1,0
"PCTChangeLT-2,year2High,,,,volSellContinueLast2DayDown-VolUp,",-0.33780922729863266,21,9,12
"PCTChangeGT2,_HTGT1.5__HTGTPCTDayChange_,,,volSellReversalLast2DayUp-VolUp,(GLOBALFUTUP-UPTRENDMARKET)checkBuyConsolidationBreakUp-week2-highNotReachedWeek3,week2BarHighChangeGT2,weekHighGTweek2High,",0.05177055356385316,1,1,0
"PCTChangeGT5,_LTGT1.5_,,,%%HLTF-Risky:(GLOBAL-DOWN)sellHighLowerTail-Reversal-LastDayMarketUp,##MAPositive_Uptrend(GT4.5),##MA-SMA200LT0SMA100GT0,",1.2971698113207604,1,1,0
"PCTChangeGT3,,,,volBuyVolumeUpsergedLast2n3DayDown,chisBuy-2week-breakoutup(check-chart)(|-|-| or --|),",-1.4763566010866913,3,1,2
"PCTChangeGT3,,,,(Test)sellHeavyUpTrend-Reversal-1,chisCheckConsolidationBreakout2WeekLT(4.5),weekBarHighChangeGT2,",-0.41071655929442324,1,0,1
"PCTChangeLT-3,,,,weekBarLowChangeLT-2,##DOWNTREND:sellYear2HighReversal(InDownTrend),##(Check-chart-buy):YearHigh-InMinus,ReversalHighYear,",1.805229482933672,7,6,1
"PCTChangeGT2,_LTGT1.5_,,,volSellVolumeUpsergedLast2n3DayDown,",0.10596963308315213,5,4,1
"PCTChangeLT-1,,,,chisSell:Super03-monthLow,(Test)MayBuy-CheckChart(upTrend-lastDayDown),",1.1219622024868223,2,2,0
"PCTChangeGT0,,,,shortUpTrendBuyContinue-Doji-Last2DayGTToday,",-0.3084772116132449,11,5,6
"PCTChangeLT-1,,,,weekBarLowChangeLT0,##MANegative_Downtrend_(LT-1),##MA-SMA200LT0SMA100LT0,",-0.4757730761288423,1,0,1
"PCTChangeLT-2,,,,chisSellFlagWeek-Risky,sellPatternsML,##(Check-chart-sell)Month3Low-Continue(InUpTrend),ReversalLowMonth3,",-2.6887265317213345,1,0,1
"PCTChangeLT-3,_HTGT1.5__HTGTPCTDayChange_,,,##buyRisingMA-1,",1.5798927153516857,2,2,0
"PCDCGT0PCTChangeLT-3,_HTGT1.5__LTGT1.5_,,,%%:sellDowntrend-lastDayUp-ReversalHighTail,##MA-SMA200LT0SMA100LT0,",0.280894582201366,1,1,0
"PCTChangeLT-3,_LTGT3.0_,,,checkCupDown-near2WeekDown-mayReveresalBuy,##DOWNTREND:sellMonth3HighReversal(InDownTrend),##(Check-chart-buy):month3High-InMinus,ReversalHighMonth3,",-2.8399988122888438,1,0,1
"PCTChangeLT-1,year2High,_LTGT3.0_,,,volSellContinueLast2DayDown-VolUp,",3.9513946444121846,1,1,0
"PCTChangeGT0.5,PCDayChange-0.5to0.5,_LTGT1.5_,,,(SMA9LT0),",-2.6217249664698574,1,0,1
"PCTChangeGT1,,,,volumeUpsergedLast2n3n4DayDown,##(Test)buyBottomReversal-1,",-0.19261833178671695,1,0,1
"PCTChangeLT-1,,,,checkCupDown-near2WeekDown-mayReveresalBuy,(GLOBALFUTDOWN-DOWNTRENDMARKET)checkSellConsolidationBreakDown-week2-lowNotReachedWeek3,week2BarLowChangeLT-2,##(Check-chart-buy):month3High-InMinus,ReversalHighMonth3,",-1.4512401602617104,1,0,1
"PCTChangeLT-3,,,,weekBarLowChangeLT-2,brokenToday,chisDownTrend-Risky-nearHigh,##(Check-chart-buy):month6High-InMinus,ReversalHighMonth6,",0.6898875573681462,2,2,0
"PCTChangeLT-1,_HTGT1.5__HTGTPCTDayChange_,,,volBuyRevarsalVolCrossed,%%:checkBuyRevarsalLast3DayDownAtMonth3High,",-4.878959442650147,1,0,1
"PCTChangeGT2,,,,week2BarHighChangeGT0,brokenToday,##RisingMA(Test)(check-chart-buy)-2DayUp,",3.4159270430033204,1,1,0
"PCTChangeEQ0,_LTGT1.5_,,,$$MayBuy-CheckChart-baseLine(inuptrend-monthlow)-MHCLT(-10),",0.7389162561576355,1,1,0
"PCTChangeLT-2,,,,weekBarLowChangeLT-2,##DOWNTREND:sellYear2HighReversal(InDownTrend),$$MayBuy-CheckChart(monthLow-minimumLast4DayDown),##(Check-chart-buy):month3High-InMinus,ReversalHighMonth3,",0.1092865627965802,2,1,1
"PCTChangeLT-3,_HTGT3.0__LTGT3.0_,,,chisSell-smallUptrendReversal,",-3.463214805411141,1,0,1
"PCTChangeLT-2,,,,%%checkCupDown-2dayDown-continue,chisDownTrend-Risky-nearHigh,##(check-chart)maySell-EMA6-MT-May-LT-EMA14,",0.0,1,0,0
"PCTChangeGT5,_LTGT1.5_,,,maySellFromBuyPattern-LT-1.8,",-1.9264123557472468,1,0,1
"PCTChangeGT3,,,,checkCupDown-lastDayUp,",0.44149748966447167,26,11,15
"PCTChangeLT-3,,,,volBuyVolumeUpsergedLast2n3DayUp,volSellContinueLast2DayDown-VolUp,weekBarLowChangeLT-2,brokenToday,chisDownTrend-Risky-nearHigh,##(Check-chart-buy):YearHigh-InMinus,ReversalHighYear,",-0.7490649308773139,1,0,1
"PCTChangeGT2,_LTGT1.5_,,,##(Check-chart-sell):month3Low-InPlus,ReversalLowMonth3,##UPTREND:buyMonth6LowReversal(Confirm),",0.9561090260090275,1,1,0
"PCTChangeGT2,,,,volBuyVolumeUpsergedLast2n3DayDown,##(Check-chart)buyMonth3High-Continue,",-5.54966064260557,2,0,2
"PCDCLT0PCTChangeGT8,_HTGT3.0__LTGT3.0__HTGTPCTDayChange__LTGTPCTDayChange_,,,chisSellLastDayHighUpReversal,",-0.06882732375443273,1,0,1
"PCTChangeLT-0.5,_HTGT1.5__HTGTPCTDayChange_,,,chisSell-smallUptrendReversal,",-2.7143823006272907,4,0,4
"PCTChangeGT0.5,PCDayChange-0.5to0.5,_HTGT1.5_,,,%%:checkSell:CupDownDoji,",-2.8387754339707403,4,0,4
"PCTChangeGT5,,,,chisBuyDayHighVolLow-0,##MAPositive_Uptrend(GT4.5),##MA-SMA200GT0SMA100GT0,",4.697700161334286,1,1,0
"PCTChangeLT-1,_HTGT1.5_,,,chisSell-smallUptrendReversal,chisDownTrend-Risky-nearHigh,",1.6630755400008208,1,1,0
"PCTChangeLT-1,,,,%%:checkSell:ConsolidationBreakDown(NotShapeA)-2week,volBuyReversalLast2DayDown-VolDown,checkSellConsolidationBreakDown-2week,week2BarLowChangeLT0,brokenToday,chisDownTrend-Risky-nearHigh,##(Check-chart-buy):month3High-InMinus,ReversalHighMonth3,",3.432668386968807,1,1,0
"PCTChangeGT3,year2High,_HTGT1.5_,,,%%HLTF-Risky9:30:maySellTail-tailGT2-7,10thDayGT15,%%:sellUpTrend-month3High,",-1.1709967370715357,2,1,1
"PCDCLT0PCTChangeGT1,_HTGT1.5__LTGT3.0__HTGTPCTDayChange__LTGTPCTDayChange_,,,##RisingMA(check-chart-buy)-MayBuyCheckChart,",-3.127343109930953,1,0,1
"PCTChangeLT-2,year2High,,,,volBuyReversalLast2DayDown-VolDown,##sellTenDaysMoreThanTen,",-1.347204354751183,5,1,4
"PCTChangeGT1,_LTGT1.5_,,,chisBuyUpTrend-1-YearHigh,weekBarHighChangeGT0,brokenToday,",-1.3043516170904503,1,0,1
"PCTChangeLT-3,,,,checkCupDown-near2WeekDown-mayReveresalBuy,chisDownTrend-Risky-nearHigh,##DOWNTREND:sellYear2HighReversal(InDownTrend),##last2DayLow(LT-3)-M3LGT0,##(Check-chart-buy):YearHigh-InMinus,ReversalHighYear,##(check-chart)maySell-EMA6-MT-May-LT-EMA14,",-0.6851669628808086,2,1,1
"PCTChangeGT1,PCDayChange-0.5to0.5,_HTGT1.5__LTGT3.0_,,,%%HLTF:(SGXNIFTYUP)buyHighLowerTail-Continue,chisBuyYearHigh-3,",1.3569040009469602,1,1,0
"PCTChangeLT-1,PCDayChange-0.5to0.5,_HTGT1.5__LTGT3.0_,,,shortDownTrendSellContinue-Doji-Last2DayLTToday,",7.032104369389115,2,2,0
"PCTChangeGT3,_LTGT1.5_,,,chisSellYear2LowLT-40-last4DayDown(triggerAfter-9:15),chisSellFinalContinue-(lastDayDown)-1,chisBuyDownTrend-lowTail,",0.16025396101893005,1,1,0
"PCTChangeGT1,_HTGT1.5__HTGTPCTDayChange_,,,%%HLTF:(GLOBAL-SGX-DOWN)maySellTail-2,3,4thDayGT0,(Test)(check-chart-2-3MidCapCross)MaySellCheckChart-Risky,MaySellCheckChart-(IndexNotDownInSecondHalf),",-0.4409285343825081,5,1,4
"PCTChangeGT2,year2High,_HTGT1.5_,,,%%HLTF-Last2HighTail:(UPTREND)buy(DOWNTREND)sell:HighUpperTailPre-last2DayUp,volumeUpsergedLast2n3n4DayDown,",-1.4780726733915288,1,0,1
"PCTChangeLT-1,_LTGT3.0_,,,shortDownTrendBuyReversal-MonthLow-Doji-Last2DayLTToday,$$MayBuy-CheckChart-baseLine(inuptrend-monthlow)-MHCLT(-10),",0.04386232610333692,1,1,0
"PCTChangeGT2,_HTGT1.5_,,,%%:sellDowntrend-lastDayUp-ReversalHighTail,##MANegative_Downtrend_(GT2),##MA-SMA200LT0SMA100LT0,volBuyVolumeUpsergedLast2n3DayDown,##buyTenDaysLessThanMinusTen,",-2.810743178292231,1,0,1
"PCTChangeLT-1,_HTGT1.5_,,,(GLOBALFUTDOWN-DOWNTRENDMARKET)checkSellConsolidationBreakDown-week2-lowNotReachedWeek3,week2BarLowChangeLT0,weekLowLTweek2Low,",0.5401478163651386,4,2,2
"PCDCLT0PCTChangeGT0,year2High,,,,%%HLTF-Last2DayMarketDown:(GLOBAL-UP)buyHighUpperTailPre1-Reversal-LastDayMarketDown,",-1.3260174558827438,1,0,1
"PCTChangeGT2,,,,VOL:buy(GLOBALFUTDOWN-GLOBALMARKETDOWN)Sell-UpVol-3dayUp-Week2Low,",-0.3729554871162957,23,9,14
"PCTChangeGT3,year2High,,,,%%:sellUpTrend-month3High,weekBarHighChangeGT2,",-0.9436312327050274,2,0,2
"PCTChangeLT-3,_HTGT1.5_,,,checkCupDown-3dayDown-mayReversalBuy,volBuyRevarsalVolCrossed,##(Check-chart-buy):month3High-InMinus,ReversalHighMonth3,",1.0664836851843997,1,1,0
"PCDCLT0PCTChangeGT0,PCDayChange-0.5to0.5,,,,maySellFromBuyPattern-LT-1.8,",-1.0545847721403654,2,0,2
"PCTDayChangeLT0,PCDayChange-0.5to0.5,_HTGT1.5__LTGT1.5_,,,%%:checkBuyContinue:CupDownDoji-last2dayUp,%%HLTF-LastDayUp:(DOWNTREND-OR-GLOBALDOWN)MaySellHighTail-LastDayMarketUp,",2.1104206737295685,1,1,0
"PCTChangeLT-1,PCDayChange-0.5to0.5,_HTGT1.5__LTGT3.0_,,,##MANegative_Downtrend_(LT0),##MA-SMA200LT0SMA100LT0,",2.4012170422524117,1,1,0
"PCTChangeGT3,,,,VOL:buy-DownVol-3dayUp-Week2Low,##(Test)(check-chart)-sellSMADownTrend-2DayUp-weekHighTouch,",-3.7542302153722673,1,0,1
"PCTChangeLT-0.5,_HTGT3.0_,,,%%HLTF:maySellTail-tailGT2-allDayGT0,",-5.364816552388399,1,0,1
"PCTChangeGT2,_LTGT1.5_,,,##(Check-chart-sell):month3Low-InPlus,ReversalLowMonth3,##UPTREND:buyMonth3LowReversal(Confirm),",0.21708108237363005,2,1,1
"PCTChangeLT-2,,,,%%HLTF-Last2DayMarketDown:(GLOBAL-UP)buyHighUpperTailPre1-Reversal-LastDayMarketDown,volBuyReversalLast2DayDown-VolDown,##(Check-chart-buy):month3High-InMinus,ReversalHighMonth3,",0.32334256223233404,1,1,0
"PCDCLT0PCTChangeGT0,PCDayChange-0.5to0.5,_HTGT1.5__LTGT1.5_,,,%%HLTF-LastDayUp:(DOWNTREND-OR-GLOBALDOWN)MaySellHighTail-LastDayMarketUp,buyYearHigh-0,",-0.8181058337404293,1,0,1
"PCTChangeLT-8,_LTGT3.0_,,,##MANegative_Downtrend_(LT-2),##MA-SMA200LT0SMA100LT0,",-3.3744485606589807,2,0,2
"PCDCGT0PCTDayChangeLT0,PCDayChange-0.5to0.5,_LTGT3.0_,,,sellPattern-LT-1.5-SMALT0,(SMA9LT0),maySellFromBuyPattern-LT-1.8,",-2.049309225988321,1,0,1
"PCTChangeLT-0.5,_HTGT1.5_,,,volSellContinueLast2DayDown-VolUp,",1.9904699984659047,3,3,0
"PCTChangeGT3,_HTGT3.0__HTGTPCTDayChange_,,,volBuyContinueLast2DayUp-VolUp,",7.854863121423775,1,1,0
"PCTChangeGT1,year2High,_HTGT3.0__HTGTPCTDayChange_,,,%%HLTF-Risky9:30:maySellTail-tailGT2-7,10thDayGT15,%%:sellUpTrend-month3High,brokenToday,",2.426398417671327,1,1,0
"PCTChangeGT3,PCDayChange-0.5to0.5,_HTGT1.5__LTGT1.5_,,,chisSellSuper-Risky,-+,##MA-SMA200GT0SMA100GT0,",3.987806366711132,1,1,0
"PCTChangeLT-3,_HTGT1.5_,,,volumeUpsergedLast2n3n4DayUp,volSellContinueLast2DayDown-VolUp,",0.6470615589986045,1,1,0
"PCTChangeLT-3,_HTGT1.5__LTGT1.5_,,,chisSellFlagWeek-Risky,",-0.06068331411634036,1,0,1
"PCTChangeGT1,,,,$$MaySell-CheckChart(monthHigh-minimumLast4DayUp),(GLOBALFUTUP-UPTRENDMARKET)checkBuyConsolidationBreakUp-week2-highNotReachedWeek3,week2BarHighChangeGT0,",1.1269300799912987,1,1,0
"PCTChangeLT-5,year2Low,_LTGT3.0_,,,chisBuyYear2Low,BreakLowYear2,",4.829901958474525,2,2,0
"PCTChangeLT-2,,,,volumeUpsergedLast2n3n4DayUp,chisDownTrend-Risky-nearHigh,##DOWNTREND:sellYear2HighReversal(InDownTrend),##(Check-chart-buy):YearHigh-InMinus,ReversalHighYear,",-1.4192422065956802,1,0,1
"PCTChangeLT-3,,,,chisSellDownTrend-nearHigh,##DOWNTREND:sellMonth3High(InDownTrend),##last2DayLow(LT-3)-M3LGT0,##(Check-chart-buy):month3High-InMinus,NearHighMonth3,",-2.3685224679063595,2,0,2
"PCTChangeLT-2,,,,checkCupDown-month3HighLTmonth3Low,bar_low,##DOWNTREND:sellYearHigh(InDownTrend),##(Check-chart-buy):month3High-InMinus,BreakHighMonth3,",0.7364203563767604,1,1,0
"PCTChangeLT-2,_LTGT3.0_,,,##DOWNTREND:sellMonth3LowBreak,buyMorningStar-HighLowerTail,",-0.6892720363582184,1,0,1
"PCTChangeGT0.5,PCDayChange-0.5to0.5,_LTGT1.5_,,,chisBuyYearHigh-1,",0.39754123819672266,6,5,1
"PCTChangeGT1,_HTGT1.5__HTGTPCTDayChange_,,,%%:checkSell:Super2,(Test)(check-chart-2-3MidCapCross)MaySellCheckChart-Risky,",0.15805877034586424,1,1,0
"PCTChangeLT-1,_HTGT1.5_,,,chisSellFinalCandidate-4,",-0.5706905854815175,1,0,1
"PCTChangeGT3,_LTGT3.0_,,,(GLOBALFUTUP-UPTRENDMARKET)checkBuyConsolidationBreakUp-week2-highNotReachedWeek3,week2BarHighChangeGT0,",3.3451842275371755,1,1,0
"PCTChangeLT-1,_LTGT1.5_,,,volSellVolumeUpsergedLast2n3DayUp,",0.665902282425622,3,3,0
"PCTChangeGT5,_HTGT3.0__HTGTPCTDayChange_,,,##MAPositive_Uptrend(GT2),##MA-SMA200LT0SMA100GT0,",-2.5752443791798605,2,0,2
"PCTChangeGT5,year2High,_HTGT1.5__LTGT3.0_,,,%%HLTF-Risky:(GLOBAL-DOWN)sellHighLowerTail-Reversal-LastDayMarketUp,VOL:buyBelowTail-SellAtClose:upVol3dayUpWeek2High-highUpperTail,##last2DayHighGT3-M3HGT0,",0.5841739343061686,1,1,0
"PCDCGT0PCTChangeLT-3,PCDayChange-0.5to0.5,_HTGT1.5__LTGT1.5_,,,%%:checkSell:Super2,-+,%%HLTF-Last2LowTail:(DOWNTREND)sellHighLowerTailPre-1,##MA-SMA200LT0SMA100LT0,",-4.395086381617686,1,0,1
"PCTChangeGT3,year2Low,_HTGT3.0__LTGT3.0__HTGTPCTDayChange__LTGTPCTDayChange_,,,volSellReversalLast2DayUp-VolDown,",11.27450980392157,1,1,0
"PCTChangeGT0.5,_HTGT1.5_,,,chisSellFlag2Week-doji-Risky,",0.02696593239452627,4,2,2
"PCTChangeLT-1,PCDayChange-0.5to0.5,year2High,_HTGT1.5_,,,%%HLTF-Last2HighTail:(DOWNTREND)sell(UPTREND)buy:HighUpperTailPre,",0.8843806580406574,4,2,2
"PCTChangeGT3,,,,volBuyVolumeUpsergedLast2n3DayDown,volBuyContinueLast2DayUp-VolUp,chisCheckConsolidationBreakoutLT(4.5),",-0.8270321361058675,1,0,1
"PCTChangeLT-2,,,,%%checkCupDown-2dayDown-continue,chisDownTrend-Risky-nearHigh,##DOWNTREND:sellYear2HighReversal(InDownTrend),##(Check-chart-buy):month3High-InMinus,ReversalHighMonth3,",0.6804198630839354,10,7,3
"PCTChangeLT-1,_LTGT1.5_,,,##buyYear2LowMovingSMA,",1.211168290357858,1,1,0
"PCTChangeGT8,_LTGT3.0_,,,##MAPositive_Uptrend(GT4.5),##MA-SMA200GT0SMA100GT0,",-1.5498465167972102,2,0,2
"PCTChangeGT1,,,,shortUpTrendBuyContinue-Doji-Last2DayGTToday,##MAPositive_Uptrend(GT0),##MA-SMA200LT0SMA100LT0,",0.4918590658582649,1,1,0
"PCTChangeGT2,,,,volSellReversalLast2DayUp-VolDown,##(Check-chart)ML:buyMonth3High-Continue,",0.8054801688587109,5,3,2
"PCTChangeLT-1,,,,(GLOBALFUTDOWN-DOWNTRENDMARKET)checkSellConsolidationBreakDown-week2-lowNotReachedWeek3,week2BarLowChangeLT-2,weekLowLTweek2Low,chisDownTrend-Risky-nearHigh,##(Check-chart-buy):month6High-InMinus,ReversalHighMonth6,",2.151639344262304,1,1,0
"PCTChangeLT-2,,,,(GLOBALFUTDOWN-DOWNTRENDMARKET)checkSellConsolidationBreakDown-week2-lowNotReachedWeek3,week2BarLowChangeLT0,##DOWNTREND:sellYearHighReversal(InDownTrend),##(Check-chart-buy):YearHigh-InMinus,ReversalHighYear,",-0.2928543467885905,1,0,1
"PCTChangeGT2,_HTGT1.5_,,,%%:sellDowntrend-lastDayUp-ReversalHighTail,",-0.18885975034046365,5,2,3
"PCTChangeGT2,_HTGT3.0__HTGTPCTDayChange_,,,%%HLTF-Last2HighTail:(UPTREND)buy(DOWNTREND)sell:HighUpperTailPre-last2DayUp,%%HLTF:(DOWNTREND-OR-GLOBALDOWN)maySellTail-tailGT2-2,3,4thDayGT0,##RisingMA(check-chart-sell)-MaySellCheckChart,",-2.4535979687714593,1,0,1
"PCTChangeLT-2,,,,chisSellDownTrend-nearHigh,",-0.015662005028040542,141,72,69
"PCTChangeLT-2,,,,(GLOBALFUTDOWN-DOWNTRENDMARKET)checkSellConsolidationBreakDown-week2-lowNotReachedWeek3,week2BarLowChangeLT0,",-0.04941327574340853,234,112,122
"PCDCLT0PCTChangeGT3,_LTGT1.5_,,,chisSellLastDayHighUpReversal,",0.014226189975088038,1,1,0
"PCTChangeGT0.5,_HTGT1.5_,,,%%HLTF:maySellTail-tailGT2-7,10thDayGT20,",0.5737739720687878,1,1,0
"PCTChangeGT1,,,,volSellReversalLast2DayUp-VolDown,chisSellFinalContinue-00,buyPatternsML,chisBuyDownTrend-Risky-2,",1.7075773745997775,1,1,0
"PCTChangeLT-3,_LTGT3.0_,,,##ML:BuyRisingMA-Risky-1,",-2.8448302170325985,1,0,1
"PCTChangeGT2,_LTGT1.5_,,,chisCheckConsolidationBreakoutLT(4.5),",0.3913199400872487,4,3,1
"PCTChangeLT-3,,,,(GLOBALFUTDOWN-DOWNTRENDMARKET)checkSellConsolidationBreakDown-week2-lowNotReachedWeek3,week2BarLowChangeLT0,##DOWNTREND:sellYear2HighReversal(InDownTrend),",1.2336160370084823,1,1,0
"PCTChangeGT3,year2Low,,,,chisSellYear2LowContinue,",1.757810443329396,1,1,0
"PCTChangeLT-1,year2High,_HTGT1.5_,,,checkCupDown-3dayDown,",-1.5175698877924988,1,0,1
"PCDCLT0PCTChangeGT0,year2High,_HTGT3.0__HTGTPCTDayChange_,,,%%HLTF-Last2HighTail:(DOWNTREND)sellHighUpperTailPre,",-2.3292186648346695,1,0,1
"PCDCLT0PCTChangeGT0,_HTGT3.0__LTGT3.0_,,,##MAPositive_Uptrend(LT0),##MA-SMA200GT0SMA100GT0,",-1.3763763553535246,1,0,1
"PCDCGT0PCTChangeLT-1,_HTGT1.5__LTGT1.5__HTGTPCTDayChange_,,,##MA-SMA200LT0SMA100LT0,",4.287521004086062,1,1,0
"PCTChangeGT5,,,,volBuyContinueLast2DayUp-VolUp,chisCheckConsolidationBreakoutGT(4.5),weekBarHighChangeGT5,brokenToday,",0.7406917161555827,1,1,0
"PCTChangeGT2,_HTGT1.5__LTGT1.5__HTGTPCTDayChange__LTGTPCTDayChange_,,,##MAPositive_Uptrend(GT2),##MA-SMA200LT0SMA100GT0,",1.8638406481061662,1,1,0
"PCTDayChangeLT0,PCDayChange-0.5to0.5,_HTGT1.5_,,,##ML:BuyRisingMA-Risky-2,",-0.9736013884591533,1,0,1
"PCTChangeGT3,year2High,_HTGT3.0__HTGTPCTDayChange_,,,%%HLTF-Last2HighTail:(UPTREND)buy(DOWNTREND)sell:HighUpperTailPre-last2DayUp,week2BarHighChangeGT2,weekHighGTweek2High,brokenToday,",-2.9938309280960604,1,0,1
"PCTChangeGT2,PCDayChange-0.5to0.5,_LTGT1.5_,,,%%HLTF:(SGXNIFTYUP)buyHighLowerTail-Continue,",2.2074523786453875,3,2,1
"PCTChangeLT-1,_LTGT3.0_,,,volBuyVolumeUpsergedLast2n3DayUp,",-0.9284498856988125,3,1,2
"PCDCLT0PCTChangeGT1,_LTGT3.0_,,,chisSell-smallUptrendReversal,",0.24725274725275578,1,1,0
"PCTChangeLT-1,_HTGT1.5__HTGTPCTDayChange__LTGTPCTDayChange_,,,%%HLTF-Last2HighTail:(DOWNTREND)sellHighUpperTailPre,",-0.05989022627409169,1,0,1
"PCDCLT0PCTChangeGT0,PCDayChange-0.5to0.5,_HTGT1.5__LTGT1.5_,,,chisBuyYearHigh-3,",2.109561606478176,3,3,0
"PCTChangeLT-8,,,,##MANegative_Downtrend_(LT-4.5),##MA-SMA200GT0SMA100LT0,##last2DayLow(LT-3)-M3LGT0,",-2.1994756561478797,1,0,1
"PCTDayChangeLT0,PCDayChange-0.5to0.5,_LTGT3.0_,,,##MANegative_Downtrend_(LT0),##MA-SMA200LT0SMA100LT0,buyMorningStar-HighLowerTail-(checkChart),",-4.469903211217058,1,0,1
"PCTChangeLT-3,_HTGT1.5_,,,%%:checkSell:Super01-monthLow,checkCupDown-2dayDown,%%HLTF:maySellTail-tailGT2-7,10thDayGT0,",-4.3914681731706064,1,0,1
"PCTChangeLT-3,_HTGT1.5__LTGT1.5_,,,chisSellDownTrend-nearHigh,##(Check-chart-buy):month3High-InMinus,BreakHighMonth3,",0.03465214878746244,1,1,0
"PCTChangeGT3,,,,volSellReversalLast2DayUp-VolDown,week2BarHighChangeGT0,brokenToday,",-0.5455989563745072,2,0,2
"PCTChangeGT3,_HTGT1.5_,,,week2BarHighChangeGT0,",-0.7611258949239535,1,0,1
"PCTChangeGT2,,,,volSellVolumeUpsergedLast2n3DayDown,(GLOBALFUTUP-UPTRENDMARKET)checkBuyConsolidationBreakUp-week2-highNotReachedWeek3,week2BarHighChangeGT2,",-0.16648338337317167,1,0,1
"PCTChangeGT0.5,_LTGT1.5_,,,chisSellFinalContinue-(lastDayUp)-2,",-0.19582318681158256,2,1,1
"PCTChangeGT3,,,,##(Check-chart-sell):month3Low-InPlus,NearLowMonth3,",-0.8215009553891546,7,3,4
"PCTChangeGT5,_LTGT1.5_,,,##MAPositive_Uptrend(GT4.5),##MA-SMA200LT0SMA100GT0,",-6.111940613682336,4,0,4
"PCTChangeGT2,year2High,_HTGT1.5__HTGTPCTDayChange_,,,MaySellCheckChart-(IndexNotDownInSecondHalf),",0.2837130569164164,14,7,7
"PCTChangeGT3,,,,volumeUpsergedLast2n3n4DayDown,chisCheckConsolidationBreakout2WeekLT(4.5),weekBarHighChangeGT2,brokenToday,##MAPositive_Uptrend(GT2),##MA-SMA200GT0SMA100GT0,",-0.8800013950892913,1,0,1
"PCTChangeLT-3,_HTGT1.5__HTGTPCTDayChange_,,,%%:checkSell:Flag2Week,checkCupDown-2dayDown,",0.98295407092536,1,1,0
"PCTChangeGT3,PCDayChange-0.5to0.5,_HTGT3.0__LTGT1.5_,,,%%HLTF-Last2HighTail:(UPTREND)buy(DOWNTREND)sell:HighUpperTailPre-last2DayUp,",-0.810861305285996,3,1,2
"PCDCGT0PCTDayChangeLT0,PCDayChange-0.5to0.5,_HTGT1.5__LTGT3.0_,,,##MANegative_Downtrend_(GT0),##MA-SMA200LT0SMA100LT0,",-2.851565678914391,1,0,1
"PCTChangeGT2,,,,volBuyContinueLast2DayUp-VolUp,week2BarHighChangeGT0,brokenToday,",-0.07494193183443583,2,0,2
"PCTChangeGT3,,,,volBuyContinueLast2DayUp-VolUp,chisCheckConsolidationBreakoutGT(4.5),weekBarHighChangeGT2,",0.039889342176461694,1,1,0
"PCDCGT0PCTChangeLT-3,_HTGT3.0_,,,##MA-SMA200GT0SMA100LT0,",3.924106153250717,2,2,0
"PCDCGT0PCTDayChangeLT0,PCDayChange-0.5to0.5,,,,(SMA9GT0),buyYearHigh-0,",1.260270445061539,1,1,0
"PCTChangeGT3,year2High,_HTGT3.0__HTGTPCTDayChange_,,,%%HLTF:(DOWNTREND-OR-GLOBALDOWN)maySellTail-tailGT2-2,3,4thDayGT0,checkBuyConsolidationBreakUp-month3HighLTMonth3Low,",-2.9111581126919623,1,0,1
"PCTChangeGT0.5,_HTGT1.5_,,,shortUpTrendSellReversal-MonthHigh,",-0.7392648972839417,5,1,4
"PCTChangeLT-1,_LTGT3.0_,,,chisSell:Super03-monthLow,",-2.8962218086674696,1,0,1
"PCDCLT0PCTChangeGT0,_LTGT1.5_,,,$$MayBuy-CheckChart-baseLine(inuptrend-monthlow)-PCTDayChangeLT0,",-2.663784140964809,1,0,1
"PCTChangeGT1,,,,##(Check-chart-sell):month3Low-InPlus,ReversalLowMonth3,chisUpTrend-Risky-nearLow,(GLOBALFUTUP-UPTRENDMARKET)checkBuyConsolidationBreakUp-week2-highNotReachedWeek3,week2BarHighChangeGT0,weekHighGTweek2High,##UPTREND:buyMonth3LowReversal(Confirm),",0.9870999243951576,1,1,0
"PCTChangeGT8,,,,chisBuyUpTrend-nearLow,volumeUpsergedLast2n3n4DayDown,",-6.412214905251074,1,0,1
"PCTChangeLT-2,year2High,_HTGT1.5_,,,%%HLTF:(UPTREND-MorningTrend-UP)mayBuyTail-highTailGT2-7,10thDayGT10-Last2DayStockDown,volBuyReversalLast2DayDown-VolDown,##sellTenDaysMoreThanTen,",5.510947283669543,1,1,0
"PCTChangeGT3,_HTGT3.0_,,,volBuyVolumeUpsergedLast2n3DayDown,volBuyContinueLast2DayUp-VolUp,",0.49488054607508797,1,1,0
"PCTChangeGT3,_HTGT1.5__LTGT3.0__LTGTPCTDayChange_,,,volSellReversalLast2DayUp-VolUp,",-3.4505494505494507,1,0,1
"PCTChangeLT-2,,,,VOL:sell(GLOBALFUTUP-GLOBALMARKETUP)Buy-UpVol-3dayDown-Week2High,##(Check-chart-buy):month3High-InMinus,NearHighMonth3,",-0.7567367183069733,8,3,5
"PCTChangeLT-2,,,,checkCupDown-2dayDown,chisSellDownTrend-nearHigh,##(Check-chart-buy):month3High-InMinus,ReversalHighMonth3,",0.9413067552602388,1,1,0
"PCTChangeLT-0.5,PCDayChange-0.5to0.5,_HTGT1.5_,,,%%HLTF-LastDayUp:(DOWNTREND-OR-GLOBALDOWN)MaySellHighTail-LastDayMarketUp,##buyYear2LowMovingSMA,",-3.153242538282087,2,0,2
"PCTChangeLT-2,year2High,_HTGT1.5_,,,volBuyReversalLast2DayDown-VolDown,",-1.5701017249004867,1,0,1
"PCTChangeGT3,year2High,_HTGT1.5_,,,%%HLTF-Risky9:30:maySellTail-tailGT2-7,10thDayGT15,",0.10498046874999924,1,1,0
"PCTChangeGT5,_HTGT1.5_,,,##UPTREND:buyMonth3LowReversal(Confirm),",2.5466892379297223,1,1,0
"PCTChangeLT-1,_HTGT1.5__LTGT1.5_,,,%%:checkSell:Super01-monthLow,",1.138759640746866,1,1,0
"PCTChangeLT-2,,,,volBuyVolumeUpsergedLast2n3DayUp,(GLOBALFUTDOWN-DOWNTRENDMARKET)checkSellConsolidationBreakDown-week2-lowNotReachedWeek3,week2BarLowChangeLT-2,mayBuyFromSellPattern-GT1.8,chisDownTrend-Risky-nearHigh,##DOWNTREND:sellYear2HighReversal(InDownTrend),##(Check-chart-buy):YearHigh-InMinus,ReversalHighYear,",2.478996155753963,1,1,0
"PCTChangeLT-3,_HTGT1.5_,,,chisDownTrend-Risky-nearHigh,##(Check-chart-buy):month6High-InMinus,ReversalHighMonth6,",0.8267879497573923,1,1,0
"PCTChangeGT5,_LTGT1.5_,,,chisUpTrend-Risky-nearLow,##UPTREND:buyYear2LowReversal(Confirm),",-3.840204612495973,1,0,1
"PCTChangeLT-2,,,,weekBarLowChangeLT-2,brokenToday,chisDownTrend-Risky-nearHigh,##(Check-chart-buy):month3High-InMinus,ReversalHighMonth3,",0.4356957881389842,9,5,4
"PCTChangeGT2,year2High,,,,volBuyContinueLast2DayUp-VolUp,",0.6069317638085485,8,7,1
"PCTChangeGT1,_HTGT1.5_,,,chisBuyYearHigh-1,",1.0227802870553666,5,4,1
"PCTChangeLT-1,_LTGT1.5_,,,(Test)(check-chart-2-3MidCapCross)MayBuyCheckChart-Risky,MayBuyCheckChart-(IndexNotUpInSecondHalf),",0.7793080139616965,48,32,16
"PCTChangeLT-2,_HTGT1.5_,,,checkCupDown-2dayDown-mayReversalBuy,chisDownTrend-Risky-nearHigh,##DOWNTREND:sellMonth6HighReversal(InDownTrend),##(Check-chart-buy):month3High-InMinus,ReversalHighMonth3,",-1.250957074358042,2,0,2
"PCTChangeLT-2,_HTGT1.5__LTGT1.5__HTGTPCTDayChange_,,,##DOWNTREND:sellYear2HighReversal(InDownTrend),##(Check-chart-buy):month3High-InMinus,ReversalHighMonth3,",1.0996650017808842,1,1,0
"PCTDayChangeLT0,PCDayChange-0.5to0.5,,,,%%:checkSell:Super01-monthLow,",-0.08053069571315372,166,77,89
"PCDCGT0PCTDayChangeLT0,,,,%%:checkSell:Super2,",-0.5112820725505132,9,2,7
"PCTChangeGT2,,,,vol-sell-DownVol-3dayUp-Week2High,week2BarHighChangeGT0,##(Check-chart):year2High-InPlus,",1.655851362700074,1,1,0
"PCTChangeGT16,_HTGT3.0__LTGT1.5_,,,chisSellYear2LowLT-40-last4DayDown(triggerAfter-9:15),",-1.6299370991809368,1,0,1
"PCTChangeGT0,_HTGT3.0__LTGT1.5_,,,%%:sellDowntrend-lastDayUp-ReversalHighTail,",-0.3703703703703694,1,0,1
"PCTChangeGT0,_HTGT1.5__LTGT1.5_,,,chisSellDowningMA-(check5MinuteDownTrendAndSellDowntrend)-Already10DayDown,",-1.8837090856222085,2,1,1
"PCTChangeLT-3,_LTGT1.5_,,,(GLOBALFUTDOWN-DOWNTRENDMARKET)checkSellConsolidationBreakDown-week2-lowNotReachedWeek3,week2BarLowChangeLT0,##DOWNTREND:sellMonth3HighReversal(InDownTrend),##(Check-chart-buy):month3High-InMinus,ReversalHighMonth3,",0.3086419753086286,1,1,0
"PCTChangeLT-1,,,,volBuyReversalLast2DayDown-VolDown,chisSellDownTrend-nearHigh,##(Check-chart-buy):month3High-InMinus,BreakHighMonth3,",-0.3888557071692169,3,1,2
"PCTChangeLT-2,,,,checkSellConsolidationBreakDown-month3HighGTMonth3Low,chisDownTrend-Risky-nearHigh,##(Check-chart-buy):month3High-InMinus,ReversalHighMonth3,",-6.330751200619261,1,0,1
"PCTChangeLT-2,_LTGT1.5_,,,chisSell:Super03-monthLow,##ML:buyRisingMA-down-Risky,",0.4315404280576395,1,1,0
"PCTChangeLT-1,_LTGT1.5_,,,(GLOBALFUTDOWN-DOWNTRENDMARKET)checkSellConsolidationBreakDown-week2,weekBarLowChangeLT0,##MANegative_Downtrend_(LT-1),##MA-SMA200LT0SMA100LT0,(Test)(check-chart-2-3MidCapCross)MayBuyCheckChart-Risky,MayBuyCheckChart-(IndexNotUpInSecondHalf),",-2.055087331998146,1,0,1
"PCTChangeGT0.5,_HTGT3.0_,,,shortUpTrendBuyContinue-Doji-Last2DayGTToday,",-3.3461394451693396,1,0,1
"PCTChangeLT-3,,,,##buyRisingMA-1,",5.078121944097839,1,1,0
"PCTChangeGT0,PCDayChange-0.5to0.5,year2High,_HTGT3.0_,,,%%HLTF-Last2HighTail:(UPTREND)buy(DOWNTREND)sell:HighUpperTailPre-last2DayUp,",-0.8272475425444993,6,1,5
"PCTChangeGT5,_HTGT3.0_,,,volSellReversalLast2DayUp-VolDown,",1.4544364010460393,2,2,0
"PCTChangeLT-1,_LTGT3.0_,,,chisSellFlagWeek-Risky,%%HLTF:(GLOBAL-UP)buyHighLowerTail-LastDayMarketUp,",-4.775502281005731,1,0,1
"PCTChangeLT-2,_HTGT1.5__LTGT1.5__HTGTPCTDayChange_,,,checkCupDown-2dayDown-mayReversalBuy,chisDownTrend-Risky-nearHigh,##DOWNTREND:sellYear2HighReversal(InDownTrend),##(Check-chart-buy):month3High-InMinus,ReversalHighMonth3,",2.6090130911472187,1,1,0
"PCTChangeLT-3,year2High,_LTGT3.0_,,,##sellTenDaysMoreThanTen,",3.1869875673432335,1,1,0
"PCDCGT0PCTDayChangeLT0,PCDayChange-0.5to0.5,_HTGT1.5__LTGT1.5_,,,%%:checkSell:FlagWeek-doji,",-2.0392144895067394,1,0,1
"PCTChangeLT-2,,,,volBuyVolumeUpsergedLast2n3DayUp,(GLOBALFUTDOWN-DOWNTRENDMARKET)checkSellConsolidationBreakDown-week2-lowNotReachedWeek3,week2BarLowChangeLT0,chisDownTrend-Risky-nearHigh,##DOWNTREND:sellMonth6HighReversal(InDownTrend),##(Check-chart-buy):month3High-InMinus,ReversalHighMonth3,",1.1793946651936507,2,2,0
"PCTChangeLT-2,_HTGT1.5__HTGTPCTDayChange_,,,chisSellUpTrend-Risky-2,",-1.7729316728493778,2,0,2
"PCTChangeGT3,year2Low,,,,##last2DayHighGT3-M3HLT0,",-1.1462047410706058,1,0,1
"PCTChangeGT3,,,,volumeUpsergedLast2n3n4DayDown,volBuyContinueLast2DayUp-VolUp,chisCheckConsolidationBreakoutGT(4.5),(GLOBALFUTUP-UPTRENDMARKET)checkBuyConsolidationBreakUp-week2-highNotReachedWeek3,week2BarHighChangeGT2,brokenToday,",-1.130991634241529,1,0,1
"PCTChangeGT2,,,,##ML:sellRisingMAuptrend-1,",0.11904580252510893,1,1,0
"PCTChangeLT-2,_LTGT1.5_,,,(GLOBALFUTDOWN-DOWNTRENDMARKET)checkSellConsolidationBreakDown-week2-lowNotReachedWeek3,week2BarLowChangeLT0,##DOWNTREND:sellMonth3HighReversal(InDownTrend),##(Check-chart-buy):month3High-InMinus,ReversalHighMonth3,",0.13956606966778712,1,1,0
"PCTChangeLT-5,_HTGT1.5_,,,chisSellDownTrend-nearHigh,",0.39451596541004097,3,1,2
"PCTChangeLT-5,,,,##MANegative_Downtrend_(LT-4.5),##MA-SMA200GT0SMA100LT0,##last2DayLow(LT-3)-M3LLT0,",-0.5925651304949582,4,3,1
"PCTChangeLT-3,_HTGT1.5__LTGT1.5_,,,$$(UPTREND-OR-GLOBALUP)MayBuyContinue-CheckChart(inUpTrend-monthHigh)-lowTail,zigZagVolCrossedFromUp,",-0.5718970680021708,1,0,1
"PCTChangeGT3,,,,##(Check-chart-sell):month3Low-InPlus,ReversalLowMonth3,chis-breakoutup-2week,##UPTREND:buyMonth3LowReversal(Confirm),",1.9357483069060308,1,1,0
"PCTChangeGT3,,,,(GLOBALFUTUP-UPTRENDMARKET)checkBuyConsolidationBreakUp-month,weekBarHighChangeGT2,",0.44990024683665386,1,1,0
"PCTChangeLT-2,_LTGT1.5_,,,weekBarLowChangeLT-2,brokenToday,chisDownTrend-Risky-nearHigh,",-0.002180671423439214,3,1,2
"PCTChangeLT-2,_LTGT1.5_,,,volBuyVolumeUpsergedLast2n3DayUp,(GLOBALFUTDOWN-DOWNTRENDMARKET)checkSellConsolidationBreakDown-week2-lowNotReachedWeek3,week2BarLowChangeLT0,weekLowLTweek2Low,",-6.430684269232192,1,0,1
"PCDCGT0PCTChangeLT-1,_LTGT1.5_,,,##MANegative_Downtrend_(GT0),##MA-SMA200LT0SMA100LT0,",-1.0563309022547287,1,0,1
"PCTChangeGT1,_LTGT1.5_,,,week2BarHighChangeGT0,",-0.7256458888265648,4,1,3
"PCTChangeLT-2,_HTGT1.5_,,,%%:checkSell:Super0,(GLOBALFUTDOWN-DOWNTRENDMARKET)checkSellConsolidationBreakDown-week2-lowNotReachedWeek3,week2BarLowChangeLT0,weekLowLTweek2Low,",-0.35608670831787836,1,0,1
"PCTChangeGT3,_LTGT1.5_,,,##(check-chart)mayBuy-EMA6-LT-May-MT-EMA14,##UPTREND:buyYear2LowReversal(Confirm),",5.219856424534566,1,1,0
"PCTChangeLT-2,_LTGT1.5_,,,checkSellConsolidationBreakDown-month3HighGTMonth3Low,",-0.5390315122627538,1,0,1
"PCTChangeGT2,_HTGT1.5__HTGTPCTDayChange_,,,##(Check-chart-sell):month3Low-InPlus,NearLowMonth3,",-0.2893049015481479,2,1,1
"PCTChangeLT-2,_LTGT1.5_,,,volBuyVolumeUpsergedLast2n3DayUp,chisDownTrend-Risky-nearHigh,##DOWNTREND:sellYear2HighReversal(InDownTrend),##(Check-chart-buy):month3High-InMinus,ReversalHighMonth3,",-0.11933174224344109,1,0,1
"PCTChangeGT0.5,PCDayChange-0.5to0.5,_HTGT1.5__LTGT1.5_,,,%%:checkBuyContinue:CupDownDoji-last2dayUp,",-1.235908945395379,1,0,1
"PCTChangeLT-0.5,_LTGT3.0_,,,(GLOBALFUTDOWN-DOWNTRENDMARKET)checkSellConsolidationBreakDown-week2-lowNotReachedWeek3,week2BarLowChangeLT0,chisDownTrend-Risky-nearHigh,",0.4360449056814011,1,1,0
"PCTChangeLT-8,_HTGT3.0__LTGT1.5_,,,##MANegative_Downtrend_(LT-2),##MA-SMA200LT0SMA100LT0,##last2DayLow(LT-3)-M3LLT0,",10.859161905114163,2,2,0
"PCDCLT0PCTChangeGT0,PCDayChange-0.5to0.5,,,,chisBuyYearHigh-1,",0.21405224700366735,79,44,35
"PCTChangeLT-8,_HTGT3.0__LTGT1.5_,,,chisRSISellCandidate(yearLow)-lessThanMinus5,##MANegative_Downtrend_(LT-4.5),##MA-SMA200LT0SMA100LT0,",14.061907087053571,1,1,0
"PCDCGT0PCTChangeLT-5,year2Low,_HTGT3.0__LTGT1.5__HTGTPCTDayChange__LTGTPCTDayChange_,,,%%HLTF-Last2LowTail:(DOWNTREND)sellHighLowerTailPre-1,",-13.447370027240957,1,0,1
"PCTChangeLT-5,,,,maySellHighVolatileDownContinueLT-8,volBuyReversalLast2DayDown-VolDown,",0.7180496337252161,1,1,0
"PCTChangeLT-3,_LTGT3.0_,,,(SMA9LT0),",-2.663438256658605,1,0,1
"PCTChangeLT-0.5,,,,chisSellFlagWeek-Risky,",-1.7857370475833925,3,1,2
"PCTChangeGT2,,,,%%:checkSell:CupDownDoji,checkCupDown-lastDayUp,",-0.4825108787893541,1,0,1
"PCTChangeLT-2,,,,chisBuy-smallUptrendContinue,",-1.1811796377704966,1,0,1
"PCTChangeGT2,,,,(GLOBALFUTUP-UPTRENDMARKET)checkBuyConsolidationBreakUp-week2-highNotReachedWeek3,week2BarHighChangeGT0,weekHighGTweek2High,brokenToday,",-0.11068962802158629,29,12,17
"PCTChangeLT-8,_HTGT1.5_,,,##MANegative_Downtrend_(LT-4.5),##MA-SMA200GT0SMA100LT0,",-0.1567626671888711,1,0,1
"PCTChangeGT2,,,,##(Check-chart-sell):month3Low-InPlus,ReversalLowMonth3,chisUpTrend-Risky-nearLow,volumeUpsergedLast2n3n4DayDown,(GLOBALFUTUP-UPTRENDMARKET)checkBuyConsolidationBreakUp-week2-highNotReachedWeek3,week2BarHighChangeGT0,##UPTREND:buyMonth3LowReversal(Confirm),",0.2984600360576949,1,1,0
"PCTChangeLT-2,,,,volSellContinueLast2DayDown-VolUp,##DOWNTREND:sellYear2HighReversal(InDownTrend),",2.9242541883807944,1,1,0
"PCTChangeGT3,,,,chisBuyUpTrend-1-YearHigh,volBuyContinueLast2DayUp-VolUp,weekBarHighChangeGT2,brokenToday,",-4.759761592647332,1,0,1
"PCTChangeLT-3,,,,chisSellFlag2Week-Risky,checkCupDown-upTrendLastDayDown-mayReversalBuy,chisSellDownTrend-nearHigh,##DOWNTREND:sellMonth3HighReversal(InDownTrend),##(Check-chart-buy):month3High-InMinus,ReversalHighMonth3,",0.5486914585445517,1,1,0
"PCTChangeGT2,_HTGT1.5__HTGTPCTDayChange_,,,VOL:sell-DownVol-3dayUp-Week2Low,",-1.158303572814896,2,1,1
"PCDCLT0PCTChangeGT0,PCDayChange-0.5to0.5,_LTGT1.5_,,,buyMorningStar-(checkChart),",-1.9054825289555277,3,1,2
"PCTChangeLT-3,_HTGT1.5__LTGT3.0__LTGTPCTDayChange_,,,chisDownTrend-Risky-nearHigh,##(Check-chart-buy):month3High-InMinus,ReversalHighMonth3,",1.4940192067922746,2,1,1
"PCTChangeGT2,_LTGT1.5_,,,VOL:sell-UpVol-3dayUp-Week2High,",-3.0980488948780085,1,0,1
"PCTChangeGT3,_HTGT3.0_,,,volSellReversalLast2DayUp-VolUp,",0.6172812511668689,1,1,0
"PCTChangeGT1,_HTGT1.5__LTGT1.5_,,,volSellReversalLast2DayUp-VolUp,",0.21069336700945296,3,2,1
"PCTChangeGT2,_HTGT1.5_,,,chisCheckConsolidationBreakoutLT(4.5),weekBarHighChangeGT0,brokenToday,",0.43741175624957673,1,1,0
"PCTChangeLT-3,_LTGT3.0_,,,##MANegative_Downtrend_(LT-2),##MA-SMA200LT0SMA100LT0,%%:buyDownTrend-month3Low,",-1.411213648522924,1,0,1
"PCTChangeGT16,year2High,,,,volBuyContinueLast2DayUp-VolUp,",-2.8264734604779327,1,0,1
"PCTChangeLT-1,_HTGT1.5__HTGTPCTDayChange_,,,volBuyReversalLast2DayDown-VolDown,##(Check-chart-buy):month3High-InMinus,ReversalHighMonth3,",-1.5611204433825758,1,0,1
"PCTChangeGT1,_HTGT1.5_,,,buyYearHigh-0,",-0.9725204435185797,13,5,8
"PCTChangeGT3,,,,chisCheckConsolidationBreakoutLT(4.5),checkBuyConsolidationBreakUp-2week,week2BarHighChangeGT2,brokenToday,",-1.3640442676796272,2,0,2
"PCTChangeGT1,_HTGT1.5__HTGTPCTDayChange_,,,(Test)MaySell-CheckChart(downTrend-lastDayUp),chisBuyFinalCandidate-3,",5.610767309216489,1,1,0
"PCTChangeLT-2,,,,##longDownTrend-2-IndexNotDownLastDay(checkBase),zigZagVolCrossedFromUp,",-0.6324772413639583,2,0,1
"PCTChangeGT1,_HTGT1.5_,,,%%HLTF:(GLOBAL-SGX-DOWN)maySellTail-2,3,4thDayGT0,chisUpTrend-Risky-nearLow,",-0.03441300013673131,15,6,9
"PCTChangeGT1,_HTGT1.5__LTGT1.5__HTGTPCTDayChange_,,,zigZagVolCrossedFromDown,",-1.3360736780058855,1,0,1
"PCTChangeGT0.5,_HTGT1.5_,,,chisSellFinalContinue-(lastDayUp)-2,",-1.5346777999161074,1,0,1
"PCTChangeLT-3,,,,weekBarLowChangeLT-2,##DOWNTREND:sellMonth6LowBreak,",1.3343255937312684,3,3,0
"PCTChangeGT2,_HTGT1.5__HTGTPCTDayChange_,,,%%HLTF-Last2HighTail:(UPTREND)buy(DOWNTREND)sell:HighUpperTailPre-last2DayUp,$$MaySell-CheckChart(monthHigh-minimumLast4DayUp),vol-sell-DownVol-3dayUp-Week2High,",-0.6391791771070454,1,0,1
"PCTChangeLT-3,_LTGT1.5_,,,volSellContinueLast2DayDown-VolUp,##MANegative_Downtrend_(LT-4.5),##MA-SMA200LT0SMA100LT0,##last2DayLow(LT-3)-M3LGT0,",-0.9502290061156687,1,0,1
"PCTChangeLT-2,,,,##DOWNTREND:sellYearLowBreak,",-0.5464436756254478,21,8,13
"PCTChangeLT-2,,,,vol-buy-DownVol-3dayDown-Week2Low,",0.29297109407528943,40,17,23
"PCTChangeGT3,_HTGT3.0__HTGTPCTDayChange_,,,%%HLTF-Risky9:30:maySellTail-tailGT2-7,10thDayGT15,%%HLTF:(UPTREND-GLOBAL/SGX-UP)BuyHighUpperTail-Reversal-7,10thDayGT15-LastDayMarketDown,weekBarHighChangeGT2,brokenToday,##MAPositive_Uptrend(GT2),##MA-SMA200GT0SMA100GT0,",-1.7646176362280854,1,0,1
"PCTChangeGT2,year2Low,,,,VOL:buy(GLOBALFUTDOWN-GLOBALMARKETDOWN)Sell-UpVol-3dayUp-Week2Low,",2.1047438557006566,1,1,0
"PCTChangeLT-0.5,_LTGT1.5_,,,%%:checkSell:Super01-monthLow,",-0.2814056353873794,17,6,10
"PCTChangeLT-2,_HTGT1.5__HTGTPCTDayChange_,,,(GLOBALFUTDOWN-DOWNTRENDMARKET)checkSellConsolidationBreakDown-week2-lowNotReachedWeek3,week2BarLowChangeLT-2,chisDownTrend-Risky-nearHigh,##(Check-chart-buy):month3High-InMinus,ReversalHighMonth3,",4.010149186032676,1,1,0
"PCTChangeLT-0.5,PCDayChange-0.5to0.5,_LTGT1.5_,,,shortDownTrendSellContinue-Doji-Last2DayLTToday,",2.508133527282929,5,3,2
"PCTChangeLT-3,_LTGT1.5_,,,##last2DayLow(LT-3)-M3LLT0,",0.18411590948240342,8,3,5
"PCTChangeGT2,_HTGT1.5__LTGT1.5__HTGTPCTDayChange__LTGTPCTDayChange_,,,##UPTREND:buyYearLowReversal(Confirm),",4.372591585726352,1,1,0
"PCTChangeLT-2,,,,volBuyReversalLast2DayDown-VolDown,chisBuyFinalContinue-1,##sellTenDaysMoreThanTen,",-1.984396665721756,3,1,2
"PCTChangeGT1,year2High,,,,%%:sellUpTrend-month3High,shortUpTrendSellReversal-MonthHigh,week2BarHighChangeGT0,",3.2342657342657386,1,1,0
"PCTChangeGT5,,,,volSellReversalLast2DayUp-VolDown,",-0.3466886848994608,9,4,5
"PCTChangeLT-3,,,,##MANegative_Downtrend_(LT-2),##MA-SMA200LT0SMA100LT0,##last3DayLow(LT-3)-M3LLT0,",1.093167466493104,4,3,1
"PCTChangeGT2,,,,(GLOBALFUTUP-UPTRENDMARKET)checkBuyConsolidationBreakUp-week2-highNotReachedWeek3,week2BarHighChangeGT0,chis-breakoutup-2week,",-0.275764433719719,9,3,6
"PCTChangeGT1,_HTGT1.5__HTGTPCTDayChange_,,,volBuyContinueLast2DayUp-VolUp,chisCheckConsolidationBreakout2WeekLT(4.5),(GLOBALFUTUP-UPTRENDMARKET)checkBuyConsolidationBreakUp-week2-highNotReachedWeek3,week2BarHighChangeGT2,weekHighGTweek2High,",0.024549896916389962,1,1,0
"PCTDayChangeLT0,PCDayChange-0.5to0.5,,,,(SMA9GT0),",1.3325937291919536,2,2,0
"PCTChangeLT-3,,,,checkSellConsolidationBreakDown-month3HighGTMonth3Low,zigZagVolCrossedFromUp,",-5.1779769707239165,1,0,1
"PCTChangeGT3,,,,##(Check-chart-sell):month3Low-InPlus,ReversalLowMonth3,chisUpTrend-Risky-nearLow,checkBuyConsolidationBreakout-allPreLT0,(GLOBALFUTUP-UPTRENDMARKET)checkBuyConsolidationBreakUp-week2-highNotReachedWeek3,week2BarHighChangeGT2,brokenToday,##UPTREND:buyMonth3LowReversal(Confirm),",-1.6851806640625018,1,0,1
"PCTChangeLT-2,PCDayChange-0.5to0.5,_HTGT1.5__LTGT1.5_,,,%%:sellDowntrend-lastDayDown-ReversalHighTail,##MA-SMA200LT0SMA100LT0,",1.818183799842743,1,1,0
"PCTChangeLT-2,PCDayChange-0.5to0.5,_HTGT3.0__LTGT3.0_,,,%%:checkSell:CupDownDoji-lastDayLT(-2)TodayDoji,",-2.597252413839865,1,0,1
"PCTChangeLT-3,_HTGT3.0__LTGT1.5__HTGTPCTDayChange_,,,chisDownTrend-Risky-nearHigh,",2.7362313240447294,3,2,1
"PCTChangeLT-2,,,,checkCupDown-2dayDown-mayReversalBuy,weekBarLowChangeLT-2,",-0.5339700475399722,2,1,1
"PCDCLT0PCTChangeGT0,PCDayChange-0.5to0.5,_HTGT1.5__LTGT1.5_,,,buyYearHigh-0,",0.30284366968596377,6,3,3
"PCTChangeGT3,,,,##MAPositive_Uptrend(GT2),##MA-SMA200LT0SMA100GT0,##last3DayHighGT3-M3HLT0,",-3.7068977209800047,1,0,1
"PCTChangeGT1,year2High,,,,shortUpTrendSellReversal-MonthHigh,weekBarHighChangeGT0,brokenToday,",1.1904761904761814,1,1,0
"PCTChangeLT-1,,,,volSellContinueLast2DayDown-VolUp,##(Check-chart-sell)Month3Low-Continue(InUpTrend),ReversalLowMonth3,",-1.8722496692853914,1,0,1
"PCTChangeGT2,,,,chisBuyFinalCandidate-(lastDayDown),##buyTenDaysLessThanMinusTen,",2.100164240056818,1,1,0
"PCTChangeLT-2,_HTGT1.5__LTGT1.5__LTGTPCTDayChange_,,,(GLOBALFUTDOWN-DOWNTRENDMARKET)checkSellConsolidationBreakDown-week2-lowNotReachedWeek3,week2BarLowChangeLT0,##DOWNTREND:sellYear2HighReversal(InDownTrend),##(Check-chart-buy):month3High-InMinus,ReversalHighMonth3,",-0.9990576994718834,1,0,1
"PCTChangeGT5,_LTGT3.0_,,,%%HLTF-Risky:(GLOBAL-DOWN)sellHighLowerTail-Reversal-LastDayMarketUp,volBuyContinueLast2DayUp-VolUp,weekBarHighChangeGT5,",-0.04386232610335168,1,0,1
"PCTChangeGT2,_LTGT1.5_,,,buyFinal1,",-1.3698630136986272,1,0,1
"PCTChangeGT2,_HTGT1.5_,,,checkBuyConsolidationBreakout-allPreLT0,",0.33339338019481374,3,2,1
"PCTChangeGT3,year2High,_HTGT1.5_,,,##lastDayHighGT5TodayGT1,",-2.8625447538524686,2,0,2
"PCTChangeGT2,,,,chisCheckConsolidationBreakoutLT(4.5),weekBarHighChangeGT2,chisBuy-2week-breakoutup(check-chart)(|-|-| or --|),",-1.4344861260775932,1,0,1
"PCDCGT0PCTChangeLT-1,_HTGT1.5__HTGTPCTDayChange_,,,%%HLTF-Last2HighTail:(DOWNTREND)sellHighUpperTailPre-1,",1.8776056265244847,1,1,0
"PCTChangeLT-1,,,,checkCupDown-3dayDown-mayReversalBuy,##(Check-chart-buy):month3High-InMinus,ReversalHighMonth3,",0.8709788824435318,10,6,4
"PCTChangeGT3,,,,sellHeavyUpTrend-Reversal,VOL:sell-UpVol-3dayUp-Week2High,##MAPositive_Uptrend(GT2),##MA-SMA200GT0SMA100GT0,",-1.9600821485507245,2,0,2
"PCTChangeGT2,year2High,,,,volSellReversalLast2DayUp-VolDown,chisBuyConsolidationBreakUp-2week-(Risky)-year2High,week2BarHighChangeGT2,weekHighGTweek2High,",1.057425334255518,1,1,0
"PCTChangeGT12,_HTGT1.5_,,,volumeUpsergedLast2n3n4DayDown,volBuyContinueLast2DayUp-VolUp,##MAPositive_Uptrend(GT4.5),##MA-SMA200LT0SMA100LT0,",-6.774193548387098,1,0,1
"PCTChangeLT-1,_LTGT1.5_,,,##(Test)(check-chart)-buySMAUpTrend,",-0.9127885542233921,4,1,3
"PCTChangeLT-5,year2High,,,,volumeUpsergedLast2n3n4DayUp,volSellContinueLast2DayDown-VolUp,",-2.7165932452276076,1,0,1
"PCTChangeGT2,,,,weekBarHighChangeGT2,##UPTREND:buyMonth6LowReversal(Confirm),",-1.6840233189271168,1,0,1
"PCTChangeLT-2,,,,weekBarLowChangeLT-2,##DOWNTREND:sellYear2HighReversal(InDownTrend),",-0.017213428860461007,11,6,5
"PCTChangeLT-3,,,,checkCupDown-month3HighLTmonth3Low,bar_low,chisSellDownTrend-nearHigh,##(Check-chart-buy):YearHigh-InMinus,ReversalHighYear,",-1.465798670590594,1,0,1
"PCTChangeGT8,_HTGT1.5_,,,%%HLTF-Last2HighTail:(UPTREND)buy(DOWNTREND)sell:HighUpperTailPre-last2DayUp,volSellReversalLast2DayUp-VolDown,##MAPositive_Uptrend(GT4.5),##MA-SMA200GT0SMA100GT0,##last2DayHighGT3-M3HLT0,",2.6666695731026917,1,1,0
"PCTChangeLT-3,,,,volBuyVolumeUpsergedLast2n3DayUp,chisDownTrend-Risky-nearHigh,##DOWNTREND:sellMonth3HighReversal(InDownTrend),##last2DayLow(LT-3)-M3LGT0,##(Check-chart-buy):month3High-InMinus,ReversalHighMonth3,",2.376983830416616,1,1,0
"PCTDayChangeLT0,PCDayChange-0.5to0.5,_HTGT1.5_,,,chisBuyYearHigh-3,",0.17433507032764345,41,18,22
"PCTChangeLT-1,year2Low,,,,weekBarLowChangeLT0,brokenToday,",-0.9906818889046772,3,2,1
"PCTChangeGT0,,,,chisSellDowningMA-(check5MinuteDownTrendAndSellDowntrend)-Already10DayDown,chisBuyYearHigh-3,",-0.354423836509391,4,2,2
"PCTChangeGT2,,,,shortUpTrendSellReversal-MonthHigh,weekBarHighChangeGT0,brokenToday,",0.33580614835306094,4,3,1
"PCTChangeLT-0.5,_HTGT1.5__HTGTPCTDayChange__LTGTPCTDayChange_,,,%%HLTF-Last2HighTail:(DOWNTREND)sellHighUpperTailPre,",-0.16840686334143307,4,2,2
"PCTChangeLT-3,,,,##DOWNTREND:sellYear2HighReversal(InDownTrend),$$MayBuy-CheckChart(monthLow-minimumLast4DayDown),##(Check-chart-buy):month3High-InMinus,ReversalHighMonth3,",-1.4963525925239454,1,0,1
"PCTChangeGT0.5,_HTGT1.5__HTGTPCTDayChange_,,,(Test)MaySellCheckChart-last3DayUp,",2.0708683656841265,8,6,2
"PCTChangeGT1,_LTGT1.5_,,,##RisingMA(Test)(check-chart-buy)-2DayUp,",-0.16503114336900335,2,0,2
"PCTChangeGT0.5,PCDayChange-0.5to0.5,,,,chisBuyYearHigh-3,",0.05760481856865947,328,166,161
"PCTChangeGT0,_HTGT1.5_,,,buyYearHigh-0,",0.7828879678456527,8,6,2
"PCTChangeGT3,_LTGT1.5_,,,zigZagVolCrossedFromDown,##MANegative_Downtrend_(GT4.5),##MA-SMA200LT0SMA100LT0,chisSellYear2LowContinue,",1.608581523019742,1,1,0
"PCTChangeLT-1,_LTGT1.5_,,,(GLOBALFUTDOWN-DOWNTRENDMARKET)checkSellConsolidationBreakDown-week2-lowNotReachedWeek3,week2BarLowChangeLT-2,weekLowLTweek2Low,chisDownTrend-Risky-nearHigh,##(Check-chart-buy):month3High-InMinus,ReversalHighMonth3,",3.0208375718858385,1,1,0
"PCTChangeGT3,_HTGT1.5_,,,volumeUpsergedLast2n3n4DayDown,checkBuyConsolidationBreakUp-2week,week2BarHighChangeGT0,",-0.0519022175399869,1,0,1
"PCTChangeGT0,PCDayChange-0.5to0.5,_HTGT3.0__LTGT3.0_,,,%%HLTF-Last2LowTail:(DOWNTREND)sellHighLowerTailPre-1,",-4.316794567983929,2,0,2
"PCTChangeEQ0,PCDayChange-0.5to0.5,,,,%%:checkSell:CupDownDoji-lastDayLT(-2)TodayDoji,",0.6569104675396961,1,1,0
"PCTChangeLT-3,_HTGT1.5__LTGT1.5__LTGTPCTDayChange_,,,chisDownTrend-Risky-nearHigh,",2.393851714346279,1,1,0
"PCTChangeLT-2,,,,%%checkCupDown-2dayDown-continue,chisDownTrend-Risky-nearHigh,##DOWNTREND:sellYear2HighReversal(InDownTrend),",1.3786547144960863,1,1,0
"PCTChangeGT3,_LTGT1.5_,,,%%HLTF:(SGXNIFTYUP)buyHighLowerTail-Continue,##MAPositive_Uptrend(GT2),##MA-SMA200LT0SMA100GT0,",-2.8379772514921697,1,0,1
"PCTChangeLT-0.5,PCDayChange-0.5to0.5,_HTGT1.5__LTGT3.0_,,,chisBuyYearHigh-3,",-0.13682037655111248,2,1,1
"PCTChangeLT-3,_HTGT3.0__LTGT3.0__HTGTPCTDayChange__LTGTPCTDayChange_,,,%%:buyDownTrend-month3Low,",0.9966777408637967,1,1,0
"PCTChangeLT-3,year2High,,,,checkCupDown-inDownTrend-month3HighLTmonth3Low,bar_low,volSellContinueLast2DayDown-VolUp,",-0.3049870127255024,1,0,1
"PCTChangeGT1,_LTGT1.5_,,,%%:checkSell:CupDownDoji-last2lastDayLT0orTodayGT0,",3.84200810638716,1,1,0
"PCTChangeLT-2,_LTGT1.5_,,,(GLOBALFUTDOWN-DOWNTRENDMARKET)checkSellConsolidationBreakDown-week2-lowNotReachedWeek3,week2BarLowChangeLT0,weekLowLTweek2Low,##(Check-chart-buy):month3High-InMinus,ReversalHighMonth3,",-0.4444489655671368,1,0,1
"PCTChangeLT-1,_HTGT3.0__LTGT3.0_,,,volBuyReversalLast2DayDown-VolUp,",-0.5443170567762505,1,0,1
"PCTDayChangeLT0,PCDayChange-0.5to0.5,_LTGT3.0_,,,(SMA9LT0),",-1.9039445713530205,2,0,2
"PCTChangeLT-1,PCDayChange-0.5to0.5,_HTGT1.5_,,,%%HLTF-Last2HighTail:(DOWNTREND)sellHighUpperTailPre,",-0.49238034642498946,15,5,10
"PCTChangeGT3,year2High,_LTGT3.0_,,,%%HLTF:(SGXNIFTYUP)buyHighLowerTail-Continue,##lastDayHighGT5TodayGT1,",3.207571047161697,1,1,0
"PCDCGT0PCTDayChangeLT0,PCDayChange-0.5to0.5,_LTGT3.0_,,,%%:checkSell:Super2,-+,",5.999997895339431,1,1,0
"PCTChangeLT-1,,,,volumeUpsergedLast2n3n4DayUp,##(Test)(Check-chart):year2Low-InMinus,",-1.4155045666017172,1,0,1
"PCTChangeGT0,PCDayChange-0.5to0.5,,,,chisSellDowningMA-(check5MinuteDownTrendAndSellDowntrend),",-0.16284502264588155,47,17,29
"PCTChangeGT3,,,,chisUpTrend-Risky-nearLow,(GLOBALFUTUP-UPTRENDMARKET)checkBuyConsolidationBreakUp-week2-highNotReachedWeek3,week2BarHighChangeGT0,chis-breakoutup-2week,##(check-chart)sellEMA6>EMA14,##UPTREND:buyYearLowReversal(Confirm),",-1.3985334613767646,1,0,1
"PCTChangeGT2,year2High,,,,week2BarHighChangeGT0,brokenToday,",-2.350836778882006,1,0,1
"PCTChangeLT-1,PCDayChange-0.5to0.5,_HTGT1.5_,,,%%HLTF:(UPTREND-MorningTrend-UP)mayBuyTail-highTailGT2-7,10thDayGT10-Last2DayStockDown,",-0.3292847256797954,1,0,1
"PCTChangeLT-3,_HTGT1.5_,,,(GLOBALFUTDOWN-DOWNTRENDMARKET)checkSellConsolidationBreakDown-week2-lowNotReachedWeek3,week2BarLowChangeLT0,##(Check-chart-buy):month3High-InMinus,ReversalHighMonth3,",3.1507797684105237,2,1,1
"PCTChangeGT2,_HTGT1.5_,,,(GLOBALFUTUP-UPTRENDMARKET)checkBuyConsolidationBreakUp-week2-highNotReachedWeek3,week2BarHighChangeGT0,weekHighGTweek2High,",2.010380132858343,1,1,0
"PCTChangeLT-3,,,,checkCupDown-2dayDown,volumeUpsergedLast2n3n4DayUp,chisSellDownTrend-nearHigh,##(Check-chart-buy):YearHigh-InMinus,NearHighYear,",3.8232177001521164,1,1,0
"PCTChangeGT1,_LTGT1.5_,,,%%HLTF:(SGXNIFTYUP)buyHighLowerTail-Continue,shortUpTrendBuyContinue-Doji-Last2DayGTToday,",0.8013076260735561,2,1,1
"PCTChangeGT8,,,,##(check-chart)sellEMA6>EMA14,",0.5215670440034745,5,3,2
"PCTChangeGT0,,,,chisSellSMA4Reversal,",1.0470859603174676,2,1,1
"PCTChangeLT-2,,,,(GLOBALFUTDOWN-DOWNTRENDMARKET)checkSellConsolidationBreakDown-week2-lowNotReachedWeek3,week2BarLowChangeLT0,weekLowLTweek2Low,chisSellDownTrend-nearHigh,",-0.27652612331999593,1,0,1
"PCTChangeLT-3,,,,checkCupDown-3dayDown,chisSellFinalCandidate-4,sellFinal,##DOWNTREND:sellMonth3High(InDownTrend),##(Check-chart-buy):month3High-InMinus,NearHighMonth3,",0.8274285936906175,1,1,0
"PCTChangeLT-1,_HTGT1.5__LTGT1.5__HTGTPCTDayChange__LTGTPCTDayChange_,,,##MANegative_Downtrend_(LT-1),##MA-SMA200LT0SMA100LT0,$$MayBuy-CheckChart(downTrend-mayReverseLast4DaysDown),",-2.091841204985702,1,0,1
"PCDCGT0PCTDayChangeLT0,PCDayChange-0.5to0.5,_HTGT3.0_,,,%%:checkSell:CupDownDoji,",-1.817752750775287,1,0,1
"PCTChangeGT0,PCDayChange-0.5to0.5,_HTGT1.5_,,,##MANegative_Downtrend_(GT0),##MA-SMA200GT0SMA100GT0,",0.26898927326443245,1,1,0
"PCTChangeLT-12,,,,maySellAfter10:30HighVolatileDownContinueLT-8-Risky,",1.5972243414984808,1,1,0
"PCTChangeLT-1,year2High,_LTGT3.0_,,,%%HLTF:(SGXNIFTYUP)buyHighLowerTail-Continue,",-2.693768396735535,4,0,4
"PCTChangeGT0,PCDayChange-0.5to0.5,_LTGT1.5_,,,##MAPositive_Uptrend(GT0),##MA-SMA200LT0SMA100GT0,",3.339287894112723,1,1,0
"PCTChangeGT2,_HTGT1.5__LTGT1.5_,,,##(Check-chart)sellMonth3High-Continue,",-2.613063793086516,1,0,1
"PCTChangeLT-3,year2High,_HTGT3.0__HTGTPCTDayChange_,,,%%HLTF-Risky9:30:maySellTail-tailGT2-7,10thDayGT15,##sellTenDaysMoreThanTen,",-3.562187840096391,1,0,1
"PCTChangeLT-2,,,,weekBarLowChangeLT-2,brokenToday,##longDownTrend-1-IndexNotDownLastDay(checkBase),",3.3441364510702885,1,1,0
"PCDCGT0PCTChangeLT-3,_HTGT3.0__LTGT3.0_,,,%%HLTF-Last2LowTail:(DOWNTREND)sellHighLowerTailPre-1,##MA-SMA200LT0SMA100LT0,",5.396345185070503,1,1,0
"PCTChangeLT-0.5,PCDayChange-0.5to0.5,_HTGT1.5_,,,%%HLTF-Last2HighTail:(DOWNTREND)sellHighUpperTailPre,chisBuyYearHigh-3,",-1.973912158679017,1,0,1
"PCTChangeLT-3,,,,##longDownTrend-1-IndexNotDownLastDay(checkBase),##DOWNTREND:sellMonth6LowBreak,",1.659971613372569,1,1,0
"PCTChangeLT-1,_LTGT1.5_,,,shortDownTrendSellContinue-Doji-Last2DayLTToday,",-0.8993122235756362,12,3,9
"PCTChangeLT-2,,,,volSellContinueLast2DayDown-VolUp,(GLOBALFUTDOWN-DOWNTRENDMARKET)checkSellConsolidationBreakDown-week2-lowNotReachedWeek3,week2BarLowChangeLT-2,##(Check-chart-buy):month3High-InMinus,ReversalHighMonth3,##(check-chart)maySell-EMA6-MT-May-LT-EMA14,",-3.2438817904074635,1,0,1
"PCTChangeGT2,,,,##(Check-chart-sell):month3Low-InPlus,ReversalLowMonth3,chisUpTrend-Risky-nearLow,chisCheckConsolidationBreakoutLT(4.5),",1.1471757620407552,1,1,0
"PCTChangeGT1,_LTGT1.5_,,,chisSellDowningMA-(check5MinuteDownTrendAndSellDowntrend)-Already10DayDown,buyMorningStar-(checkChart),",3.811415112913641,1,1,0
"PCTChangeLT-8,_HTGT1.5__LTGT1.5_,,,chisDownTrend-Risky-nearHigh,",-1.038284478773938,1,0,1
"PCTChangeGT0.5,,,,chisUpTrend-Risky-nearLow,maySellFromBuyPattern-LT-1.8,",-0.7294233897677723,1,0,1
"PCTChangeGT3,,,,chisCheckConsolidationBreakoutLT(4.5),(GLOBALFUTUP-UPTRENDMARKET)checkBuyConsolidationBreakUp-week2-highNotReachedWeek3,week2BarHighChangeGT0,brokenToday,chis-breakoutup-2week,",0.258912503758807,3,2,1
"PCTChangeLT-3,_HTGT3.0__LTGT1.5__HTGTPCTDayChange_,,,%%:checkSell:FlagWeek,##MANegative_Downtrend_(LT-4.5),##MA-SMA200LT0SMA100LT0,",2.1240934496378916,1,1,0
"PCTChangeGT3,,,,chisUpTrend-Risky-nearLow,(GLOBALFUTUP-UPTRENDMARKET)checkBuyConsolidationBreakUp-week2-highNotReachedWeek3,week2BarHighChangeGT2,chis-breakoutup-2week,##UPTREND:buyMonth6LowReversal(Confirm),",3.3604920105009124,1,1,0
"PCTChangeGT3,_HTGT3.0__LTGT3.0__HTGTPCTDayChange__LTGTPCTDayChange_,,,##MANegative_Downtrend_(GT2),##MA-SMA200LT0SMA100LT0,##last2DayHighGT3-M3HLT0,",-4.722219800192208,1,0,1
"PCTChangeLT-2,_HTGT1.5__LTGT1.5_,,,volBuyReversalLast2DayDown-VolDown,chisSellDownTrend-nearHigh,##(Check-chart-buy):month3High-InMinus,ReversalHighMonth3,",-0.6209775628454793,1,0,1
"PCTChangeLT-3,_HTGT1.5_,,,chisSell:Super03-monthLow,",-2.9504862561371623,2,0,2
"PCTChangeLT-2,,,,zigZagVolCrossedFromUp,##ML:buyRisingMA-down-Risky,",-1.7183172326084857,1,0,1
"PCTChangeLT-3,_HTGT1.5_,,,chisSellFlagWeek-Risky,##DOWNTREND:sellMonth6HighReversal(InDownTrend),##(Check-chart-buy):month3High-InMinus,ReversalHighMonth3,",0.18348343875429143,1,1,0
"PCTChangeLT-5,_LTGT1.5_,,,##MANegative_Downtrend_(LT-2),##MA-SMA200LT0SMA100LT0,",0.8680571278075657,16,6,10
"PCTChangeLT-8,_LTGT1.5_,,,volSellContinueLast2DayDown-VolUp,",2.1330456094737107,1,1,0
"PCTChangeGT3,,,,##(Check-chart-sell):month3Low-InPlus,ReversalLowMonth3,(GLOBALFUTUP-UPTRENDMARKET)checkBuyConsolidationBreakUp-week2-highNotReachedWeek3,week2BarHighChangeGT0,brokenToday,chisSell-2week-breakoutup,##UPTREND:buyMonth3LowReversal(Confirm),",2.68050811232438,1,1,0
"PCTChangeGT3,year2High,,,,vol-sell-DownVol-3dayUp-Week2High,##last3DayHighGT3-M3HGT0,",-1.0798349839271981,1,0,1
"PCTChangeLT-3,_HTGT3.0__LTGT1.5_,,,volBuyReversalLast2DayDown-VolDown,##last2DayLow(LT-3)-M3LGT0,##(Check-chart-buy):month3High-InMinus,NearHighMonth3,",-1.261452816509249,1,0,1
"PCTChangeGT1,_HTGT1.5__HTGTPCTDayChange_,,,$$MaySell-CheckChart(downTrend-mayReverseLast4DaysUp),",-0.4077013500189185,4,2,2
"PCTChangeGT3,,,,zigZagVolCrossedFromDown,##(Check-chart-sell):month3Low-InPlus,NearLowMonth3,chisUpTrend-Risky-nearLow,",3.5034137361346884,1,1,0
"PCTChangeLT-2,,,,chisSell-smallUptrendReversal,##(Check-chart-sell)Month3Low-Continue(InUpTrend),ReversalLowMonth3,",0.323934830363965,2,1,1
"PCTChangeGT0,_LTGT1.5_,,,%%HLTF:(GLOBAL-DOWN)sellHighLowerTail-Reversal-LastDayMarketUp,",-0.13130682889357406,12,4,8
"PCTChangeLT-1,,,,volSellVolumeUpsergedLast2n3DayUp,volSellContinueLast2DayDown-VolUp,(GLOBALFUTDOWN-DOWNTRENDMARKET)checkSellConsolidationBreakDown-week2-lowNotReachedWeek3,week2BarLowChangeLT0,",-2.5834724001086355,1,0,1
"PCTChangeLT-3,,,,checkCupDown-2dayDown-mayReversalBuy,##(check-chart)maySell-EMA6-MT-May-LT-EMA14,",1.5247262863005353,1,1,0
"PCTChangeGT3,,,,volBuyContinueLast2DayUp-VolUp,chisCheckConsolidationBreakout2WeekLT(4.5),weekBarHighChangeGT2,brokenToday,",-2.4778411563495895,1,0,1
"PCTChangeLT-1,year2High,,,,checkCupDown-month3HighLTmonth3Low,bar_low,",-0.6085046718910656,5,2,3
"PCTDayChangeLT0,_LTGT3.0_,,,%%HLTF:(SGXNIFTYUP)buyHighLowerTail-Continue,(SMA9GT0),",6.568118772644918,1,1,0
"PCTChangeLT-2,,,,%%:checkSell:Super01-monthLow,",-0.39569567767524316,116,49,67
"PCTChangeLT-0.5,PCDayChange-0.5to0.5,_LTGT1.5_,,,##MAPositive_Uptrend(LT0),##MA-SMA200GT0SMA100GT0,",-0.4531644467392145,2,0,2
"PCTChangeLT-1,year2High,,,,volSellVolumeUpsergedLast2n3DayUp,volSellContinueLast2DayDown-VolUp,",1.1391372081886117,2,1,1
"PCTChangeGT5,,,,(GLOBALFUTUP-UPTRENDMARKET)checkBuyConsolidationBreakUp-week2-highNotReachedWeek3,week2BarHighChangeGT0,",-1.5837102074036824,6,1,5
"PCTChangeLT-1,,,,chisDownTrend-Risky-nearHigh,##(Check-chart-buy):month6High-InMinus,NearHighMonth6,",-0.34855258670050104,2,1,1
"PCTChangeGT2,_LTGT1.5_,,,VOL:buy-DownVol-3dayUp-Week2Low,##(Check-chart)ML:buyMonth3High-Continue,",1.6874980926513614,1,1,0
"PCTChangeLT-1,_HTGT1.5__LTGT1.5_,,,%%HLTF:maySellTail-tailGT2-7,10thDayGT20,##MAPositive_Uptrend(LT-2),##MA-SMA200GT0SMA100GT0,",-5.555558716295547,1,0,1
"PCTChangeGT5,,,,chisBuyDownTrend-Risky-2,",1.6761368595311545,1,1,0
"PCTChangeLT-3,,,,(GLOBALFUTDOWN-DOWNTRENDMARKET)checkSellConsolidationBreakDown-week2-lowNotReachedWeek3,week2BarLowChangeLT-2,##DOWNTREND:sellYear2HighReversal(InDownTrend),volBuyRevarsalVolCrossed,##(Check-chart-buy):month3High-InMinus,ReversalHighMonth3,",-1.1945647738552714,1,0,1
"PCTChangeLT-2,year2High,_HTGT3.0__LTGT3.0_,,,%%HLTF-Last2DayMarketUp:(GLOBAL-DOWN)sellHighLowerTail-Reversal-LastDayMarketUp,",-1.8303598676409045,1,0,1
"PCTChangeLT-2,_LTGT1.5_,,,volSellContinueLast2DayDown-VolUp,weekBarLowChangeLT0,brokenToday,",-0.5636087142017473,1,0,1
"PCTChangeLT-2,_LTGT1.5_,,,volBuyReversalLast2DayDown-VolDown,##DOWNTREND:sellYearHigh(InDownTrend),##(Check-chart-buy):month3High-InMinus,NearHighMonth3,",-1.5066630045573002,1,0,1
"PCTChangeGT8,year2High,_HTGT1.5_,,,volBuyContinueLast2DayUp-VolUp,",-1.3765300541641654,3,1,2
"PCTChangeLT-1,_HTGT3.0__LTGT3.0__HTGTPCTDayChange__LTGTPCTDayChange_,,,volBuyRevarsalVolCrossed,",-2.5669301977131567,1,0,1
"PCTChangeLT-2,,,,checkCupDown-inDownTrend-month3HighLTmonth3Low,bar_low,chisDownTrend-Risky-nearHigh,##(Check-chart-buy):month3High-InMinus,ReversalHighMonth3,",-1.1061502157756595,5,1,4
"PCTChangeGT3,_HTGT1.5_,,,volBuyVolumeUpsergedLast2n3DayDown,##buyTenDaysLessThanMinusTen,",-3.9632422832895844,2,0,2
"PCTChangeGT1,,,,%%HLTF:(GLOBAL-SGX-DOWN)maySellTail-2,3,4thDayGT0,chisBuyYearHigh-1,",1.489274216687154,1,1,0
"PCTChangeLT-2,,,,chisBuyFinalContinue-2,##sellTenDaysMoreThanTen,",2.715518556792157,1,1,0
"PCTChangeGT3,_LTGT3.0_,,,volBuyContinueLast2DayUp-VolUp,##MAPositive_Uptrend(GT2),##MA-SMA200GT0SMA100GT0,",-3.749996682871953,1,0,1
"PCTChangeGT2,_HTGT1.5_,,,%%:sellDowntrend-lastDayUp-ReversalHighTail,chis-breakoutup-2week,",-1.774188915737673,1,0,1
"PCTChangeGT3,,,,chisCheckConsolidationBreakoutLT(4.5),(GLOBALFUTUP-UPTRENDMARKET)checkBuyConsolidationBreakUp-week2-highNotReachedWeek3,week2BarHighChangeGT0,##(check-chart)mayBuy-EMA6-LT-May-MT-EMA14,",1.0919200503256825,2,1,1
"PCTChangeLT-2,,,,volBuyReversalLast2DayDown-VolDown,##sellTenDaysMoreThanTen,##DOWNTREND:sellYearHigh(InDownTrend),##(Check-chart-buy):YearHigh-InMinus,NearHighYear,",0.6306278812992551,1,1,0
"PCTChangeGT1,_HTGT1.5__HTGTPCTDayChange_,,,%%HLTF:(DOWNTREND-OR-GLOBALDOWN)maySellTail-tailGT2-2,3,4thDayGT0,(Test)MaySellCheckChart-last3DayUp,##RisingMA(check-chart-sell)-MaySellCheckChart,",-1.3736263736263705,1,0,1
"PCTChangeLT-2,_LTGT1.5_,,,chisSellDownTrend-nearHigh,zigZagVolCrossedFromUp,",-2.916345319003443,1,0,1
"PCTChangeGT3,year2High,_LTGT1.5_,,,%%HLTF-Risky:(GLOBAL-DOWN)sellHighLowerTail-Reversal-LastDayMarketUp,",0.14678606103991965,5,3,2
"PCTChangeLT-8,,,,volumeUpsergedLast2n3n4DayUp,##MANegative_Downtrend_(LT-4.5),##MA-SMA200LT0SMA100LT0,##(Test)(Check-chart):yearLow-InMinus,",-3.874020434900955,1,0,1
"PCTChangeLT-1,_HTGT1.5_,,,(GLOBALFUTDOWN-DOWNTRENDMARKET)checkSellConsolidationBreakDown-week2-lowNotReachedWeek3,week2BarLowChangeLT0,##(Check-chart-buy):month3High-InMinus,ReversalHighMonth3,",4.139451333142195,1,1,0
"PCTChangeLT-3,,,,VOL:buy-UpVol-3dayDown-Week2Low,##DOWNTREND:sellMonth3LowBreak,##last2DayLow(LT-3)-M3LLT0,",-0.2969962261252497,1,0,1
"PCTChangeGT5,_HTGT1.5__LTGT3.0_,,,%%HLTF-Risky:(GLOBAL-DOWN)sellHighLowerTail-Reversal-LastDayMarketUp,(GLOBALFUTUP-UPTRENDMARKET)checkBuyConsolidationBreakUp-week2-highNotReachedWeek3,week2BarHighChangeGT0,brokenToday,##last2DayHighGT3-M3HLT0,",-4.613794787176724,1,0,1
"PCTChangeGT3,,,,volumeUpsergedLast2n3n4DayDown,volBuyContinueLast2DayUp-VolUp,checkBuyConsolidationBreakUp-2week,week2BarHighChangeGT0,brokenToday,##(check-chart)mayBuy-EMA6-LT-May-MT-EMA14,",1.1439339904988266,1,1,0
"PCTChangeLT-2,_LTGT1.5_,,,volSellVolumeUpsergedLast2n3DayUp,##(Check-chart-buy):month3High-InMinus,BreakHighMonth3,",4.546919095776918,1,1,0
"PCTChangeGT0.5,PCDayChange-0.5to0.5,_HTGT1.5__LTGT1.5_,,,##MANegative_Downtrend_(GT0),##MA-SMA200LT0SMA100LT0,",0.04924658445718377,2,1,1
"PCTChangeGT5,,,,chisCheckConsolidationBreakout2WeekGT(4.5),##MAPositive_Uptrend(GT4.5),##MA-SMA200LT0SMA100GT0,",1.2902580990094885,3,2,1
"PCTChangeLT-3,_LTGT1.5_,,,checkCupDown-near2WeekDown-mayReveresalBuy,(GLOBALFUTDOWN-DOWNTRENDMARKET)checkSellConsolidationBreakDown-week2-lowNotReachedWeek3,week2BarLowChangeLT-2,",-5.2201893781013045,1,0,1
"PCTChangeLT-3,_LTGT3.0_,,,%%HLTF:(GLOBAL-DOWN)sellHighLowerTail-Reversal-LastDayMarketUp,volBuyRevarsalVolCrossed,",-5.064270490239403,1,0,1
"PCTChangeGT0,PCDayChange-0.5to0.5,,,,%%:checkBuyContinue:CupDownDoji-last2dayUp,",0.16605169948317805,12,4,8
"PCDCGT0PCTChangeLT-1,_LTGT1.5_,,,mayBuyFromSellPattern-GT1.8,",3.401951066134857,1,1,0
"PCTChangeLT-3,,,,%%checkCupDown-2dayDown-continue,chisDownTrend-Risky-nearHigh,##DOWNTREND:sellMonth3HighReversal(InDownTrend),##(Check-chart-buy):month3High-InMinus,ReversalHighMonth3,",1.9019290620145375,1,1,0
"PCTChangeGT16,PCDayChange-0.5to0.5,year2High,,,,buyPatternsML,buyPattern-GT1.5-SMAGT0,(SMA9GT0),",1.382665807158505,1,1,0
"PCTChangeLT-2,,,,weekBarLowChangeLT0,brokenToday,##MANegative_Downtrend_(LT-1),##MA-SMA200LT0SMA100LT0,",0.47728124915497994,1,1,0
"PCTChangeGT1,,,,chisSellFinalContinue-(lastDayUp)-(volLow),buyFinal,",-0.6435006266511645,1,0,1
"PCTChangeGT1,,,,checkBuyConsolidationBreakUp-2week,week2BarHighChangeGT0,weekHighGTweek2High,",-2.2760596101593746,2,0,2
"PCTChangeGT1,_HTGT1.5__HTGTPCTDayChange_,,,%%HLTF-Last2HighTail:(UPTREND)buy(DOWNTREND)sell:HighUpperTailPre-last2DayUp,$$MaySell-CheckChart(downTrend-mayReverseLast4DaysUp),",-0.6848760011817201,1,0,1
"PCDCGT0PCTDayChangeLT0,,,,##MA-SMA200LT0SMA100LT0,",2.308328333395012,4,4,0
"PCTChangeGT2,,,,chisUpTrend-Risky-nearLow,chisCheckConsolidationBreakoutLT(4.5),(GLOBALFUTUP-UPTRENDMARKET)checkBuyConsolidationBreakUp-week2-highNotReachedWeek3,week2BarHighChangeGT2,##UPTREND:buyYear2LowReversal(Confirm),",-0.7713927464470931,1,0,1
"PCDCLT0PCTChangeGT0,PCDayChange-0.5to0.5,_HTGT1.5_,,,%%HLTF-LastDayUp:(DOWNTREND-OR-GLOBALDOWN)MaySellHighTail-LastDayMarketUp,chisBuyYearHigh-1,",-1.3692416621919303,3,1,2
"PCDCLT0PCTChangeGT0,PCDayChange-0.5to0.5,_HTGT1.5_,,,%%HLTF-Last2HighTail:(DOWNTREND)sell(UPTREND)buy:HighUpperTailPre,",-0.8262373856780187,6,3,3
"PCTChangeGT3,_HTGT1.5__LTGT1.5_,,,%%HLTF-Last2HighTail:(UPTREND)buy(DOWNTREND)sell:HighUpperTailPre-last2DayUp,(GLOBALFUTUP-UPTRENDMARKET)checkBuyConsolidationBreakUp-week2-highNotReachedWeek3,week2BarHighChangeGT0,##last3DayHighGT3-M3HLT0,",-0.30345187009568897,1,0,1
"PCTChangeLT-3,_HTGT1.5__LTGT1.5__LTGTPCTDayChange_,,,checkCupDown-2dayDown-mayReversalBuy,(GLOBALFUTDOWN-DOWNTRENDMARKET)checkSellConsolidationBreakDown-week2-lowNotReachedWeek3,week2BarLowChangeLT0,weekLowLTweek2Low,##MANegative_Downtrend_(LT-2),##MA-SMA200LT0SMA100LT0,",-9.526577156644175,1,0,1
"PCTChangeLT-3,_HTGT1.5_,,,##DOWNTREND:sellMonth6HighReversal(InDownTrend),",0.16989448183007683,2,1,1
"PCTChangeGT5,,,,chisUpTrend-Risky-nearLow,chisCheckConsolidationBreakoutLT(4.5),",-3.937277976644165,1,0,1
"PCTChangeLT-1,,,,volBuyVolumeUpsergedLast2n3DayUp,volSellContinueLast2DayDown-VolUp,(GLOBALFUTDOWN-DOWNTRENDMARKET)checkSellConsolidationBreakDown-week2-lowNotReachedWeek3,week2BarLowChangeLT0,weekLowLTweek2Low,",0.6079061188546273,1,1,0
"PCTChangeLT-2,,,,volBuyVolumeUpsergedLast2n3DayUp,chisDownTrend-Risky-nearHigh,##(Check-chart-buy):month3High-InMinus,ReversalHighMonth3,",-1.4368782795063226,1,0,1
"PCTChangeGT2,,,,volSellReversalLast2DayUp-VolDown,buyFinal,",-1.323833607169405,4,1,3
"PCDCGT0PCTChangeLT-3,PCDayChange-0.5to0.5,_HTGT3.0__LTGT1.5_,,,##MA-SMA200LT0SMA100LT0,",-2.987247472594484,1,0,1
"PCTChangeLT-2,_HTGT1.5__LTGT3.0__LTGTPCTDayChange_,,,volBuyVolumeUpsergedLast2n3DayUp,",-1.6379485554670714,1,0,1
"PCTChangeGT1,_LTGT1.5_,,,%%:checkBuyContinue:CupDownDoji-last2dayUp,",0.31249046375595985,1,1,0
"PCDCGT0PCTChangeLT-1,PCDayChange-0.5to0.5,_HTGT1.5_,,,$$MaySell-CheckChart-baseLine(inDownTrend-monthHigh)-PCTDayChangeGT0,",6.834975369458138,1,1,0
"PCTChangeGT2,PCDayChange-0.5to0.5,_HTGT3.0__LTGT3.0_,,,%%HLTF-Last2LowTail:(DOWNTREND)sellHighLowerTailPre-1,##MA-SMA200LT0SMA100LT0,",2.172266855961153,1,1,0
"PCTChangeGT2,,,,(GLOBALFUTUP-UPTRENDMARKET)checkBuyConsolidationBreakUp-week2,weekBarHighChangeGT0,",-0.5128205128205084,1,0,1
"PCTChangeGT1,PCDayChange-0.5to0.5,_HTGT1.5_,,,%%HLTF-Last2HighTail:(UPTREND)buy(DOWNTREND)sell:HighUpperTailPre-last2DayUp,##MA-SMA200LT0SMA100LT0,",-5.522002969473536,1,0,1
"PCTChangeGT1,year2High,,,,brokenToday,",-0.5376574518688029,1,0,1
"PCTChangeGT16,PCDayChange-0.5to0.5,,,,##MA-SMA200GT0SMA100GT0,",1.2899998256138268,1,1,0
"PCDCLT0PCTChangeGT3,_HTGT1.5__LTGT3.0__HTGTPCTDayChange__LTGTPCTDayChange_,,,chisSellLastDayHighUpReversal,",-4.93951612903226,1,0,1
"PCTChangeLT-5,_LTGT1.5_,,,(GLOBALFUTDOWN-DOWNTRENDMARKET)checkSellConsolidationBreakDown-week2-lowNotReachedWeek3,week2BarLowChangeLT-2,chisDownTrend-Risky-nearHigh,",-3.986304533298789,1,0,1
"PCTChangeLT-2,_LTGT1.5_,,,weekBarLowChangeLT-2,##DOWNTREND:sellYear2HighReversal(InDownTrend),##(Check-chart-buy):YearHigh-InMinus,ReversalHighYear,",-1.1716004923555015,2,0,2
"PCTChangeGT2,_LTGT1.5_,,,chisUpTrend-Risky-nearLow,##(Test)buyBottomReversal-1,",0.36531907388036416,1,1,0
"PCTChangeLT-2,_LTGT1.5_,,,chisDownTrend-Risky-nearHigh,##(Check-chart-buy):YearHigh-InMinus,ReversalHighYear,",0.9419711916460921,9,8,1
"PCTChangeGT2,,,,week2BarHighChangeGT0,##(Check-chart):year2High-InPlus,",0.411141319960309,2,2,0
"PCTDayChangeLT0,,,,##MA-SMA200GT0SMA100GT0,",-1.8356940668175965,5,1,4
"PCTChangeGT3,,,,##last2DayHighGT3-M3HGT0,",0.01810807645603969,5,2,3
"PCTChangeLT-1,PCDayChange-0.5to0.5,_HTGT1.5__LTGT3.0_,,,%%HLTF:(GLOBAL-DOWN)sellHighLowerTail-Reversal-LastDayMarketUp,##buyYear2LowMovingSMA,",8.932140569085846,1,1,0
"PCTChangeLT-1,year2High,,,,volumeUpsergedLast2n3n4DayUp,volSellContinueLast2DayDown-VolUp,",-1.171530633963194,4,0,4
"PCTChangeLT-5,,,,##MANegative_Downtrend_(LT-2),##MA-SMA200LT0SMA100LT0,chisSellDayLowVolLow-0,",-1.2024065170077247,1,0,1
"PCTChangeGT3,_HTGT3.0__HTGTPCTDayChange_,,,%%HLTF:(DOWNTREND-OR-GLOBALDOWN)maySellTail-tailGT2-2,3,4thDayGT0,BuyYearLow,##UPTREND:buyYearLowReversal(Confirm),",4.785292681525736,1,1,0
"PCTChangeLT-2,_LTGT1.5_,,,weekBarLowChangeLT0,brokenToday,MayBuyCheckChart-(IndexNotUpInSecondHalf),",-2.012261924424849,2,0,2
"PCTChangeLT-2,,,,checkSellConsolidationBreakDown-2week,week2BarLowChangeLT0,weekLowLTweek2Low,brokenToday,chisDownTrend-Risky-nearHigh,",0.3650074504160416,1,1,0
"PCTChangeLT-3,,,,(GLOBALFUTDOWN-DOWNTRENDMARKET)checkSellConsolidationBreakDown-week2-lowNotReachedWeek3,week2BarLowChangeLT-2,##(check-chart)maySell-EMA6-MT-May-LT-EMA14,",-0.21621798963822983,2,0,2
"PCTChangeLT-1,_HTGT3.0__LTGT3.0__HTGTPCTDayChange__LTGTPCTDayChange_,,,chisSell-smallUptrendReversal,",1.2308990956547414,1,1,0
"PCTChangeLT-3,,,,volBuyVolumeUpsergedLast2n3DayUp,##MANegative_Downtrend_(LT-2),##MA-SMA200LT0SMA100LT0,",2.01922930203951,1,1,0
"PCTChangeGT3,_HTGT1.5_,,,chisUpTrend-Risky-nearLow,##UPTREND:buyYear2LowReversal(Confirm),",-1.9410582951534534,1,0,1
"PCTChangeGT2,,,,chisSellUpTrend-2,",1.427501407239581,2,2,0
"PCTChangeGT3,,,,chisUpTrend-Risky-nearLow,volumeUpsergedLast2n3n4DayDown,(GLOBALFUTUP-UPTRENDMARKET)checkBuyConsolidationBreakUp-week2-highNotReachedWeek3,week2BarHighChangeGT0,brokenToday,chis-breakoutup-2week,chisBuy-2week-breakoutup,BuyYearLow,##(Test)buyBottomReversal-1,##UPTREND:buyYear2LowReversal(Confirm),",-1.1764693711833292,1,0,1
"PCTChangeLT-3,year2Low,,,,##last3DayLow(LT-3)-M3LLT0,",-1.575494431712892,3,2,1
"PCTDayChangeLT0,PCDayChange-0.5to0.5,_LTGT3.0_,,,%%HLTF:(SGXNIFTYUP)buyHighLowerTail-Continue,##MAPositive_Uptrend(LT0),##MA-SMA200GT0SMA100GT0,",-2.2904168459616483,1,0,1
"PCTChangeLT-2,PCDayChange-0.5to0.5,_HTGT1.5__LTGT3.0_,,,##MA-SMA200LT0SMA100LT0,",-3.1112402489865953,2,0,2
"PCTChangeLT-2,,,,vol-buy-DownVol-3dayDown-Week2Low,##MANegative_Downtrend_(LT-2),##MA-SMA200LT0SMA100LT0,chisBuyDayLowVolLow-03-checkMorningTrend(.5SL)-after10:30,",-4.3320037780725436,2,0,2
"PCTChangeGT3,,,,volumeUpsergedLast2n3n4DayDown,##(check-chart)mayBuy-EMA6-LT-May-MT-EMA14,",-0.788167781777046,2,0,2
"PCTChangeGT5,_HTGT3.0__LTGT1.5_,,,chisBuyDayHighVolLow-0,",0.9351643586416906,1,1,0
"PCTChangeLT-2,_HTGT1.5_,,,(GLOBALFUTDOWN-DOWNTRENDMARKET)checkSellConsolidationBreakDown-week2-lowNotReachedWeek3,week2BarLowChangeLT0,weekLowLTweek2Low,",-1.740681497762738,6,2,4
"PCTChangeLT-2,_HTGT1.5_,,,##buyRisingMA-1,",1.7281529785673964,1,1,0
"PCTChangeLT-2,,,,volBuyVolumeUpsergedLast2n3DayUp,(SMA9LT0),",-1.7726798748696568,1,0,1
"PCTChangeLT-2,_LTGT1.5_,,,##MANegative_Downtrend_(LT-2),##MA-SMA200LT0SMA100LT0,buyMorningStar-HighLowerTail,",-1.0026862904583567,2,1,1
"PCTChangeGT0,PCDayChange-0.5to0.5,_LTGT1.5_,,,(SMA9LT0),maySellFromBuyPattern-LT-1.8,",-1.1065561263287662,1,0,1
"PCTChangeGT3,_HTGT3.0__HTGTPCTDayChange_,,,volSellVolumeUpsergedLast2n3DayDown,volBuyContinueLast2DayUp-VolUp,chisCheckConsolidationBreakout2WeekLT(4.5),week2BarHighChangeGT0,weekHighGTweek2High,brokenToday,",-0.9721873008645259,1,0,1
"PCTChangeGT2,,,,chisBuyUpTrend-1-YearHigh,volBuyContinueLast2DayUp-VolUp,weekBarHighChangeGT2,brokenToday,",-0.8277190133426938,1,0,1
"PCTChangeLT-3,,,,weekBarLowChangeLT-2,brokenToday,##(Check-chart-buy):month6High-InMinus,ReversalHighMonth6,",0.4478374841159254,4,2,2
"PCTChangeLT-5,,,,##(Test)(Check-chart):yearLow-InMinus,",-2.1029309722006944,1,0,1
"PCTChangeGT5,,,,volumeUpsergedLast2n3n4DayDown,volBuyContinueLast2DayUp-VolUp,chisCheckConsolidationBreakoutGT(4.5),",-2.8903117693365488,1,0,1
"PCTChangeLT-5,_HTGT1.5_,,,chisDownTrend-Risky-nearHigh,##DOWNTREND:sellMonth6HighReversal(InDownTrend),",-6.923466896524235,1,0,1
"PCTChangeLT-3,_HTGT1.5__LTGT1.5_,,,zigZagVolCrossedFromUp,##MAPositive_Uptrend(LT-4.5),##MA-SMA200LT0SMA100LT0,",-2.1379352438038706,1,0,1
"PCTChangeLT-2,,,,checkCupDown-near2WeekDown-mayReveresalBuy,(GLOBALFUTDOWN-DOWNTRENDMARKET)checkSellConsolidationBreakDown-week2-lowNotReachedWeek3,week2BarLowChangeLT-2,weekLowLTweek2Low,chisDownTrend-Risky-nearHigh,##DOWNTREND:sellMonth6HighReversal(InDownTrend),##(Check-chart-buy):month3High-InMinus,ReversalHighMonth3,",2.505650515498875,1,1,0
"PCTChangeLT-2,,,,volBuyReversalLast2DayDown-VolDown,chisBuyFinalContinue-1,",-1.4913849415868674,2,0,2
"PCTChangeGT3,,,,chisUpTrend-Risky-nearLow,volumeUpsergedLast2n3n4DayDown,chis-breakoutup-2week,chisBuy-2week-breakoutup,##UPTREND:buyYear2LowReversal(Confirm),",0.05062587919888667,1,1,0
"PCTChangeGT2,,,,volSellRevarsalVolCrossed,",-0.15902112298820223,4,1,3
"PCTChangeLT-3,_LTGT1.5_,,,volSellContinueLast2DayDown-VolUp,##DOWNTREND:sellYear2HighReversal(InDownTrend),##(Check-chart-buy):YearHigh-InMinus,ReversalHighYear,",-1.0601925155491596,1,0,1
"PCTChangeLT-3,_HTGT1.5__HTGTPCTDayChange_,,,checkCupDown-inDownTrend-month3HighLTmonth3Low,bar_low,%%HLTF:(UPTREND-MorningTrend-UP)mayBuyTail-highTailGT2-7,10thDayGT10-Last2DayStockDown,##sellTenDaysMoreThanTen,",-1.3777157087703926,1,0,1
"PCDCLT0PCTChangeGT0,PCDayChange-0.5to0.5,year2High,_HTGT1.5__LTGT1.5_,,,%%HLTF:(UPTREND-MorningTrend-UP)mayBuyTail-highTailGT2-7,10thDayGT10-Last2DayStockDown,",-3.9333392141589463,1,0,1
"PCTChangeGT2,,,,volSellVolumeUpsergedLast2n3DayDown,weekBarHighChangeGT2,brokenToday,chis-breakoutup-2week,",2.490419957969631,1,1,0
"PCTChangeGT2,year2Low,_HTGT3.0__LTGT3.0_,,,volumeUpsergedLast2n3n4DayDown,",4.5843305824090725,1,1,0
"PCTChangeGT2,_HTGT1.5__HTGTPCTDayChange_,,,MaySellCheckChart-(IndexNotDownInSecondHalf),%%:sellUpTrend-month3High,",-0.9632903904259518,3,1,2
"PCTDayChangeLT0,PCDayChange-0.5to0.5,,,,%%:check(UPTREND-UPMARKET)Buy(DOWNTRENDTREND-DOWNMARKET)Sell:Super01-monthLow,chisBuyYearHigh-1,",-1.341510188531728,1,0,1
"PCTChangeGT3,_HTGT1.5_,,,(GLOBALFUTUP-UPTRENDMARKET)checkBuyConsolidationBreakUp-week2,weekBarHighChangeGT2,",-0.5790203267107399,2,1,1
"PCTChangeGT12,_HTGT3.0__LTGT3.0_,,,volumeUpsergedLast2n3n4DayDown,",10.89922291363856,1,1,0
"PCTChangeLT-2,_HTGT3.0__HTGTPCTDayChange_,,,%%:checkSell:Super01-monthLow,",-3.1781798013363756,3,0,3
"PCTChangeLT-1,_LTGT1.5_,,,(GLOBALFUTDOWN-DOWNTRENDMARKET)checkSellConsolidationBreakDown-month,weekBarLowChangeLT-2,",-1.121135593689593,1,0,1
"PCTChangeGT3,_LTGT1.5_,,,##MAPositive_Uptrend(GT4.5),##MA-SMA200LT0SMA100GT0,",-0.9355727586325095,2,1,1
"PCTChangeGT3,_LTGT1.5_,,,volSellVolumeUpsergedLast2n3DayDown,chisBuy-2week-breakoutup(check-chart)(|-|-| or --|),",0.5664110183715841,1,1,0
"PCTChangeGT3,year2High,_HTGT3.0__HTGTPCTDayChange_,,,##last3DayHighGT3-M3HGT0,",0.32528397038434836,1,1,0
"PCTChangeGT2,,,,chisSellFinalContinue-(lastDayDown)-1,",-0.12775142192721292,6,3,3
"PCDCGT0PCTChangeLT-1,PCDayChange-0.5to0.5,_LTGT1.5_,,,buyPatternsML,",5.649639807854566,3,3,0
"PCTChangeGT3,,,,(GLOBALFUTUP-UPTRENDMARKET)checkBuyConsolidationBreakUp-week2-highNotReachedWeek3,week2BarHighChangeGT2,chisBuy-2week-breakoutup(check-chart)(|-|-| or --|),##last2DayHighGT3-M3HLT0,",-0.02663651087015939,2,1,1
"PCTChangeLT-3,,,,volBuyReversalLast2DayDown-VolDown,chisBuyFinalContinue-1,##sellTenDaysMoreThanTen,",-0.024699008120600816,2,1,1
"PCTChangeGT3,_HTGT1.5_,,,%%:sellDowntrend-lastDayUp-ReversalHighTail,checkCupDown-lastDayUp,",1.6245508175085028,2,2,0
"PCTChangeGT3,,,,volumeUpsergedLast2n3n4DayDown,volBuyContinueLast2DayUp-VolUp,weekBarHighChangeGT2,##last2DayHighGT3-M3HLT0,",2.938167582900712,1,1,0
"PCTChangeLT-2,_HTGT3.0__HTGTPCTDayChange_,,,(GLOBALFUTDOWN-DOWNTRENDMARKET)checkSellConsolidationBreakDown-week2-lowNotReachedWeek3,week2BarLowChangeLT-2,weekLowLTweek2Low,##DOWNTREND:sellMonth3HighReversal(InDownTrend),##(Check-chart-buy):month3High-InMinus,ReversalHighMonth3,",-1.8404907975460123,1,0,1
"PCDCGT0PCTDayChangeLT0,_LTGT1.5_,,,##MANegative_Downtrend_(GT0),##MA-SMA200LT0SMA100LT0,",-2.4403830446228976,3,0,3
"PCTChangeGT0,year2High,,,,shortUpTrendSellReversal-MonthHigh,",-0.30598135897161494,4,2,2
"PCTDayChangeLT0,PCDayChange-0.5to0.5,_HTGT1.5_,,,##MANegative_Downtrend_(LT0),##MA-SMA200LT0SMA100LT0,",-1.2547283593734135,4,1,3
"PCTChangeGT3,,,,volumeUpsergedLast2n3n4DayDown,weekBarHighChangeGT2,##last2DayHighGT3-M3HLT0,",6.655719371098883,1,1,0
"PCTChangeLT-1,_LTGT1.5_,,,volSellContinueLast2DayDown-VolUp,(GLOBALFUTDOWN-DOWNTRENDMARKET)checkSellConsolidationBreakDown-week2-lowNotReachedWeek3,week2BarLowChangeLT0,",-9.277977237632564,1,0,1
"PCTChangeGT2,,,,(GLOBALFUTUP-UPTRENDMARKET)checkBuyConsolidationBreakUp-week2-highNotReachedWeek3,week2BarHighChangeGT0,brokenToday,chis-breakoutup-2week,chisBuy-2week-breakoutup,",2.4172145009830297,1,1,0
"PCTChangeLT-0.5,PCDayChange-0.5to0.5,,,,##MANegative_Downtrend_(LT0),##MA-SMA200GT0SMA100LT0,",-0.2328930983897397,1,0,1
"PCTChangeGT0.5,_LTGT3.0_,,,%%:checkSell:Super2,chisSellDowningMA-(check5MinuteDownTrendAndSellDowntrend)-Already10DayDown,",3.0759856218530537,1,1,0
"PCTChangeLT-3,,,,(GLOBALFUTDOWN-DOWNTRENDMARKET)checkSellConsolidationBreakDown-week2-lowNotReachedWeek3,week2BarLowChangeLT-2,weekLowLTweek2Low,##DOWNTREND:sellMonth6HighReversal(InDownTrend),##(Check-chart-buy):month6High-InMinus,ReversalHighMonth6,",-2.8150752477523246,1,0,1
"PCTChangeGT1,,,,##(Test)(check-chart)-sellSMADownTrend-2DayUp-weekHighTouch,",-0.18085236245012637,1,0,1
"PCTChangeGT1,PCDayChange-0.5to0.5,_LTGT3.0_,,,%%HLTF-Last2DayMarketUp:(GLOBAL-DOWN)sellHighLowerTail-Reversal-LastDayMarketUp,##MA-SMA200GT0SMA100GT0,",-2.536319752458623,2,1,1
"PCTChangeLT-1,year2High,_HTGT3.0__LTGT1.5__HTGTPCTDayChange__LTGTPCTDayChange_,,,%%HLTF:maySellTail-tailGT2-7,10thDayGT20,",1.9467778836141634,1,1,0
"PCTChangeGT0.5,_HTGT1.5_,,,##(Test)(check-chart)-sellSMADownTrend,",2.2251660662579162,1,1,0
"PCTChangeLT-3,_HTGT1.5__LTGT1.5_,,,##DOWNTREND:sellMonth3LowBreak,",-0.13527260393734988,1,0,1
"PCTChangeGT2,year2High,_HTGT1.5__LTGT1.5_,,,%%HLTF-Last2HighTail:(UPTREND)buy(DOWNTREND)sell:HighUpperTailPre-last2DayUp,",-5.331825860782203,1,0,1
"PCTChangeLT-2,_HTGT3.0__HTGTPCTDayChange_,,,chisSellConsolidationBreakDown-forecastDayPCT7LT0,chisSellDownTrend-nearHigh,",2.000762241660383,1,1,0
"PCTChangeLT-2,_LTGT1.5_,,,##MANegative_Downtrend_(LT-1),##MA-SMA200GT0SMA100LT0,",-0.1276608730884258,1,0,1
"PCTChangeLT-2,_LTGT1.5_,,,(GLOBALFUTDOWN-DOWNTRENDMARKET)checkSellConsolidationBreakDown-week2-lowNotReachedWeek3,week2BarLowChangeLT-2,weekLowLTweek2Low,MayBuyCheckChart-(IndexNotUpInSecondHalf),",-0.9446234190502997,1,0,1
"PCTChangeGT1,year2Low,_HTGT1.5_,,,chisBuyDownTrend-highTail,",-10.030797512381067,1,0,1
"PCTChangeLT-2,_LTGT1.5_,,,%%HLTF:(GLOBAL-DOWN)sellHighLowerTail-Reversal-LastDayMarketUp,volBuyReversalLast2DayDown-VolDown,",-1.9731210928085194,1,0,1
"PCTChangeLT-3,year2Low,,,,checkSellConsolidationBreakDown-month3HighGTMonth3Low,",-4.125869857681392,1,0,1
"PCTChangeLT-2,,,,(GLOBALFUTDOWN-DOWNTRENDMARKET)checkSellConsolidationBreakDown-week2-lowNotReachedWeek3,week2BarLowChangeLT-2,weekLowLTweek2Low,##DOWNTREND:sellYearLowBreak,",1.1299447204498003,1,1,0
"PCTChangeLT-2,_HTGT1.5_,,,##(check-chart)buyEMA6<EMA14,",-1.345659113254677,1,0,1
"PCTChangeLT-2,,,,(GLOBALFUTDOWN-DOWNTRENDMARKET)checkSellConsolidationBreakDown-week2-lowNotReachedWeek3,week2BarLowChangeLT0,chisDownTrend-Risky-nearHigh,##DOWNTREND:sellYear2HighReversal(InDownTrend),##(Check-chart-buy):month3High-InMinus,ReversalHighMonth3,",0.4941456051300353,7,4,3
"PCTChangeLT-2,,,,volSellContinueLast2DayDown-VolUp,weekBarLowChangeLT0,brokenToday,chisDownTrend-Risky-nearHigh,##(Check-chart-buy):month3High-InMinus,ReversalHighMonth3,",-0.5410992193995147,1,0,1
"PCDCGT0PCTChangeLT-3,_HTGT1.5__HTGTPCTDayChange_,,,##MA-SMA200LT0SMA100LT0,",11.099653810065298,1,1,0
"PCTChangeLT-3,,,,checkCupDown-3dayDown,##(Check-chart-buy):month3High-InMinus,ReversalHighMonth3,",-1.303992268880016,1,0,1
"PCTChangeLT-3,_LTGT3.0_,,,chisDownTrend-Risky-nearHigh,##DOWNTREND:sellYear2HighReversal(InDownTrend),##(Check-chart-buy):YearHigh-InMinus,ReversalHighYear,",-1.301589239211304,1,0,1
"PCTChangeGT3,,,,volumeUpsergedLast2n3n4DayDown,(GLOBALFUTUP-UPTRENDMARKET)checkBuyConsolidationBreakUp-week2-highNotReachedWeek3,week2BarHighChangeGT2,weekHighGTweek2High,brokenToday,",0.3152576638506627,2,1,1
"PCTChangeLT-3,,,,checkCupDown-near2WeekDown-mayReveresalBuy,volBuyVolumeUpsergedLast2n3DayUp,weekBarLowChangeLT0,brokenToday,chisDownTrend-Risky-nearHigh,##DOWNTREND:sellYear2HighReversal(InDownTrend),##(Check-chart-buy):YearHigh-InMinus,ReversalHighYear,",1.9259513889435778,1,1,0
"PCTChangeGT8,year2High,,,,buyPatternsML,",6.66976107737129,1,1,0
"PCTChangeGT2,year2High,,,,vol-sell-DownVol-3dayUp-Week2High,(GLOBALFUTUP-UPTRENDMARKET)checkBuyConsolidationBreakUp-week2,weekBarHighChangeGT2,",-0.7852760222465542,1,0,1
"PCTChangeGT0.5,PCDayChange-0.5to0.5,_HTGT1.5_,,,%%:checkSell:Super2,-+,chisSellDowningMA-(check5MinuteDownTrendAndSellDowntrend)-Already10DayDown,",0.3746717368252823,2,1,1
"PCDCLT0PCTChangeGT0,_HTGT1.5__LTGT1.5_,,,##MANegative_Downtrend_(LT0),##MA-SMA200GT0SMA100LT0,",4.082901002763062,1,1,0
"PCTChangeGT2,_LTGT3.0_,,,(SMA9GT0),mayBuyFromSellPattern-GT1.8,",4.708652781016798,1,1,0
"PCTChangeLT-3,,,,volBuyVolumeUpsergedLast2n3DayUp,weekBarLowChangeLT-2,brokenToday,",-0.27568699969576876,9,4,5
"PCTChangeLT-5,_LTGT3.0_,,,chisBuyYear2Low,",5.280004882812492,1,1,0
"PCTChangeGT0.5,_HTGT1.5__LTGT3.0_,,,chisBuyYearHigh-3,",0.8012408086387002,2,1,1
"PCTChangeGT3,,,,chisUpTrend-Risky-nearLow,volumeUpsergedLast2n3n4DayDown,##UPTREND:buyMonth6LowReversal(Confirm),",-0.8903327206352233,1,0,1
"PCDCLT0PCTChangeGT1,_HTGT1.5__LTGT3.0__LTGTPCTDayChange_,,,%%HLTF:(SGXNIFTYUP)buyHighLowerTail-Continue,",-4.466588646794546,1,0,1
"PCTChangeLT-2,,,,##DOWNTREND:sellYear2HighReversal(InDownTrend),volBuyRevarsalVolCrossed,%%:checkBuyRevarsalLast3DayDownAtMonth3High,##(Check-chart-buy):month3High-InMinus,ReversalHighMonth3,",-3.028121622282843,1,0,1
"PCTChangeLT-1,,,,(GLOBALFUTDOWN-DOWNTRENDMARKET)checkSellConsolidationBreakDown-week2-lowNotReachedWeek3,week2BarLowChangeLT-2,weekLowLTweek2Low,chisDownTrend-Risky-nearHigh,##(Check-chart-buy):month3High-InMinus,ReversalHighMonth3,##(check-chart)maySell-EMA6-MT-May-LT-EMA14,",-1.2694742981718772,1,0,1
"PCTChangeLT-5,_HTGT3.0_,,,##MANegative_Downtrend_(LT-2),##MA-SMA200LT0SMA100LT0,",1.1591403563973424,1,1,0
"PCTChangeLT-1,_HTGT1.5__LTGT1.5_,,,%%:checkSell:Flag2Week,volSellContinueLast2DayDown-VolUp,",2.2993615022890093,1,1,0
"PCTChangeLT-3,_LTGT1.5_,,,##MANegative_Downtrend_(LT-4.5),##MA-SMA200LT0SMA100LT0,",0.20362933624350998,20,10,10
"PCTChangeLT-1,_HTGT1.5__HTGTPCTDayChange_,,,%%:check(UPTREND-UPMARKET)Buy(DOWNTRENDTREND-DOWNMARKET)Sell:Super01-monthLow,(GLOBALFUTDOWN-DOWNTRENDMARKET)checkSellConsolidationBreakDown-week2-lowNotReachedWeek3,week2BarLowChangeLT0,",0.48465760369629507,1,1,0
"PCTChangeGT1,PCDayChange-0.5to0.5,_HTGT1.5_,,,chisBuyYearHigh-3,",0.14519887310446797,9,4,5
"PCTChangeLT-5,,,,(GLOBALFUTDOWN-DOWNTRENDMARKET)checkSellConsolidationBreakDown-week2-lowNotReachedWeek3,week2BarLowChangeLT-5,##MANegative_Downtrend_(LT-2),##MA-SMA200LT0SMA100LT0,",7.653061224489796,1,1,0
"PCTChangeGT5,,,,BuyYearLow,",-1.1623784927251368,3,0,3
"PCTChangeLT-0.5,_LTGT1.5_,,,chisSell:Super03-monthLow,",-0.06514795732562745,8,4,4
"PCTChangeGT3,_HTGT1.5_,,,volBuyContinueLast2DayUp-VolUp,weekBarHighChangeGT2,",2.9704351461168295,1,1,0
"PCTChangeGT5,year2High,_HTGT1.5_,,,volBuyContinueLast2DayUp-VolUp,weekBarHighChangeGT5,",-2.323432036587799,2,0,2
"PCTChangeLT-3,,,,chisSellFlagWeek-Risky,volBuyReversalLast2DayDown-VolDown,",-1.8219784547689046,1,0,1
"PCTChangeLT-3,_LTGT1.5_,,,volumeUpsergedLast2n3n4DayUp,##(Check-chart-buy):month3High-InMinus,NearHighMonth3,",-1.7139071984710497,1,0,1
"PCTChangeGT5,_HTGT3.0_,,,volBuyContinueLast2DayUp-VolUp,weekBarHighChangeGT5,##MAPositive_Uptrend(GT2),##MA-SMA200GT0SMA100GT0,",2.0655697681864775,1,1,0
"PCTChangeLT-3,,,,weekBarLowChangeLT-2,brokenToday,##DOWNTREND:sellMonth6HighReversal(InDownTrend),##(Check-chart-buy):month6High-InMinus,ReversalHighMonth6,",-1.3468807087273034,1,0,1
"PCTChangeGT1,PCDayChange-0.5to0.5,_LTGT3.0_,,,%%HLTF-Last2DayMarketUp:(GLOBAL-DOWN)sellHighLowerTail-Reversal-LastDayMarketUp,",0.7078142695356696,1,1,0
"PCTChangeLT-0.5,_HTGT1.5_,,,%%HLTF-Last2HighTail:(DOWNTREND)sellHighUpperTailPre-1,%%HLTF-LastDayUp:(DOWNTREND-OR-GLOBALDOWN)MaySellHighTail-LastDayMarketUp,chisDownTrend-Risky-nearHigh,",-3.513310073446408,1,0,1
"PCTChangeGT1,_HTGT1.5__HTGTPCTDayChange__LTGTPCTDayChange_,,,shortUpTrendSellReversal-MonthHigh,",-1.577058744259627,1,0,1
"PCTChangeGT0,,,,chisSellSuper-Risky,-+,%%:checkSell:Super0,%%:sellDowntrend-lastDayUp-ReversalHighTail,##MANegative_Downtrend_(GT0),##MA-SMA200LT0SMA100LT0,",0.4259236653645862,1,1,0
"PCTChangeGT1,_HTGT1.5__LTGT1.5__HTGTPCTDayChange_,,,##MAPositive_Uptrend(GT1),##MA-SMA200LT0SMA100LT0,",-0.6046525822129347,1,0,1
"PCTChangeLT-8,,,,volSellContinueLast2DayDown-VolUp,chisDownTrend-Risky-nearHigh,",-2.073784386099899,2,0,2
"PCTChangeGT1,year2High,_HTGT3.0__HTGTPCTDayChange_,,,%%HLTF-Last2HighTail:(UPTREND)buy(DOWNTREND)sell:HighUpperTailPre-last2DayUp,",1.9396584588735,3,2,1
"PCDCGT0PCTChangeLT-1,_HTGT3.0__LTGT3.0__HTGTPCTDayChange__LTGTPCTDayChange_,,,##MA-SMA200LT0SMA100LT0,",-1.1845449786315194,4,2,2
"PCTChangeGT3,_HTGT1.5__HTGTPCTDayChange_,,,week2BarHighChangeGT0,weekHighGTweek2High,brokenToday,",2.017824140610537,1,1,0
"PCTChangeGT3,year2High,_HTGT1.5_,,,chisCheckConsolidationBreakout2WeekLT(4.5),",-3.443151535167633,1,0,1
"PCTDayChangeLT0,PCDayChange-0.5to0.5,_HTGT1.5__LTGT1.5_,,,%%HLTF-LastDayUp:(DOWNTREND-OR-GLOBALDOWN)MaySellHighTail-LastDayMarketUp,##MANegative_Downtrend_(LT0),##MA-SMA200LT0SMA100LT0,",2.391581586106332,1,1,0
"PCTChangeLT-3,_LTGT1.5_,,,##(Test)(Check-chart):year2Low-InMinus,MayBuyCheckChart-(IndexNotUpInSecondHalf),",0.7687530517578096,1,1,0
"PCTDayChangeLT0,PCDayChange-0.5to0.5,,,,sellPatternsML,",-4.541915017063648,1,0,1
"PCTChangeGT1,_HTGT1.5__HTGTPCTDayChange_,,,MaySellCheckChart-(IndexNotDownInSecondHalf),week2BarHighChangeGT0,weekHighGTweek2High,brokenToday,buyYearHigh-0,",-1.6899077593057827,1,0,1
"PCTChangeLT-2,_HTGT3.0__LTGT1.5__HTGTPCTDayChange_,,,chisDownTrend-Risky-nearHigh,##DOWNTREND:sellYearHigh(InDownTrend),##(Check-chart-buy):month3High-InMinus,NearHighMonth3,",-0.7190042290805723,1,0,1
"PCTChangeGT12,year2Low,_HTGT3.0_,,,volBuyContinueLast2DayUp-VolUp,",1.3457048243547023,1,1,0
"PCTChangeLT-1,_HTGT1.5__LTGT1.5_,,,shortDownTrendSellContinue-Doji-Last2DayLTToday,##MANegative_Downtrend_(LT0),##MA-SMA200GT0SMA100LT0,",-0.5540507548564158,1,0,1
"PCTChangeGT3,,,,volSellVolumeUpsergedLast2n3DayDown,##(check-chart)mayBuy-EMA6-LT-May-MT-EMA14,",2.252961210268453,1,1,0
"PCTChangeLT-3,,,,vol-buy-DownVol-3dayDown-Week2Low,weekBarLowChangeLT-2,",-0.7123677849276232,6,3,3
"PCTChangeLT-1,,,,volBuyReversalLast2DayDown-VolDown,##(Check-chart-buy):month3High-InMinus,NearHighMonth3,",-0.0709969083028738,18,7,11
"PCTChangeLT-2,_HTGT3.0__LTGT1.5__HTGTPCTDayChange_,,,%%:checkSell:FlagWeek,##MANegative_Downtrend_(LT-2),##MA-SMA200LT0SMA100LT0,",2.328217321194463,1,1,0
"PCTChangeEQ0,year2High,_HTGT1.5_,,,%%HLTF-LastDayUp:(DOWNTREND-OR-GLOBALDOWN)MaySellHighTail-LastDayMarketUp,",-0.028408856604023664,1,0,1
"PCTChangeLT-3,,,,weekBarLowChangeLT0,brokenToday,##longDownTrend-0-IndexNotDownLastDay(checkBase),",1.994775645824268,1,1,0
"PCTChangeLT-3,,,,(GLOBALFUTDOWN-DOWNTRENDMARKET)checkSellConsolidationBreakDown-week2-lowNotReachedWeek3,week2BarLowChangeLT0,##DOWNTREND:sellYear2HighReversal(InDownTrend),##last2DayLow(LT-3)-M3LGT0,##(Check-chart-buy):month3High-InMinus,ReversalHighMonth3,",2.6085887697295798,2,2,0
"PCTChangeLT-1,,,,(GLOBALFUTDOWN-DOWNTRENDMARKET)checkSellConsolidationBreakDown-week2-lowNotReachedWeek3,week2BarLowChangeLT0,weekLowLTweek2Low,chisSellDownTrend-nearHigh,",0.2991059104958992,3,1,1
"PCTDayChangeLT0,_LTGT1.5_,,,shortDownTrendBuyReversal-Month3Low-Doji-Last2DayLTToday,",-0.13970489656705054,8,4,4
"PCTChangeLT-3,,,,volBuyVolumeUpsergedLast2n3DayUp,chisDownTrend-Risky-nearHigh,##DOWNTREND:sellYear2HighReversal(InDownTrend),##(Check-chart-buy):month3High-InMinus,ReversalHighMonth3,",-0.9276969207724478,3,0,3
"PCTChangeLT-3,year2Low,_HTGT3.0__LTGT1.5_,,,##last2DayLow(LT-3)-M3LLT0,",4.512998760466596,1,1,0
"PCTChangeLT-3,_LTGT1.5_,,,buyMorningStar-HighLowerTail-(checkChart),",0.31210986267167307,1,1,0
"PCTChangeGT2,_HTGT1.5_,,,##(Check-chart-sell):month3Low-InPlus,ReversalLowMonth3,chisUpTrend-Risky-nearLow,chisCheckConsolidationBreakoutLT(4.5),chis-breakoutup-2week,chisBuy-2week-breakoutup,##UPTREND:buyMonth3LowReversal(Confirm),",-2.1961736943823307,1,0,1
"PCTChangeLT-2,,,,weekBarLowChangeLT0,chisDownTrend-Risky-nearHigh,##(Check-chart-buy):YearHigh-InMinus,ReversalHighYear,",1.9696952882877108,1,1,0
"PCTChangeGT2,_LTGT1.5_,,,volSellReversalLast2DayUp-VolDown,chis-breakoutup-2week,chisBuy-2week-breakoutup,",-1.4634146341463479,1,0,1
"PCTChangeLT-2,_HTGT3.0__LTGT1.5__HTGTPCTDayChange_,,,%%HLTF:maySellTail-tailGT2-allDayGT0,chisBuyFinalContinue-(lastDayUp),##sellTenDaysMoreThanTen,",3.630437436311133,1,1,0
"PCTDayChangeLT0,,,,buyPatternsML,buyPattern-GT1.5-SMAGT0,(SMA9GT0),",1.7359068556426258,1,1,0
"PCTChangeGT0,PCDayChange-0.5to0.5,_HTGT3.0_,,,%%HLTF-Last2HighTail:(UPTREND)buy(DOWNTREND)sell:HighUpperTailPre-last2DayUp,",-1.8426811456949224,3,1,2
"PCTChangeLT-3,_HTGT1.5__LTGT1.5_,,,chisSellDownTrend-nearHigh,##(Check-chart-buy):month3High-InMinus,NearHighMonth3,",0.3771097205651369,1,1,0
"PCTChangeGT3,_HTGT1.5__LTGT1.5_,,,VOL:sell-UpVol-3dayUp-Week2High,##MAPositive_Uptrend(GT2),##MA-SMA200GT0SMA100GT0,",-1.5034491107277286,1,0,1
"PCTChangeGT2,,,,volSellVolumeUpsergedLast2n3DayDown,(GLOBALFUTUP-UPTRENDMARKET)checkBuyConsolidationBreakUp-week2-highNotReachedWeek3,week2BarHighChangeGT0,weekHighGTweek2High,brokenToday,",0.5886890932048268,1,1,0
"PCTChangeGT3,,,,weekBarHighChangeGT2,##last2DayHighGT3-M3HGT0,",0.4741150108004285,5,3,2
"PCTChangeGT2,_LTGT1.5_,,,buyYearHigh-0,##(Check-chart)ML:buyMonth3High-Continue,",0.25092963335796314,1,1,0
"PCTChangeLT-3,_LTGT1.5_,,,##last2DayLow(LT-3)-M3LGT0,chisSellDayLowVolLow-03-checkMorningTrend(.5SL),",1.55826524873278,2,1,1
"PCTChangeLT-2,,,,chisBuyMay5DayFloorReversal,##DOWNTREND:sellYear2HighReversal(InDownTrend),##(Check-chart-buy):month3High-InMinus,ReversalHighMonth3,",2.219781561212225,1,1,0
"PCDCLT0PCTChangeGT1,_HTGT3.0__LTGT1.5__HTGTPCTDayChange_,,,%%HLTF-Risky9:30:maySellTail-tailGT2-7,10thDayGT15,",1.827537647192032,1,1,0
"PCTChangeLT-1,,,,chisBuyMay5DayFloorReversal,weekBarLowChangeLT0,brokenToday,##(Check-chart-buy):month3High-InMinus,ReversalHighMonth3,",-1.0198600025383504,1,0,1
"PCTChangeGT1,,,,volumeUpsergedLast2n3n4DayDown,chisCheckConsolidationBreakoutLT(4.5),",-1.5463508157169075,1,0,1
"PCTChangeLT-3,,,,volSellContinueLast2DayDown-VolUp,##(Check-chart-buy):month3High-InMinus,BreakHighMonth3,",1.759647772067956,2,1,1
"PCTChangeGT0,_HTGT1.5_,,,shortUpTrendSellReversal-Month3High-Doji-Last2DayGTToday,",3.659008999537785,1,1,0
"PCTChangeGT0,PCDayChange-0.5to0.5,,,,chisSellDowningMA-(check5MinuteDownTrendAndSellDowntrend)-Already10DayDown,sellPattern-LT-1.5-SMALT0,(SMA9LT0),",-4.985650826787779,1,0,1
"PCTChangeLT-5,,,,(GLOBALFUTDOWN-DOWNTRENDMARKET)checkSellConsolidationBreakDown-week2-lowNotReachedWeek3,week2BarLowChangeLT0,##DOWNTREND:sellYear2HighReversal(InDownTrend),",-2.789976259234949,2,0,2
"PCTChangeLT-5,_LTGT3.0_,,,volBuyReversalLast2DayDown-VolDown,chisDownTrend-Risky-nearHigh,",-0.23858483572706937,1,0,1
"PCTChangeGT3,,,,VOL:sell-UpVol-3dayUp-Week2High,##MAPositive_Uptrend(GT2),##MA-SMA200GT0SMA100GT0,",-0.6000783846723894,21,10,11
"PCTChangeLT-3,_LTGT1.5_,,,volBuyReversalLast2DayDown-VolDown,##(Check-chart-buy):month3High-InMinus,NearHighMonth3,",0.5704513997343605,2,2,0
"PCTChangeGT5,,,,weekBarHighChangeGT2,brokenToday,##last2DayHighGT3-M3HGT0,",-0.2962440100311634,2,1,1
"PCTDayChangeLT0,_LTGT1.5_,,,$$MayBuy-CheckChart-baseLine(inuptrend-monthlow)-MHCLT(-10),",0.6587070760363636,2,1,1
"PCTChangeGT2,_HTGT1.5_,,,MaySellCheckChart-(IndexNotDownInSecondHalf),##(Check-chart-sell):month3Low-InPlus,ReversalLowMonth3,chisUpTrend-Risky-nearLow,##UPTREND:buyMonth3LowReversal(Confirm),",-1.7080355578472246,2,0,2
"PCTChangeGT5,_HTGT1.5__LTGT1.5__HTGTPCTDayChange_,,,chisCheckConsolidationBreakoutLT(4.5),",-1.106240480387459,1,0,1
"PCTChangeLT-3,_LTGT1.5_,,,volBuyReversalLast2DayDown-VolDown,##MANegative_Downtrend_(LT-2),##MA-SMA200LT0SMA100LT0,##DOWNTREND:sellMonth3LowBreak,",5.374002220898136,1,1,0
"PCTChangeLT-3,_HTGT1.5_,,,weekBarLowChangeLT-2,##DOWNTREND:sellYear2HighReversal(InDownTrend),##last3DayLow(LT-3)-M3LGT0,##(Check-chart-buy):month3High-InMinus,ReversalHighMonth3,",-0.16707368304511672,1,0,1
"PCTChangeLT-8,_HTGT3.0__LTGT3.0__HTGTPCTDayChange__LTGTPCTDayChange_,,,##MANegative_Downtrend_(LT-2),##MA-SMA200LT0SMA100LT0,",8.412401239219772,2,2,0
"PCTChangeLT-3,,,,sellPatternsML,##MANegative_Downtrend_(LT-4.5),##MA-SMA200LT0SMA100LT0,##last3DayLow(LT-3)-M3LGT0,",-3.7766464550694185,1,0,1
"PCTChangeGT3,,,,checkBuyConsolidationBreakout-allPreLT0,(GLOBALFUTUP-UPTRENDMARKET)checkBuyConsolidationBreakUp-week2-highNotReachedWeek3,week2BarHighChangeGT0,weekHighGTweek2High,brokenToday,",-3.795671462430982,1,0,1
"PCTChangeLT-0.5,year2High,_HTGT1.5__HTGTPCTDayChange__LTGTPCTDayChange_,,,%%HLTF-Last2HighTail:(DOWNTREND)sellHighUpperTailPre,",-1.2538593716873454,1,0,1
"PCTChangeLT-1,,,,volBuyReversalLast2DayDown-VolDown,##(Check-chart-buy):month3High-InMinus,NearHighMonth3,##MA-SMA200LT0SMA100GT0,",-0.349042083077721,1,0,1
"PCTChangeGT0,PCDayChange-0.5to0.5,year2High,_LTGT3.0_,,,%%HLTF-Last2DayMarketUp:(GLOBAL-DOWN)sellHighLowerTail-Reversal-LastDayMarketUp,",0.30999755859374756,1,1,0
"PCTChangeLT-2,,,,%%:checkSell:Super01-monthLow,##ML:buyRisingMA-down-Risky,",0.11862849475883058,15,6,9
"PCTChangeGT3,,,,##(Check-chart-sell):month3Low-InPlus,NearLowMonth3,chisBuyUpTrend-nearLow,chisBuyFinalCandidate-(lastDayUp),buyFinal1,##UPTREND:buyMonth3Low,",4.201704707322795,1,1,0
"PCTChangeGT0.5,PCDayChange-0.5to0.5,_HTGT1.5__LTGT1.5_,,,%%:checkSell:FlagWeek-doji,",-0.5102170509034583,1,0,1
"PCTChangeLT-3,_LTGT3.0_,,,##MANegative_Downtrend_(LT-2),##MA-SMA200LT0SMA100LT0,##last2DayLow(LT-3)-M3LGT0,",3.6794567652614982,1,1,0
"PCTChangeLT-3,_HTGT3.0__HTGTPCTDayChange_,,,%%:checkSell:FlagWeek,chisSell-smallUptrendReversal,",-3.836359197443178,1,0,1
"PCDCLT0PCTChangeGT1,PCDayChange-0.5to0.5,_HTGT1.5__LTGT3.0_,,,%%:checkSell:CupDownDoji-lastDayLT(-2)TodayDoji,%%HLTF-Last2DayMarketUp:(GLOBAL-DOWN)sellHighLowerTail-Reversal-LastDayMarketUp,",-1.9527891963955997,1,0,1
"PCTChangeGT0,,,,##MAPositive_Uptrend(GT1),##MA-SMA200LT0SMA100LT0,",2.380090218502702,1,1,0
"PCTChangeLT-2,year2High,_HTGT1.5_,,,checkCupDown-inDownTrend-month3HighLTmonth3Low,bar_low,volBuyReversalLast2DayDown-VolUp,",10.837881207412108,1,1,0
"PCTChangeLT-2,,,,VOL:buy-UpVol-3dayDown-Week2Low,weekBarLowChangeLT-2,##MANegative_Downtrend_(LT-2),##MA-SMA200LT0SMA100LT0,##DOWNTREND:sellYearLowBreak,",0.6793570654959242,1,1,0
"PCTChangeLT-1,_LTGT1.5_,,,##ML:BuyRisingMA-Risky-1,",2.3118295977192513,1,1,0
"PCTChangeLT-1,,,,%%:checkSell:ConsolidationBreakDown(NotShapeA)-2week,checkSellConsolidationBreakDown-2week,week2BarLowChangeLT-2,weekLowLTweek2Low,",-4.085675101443152,1,0,1
"PCTChangeLT-2,,,,##DOWNTREND:sellMonth6HighReversal(InDownTrend),$$MayBuy-CheckChart(monthLow-minimumLast4DayDown),##(Check-chart-buy):month6High-InMinus,ReversalHighMonth6,",1.4540554211436743,1,1,0
"PCTChangeLT-3,_HTGT3.0__LTGT3.0__LTGTPCTDayChange_,,,chisDownTrend-Risky-nearHigh,##(Check-chart-buy):month3High-InMinus,ReversalHighMonth3,",-2.3760206811907087,1,0,1
"PCTChangeGT3,_HTGT1.5__LTGT3.0__LTGTPCTDayChange_,,,chisSellYear2LowLT-40-last4DayDown(triggerAfter-9:15),",-2.9796475108741083,1,0,1
"PCTChangeGT2,_LTGT1.5_,,,(GLOBALFUTUP-UPTRENDMARKET)checkBuyConsolidationBreakUp-week2-highNotReachedWeek3,week2BarHighChangeGT0,weekHighGTweek2High,",2.666666666666664,1,1,0
"PCDCLT0PCTChangeGT0,PCDayChange-0.5to0.5,_HTGT3.0__LTGT1.5_,,,##MANegative_Downtrend_(LT0),##MA-SMA200GT0SMA100LT0,",-0.2726113729175614,1,0,1
"PCTChangeLT-2,_LTGT1.5_,,,(GLOBALFUTDOWN-DOWNTRENDMARKET)checkSellConsolidationBreakDown-week2-lowNotReachedWeek3,week2BarLowChangeLT-2,##DOWNTREND:sellYear2HighReversal(InDownTrend),",0.34470852188681944,1,1,0
"PCTChangeGT3,year2High,_HTGT1.5_,,,volBuyContinueLast2DayUp-VolUp,",-1.9013594517436923,3,0,3
"PCTChangeLT-3,_HTGT1.5_,,,weekBarLowChangeLT-2,brokenToday,##last2DayLow(LT-3)-M3LGT0,",-4.3740886759064415,1,0,1
"PCTChangeLT-0.5,PCDayChange-0.5to0.5,year2High,_HTGT1.5__LTGT1.5_,,,%%HLTF-LastDayUp:(DOWNTREND-OR-GLOBALDOWN)MaySellHighTail-LastDayMarketUp,",4.390687898374321,1,1,0
"PCTChangeGT2,_LTGT1.5_,,,volBuyVolumeUpsergedLast2n3DayDown,volBuyContinueLast2DayUp-VolUp,",2.7491255681800766,2,1,1
"PCDCLT0PCTChangeGT3,_LTGT3.0_,,,chisSellLastDayHighUpReversal,",-1.9966651461264477,4,0,4
"PCTChangeLT-3,,,,vol-buy-DownVol-3dayDown-Week2Low,##MANegative_Downtrend_(LT-2),##MA-SMA200LT0SMA100LT0,##last3DayLow(LT-3)-M3LGT0,",-1.6289745974365912,1,0,1
"PCTChangeGT0.5,_HTGT1.5_,,,chisBuyYearHigh-1,",-0.5810600320822532,4,3,1
"PCTChangeGT3,_HTGT1.5_,,,%%HLTF-Last2HighTail:(UPTREND)buy(DOWNTREND)sell:HighUpperTailPre-last2DayUp,##last2DayHighGT3-M3HGT0,",-1.0891048821678968,1,0,1
"PCTChangeGT2,,,,week2BarHighChangeGT0,##UPTREND:buyMonth3LowReversal(Confirm),",0.7678373219222087,1,1,0
"PCTChangeGT0.5,,,,%%:checkSell:Super2,-+,##MANegative_Downtrend_(GT0),##MA-SMA200LT0SMA100LT0,",-0.3938946835573677,1,0,1
"PCTDayChangeLT0,_HTGT3.0_,,,%%HLTF-Last2HighTail:(DOWNTREND)sellHighUpperTailPre,##buyYear2LowMovingSMA,",2.5711619679802227,1,1,0
"PCTChangeLT-2,_LTGT1.5_,,,(Test)MayBuy-CheckChart(upTrend-lastDayDown),",0.3186965991726641,11,7,4
"PCTChangeGT2,year2High,,,,shortUpTrendSellReversal-MonthHigh,volumeUpsergedLast2n3n4DayDown,weekBarHighChangeGT0,brokenToday,",-0.6219916014203472,1,0,1
"PCTChangeLT-1,_HTGT3.0__LTGT1.5__HTGTPCTDayChange__LTGTPCTDayChange_,,,weekBarLowChangeLT0,brokenToday,",-0.1379747428342669,1,0,1
"PCTChangeGT2,year2High,,,,vol-sell-DownVol-3dayUp-Week2High,weekBarHighChangeGT2,",-0.6937442051289555,2,0,2
"PCTDayChangeLT0,PCDayChange-0.5to0.5,year2High,_HTGT1.5__LTGT1.5_,,,%%HLTF-LastDayUp:(DOWNTREND-OR-GLOBALDOWN)MaySellHighTail-LastDayMarketUp,",-0.5026987842408362,1,0,1
"PCTChangeLT-1,,,,shortDownTrendBuyReversal-MonthLow-Doji-Last2DayLTToday,",0.8897299196613495,8,7,1
"PCTChangeGT5,_LTGT3.0_,,,$$(DOWNTREND-OR-GLOBALDOWN)MaySellContinue-CheckChart(inuptrend-monthlow)-PCTDayChangeGT2,",-1.3716841165998432,1,0,1
"PCTChangeLT-0.5,year2Low,_LTGT3.0_,,,buyMorningStar-HighLowerTail-(checkChart),",1.4639341684383382,2,2,0
"PCTChangeGT2,_LTGT1.5_,,,chisSellYear2LowLT-40-last3DayDown(triggerAfter-9:15),##UPTREND:buyYear2Low,",-4.930323857290253,1,0,1
"PCTChangeGT8,_LTGT1.5_,,,chisBuyDayHighVolLow-0,",0.00026179809447501867,2,1,1
"PCTChangeGT3,year2Low,_LTGT1.5_,,,chisSellYear2LowLT-40-last4DayDown(triggerAfter-9:15),chisBuyDownTrend-Risky-1,",-2.276057939931225,1,0,1
"PCTChangeGT8,year2Low,,,,zigZagVolCrossedFromDown,",-3.484035231283618,1,0,1
"PCTDayChangeLT0,PCDayChange-0.5to0.5,_HTGT1.5_,,,chisSellSuper-Risky,--,",-1.289146317796061,2,0,2
"PCTChangeGT2,_HTGT1.5_,,,MaySellCheckChart-(IndexNotDownInSecondHalf),$$MaySell-CheckChart(monthHigh-minimumLast4DayUp),##(Check-chart-sell):month3Low-InPlus,ReversalLowMonth3,##UPTREND:buyMonth6LowReversal(Confirm),",-2.4259299797875595,1,0,1
"PCTChangeLT-3,_LTGT3.0_,,,%%checkCupDown-2dayDown-continue,volBuyReversalLast2DayDown-VolUp,##(Test)(Check-chart):year2Low-InMinus,",-2.8936183198969414,1,0,1
"PCTChangeLT-0.5,,,,volSellContinueLast2DayDown-VolUp,(GLOBALFUTDOWN-DOWNTRENDMARKET)checkSellConsolidationBreakDown-week2-lowNotReachedWeek3,week2BarLowChangeLT0,",0.10262536078250017,1,1,0
"PCTChangeLT-12,_HTGT3.0__LTGT3.0_,,,VOL:sellAboveTail-BuyAtClose:upVol3dayDownWeek2Low-highLowerTail,##MANegative_Downtrend_(LT-4.5),##MA-SMA200GT0SMA100LT0,",-6.496345909842617,1,0,1
"PCTChangeLT-1,,,,checkCupDown-month3HighLTmonth3Low,bar_low,##(Check-chart-buy):YearHigh-InMinus,NearHighYear,",-1.3090347782258145,1,0,1
"PCTChangeLT-12,_LTGT1.5_,,,##MANegative_Downtrend_(LT-4.5),##MA-SMA200LT0SMA100LT0,##(Test)(Check-chart-sell):yearLow-InMinus,",-0.06511219844940525,1,0,1
"PCTChangeGT2,,,,volSellVolumeUpsergedLast2n3DayDown,checkBuyConsolidationBreakUp-2week,week2BarHighChangeGT0,brokenToday,",-0.7043994447720208,1,0,1
"PCTChangeLT-5,,,,maySellHighVolatileDownContinueLT-8,VOL:sell(GLOBALFUTUP-GLOBALMARKETUP)Buy-UpVol-3dayDown-Week2High,",-0.4914548980490513,2,0,2
"PCDCGT0PCTDayChangeLT0,PCDayChange-0.5to0.5,_LTGT1.5_,,,%%:checkBuyContinue:CupDownDoji,",1.424418604651171,1,1,0
"PCTChangeLT-1,_LTGT1.5_,,,%%:checkSell:Super01-monthLow,zigZagVolCrossedFromUp,",-1.125683415001516,1,0,1
"PCTChangeLT-8,_HTGT3.0_,,,##MANegative_Downtrend_(LT-2),##MA-SMA200LT0SMA100LT0,",2.1240138442172856,2,1,1
"PCTChangeGT3,,,,chisBuyUpTrend-1-YearHigh,chisUpTrend-Risky-nearLow,",-0.8006213857912028,1,0,1
"PCTChangeGT3,_LTGT1.5_,,,chisCheckConsolidationBreakout2WeekLT(4.5),weekBarHighChangeGT2,",-0.8576946834172965,1,0,1
"PCTChangeGT1,_HTGT1.5__LTGT1.5__HTGTPCTDayChange__LTGTPCTDayChange_,,,##MANegative_Downtrend_(GT1),##MA-SMA200LT0SMA100LT0,",-0.8868551579695301,1,0,1
"PCTChangeLT-1,_LTGT1.5_,,,shortDownTrendBuyReversal-MonthLow-Doji-Last2DayLTToday,",-0.2740021562175442,4,2,2
"PCTChangeGT1,_HTGT1.5_,,,%%HLTF-Risky9:30:maySellTail-tailGT2-7,10thDayGT15,chisSellEveningStar-2(Check2-3MidCapCross),",0.5657450946601315,1,1,0
"PCTChangeGT1,_HTGT1.5__HTGTPCTDayChange_,,,%%HLTF:(DOWNTREND-OR-GLOBALDOWN)maySellTail-tailGT2-2,3,4thDayGT0,week2BarHighChangeGT0,brokenToday,",-1.6759776536312814,1,0,1
"PCTChangeLT-5,year2High,,,,##last2DayLow(LT-3)-M3LGT0,chisBuyDayLowVolLow-02-checkMorningTrend(.5SL),",-3.9331570992413245,1,0,1
"PCTChangeLT-1,_HTGT3.0__LTGT1.5__HTGTPCTDayChange__LTGTPCTDayChange_,,,chisDownTrend-Risky-nearHigh,",-2.281725908052133,4,0,4
"PCTChangeLT-3,,,,(GLOBALFUTDOWN-DOWNTRENDMARKET)checkSellConsolidationBreakDown-week2-lowNotReachedWeek3,week2BarLowChangeLT-2,##DOWNTREND:sellYear2HighReversal(InDownTrend),##(Check-chart-buy):month3High-InMinus,ReversalHighMonth3,",0.011220911706515891,5,4,1
"PCTChangeGT1,_HTGT3.0__HTGTPCTDayChange_,,,volSellVolumeUpsergedLast2n3DayDown,volBuyContinueLast2DayUp-VolUp,weekBarHighChangeGT0,brokenToday,",-1.142496361086388,1,0,1
"PCTChangeLT-2,,,,chisSell-smallUptrendReversal,##ML:buyRisingMA-down-Risky,",-0.18773657448593778,1,0,1
"PCTChangeGT3,_HTGT1.5_,,,volBuyContinueLast2DayUp-VolUp,chisCheckConsolidationBreakoutLT(4.5),(GLOBALFUTUP-UPTRENDMARKET)checkBuyConsolidationBreakUp-week2-highNotReachedWeek3,week2BarHighChangeGT0,brokenToday,",0.36590409409154223,1,1,0
"PCTChangeGT1,_HTGT1.5__HTGTPCTDayChange_,,,(Test)(check-chart-2-3MidCapCross)MaySellCheckChart-Risky,mayBuyFromSellPattern-GT1.8,",7.174690972114078,1,1,0
"PCTChangeGT3,_HTGT1.5__LTGT1.5_,,,volSellVolumeUpsergedLast2n3DayDown,(GLOBALFUTUP-UPTRENDMARKET)checkBuyConsolidationBreakUp-week2-highNotReachedWeek3,week2BarHighChangeGT0,",1.6959028634411617,1,1,0
"PCTChangeGT3,,,,chisCheckConsolidationBreakoutGT(4.5),(GLOBALFUTUP-UPTRENDMARKET)checkBuyConsolidationBreakUp-week2-highNotReachedWeek3,week2BarHighChangeGT0,BuyYearLow,",-0.1853050743809867,1,0,1
"PCTChangeLT-3,_HTGT1.5_,,,%%:checkSell:Flag2Week,",0.2791222630966833,1,1,0
"PCDCLT0PCTChangeGT0,PCDayChange-0.5to0.5,_LTGT3.0_,,,%%HLTF:(SGXNIFTYUP)buyHighLowerTail-Continue,##MAPositive_Uptrend(LT0),##MA-SMA200GT0SMA100LT0,",-2.1810712147151508,1,0,1
"PCTChangeLT-3,,,,volBuyVolumeUpsergedLast2n3DayUp,chisDownTrend-Risky-nearHigh,##DOWNTREND:sellYear2HighReversal(InDownTrend),##(Check-chart-buy):YearHigh-InMinus,ReversalHighYear,",-0.2552554372070648,2,1,1
"PCTChangeLT-3,_HTGT1.5_,,,chisSellFinalCandidate-(lastDayUp)-(highChange),",5.951738864848666,1,1,0
"PCTChangeLT-3,_LTGT1.5_,,,MayBuyCheckChart-(IndexNotUpInSecondHalf),$$MayBuy-CheckChart(monthLow-minimumLast4DayDown),",1.058530510585311,1,1,0
"PCTChangeLT-3,_LTGT3.0_,,,volumeUpsergedLast2n3n4DayUp,volBuyReversalLast2DayDown-VolUp,##MANegative_Downtrend_(LT-2),##MA-SMA200LT0SMA100LT0,##DOWNTREND:sellMonth6LowBreak,buyMorningStar-HighLowerTail,",3.464203124743056,1,1,0
"PCTChangeLT-3,,,,(GLOBALFUTDOWN-DOWNTRENDMARKET)checkSellConsolidationBreakDown-week2-lowNotReachedWeek3,week2BarLowChangeLT0,weekLowLTweek2Low,##(Check-chart-buy):month3High-InMinus,ReversalHighMonth3,",-0.46294063256670354,3,2,1
"PCTChangeGT2,_HTGT1.5__HTGTPCTDayChange_,,,%%HLTF:(GLOBAL-SGX-DOWN)maySellTail-2,3,4thDayGT0,chisUpTrend-Risky-nearLow,",2.855405087461781,1,1,0
"PCTChangeLT-3,,,,volBuyReversalLast2DayDown-VolDown,##(Check-chart-buy):month3High-InMinus,NearHighMonth3,##ML:BuyRisingMA-Risky-1,",1.1111132987511283,1,1,0
"PCTChangeLT-3,_LTGT3.0_,,,##MANegative_Downtrend_(LT-2),##MA-SMA200LT0SMA100LT0,##DOWNTREND:sellYearLowBreak,buyMorningStar-HighLowerTail,",0.3030256791548445,1,1,0
"PCTChangeGT1,PCDayChange-0.5to0.5,_HTGT1.5_,,,##MANegative_Downtrend_(GT0),##MA-SMA200GT0SMA100LT0,",-1.2089818837691426,1,0,1
"PCTChangeGT8,year2High,_HTGT3.0_,,,%%HLTF-Last2HighTail:(UPTREND)buy(DOWNTREND)sell:HighUpperTailPre-last2DayUp,volumeUpsergedLast2n3n4DayDown,",1.2310586675869422,1,1,0
"PCTChangeGT2,_HTGT1.5__LTGT1.5_,,,%%HLTF-Last2HighTail:(UPTREND)buy(DOWNTREND)sell:HighUpperTailPre-last2DayUp,%%HLTF-Risky9:30:maySellTail-tailGT2-7,10thDayGT15,",1.7105303312602798,1,1,0
"PCTChangeGT5,,,,weekBarHighChangeGT2,chis-breakoutup-2week,chisBuy-2week-breakoutup,##UPTREND:buyMonth3LowReversal(Confirm),",1.268724617979066,1,1,0
"PCTChangeGT1,_HTGT1.5_,,,chisBuyYearHigh-3,",-0.9577609692616766,12,7,5
"PCTChangeGT5,_HTGT3.0_,,,%%ACU:sellReversalLast2DayHighGT4,%%HLTF-Last2HighTail:(UPTREND)buy(DOWNTREND)sell:HighUpperTailPre-last2DayUp,##MAPositive_Uptrend(GT4.5),##MA-SMA200GT0SMA100GT0,##last2DayHighGT3-M3HGT0,",0.5400024414062464,1,1,0
"PCTChangeGT2,,,,vol-sell-DownVol-3dayUp-Week2High,##MAPositive_Uptrend(GT1),##MA-SMA200GT0SMA100GT0,",0.5047798282605582,10,4,6
"PCTChangeLT-1,_HTGT1.5_,,,##MAPositive_Uptrend(LT-2),##MA-SMA200GT0SMA100GT0,",2.805045857031679,3,3,0
"PCTChangeLT-16,_HTGT3.0_,,,%%:checkSell:Super0,",8.881851389438298,1,1,0
"PCDCLT0PCTChangeGT0,PCDayChange-0.5to0.5,_HTGT1.5_,,,(SMA9GT0),mayBuyFromSellPattern-GT1.8,buyYearHigh-0,",0.6725502485064626,1,1,0
"PCTChangeLT-3,year2High,,,,zigZagVolCrossedFromUp,",-1.189789735347146,7,0,7
"PCTChangeLT-0.5,_HTGT3.0__HTGTPCTDayChange_,,,chisSell:Super03-monthLow,",-0.07949610579459172,1,0,1
"PCDCGT0PCTDayChangeLT0,_LTGT3.0_,,,buyYearHigh-0,",-0.9817392873567921,2,0,2
"PCTChangeGT5,_HTGT1.5__LTGT3.0_,,,##MAPositive_Uptrend(GT4.5),##MA-SMA200LT0SMA100GT0,",0.9052439590723336,2,1,1
"PCTChangeGT0.5,PCDayChange-0.5to0.5,_HTGT1.5__LTGT1.5_,,,%%:checkSell:lastDayLT(-4.5),",1.8645777890489237,2,2,0
"PCTChangeLT-1,year2Low,,,,shortDownTrendBuyReversal-Month3Low-Doji-Last2DayLTToday,",0.5028613105172676,2,1,1
"PCTChangeGT1,_HTGT1.5__HTGTPCTDayChange_,,,(Test)MaySellCheckChart-last3DayUp,$$MaySell-CheckChart(downTrend-mayReverseLast4DaysUp),shortUpTrendBuyContinue-Doji-Last2DayGTToday,##RisingMA(check-chart-sell)-MaySellCheckChart,",1.669125776245024,1,1,0
"PCTChangeGT8,_HTGT3.0__LTGT1.5_,,,##MAPositive_Uptrend(GT4.5),##MA-SMA200LT0SMA100LT0,",-3.415986420475452,4,0,4
"PCTChangeLT-2,_HTGT1.5_,,,zigZagVolCrossedFromUp,##ML:buyRisingMA-down-Risky,",-1.1928429423459157,1,0,1
"PCTChangeGT2,,,,chisUpTrend-Risky-nearLow,volumeUpsergedLast2n3n4DayDown,##UPTREND:buyYearLowReversal(Confirm),",1.5000012456154388,1,1,0
"PCDCLT0PCTChangeGT0,PCDayChange-0.5to0.5,_HTGT1.5__LTGT3.0_,,,%%HLTF-Last2DayMarketUp:(GLOBAL-DOWN)sellHighLowerTail-Reversal-LastDayMarketUp,##MAPositive_Uptrend(LT0),##MA-SMA200GT0SMA100GT0,",-1.1178626706573946,1,0,1
"PCTChangeGT3,,,,##(Check-chart-sell):month3Low-InPlus,ReversalLowMonth3,chisUpTrend-Risky-nearLow,(GLOBALFUTUP-UPTRENDMARKET)checkBuyConsolidationBreakUp-week2-highNotReachedWeek3,week2BarHighChangeGT0,##UPTREND:buyMonth3LowReversal(Confirm),",0.11331271855081132,1,1,0
"PCTChangeGT1,,,,shortUpTrendSellReversal-MonthHigh,",-0.5380598803511231,23,10,13
"PCTChangeLT-1,year2Low,,,,$$MayBuy-CheckChart(downTrend-mayReverseLast4DaysDown),%%:buyDownTrend-month3Low,",0.5624872607992852,1,1,0
"PCTChangeEQ0,_LTGT3.0_,,,(GLOBALFUTDOWN-DOWNTRENDMARKET)checkSellConsolidationBreakDown-week2-lowNotReachedWeek3,week2BarLowChangeLT0,weekLowLTweek2Low,",0.43567848426797906,1,1,0
"PCTChangeGT5,,,,chisUpTrend-Risky-nearLow,volumeUpsergedLast2n3n4DayDown,",0.07725923348456772,3,1,2
"PCTChangeGT1,year2High,,,,volumeUpsergedLast2n3n4DayDown,volBuyContinueLast2DayUp-VolUp,",0.1312768338607968,2,1,1
"PCTChangeLT-1,_LTGT1.5_,,,##sellSMA25GT10,##(Test):buyRisingMA-uptrend-SMA25gt0,##MAPositive_Uptrend(LT-1),##MA-SMA200LT0SMA100LT0,",-3.3142323024862628,1,0,1
"PCTChangeLT-2,,,,checkCupDown-near2WeekDown-mayReveresalBuy,(GLOBALFUTDOWN-DOWNTRENDMARKET)checkSellConsolidationBreakDown-week2-lowNotReachedWeek3,week2BarLowChangeLT0,volBuyRevarsalVolCrossed,",-1.5183393094090496,1,0,1
"PCTChangeLT-3,_LTGT1.5_,,,weekBarLowChangeLT-2,",0.5635482819613434,8,5,3
"PCTChangeLT-3,_LTGT3.0_,,,##MANegative_Downtrend_(LT-2),##MA-SMA200GT0SMA100LT0,##last3DayLow(LT-3)-M3LLT0,",-3.043202053214133,1,0,1
"PCDCGT0PCTChangeLT-5,_HTGT1.5__LTGT3.0__LTGTPCTDayChange_,,,##MA-SMA200LT0SMA100LT0,",-1.8802187040462623,1,0,1
"PCTChangeGT0.5,year2High,_HTGT3.0__LTGT1.5_,,,%%HLTF-Last2HighTail:(UPTREND)buy(DOWNTREND)sell:HighUpperTailPre-last2DayUp,",-0.09871061267771682,1,0,1
"PCTChangeGT3,,,,chisBuyUpTrend-nearLow,##UPTREND:buyYearLow,",-0.676990375574294,2,1,1
"PCTChangeLT-3,_LTGT3.0_,,,chisSellDownTrend-nearHigh,zigZagVolCrossedFromUp,##(Check-chart-buy):YearHigh-InMinus,ReversalHighYear,",-0.6995312384498259,1,0,1
"PCTChangeGT3,,,,##(Check-chart-sell):month3Low-InPlus,ReversalLowMonth3,chisBuyUpTrend-1-YearHigh,(GLOBALFUTUP-UPTRENDMARKET)checkBuyConsolidationBreakUp-week2-highNotReachedWeek3,week2BarHighChangeGT2,chisBuy-2week-breakoutup(check-chart)(|-|-| or --|),##(check-chart)mayBuy-EMA6-LT-May-MT-EMA14,",4.299158899538169,1,1,0
"PCTChangeLT-2,_LTGT1.5_,,,%%HLTF:(SGXNIFTYUP)buyHighLowerTail-Continue,",0.13227456565055032,3,2,1
"PCTChangeGT2,,,,VOL:sell-UpVol-3dayUp-Week2High,",0.03686533046680559,25,14,11
"PCTChangeGT2,_HTGT1.5_,,,(GLOBALFUTUP-UPTRENDMARKET)checkBuyConsolidationBreakUp-week2-highNotReachedWeek3,week2BarHighChangeGT0,",-0.38393693669638085,7,2,5
"PCTChangeLT-2,_LTGT1.5_,,,checkCupDown-month3HighLTmonth3Low,bar_low,",-0.1488556854410199,2,1,1
"PCDCGT0PCTChangeLT-1,PCDayChange-0.5to0.5,_HTGT1.5__LTGT3.0_,,,%%HLTF-Last2LowTail:(DOWNTREND)sellHighLowerTailPre-1,chisBuyYearHigh-3,",-1.6206938644935283,1,0,1
"PCTChangeGT3,PCDayChange-0.5to0.5,_HTGT1.5__LTGT1.5_,,,%%:checkSell:FlagWeek-doji,",-3.767851716803387,1,0,1
"PCTChangeGT1,_HTGT1.5__HTGTPCTDayChange__LTGTPCTDayChange_,,,##(Test)(check-chart)-sellSMADownTrend,",-1.421369104430142,1,0,1
"PCTChangeGT2,year2High,,,,volSellVolumeUpsergedLast2n3DayDown,volBuyContinueLast2DayUp-VolUp,chisCheckConsolidationBreakoutLT(4.5),",2.5548592861005393,1,1,0
"PCTChangeGT1,PCDayChange-0.5to0.5,_HTGT1.5_,,,chisSellDowningMA-(check5MinuteDownTrendAndSellDowntrend)-Already10DayDown,",-0.28756947355973994,1,0,1
"PCTChangeLT-2,,,,chisSellUpTrend-Risky-1,",0.9838256083014107,5,4,1
"PCDCGT0PCTChangeLT-1,PCDayChange-0.5to0.5,_LTGT3.0_,,,(SMA9LT0),",-2.574672879253308,1,0,1
"PCTChangeGT5,,,,chisUpTrend-Risky-nearLow,(GLOBALFUTUP-UPTRENDMARKET)checkBuyConsolidationBreakUp-week2-highNotReachedWeek3,week2BarHighChangeGT2,weekHighGTweek2High,brokenToday,##UPTREND:buyMonth3LowReversal(Confirm),",-1.1201868762713043,1,0,1
"PCTChangeGT1,,,,week2BarHighChangeGT0,chisFinalBreakOutBuyContinue-1-test-atYearLow,chisFinalBreakOutBuyContinue-0-test-atYearLow,",-0.10287909183202228,1,0,1
"PCTChangeLT-2,year2High,_HTGT1.5__LTGT3.0__LTGTPCTDayChange_,,,%%HLTF-Last2DayMarketUp:(GLOBAL-DOWN)sellHighLowerTail-Reversal-LastDayMarketUp,",1.0350342894515716,1,1,0
"PCTChangeLT-2,_HTGT1.5__LTGT1.5_,,,volSellContinueLast2DayDown-VolUp,",0.6548811045073127,3,2,1
"PCTDayChangeLT0,PCDayChange-0.5to0.5,_LTGT1.5_,,,chisSell:Super03-monthLow,",-0.15691397000060903,5,2,3
"PCDCLT0PCTChangeGT1,_HTGT1.5__HTGTPCTDayChange_,,,%%:sellDowntrend-lastDayDown-ReversalHighTail,",1.9884146318472486,1,1,0
"PCTChangeGT3,,,,volBuyContinueLast2DayUp-VolUp,##(Check-chart):year2High-InPlus,",1.0564888868121776,1,1,0
"PCTChangeLT-2,_LTGT1.5_,,,volBuyReversalLast2DayDown-VolUp,(GLOBALFUTDOWN-DOWNTRENDMARKET)checkSellConsolidationBreakDown-week2-lowNotReachedWeek3,week2BarLowChangeLT-2,weekLowLTweek2Low,",-2.4786254577980036,1,0,1
"PCTChangeGT1,,,,volBuyContinueLast2DayUp-VolUp,(GLOBALFUTUP-UPTRENDMARKET)checkBuyConsolidationBreakUp-week2-highNotReachedWeek3,week2BarHighChangeGT2,weekHighGTweek2High,",-0.24781815628037215,1,0,1
"PCTChangeGT5,,,,vol-sell-DownVol-3dayUp-Week2High,##MAPositive_Uptrend(GT4.5),##MA-SMA200LT0SMA100GT0,",-0.5982905982905922,1,0,1
"PCTChangeLT-1,,,,checkCupDown-near2WeekDown-mayReveresalBuy,(GLOBALFUTDOWN-DOWNTRENDMARKET)checkSellConsolidationBreakDown-week2-lowNotReachedWeek3,week2BarLowChangeLT-2,weekLowLTweek2Low,chisDownTrend-Risky-nearHigh,##(Check-chart-buy):month3High-InMinus,ReversalHighMonth3,",-1.1314212658778906,1,0,1
"PCTChangeLT-0.5,PCDayChange-0.5to0.5,_HTGT3.0_,,,%%HLTF-Last2HighTail:(DOWNTREND)sellHighUpperTailPre,",3.0875819631665338,2,2,0
"PCTChangeLT-0.5,_LTGT1.5_,,,(Test)MayBuyCheckChart-last3DayDown,",0.5497633902633695,12,7,5
"PCTChangeGT2,,,,volSellReversalLast2DayUp-VolDown,chisSell-2week-breakoutup,##UPTREND:buyYearLowReversal(Confirm),",2.2272829616305696,1,1,0
"PCTChangeLT-3,_LTGT1.5_,,,volSellContinueLast2DayDown-VolUp,(GLOBALFUTDOWN-DOWNTRENDMARKET)checkSellConsolidationBreakDown-week2-lowNotReachedWeek3,week2BarLowChangeLT0,",3.195593610889156,2,2,0
"PCTChangeLT-1,_HTGT1.5_,,,%%HLTF-Last2HighTail:(DOWNTREND)sell(UPTREND)buy:HighUpperTailPre,chisDownTrend-Risky-nearHigh,",-0.09653706668413042,2,1,1
"PCTChangeGT5,,,,chisUpTrend-Risky-nearLow,(GLOBALFUTUP-UPTRENDMARKET)checkBuyConsolidationBreakUp-week2-highNotReachedWeek3,week2BarHighChangeGT0,brokenToday,chisBuy-2week-breakoutup(check-chart)(|-|-| or --|),",-1.4948121046237202,1,0,1
"PCTChangeGT0.5,year2High,_HTGT1.5__HTGTPCTDayChange_,,,%%HLTF-Last2HighTail:(UPTREND)buy(DOWNTREND)sell:HighUpperTailPre-last2DayUp,(Test)MaySellCheckChart-last3DayUp,",1.5540904652560852,2,1,1
"PCTChangeGT5,year2High,,,,shortUpTrendSellReversal-MonthHigh,",-0.677925647840909,2,1,1
"PCDCGT0PCTChangeLT-1,,,,%%:checkSell:CupDownDoji,buyPatternsML,buyPattern-GT1.5-SMAGT0,(SMA9GT0),",4.327274206912881,1,1,0
"PCTChangeGT0.5,,,,chisBuyUpTrend-nearLow,##RisingMA(Test)(check-chart-buy)-2DayUp,",0.2078359603153609,2,1,1
"PCTChangeLT-12,_HTGT1.5_,,,maySellAfter10:30HighVolatileDownContinueLT-8-Risky,",-9.723930124856203,1,0,1
"PCTChangeLT-2,_HTGT1.5_,,,volSellContinueLast2DayDown-VolUp,chisDownTrend-Risky-nearHigh,",1.612142841949173,1,1,0
"PCTChangeGT3,year2High,_HTGT1.5__LTGT1.5_,,,weekBarHighChangeGT2,",1.170752491431595,2,1,1
"PCTChangeLT-5,_LTGT1.5_,,,volSellContinueLast2DayDown-VolUp,",-0.3154441153743079,10,5,5
"PCTChangeLT-1,_HTGT3.0__LTGT3.0__HTGTPCTDayChange__LTGTPCTDayChange_,,,##(Check-chart-buy):month3High-InMinus,ReversalHighMonth3,",2.076826464994094,1,1,0
"PCTChangeGT2,_HTGT1.5_,,,volSellReversalLast2DayUp-VolDown,##(Check-chart)sellMonth3High-Continue,",-1.0370370370370288,1,0,1
"PCTChangeLT-3,_LTGT1.5_,,,chisDownTrend-Risky-nearHigh,MayBuyCheckChart-(IndexNotUpInSecondHalf),##(Check-chart-buy):YearHigh-InMinus,ReversalHighYear,",-4.145161290322571,1,0,1
"PCTChangeLT-3,,,,chisSellFlagWeek-Risky,##(Check-chart-buy):month3High-InMinus,BreakHighMonth3,",-0.3922790825092954,1,0,1
"PCTChangeGT3,_HTGT3.0__LTGT1.5__HTGTPCTDayChange_,,,volSellReversalLast2DayUp-VolUp,",0.9226390952356891,1,1,0
"PCTChangeLT-3,_LTGT3.0_,,,##MANegative_Downtrend_(LT-4.5),##MA-SMA200GT0SMA100LT0,##DOWNTREND:sellMonth3LowBreak,",0.8786855135246691,1,1,0
"PCTChangeLT-2,_HTGT1.5_,,,volBuyReversalLast2DayDown-VolDown,##(Check-chart-buy):month3High-InMinus,BreakHighMonth3,",8.321834211830188,1,1,0
"PCTChangeLT-1,,,,volBuyReversalLast2DayDown-VolDown,",-0.5055341047476098,130,47,83
"PCTChangeLT-3,_HTGT3.0__LTGT1.5_,,,##MANegative_Downtrend_(LT-2),##MA-SMA200LT0SMA100LT0,",-0.7380114599082832,1,0,1
"PCTChangeGT3,_HTGT1.5__LTGT3.0_,,,##last2DayHighGT3-M3HLT0,",4.650721444137247,1,1,0
"PCTChangeGT1,,,,checkBuyConsolidationBreakUp-2week,week2BarHighChangeGT0,brokenToday,",-2.0646501047320838,1,0,1
"PCTChangeLT-3,_LTGT1.5_,,,checkCupDown-3dayDown,VOL:buy-DownVol-3dayDown-Week2High,##DOWNTREND:sellMonth3HighReversal(InDownTrend),##(Check-chart-buy):month3High-InMinus,ReversalHighMonth3,",-4.100256589470614,1,0,1
"PCDCLT0PCTChangeGT1,PCDayChange-0.5to0.5,_HTGT1.5_,,,%%:sellDowntrend-lastDayDown-ReversalHighTail,",5.713699031457149,1,1,0
"PCTChangeGT5,_HTGT3.0__LTGT1.5_,,,%%HLTF-Last2HighTail:(UPTREND)buy(DOWNTREND)sell:HighUpperTailPre-last2DayUp,##MAPositive_Uptrend(GT4.5),##MA-SMA200LT0SMA100LT0,##last2DayHighGT3-M3HLT0,",-0.34578884046568165,1,0,1
"PCTChangeGT2,_HTGT1.5_,,,chisUpTrend-Risky-nearLow,checkBuyConsolidationBreakUp-2week,week2BarHighChangeGT0,brokenToday,chis-breakoutup-2week,chisBuy-2week-breakoutup,BuyYearLow,##UPTREND:buyYearLowReversal(Confirm),",-1.7769563981926786,1,0,1
"PCTChangeGT3,_HTGT1.5_,,,##UPTREND:buyMonth6LowReversal(Confirm),",0.051382755185200205,1,1,0
"PCTChangeLT-5,_HTGT1.5_,,,volBuyRevarsalVolCrossed,chisSellDayLowVolLow-0,",2.2510160994433286,1,1,0
"PCTChangeLT-3,_HTGT1.5__LTGT1.5__HTGTPCTDayChange_,,,chisSell-smallUptrendReversal,",2.657810244245635,1,1,0
"PCTDayChangeLT0,PCDayChange-0.5to0.5,_HTGT3.0__LTGT1.5_,,,%%:checkSell:CupDownDoji-lastDayLT(-2)TodayDoji,%%:sellDowntrend-lastDayDown-ReversalHighTail,",2.4691378833411552,1,1,0
"PCDCLT0PCTChangeGT1,_LTGT1.5_,,,%%:checkSell:CupDownDoji-last2lastDayLT0orTodayGT0,",0.6896534185299878,1,1,0
"PCTChangeLT-3,_HTGT1.5__LTGT1.5_,,,##(check-chart)buyEMA6<EMA14,##(Check-chart-buy):month3High-InMinus,ReversalHighMonth3,",0.6053312535831751,1,1,0
"PCDCLT0PCTChangeGT0,_HTGT1.5__LTGT1.5_,,,%%:checkSell:CupDownDoji-last2lastDayLT0orTodayGT0,",-2.9050074343164733,1,0,1
"PCTChangeLT-0.5,_LTGT3.0_,,,%%HLTF-Last2DayMarketUp:(GLOBAL-DOWN)sellHighLowerTail-Reversal-LastDayMarketUp,##MA-SMA200LT0SMA100GT0,",0.4473716334292764,1,1,0
"PCTChangeGT1,_HTGT1.5_,,,%%:sellDowntrend-lastDayUp-ReversalHighTail,volBuyVolumeUpsergedLast2n3DayDown,",-3.121948242187504,1,0,1
"PCTChangeGT1,_LTGT1.5_,,,##MAPositive_Uptrend(GT0),##MA-SMA200GT0SMA100LT0,",-1.4379832140514737,1,0,1
"PCTChangeLT-3,year2High,,,,##sellTenDaysMoreThanTen,",0.2464624258768794,37,17,20
"PCTChangeLT-1,year2High,_HTGT1.5__HTGTPCTDayChange_,,,%%HLTF-Last2HighTail:(DOWNTREND)sellHighUpperTailPre,%%HLTF-Risky9:30:maySellTail-tailGT2-7,10thDayGT15,",-0.060865664614052795,1,0,1
"PCTChangeGT0.5,PCDayChange-0.5to0.5,_HTGT1.5_,,,%%HLTF-Risky9:30:maySellTail-tailGT2-7,10thDayGT15,",-0.6457314448981316,6,1,5
"PCTChangeGT5,year2High,,,,volumeUpsergedLast2n3n4DayDown,",-0.5730273824039019,7,4,3
"PCTChangeLT-2,_LTGT3.0_,,,%%HLTF-Last2DayMarketUp:(GLOBAL-DOWN)sellHighLowerTail-Reversal-LastDayMarketUp,##MAPositive_Uptrend(LT-2),##MA-SMA200LT0SMA100GT0,",-4.571424211774555,1,0,1
"PCTChangeGT1,year2High,_HTGT1.5_,,,%%HLTF-Last2HighTail:(UPTREND)buy(DOWNTREND)sell:HighUpperTailPre-last2DayUp,",-0.5443109210518643,7,2,5
"PCTChangeGT3,_HTGT1.5__HTGTPCTDayChange_,,,%%HLTF:(DOWNTREND-OR-GLOBALDOWN)maySellTail-tailGT2-2,3,4thDayGT0,volumeUpsergedLast2n3n4DayDown,",1.068886086049907,1,1,0
"PCTChangeGT1,_LTGT1.5_,,,chisSellDowningMA-(check5MinuteDownTrendAndSellDowntrend)-Already10DayDown,$$MayBuy-CheckChart-baseLine(inuptrend-monthlow)-MHCLT(-10),",-1.5432099029713842,1,0,1
"PCTChangeLT-1,_LTGT1.5_,,,chisSellFlagWeek-Risky,(GLOBALFUTDOWN-DOWNTRENDMARKET)checkSellConsolidationBreakDown-week2-lowNotReachedWeek3,week2BarLowChangeLT0,weekLowLTweek2Low,",1.6413467920925333,1,1,0
"PCTChangeLT-3,,,,checkCupDown-3dayDown-mayReversalBuy,VOL:buy-UpVol-3dayDown-Week2Low,weekBarLowChangeLT-2,",-0.5837030285437259,1,0,1
"PCTChangeGT5,_LTGT1.5_,,,vol-sell-DownVol-3dayUp-Week2High,##MAPositive_Uptrend(GT4.5),##MA-SMA200GT0SMA100GT0,",-2.9999999999999987,1,0,1
"PCTChangeGT8,year2High,_HTGT1.5_,,,%%HLTF-Last2HighTail:(UPTREND)buy(DOWNTREND)sell:HighUpperTailPre-last2DayUp,volBuyContinueLast2DayUp-VolUp,",3.19791152503923,3,3,0
"PCTChangeGT3,_HTGT1.5_,,,%%HLTF-Last2HighTail:(UPTREND)buy(DOWNTREND)sell:HighUpperTailPre-last2DayUp,##MAPositive_Uptrend(GT2),##MA-SMA200LT0SMA100GT0,",3.6415962489675833,2,1,1
"PCTChangeLT-3,_HTGT1.5_,,,chisSellFlag2Week-Risky,checkCupDown-inDownTrend-month3HighLTmonth3Low,bar_low,volBuyReversalLast2DayDown-VolDown,",5.109168973031518,1,1,0
"PCTChangeLT-8,_LTGT1.5_,,,(GLOBAL-DOWN)maySellContinueHighVolatileLastDayDOWN-month3LowGT0-(LT-8),volSellContinueLast2DayDown-VolUp,chisDownTrend-Risky-nearHigh,",1.3809543185763888,1,1,0
"PCTChangeGT2,,,,chisUpTrend-Risky-nearLow,volSellVolumeUpsergedLast2n3DayDown,(GLOBALFUTUP-UPTRENDMARKET)checkBuyConsolidationBreakUp-week2-highNotReachedWeek3,week2BarHighChangeGT0,brokenToday,chis-breakoutup-2week,",-1.1442801252526322,1,0,1
"PCTChangeLT-3,,,,volSellVolumeUpsergedLast2n3DayUp,(GLOBALFUTDOWN-DOWNTRENDMARKET)checkSellConsolidationBreakDown-week2-lowNotReachedWeek3,week2BarLowChangeLT0,chisDownTrend-Risky-nearHigh,##(Check-chart-buy):YearHigh-InMinus,NearHighYear,",0.2537520973289957,1,1,0
"PCTChangeLT-5,_LTGT1.5_,,,##MANegative_Downtrend_(LT-4.5),##MA-SMA200GT0SMA100LT0,##last2DayLow(LT-3)-M3LGT0,",4.198267323351741,2,2,0
"PCTChangeGT5,_HTGT1.5_,,,%%HLTF-Last2HighTail:(UPTREND)buy(DOWNTREND)sell:HighUpperTailPre-last2DayUp,weekBarHighChangeGT2,brokenToday,##MAPositive_Uptrend(GT4.5),##MA-SMA200GT0SMA100GT0,",4.539031154623273,1,1,0
"PCTChangeLT-5,_HTGT3.0__LTGT3.0__HTGTPCTDayChange__LTGTPCTDayChange_,,,volBuyReversalLast2DayDown-VolUp,",6.704199852972109,1,1,0
"PCTChangeLT-1,_LTGT1.5_,,,%%:checkSell:Super01-monthLow,volSellContinueLast2DayDown-VolUp,",-0.16220971020800007,1,0,1
"PCTChangeGT1,PCDayChange-0.5to0.5,,,,%%:checkSell:Super2,-+,",-0.8843639667519315,3,1,2
"PCTChangeLT-2,year2High,_HTGT1.5__HTGTPCTDayChange_,,,VOL:buy-DownVol-3dayDown-Week2High,",3.57690779759335,1,1,0
"PCTChangeLT-3,,,,##DOWNTREND:sellYearHigh(InDownTrend),##last2DayLow(LT-3)-M3LGT0,##(Check-chart-buy):month3High-InMinus,NearHighMonth3,",-2.4155570801426705,2,0,2
"PCTChangeLT-3,_HTGT1.5_,,,chisBuyMay5DayFloorReversal,VOL:buy-UpVol-3dayDown-Week2Low,weekBarLowChangeLT-2,brokenToday,",-1.4358990009014423,1,0,1
"PCTChangeLT-1,_HTGT3.0__LTGT3.0_,,,##MA-SMA200GT0SMA100LT0,chisSellDayLowVolLow-01,",11.127424169480186,1,1,0
"PCTChangeLT-2,_HTGT1.5__LTGT1.5__HTGTPCTDayChange_,,,##(Check-chart-buy):month3High-InMinus,NearHighMonth3,",-2.0584983080873602,1,0,1
"PCTChangeLT-2,,,,(GLOBALFUTDOWN-DOWNTRENDMARKET)checkSellConsolidationBreakDown-week2-lowNotReachedWeek3,week2BarLowChangeLT-2,weekLowLTweek2Low,chisDownTrend-Risky-nearHigh,##(Check-chart-buy):month6High-InMinus,ReversalHighMonth6,",-2.6118492249396077,1,0,1
"PCTChangeGT5,_HTGT3.0_,,,zigZagVolCrossedFromDown,",0.2556795687288992,1,1,0
"PCTChangeGT1,year2High,_HTGT1.5_,,,volBuyContinueLast2DayUp-VolUp,",-2.747252747252746,1,0,1
"PCTChangeGT1,_HTGT1.5__HTGTPCTDayChange_,,,MaySellCheckChart-(IndexNotDownInSecondHalf),weekBarHighChangeGT0,",-0.3327677250996123,4,3,1
"PCTChangeLT-3,_HTGT1.5__HTGTPCTDayChange_,,,chisSellFinalCandidate-(lastDayUp),sellFinal,",2.1318385198020233,1,1,0
"PCTChangeGT8,year2High,_HTGT3.0_,,,%%HLTF-Last2HighTail:(UPTREND)buy(DOWNTREND)sell:HighUpperTailPre-last2DayUp,volBuyContinueLast2DayUp-VolUp,",-1.678812595622435,2,1,1
"PCTChangeLT-2,,,,weekBarLowChangeLT-2,##MANegative_Downtrend_(LT-2),##MA-SMA200GT0SMA100LT0,##DOWNTREND:sellMonth3LowBreak,",3.2290006548727783,1,1,0
"PCTChangeGT2,_HTGT1.5_,,,%%HLTF:(DOWNTREND-OR-GLOBALDOWN)maySellTail-tailGT2-2,3,4thDayGT0,(GLOBALFUTUP-UPTRENDMARKET)checkBuyConsolidationBreakUp-week2-highNotReachedWeek3,week2BarHighChangeGT2,brokenToday,",2.2286851935773946,1,1,0
"PCDCGT0PCTDayChangeLT0,PCDayChange-0.5to0.5,_HTGT1.5__LTGT1.5_,,,%%HLTF-Last2LowTail:(DOWNTREND)sellHighLowerTailPre-1,##MANegative_Downtrend_(GT0),##MA-SMA200GT0SMA100GT0,",3.769841269841269,1,1,0
"PCTChangeGT3,year2High,,,,volBuyContinueLast2DayUp-VolUp,chisCheckConsolidationBreakoutLT(4.5),chisBuyConsolidationBreakUp-2week-(Risky)-year2High,week2BarHighChangeGT2,weekHighGTweek2High,",0.5005414130508657,1,1,0
"PCTChangeLT-3,_HTGT1.5_,,,##(Check-chart-buy):month3High-InMinus,NearHighMonth3,",0.4053686377866456,3,2,1
"PCTChangeLT-2,_HTGT1.5__HTGTPCTDayChange_,,,chisDownTrend-Risky-nearHigh,##(Check-chart-buy):month3High-InMinus,BreakHighMonth3,",2.3636326645359915,1,1,0
"PCTChangeLT-3,_LTGT1.5_,,,chisDownTrend-Risky-nearHigh,##DOWNTREND:sellYear2HighReversal(InDownTrend),##last2DayLow(LT-3)-M3LGT0,##(Check-chart-buy):YearHigh-InMinus,ReversalHighYear,",3.056117345948632,2,2,0
"PCTChangeGT5,,,,##MAPositive_Uptrend(GT4.5),##MA-SMA200GT0SMA100GT0,##last2DayHighGT3-M3HLT0,",-0.41616331335348117,10,5,5
"PCTChangeLT-1,,,,%%checkCupDown-2dayDown-continue,chisDownTrend-Risky-nearHigh,##(Check-chart-buy):month3High-InMinus,NearHighMonth3,",0.7844348409274335,1,1,0
"PCTChangeLT-3,,,,checkCupDown-2dayDown,chisDownTrend-Risky-nearHigh,",-1.839221741835416,1,0,1
"PCTChangeGT1,_HTGT1.5__HTGTPCTDayChange_,,,(Test)MaySellCheckChart-last3DayUp,MaySellCheckChart-(IndexNotDownInSecondHalf),$$MaySell-CheckChart(monthHigh-minimumLast4DayUp),$$MaySell-CheckChart(downTrend-mayReverseLast4DaysUp),",-2.1064945836883493,1,0,1
"PCTDayChangeLT0,,,,chisSellFlagWeek-Risky,",-0.7966969471336542,5,2,3
"PCTChangeGT2,year2High,,,,volumeUpsergedLast2n3n4DayDown,volBuyContinueLast2DayUp-VolUp,",0.33085138824349064,1,1,0
"PCTChangeGT3,_LTGT1.5_,,,##MAPositive_Uptrend(GT2),##MA-SMA200GT0SMA100GT0,##last3DayHighGT3-M3HGT0,",-1.0471204188481713,1,0,1
"PCTChangeGT0,,,,chisBuyYearHigh-1,",0.380296673065127,30,17,13
"PCTChangeGT2,_LTGT3.0_,,,##MANegative_Downtrend_(GT2),##MA-SMA200GT0SMA100LT0,",0.39003131332656105,1,1,0
"PCTChangeGT3,,,,chisSellYear2LowLT-40-last4DayDown(triggerAfter-9:15),chisBuyDownTrend-Risky-0,",1.2055798368665105,1,1,0
"PCTChangeLT-5,_LTGT1.5_,,,%%HLTF:(GLOBAL-DOWN)sellHighLowerTail-Reversal-LastDayMarketUp,chisSellUpTrend-Risky-2,",-4.75968119598144,1,0,1
"PCTChangeGT5,_HTGT3.0__LTGT3.0__HTGTPCTDayChange__LTGTPCTDayChange_,,,%%HLTF-Last2HighTail:(UPTREND)buy(DOWNTREND)sell:HighUpperTailPre-last2DayUp,##lastDayHighGT5TodayGT1,",-4.1016281699242985,2,1,1
"PCTChangeGT3,year2High,,,,volumeUpsergedLast2n3n4DayDown,volSellReversalLast2DayUp-VolUp,",0.410340125739085,1,1,0
"PCDCGT0PCTChangeLT-1,_HTGT1.5__HTGTPCTDayChange_,,,(Test)MaySell-CheckChart(downTrend-lastDayUp),",0.8150591011296832,2,1,1
"PCTChangeLT-8,_HTGT3.0_,,,(GLOBAL-DOWN)maySellContinueHighVolatileLastDayDOWN-month3LowGT0-(LT-8),##MANegative_Downtrend_(LT-4.5),##MA-SMA200GT0SMA100GT0,",-1.025641025641033,1,0,1
"PCTChangeLT-0.5,PCDayChange-0.5to0.5,,,,chisBuyYearHigh-3,",0.05303304809723332,251,122,129
"PCDCLT0PCTChangeGT0,_HTGT1.5_,,,%%:checkSell:Super0,##MANegative_Downtrend_(LT0),##MA-SMA200LT0SMA100LT0,",1.4237830205334785,1,1,0
"PCTChangeGT2,year2High,,,,VOL:sell-UpVol-3dayUp-Week2High,chisCheckConsolidationBreakoutLT(4.5),weekBarHighChangeGT2,",2.7014378185091856,1,1,0
"PCTChangeLT-1,_HTGT3.0__LTGT3.0__HTGTPCTDayChange__LTGTPCTDayChange_,,,volBuyReversalLast2DayDown-VolUp,",-2.7317102943978644,1,0,1
"PCTChangeLT-2,_HTGT1.5_,,,checkCupDown-inDownTrend-month3HighLTmonth3Low,bar_low,VOL:buy-DownVol-3dayDown-Week2High,",-3.8824188805210387,1,0,1
"PCTChangeGT2,_HTGT3.0_,,,%%HLTF-Last2HighTail:(UPTREND)buy(DOWNTREND)sell:HighUpperTailPre-last2DayUp,weekBarHighChangeGT2,",-1.4285755806228868,1,0,1
"PCTChangeGT5,_LTGT3.0_,,,%%HLTF-Last2DayMarketUp:(GLOBAL-DOWN)sellHighLowerTail-Reversal-LastDayMarketUp,",-2.3000044389204457,1,0,1
"PCTChangeGT0.5,_LTGT1.5_,,,buyPatternsML,buyPattern-GT1.5-SMAGT0,(SMA9GT0),",1.1672565490643412,1,1,0
"PCDCGT0PCTChangeLT-1,,,,%%:sellDowntrend-lastDayUp-ReversalHighTail,##(Test)(check-chart)-sellSMADownTrend,",-1.4721745434526459,1,0,1
"PCTChangeLT-1,_HTGT1.5_,,,(GLOBALFUTDOWN-DOWNTRENDMARKET)checkSellConsolidationBreakDown-week2-lowNotReachedWeek3,week2BarLowChangeLT-2,weekLowLTweek2Low,volBuyRevarsalVolCrossed,##(Check-chart-buy):month3High-InMinus,ReversalHighMonth3,",-4.020871736490404,1,0,1
"PCTChangeGT1,,,,chisUpTrend-Risky-nearLow,##(Test)buyBottomReversal-1,##UPTREND:buyYearLowReversal(Confirm),",-2.7633474652655066,1,0,1
"PCTChangeLT-2,,,,VOL:buy-UpVol-3dayDown-Week2Low,(GLOBALFUTDOWN-DOWNTRENDMARKET)checkSellConsolidationBreakDown-week2-lowNotReachedWeek3,week2BarLowChangeLT-2,",-1.9177803756266898,2,0,2
"PCTChangeLT-3,_LTGT1.5_,,,chisBuyMay5DayFloorReversal,VOL:buy-UpVol-3dayDown-Week2Low,",0.6256658380681788,1,1,0
"PCTChangeGT0,_LTGT1.5_,,,##MAPositive_Uptrend(GT0),##MA-SMA200GT0SMA100GT0,",-2.1441729364024957,1,0,1
"PCTChangeGT0,_HTGT1.5_,,,%%:checkSell:Super2,-+,%%:sellDowntrend-lastDayUp-ReversalHighTail,",1.7473658511513195,1,1,0
"PCTChangeLT-1,_HTGT1.5_,,,chisBuyMay5DayFloorReversal,(GLOBALFUTDOWN-DOWNTRENDMARKET)checkSellConsolidationBreakDown-week2-lowNotReachedWeek3,week2BarLowChangeLT0,weekLowLTweek2Low,",1.48876061600246,1,1,0
"PCTChangeGT2,,,,volSellVolumeUpsergedLast2n3DayDown,volSellReversalLast2DayUp-VolUp,",0.39761002807920914,1,1,0
"PCTChangeGT2,,,,volBuyVolumeUpsergedLast2n3DayDown,(GLOBALFUTUP-UPTRENDMARKET)checkBuyConsolidationBreakUp-week2-highNotReachedWeek3,week2BarHighChangeGT0,weekHighGTweek2High,brokenToday,",1.5922819253251155,1,1,0
"PCTChangeGT2,,,,##UPTREND:buyYear2LowReversal(Confirm),",0.642893833430795,15,9,5
"PCTChangeGT12,_HTGT1.5_,,,%%HLTF-Last2HighTail:(UPTREND)buy(DOWNTREND)sell:HighUpperTailPre-last2DayUp,volumeUpsergedLast2n3n4DayDown,volBuyContinueLast2DayUp-VolUp,##MAPositive_Uptrend(GT4.5),##MA-SMA200LT0SMA100LT0,",1.9123575496680307,1,1,0
"PCTChangeGT3,year2High,_HTGT3.0_,,,week2BarHighChangeGT2,brokenToday,",0.258493353028057,1,1,0
"PCTChangeLT-5,_LTGT1.5_,,,(GLOBALFUTDOWN-DOWNTRENDMARKET)checkSellConsolidationBreakDown-week2-lowNotReachedWeek3,week2BarLowChangeLT0,##last2DayLow(LT-3)-M3LGT0,",-2.9904224566145676,2,0,2
"PCTChangeGT3,,,,volSellRevarsalVolCrossed,##last2DayHighGT3-M3HLT0,",-0.43110217949124924,1,0,1
"PCTChangeGT3,_HTGT1.5_,,,sellHeavyUpTrend-Reversal-(Risky),volSellVolumeUpsergedLast2n3DayDown,##MAPositive_Uptrend(GT2),##MA-SMA200GT0SMA100GT0,##last2DayHighGT3-M3HGT0,",0.233972862489596,1,1,0
"PCTChangeGT3,_LTGT1.5_,,,volBuyContinueLast2DayUp-VolUp,weekBarHighChangeGT2,brokenToday,",-3.6011922927129825,1,0,1
"PCTChangeLT-3,,,,chisDownTrend-Risky-nearHigh,##(Check-chart-buy):YearHigh-InMinus,ReversalHighYear,",-0.22586793084581475,64,35,29
"PCTChangeLT-5,_HTGT1.5_,,,chisSell-smallUptrendReversal,",-6.296025355370036,1,0,1
"PCTChangeGT1,_HTGT1.5__HTGTPCTDayChange_,,,$$(DOWNTREND-OR-GLOBALDOWN)MaySellContinue-CheckChart(inuptrend-monthlow)-highTail,buyYearHigh-0,",-1.7456961705447596,1,0,1
"PCTChangeGT3,_HTGT3.0__LTGT3.0__HTGTPCTDayChange__LTGTPCTDayChange_,,,%%HLTF-Last2LowTail:(DOWNTREND)sellHighLowerTailPre-1,",-0.5714246961805596,1,0,1
"PCTChangeGT0.5,PCDayChange-0.5to0.5,_HTGT1.5_,,,%%HLTF-Last2HighTail:(UPTREND)buy(DOWNTREND)sell:HighUpperTailPre-last2DayUp,buyYearHigh-0,",-0.12315552983714347,1,0,1
"PCTChangeLT-1,_HTGT3.0__LTGT3.0__HTGTPCTDayChange__LTGTPCTDayChange_,,,##MAPositive_Uptrend(LT-2),##MA-SMA200GT0SMA100GT0,",-7.580352008895068,1,0,1
"PCTChangeLT-3,,,,checkCupDown-2dayDown,%%HLTF-Last2DayMarketDown:(GLOBAL-UP)buyHighUpperTailPre1-Reversal-LastDayMarketDown,volBuyReversalLast2DayDown-VolDown,##MAPositive_Uptrend(LT-2),##MA-SMA200GT0SMA100GT0,",-2.674418604651167,1,0,1
"PCTChangeLT-3,_LTGT1.5_,,,buyMorningStar-(checkChart),",-1.344685348185178,1,0,1
"PCTChangeGT12,,,,##MAPositive_Uptrend(GT4.5),##MA-SMA200GT0SMA100GT0,",-2.5857023139991178,7,2,5
"PCTChangeGT2,_HTGT1.5__LTGT3.0__LTGTPCTDayChange_,,,##UPTREND:buyMonth6LowReversal(Confirm),",5.3295146428411515,1,1,0
"PCDCGT0PCTChangeLT-1,PCDayChange-0.5to0.5,,,,##ML:buyRisingMA-down-0,",-0.6186928017717834,2,0,2
"PCTChangeGT3,,,,volSellVolumeUpsergedLast2n3DayDown,checkBuyConsolidationBreakout-allPreLT0,(GLOBALFUTUP-UPTRENDMARKET)checkBuyConsolidationBreakUp-week2-highNotReachedWeek3,week2BarHighChangeGT2,",-6.99209998604929,1,0,1
"PCTChangeGT1,_LTGT1.5_,,,%%:checkSell:Super2,",0.3623878843808646,17,12,5
"PCTChangeLT-2,_HTGT1.5__LTGT3.0__LTGTPCTDayChange_,,,##DOWNTREND:sellYear2HighReversal(InDownTrend),##(Check-chart-buy):month3High-InMinus,ReversalHighMonth3,",-1.6286378349482427,2,0,2
"PCTChangeGT3,,,,volumeUpsergedLast2n3n4DayDown,VOL:buy(GLOBALFUTDOWN-GLOBALMARKETDOWN)Sell-UpVol-3dayUp-Week2Low,chisCheckConsolidationBreakoutLT(4.5),",7.03597473583632,1,1,0
"PCTChangeLT-3,_HTGT1.5_,,,chisDownTrend-Risky-nearHigh,##(Check-chart-buy):month3High-InMinus,NearHighMonth3,",-1.6157196085563437,4,0,4
"PCTChangeGT3,_HTGT1.5__LTGT3.0__LTGTPCTDayChange_,,,##MAPositive_Uptrend(GT2),##MA-SMA200LT0SMA100LT0,",-4.966502955633293,1,0,1
"PCTChangeGT3,year2High,_HTGT1.5__LTGT3.0_,,,zigZagVolCrossedFromDown,",-1.4034314568730155,1,0,1
"PCTChangeLT-1,,,,%%:checkSell:Super01-monthLow,mayBuyFromSellPattern-GT1.8,",2.7832482248691517,1,1,0
"PCTChangeLT-3,,,,##sellTenDaysMoreThanTen,",0.6805335366633175,33,21,12
"PCTChangeLT-2,,,,checkCupDown-near2WeekDown-mayReveresalBuy,(GLOBALFUTDOWN-DOWNTRENDMARKET)checkSellConsolidationBreakDown-week2-lowNotReachedWeek3,week2BarLowChangeLT0,##DOWNTREND:sellYear2HighReversal(InDownTrend),##(Check-chart-buy):YearHigh-InMinus,ReversalHighYear,",-1.3622945204017172,1,0,1
"PCTChangeGT1,_HTGT1.5__HTGTPCTDayChange_,,,%%HLTF-Last2HighTail:(UPTREND)buy(DOWNTREND)sell:HighUpperTailPre-last2DayUp,%%HLTF:maySellTail-tailGT2-7,10thDayGT20,",-3.9675121607947785,1,0,1
"PCTChangeGT2,_HTGT1.5__HTGTPCTDayChange_,,,##MAPositive_Uptrend(GT1),##MA-SMA200LT0SMA100LT0,",-2.2466034045107937,2,0,2
"PCTChangeLT-2,_LTGT3.0_,,,##DOWNTREND:sellYear2HighReversal(InDownTrend),##(Check-chart-buy):YearHigh-InMinus,ReversalHighYear,",0.6098830486823177,1,1,0
"PCTChangeLT-12,_HTGT1.5__LTGT1.5_,,,##MANegative_Downtrend_(LT-2),##MA-SMA200LT0SMA100LT0,",1.5637216575449568,1,1,0
"PCTChangeLT-3,_LTGT1.5_,,,chisDownTrend-Risky-nearHigh,##DOWNTREND:sellMonth6HighReversal(InDownTrend),##last2DayLow(LT-3)-M3LGT0,##(Check-chart-buy):month3High-InMinus,ReversalHighMonth3,",-1.8609839486861148,1,0,1
"PCTChangeGT3,,,,##(Check-chart-sell):month3Low-InPlus,ReversalLowMonth3,weekBarHighChangeGT2,##UPTREND:buyMonth3LowReversal(Confirm),",0.3336071866429354,4,3,1
"PCTChangeGT1,,,,(SMA9LT0),",-1.494333723359197,4,0,4
"PCTChangeGT1,year2High,,,,volumeUpsergedLast2n3n4DayDown,volBuyContinueLast2DayUp-VolUp,chisCheckConsolidationBreakout2WeekLT(4.5),",-0.07942601254112173,1,0,1
"PCTChangeLT-2,PCDayChange-0.5to0.5,year2High,_HTGT1.5_,,,%%HLTF-Last2HighTail:(DOWNTREND)sell(UPTREND)buy:HighUpperTailPre,",0.10166867678454145,2,1,1
"PCTChangeGT8,,,,volBuyContinueLast2DayUp-VolUp,##MAPositive_Uptrend(GT4.5),##MA-SMA200LT0SMA100GT0,",-1.9345248649431768,2,0,2
"PCTChangeLT-5,year2High,_HTGT3.0__LTGT1.5_,,,volSellContinueLast2DayDown-VolUp,",1.550751879699245,1,1,0
"PCTChangeLT-3,,,,volBuyVolumeUpsergedLast2n3DayUp,(GLOBALFUTDOWN-DOWNTRENDMARKET)checkSellConsolidationBreakDown-week2-lowNotReachedWeek3,week2BarLowChangeLT-2,weekLowLTweek2Low,chisDownTrend-Risky-nearHigh,##(Check-chart-buy):month3High-InMinus,ReversalHighMonth3,",-4.0126597730419435,1,0,1
"PCTChangeGT3,,,,##(Check-chart-sell):month3Low-InPlus,ReversalLowMonth3,chisUpTrend-Risky-nearLow,chisCheckConsolidationBreakoutLT(4.5),##UPTREND:buyYearLowReversal(Confirm),",0.7142916820049089,1,1,0
"PCTChangeLT-3,,,,##DOWNTREND:sellMonth3LowBreak,",-0.45118344810695726,31,13,18
"PCTChangeGT0.5,,,,%%:checkSell:lastDayLT(-4.5),",0.8830937421743345,3,3,0
"PCTChangeLT-5,_LTGT3.0_,,,##MAPositive_Uptrend(LT-4.5),##MA-SMA200GT0SMA100GT0,",-2.3831310980379783,1,0,1
"PCDCLT0PCTChangeGT0,PCDayChange-0.5to0.5,year2Low,_LTGT3.0_,,,buyMorningStar-(checkChart),",-0.36663076173447867,1,0,1
"PCTChangeGT2,_HTGT1.5__HTGTPCTDayChange_,,,week2BarHighChangeGT0,brokenToday,",-1.8704913416300095,5,0,5
"PCTChangeGT3,_LTGT3.0_,,,%%HLTF:(SGXNIFTYUP)buyHighLowerTail-Continue,chisBuyYearHigh-3,",0.37096577305947714,1,1,0
"PCTChangeLT-3,_HTGT1.5_,,,(GLOBALFUTDOWN-DOWNTRENDMARKET)checkSellConsolidationBreakDown-week2-lowNotReachedWeek3,week2BarLowChangeLT0,chisDownTrend-Risky-nearHigh,##(Check-chart-buy):month6High-InMinus,ReversalHighMonth6,",1.1887465711559138,1,1,0
"PCTChangeGT1,,,,chisBuyFinalCandidate-2,buyFinal,",1.0314296570594608,1,1,0
"PCTChangeGT3,year2High,,,,chisCheckConsolidationBreakout2WeekLT(4.5),(GLOBALFUTUP-UPTRENDMARKET)checkBuyConsolidationBreakUp-month,weekBarHighChangeGT2,",0.04415072301240639,1,1,0
"PCTChangeLT-2,_LTGT1.5_,,,(GLOBALFUTDOWN-DOWNTRENDMARKET)checkSellConsolidationBreakDown-week2-lowNotReachedWeek3,week2BarLowChangeLT-2,weekLowLTweek2Low,##MANegative_Downtrend_(LT-2),##MA-SMA200LT0SMA100LT0,",1.4190898672287648,1,1,0
"PCTChangeGT2,,,,chisUpTrend-Risky-nearLow,volumeUpsergedLast2n3n4DayDown,chisCheckConsolidationBreakoutLT(4.5),weekBarHighChangeGT2,",0.389695745006232,1,1,0
"PCTChangeLT-2,_LTGT3.0_,,,$$MayBuy-CheckChart-baseLine(inuptrend-monthlow)-MHCLT(-10),buyMorningStar-HighLowerTail,",-2.849998474121095,1,0,1
"PCTChangeGT3,,,,(GLOBALFUTUP-UPTRENDMARKET)checkBuyConsolidationBreakUp-week2,weekBarHighChangeGT2,",-1.2416791078981062,2,1,1
"PCTChangeGT5,,,,chisCheckConsolidationBreakoutGT(4.5),##MAPositive_Uptrend(GT4.5),##MA-SMA200GT0SMA100GT0,",1.8700285689717728,8,5,3
"PCTChangeLT-2,_HTGT1.5_,,,##MA-SMA200LT0SMA100LT0,##DOWNTREND:sellYearLowBreak,",2.2555439797816064,2,1,1
"PCDCLT0PCTChangeGT0,year2High,_HTGT1.5_,,,%%HLTF-LastDayUp:(DOWNTREND-OR-GLOBALDOWN)MaySellHighTail-LastDayMarketUp,",-0.08958075618059867,11,3,8
"PCTChangeLT-2,_HTGT1.5__LTGT1.5_,,,(SMA9LT0),",-2.265372168284779,1,0,1
"PCTChangeGT3,_HTGT1.5__HTGTPCTDayChange_,,,sellEveningStar-0,volSellReversalLast2DayUp-VolUp,",3.2515082220403153,1,1,0
"PCTChangeLT-3,_HTGT1.5_,,,VOL:buy-DownVol-3dayDown-Week2High,##DOWNTREND:sellYear2HighReversal(InDownTrend),##last2DayLow(LT-3)-M3LGT0,##(Check-chart-buy):month3High-InMinus,ReversalHighMonth3,",-0.25332103353124885,1,0,1
"PCTChangeGT2,,,,chisUpTrend-Risky-nearLow,volumeUpsergedLast2n3n4DayDown,volBuyContinueLast2DayUp-VolUp,chis-breakoutup-2week,chisBuy-2week-breakoutup,##RisingMA(Test)(check-chart-buy)-2DayUp,##UPTREND:buyYearLowReversal(Confirm),",0.21995814300753563,1,1,0
"PCTChangeLT-1,_HTGT3.0__LTGT3.0__HTGTPCTDayChange__LTGTPCTDayChange_,,,##MANegative_Downtrend_(LT-1),##MA-SMA200LT0SMA100LT0,",0.21857589971823768,1,1,0
"PCTChangeGT1,_HTGT1.5__HTGTPCTDayChange_,,,%%HLTF-Risky9:30:maySellTail-tailGT2-7,10thDayGT15,(Test)(check-chart-2-3MidCapCross)MaySellCheckChart-Risky,##MAPositive_Uptrend(GT1),##MA-SMA200GT0SMA100GT0,",-0.39506135163483636,1,0,1
"PCTChangeGT0.5,PCDayChange-0.5to0.5,_LTGT3.0_,,,chisBuyYearHigh-1,",0.2065579689481267,1,1,0
"PCTChangeGT1,_HTGT1.5__HTGTPCTDayChange_,,,checkCupDown-lastDayUp,",-1.3666687011718797,1,0,1
"PCTChangeGT3,,,,volBuyVolumeUpsergedLast2n3DayDown,chisBuyDownTrend-lowTail,",0.021517408034891952,1,1,0
"PCTChangeLT-2,_HTGT1.5_,,,volumeUpsergedLast2n3n4DayUp,##MANegative_Downtrend_(LT-2),##MA-SMA200LT0SMA100LT0,##DOWNTREND:sellYearLowBreak,%%:buyDownTrend-month3Low,",-3.0227244984019888,1,0,1
"PCTChangeGT3,,,,volumeUpsergedLast2n3n4DayDown,volBuyContinueLast2DayUp-VolUp,chisCheckConsolidationBreakoutLT(4.5),",0.07157047869213681,5,3,2
"PCTChangeGT1,_HTGT1.5__HTGTPCTDayChange_,,,(Test)MaySellCheckChart-last3DayUp,(GLOBALFUTUP-UPTRENDMARKET)checkBuyConsolidationBreakUp-week2,weekBarHighChangeGT0,",2.9355096776044847,1,1,0
"PCTChangeGT2,,,,chisUpTrend-Risky-nearLow,##(Test)buyBottomReversal-1,##UPTREND:buyYear2LowReversal(Confirm),",-0.3439961106508142,1,0,1
"PCTChangeGT2,_HTGT1.5_,,,VOL:buy-DownVol-3dayUp-Week2Low,",-1.84397595994017,1,0,1
"PCTChangeLT-1,,,,chisSellFlag2Week-Risky,chisDownTrend-Risky-nearHigh,##(Check-chart-buy):month3High-InMinus,ReversalHighMonth3,",-0.12032824987947577,2,1,1
"PCTChangeGT0,_HTGT1.5__HTGTPCTDayChange_,,,chisSellDowningMA-(check5MinuteDownTrendAndSellDowntrend),",-1.3356106848854732,1,0,1
"PCTChangeLT-1,_HTGT1.5_,,,##(Check-chart-buy):month3High-InMinus,ReversalHighMonth3,",0.4332943910154545,22,14,8
"PCTChangeLT-3,,,,chisDownTrend-Risky-nearHigh,##DOWNTREND:sellMonth3HighReversal(InDownTrend),##last2DayLow(LT-3)-M3LGT0,",7.8684221234237945,1,1,0
"PCTChangeLT-1,_LTGT3.0_,,,brokenToday,",2.6250751766603986,2,2,0
"PCTChangeLT-0.5,_LTGT1.5_,,,(Test)(check-chart-2-3MidCapCross)MayBuyCheckChart-Risky,##MAPositive_Uptrend(LT-1),##MA-SMA200LT0SMA100GT0,",2.178649285756788,1,1,0
"PCTChangeLT-2,,,,(GLOBALFUTDOWN-DOWNTRENDMARKET)checkSellConsolidationBreakDown-week2-lowNotReachedWeek3,week2BarLowChangeLT-2,weekLowLTweek2Low,##(Check-chart-buy):month3High-InMinus,ReversalHighMonth3,##(check-chart)maySell-EMA6-MT-May-LT-EMA14,",3.3895603835580754,1,1,0
"PCTChangeLT-1,,,,checkCupDown-2dayDown-mayReversalBuy,##longDownTrend-2-IndexNotDownLastDay(checkBase),chisDownTrend-Risky-nearHigh,",-0.8390267412705537,1,0,1
"PCTChangeLT-1,_HTGT1.5_,,,##(Test):buyRisingMA-uptrend-SMA25gt0,",-0.6992050901482841,17,7,10
"PCTChangeLT-2,_HTGT1.5__LTGT1.5_,,,##MANegative_Downtrend_(LT-2),##MA-SMA200LT0SMA100LT0,%%:buyDownTrend-month3Low,",-6.4285674652495945,1,0,1
"PCTChangeLT-3,,,,volBuyReversalLast2DayDown-VolDown,weekBarLowChangeLT-2,brokenToday,##DOWNTREND:sellYear2HighReversal(InDownTrend),chisSellDayLowVolLow-03-checkMorningTrend(.5SL),##(Check-chart-buy):month3High-InMinus,ReversalHighMonth3,",-1.6079111105068644,1,0,1
"PCTChangeLT-3,_HTGT1.5__LTGT1.5_,,,%%:checkSell:FlagWeek,",1.6199990977411718,1,1,0
"PCTChangeLT-3,,,,chisSellConsolidationBreakDown-forecastDayPCT7LT0,##(Check-chart-buy):month3High-InMinus,BreakHighMonth3,",-2.0000031706574686,1,0,1
"PCTChangeLT-8,_HTGT1.5__LTGT1.5_,,,(GLOBAL-DOWN)maySellContinueHighVolatileLastDayDOWN-month6LowGT0-(LT-8),",-3.0450618623864267,1,0,1
"PCTChangeGT5,year2High,,,,VOL:sell-UpVol-3dayUp-Week2High,##last2DayHighGT3-M3HGT0,",-0.6701207640422054,3,0,3
"PCTChangeLT-0.5,_HTGT1.5__HTGTPCTDayChange_,,,%%HLTF-Last2HighTail:(DOWNTREND)sell(UPTREND)buy:HighUpperTailPre,",-0.20739711415671283,8,2,6
"PCTChangeLT-5,,,,(GLOBALFUTDOWN-DOWNTRENDMARKET)checkSellConsolidationBreakDown-week2-lowNotReachedWeek3,week2BarLowChangeLT0,",0.0008417126372330894,12,6,5
"PCTChangeGT5,_HTGT1.5__LTGT1.5__HTGTPCTDayChange__LTGTPCTDayChange_,,,chisUpTrend-Risky-nearLow,",17.767395290244888,1,1,0
"PCDCGT0PCTDayChangeLT0,_HTGT3.0__HTGTPCTDayChange_,,,##RisingMA(check-chart-sell)-MaySellCheckChart,",-2.1159374427529705,2,0,2
"PCTChangeLT-2,_HTGT1.5__HTGTPCTDayChange_,,,vol-buy-DownVol-3dayDown-Week2Low,",1.2462006079027386,1,1,0
"PCTChangeGT0.5,_HTGT1.5__LTGT1.5_,,,%%:sellDowntrend-lastDayUp-ReversalHighTail,",4.307586629285947,1,1,0
"PCTChangeGT1,,,,##MAPositive_Uptrend(GT1),##MA-SMA200LT0SMA100LT0,",-1.4806522317896302,9,4,5
"PCTChangeGT2,,,,volBuyContinueLast2DayUp-VolUp,checkBuyConsolidationBreakUp-month3HighLTMonth3Low,",-1.259801513716429,1,0,1
"PCTChangeGT2,_HTGT3.0__HTGTPCTDayChange_,,,##MAPositive_Uptrend(GT2),##MA-SMA200GT0SMA100GT0,",-2.1059684797987686,2,0,2
"PCTChangeGT3,year2High,,,,VOL:sell-UpVol-3dayUp-Week2High,",-0.7027614013090584,27,6,21
"PCTChangeLT-3,_HTGT1.5_,,,(GLOBAL-DOWN)maySellContinueHighVolatileLastDayDOWN-(LT-5),weekBarLowChangeLT0,brokenToday,chisDownTrend-Risky-nearHigh,",-0.6744053331327142,1,0,1
"PCTChangeLT-8,_LTGT3.0_,,,##MANegative_Downtrend_(LT-4.5),##MA-SMA200LT0SMA100LT0,chisBuyYear2Low,",-3.7690433546626005,1,0,1
"PCTChangeGT5,year2High,_HTGT1.5_,,,weekBarHighChangeGT5,",-0.28822702158971425,1,0,1
"PCTChangeGT5,year2High,_HTGT1.5__LTGT3.0__LTGTPCTDayChange_,,,##last3DayHighGT3-M3HGT0,",-1.7241428989318242,1,0,1
"PCTChangeLT-1,,,,chisSellFlagWeek-Risky,checkCupDown-inDownTrend-month3HighLTmonth3Low,bar_low,volBuyReversalLast2DayDown-VolDown,##(Check-chart-buy):month3High-InMinus,NearHighMonth3,",-2.5252525252525224,1,0,1
"PCTChangeGT3,year2High,,,,chisCheckConsolidationBreakoutLT(4.5),weekBarHighChangeGT2,",0.19329255982875404,6,3,3
"PCTChangeLT-3,,,,volBuyReversalLast2DayDown-VolDown,##MAPositive_Uptrend(LT-2),##MA-SMA200LT0SMA100GT0,",2.0143906847178417,1,1,0
"PCTChangeLT-3,,,,volBuyVolumeUpsergedLast2n3DayUp,weekBarLowChangeLT0,brokenToday,sellPatternsML,",-3.262944442374818,1,0,1
"PCDCLT0PCTChangeGT0,_LTGT1.5_,,,##MAPositive_Uptrend(LT0),##MA-SMA200LT0SMA100LT0,",2.7262814429656603,1,1,0
"PCTChangeLT-3,,,,volSellContinueLast2DayDown-VolUp,(GLOBALFUTDOWN-DOWNTRENDMARKET)checkSellConsolidationBreakDown-week2-lowNotReachedWeek3,week2BarLowChangeLT0,##(Check-chart-buy):month3High-InMinus,ReversalHighMonth3,",0.45544325079510906,1,1,0
"PCTChangeGT2,,,,chisBuy-2week-breakoutup(check-chart)(|-|-| or --|),##(Check-chart)ML:buyMonth3High-Continue,",-1.8925512539764888,3,0,3
"PCTChangeGT2,,,,##(Check-chart-sell):month3Low-InPlus,ReversalLowMonth3,chisUpTrend-Risky-nearLow,volumeUpsergedLast2n3n4DayDown,",1.148665071086414,2,1,1
"PCTChangeGT3,_LTGT1.5_,,,%%HLTF:(SGXNIFTYUP)buyHighLowerTail-Continue,chisCheckConsolidationBreakoutLT(4.5),",-0.09101167573279974,1,0,1
"PCTChangeGT1,_LTGT1.5_,,,%%HLTF-Risky:(GLOBAL-DOWN)sellHighLowerTail-Reversal-LastDayMarketUp,##MAPositive_Uptrend(GT2),##MA-SMA200LT0SMA100LT0,",-10.310416559880515,1,0,1
"PCTChangeGT3,,,,##(Check-chart-sell):month3Low-InPlus,ReversalLowMonth3,chisCheckConsolidationBreakoutLT(4.5),chis-breakoutup-2week,chisBuy-2week-breakoutup,##UPTREND:buyMonth6LowReversal(Confirm),",0.4934210526315729,1,1,0
"PCTChangeLT-1,,,,##MANegative_Downtrend_(LT-1),##MA-SMA200LT0SMA100LT0,$$MayBuy-CheckChart(downTrend-mayReverseLast4DaysDown),",-0.6494419016445642,1,0,1
"PCTChangeGT3,_LTGT1.5_,,,##RisingMA(Test)(check-chart-buy)-2DayUp,",-0.03768334551691954,2,1,1
"PCDCLT0PCTChangeGT0,PCDayChange-0.5to0.5,_LTGT3.0_,,,%%HLTF:(SGXNIFTYUP)buyHighLowerTail-Continue,##MAPositive_Uptrend(LT0),##MA-SMA200LT0SMA100GT0,",0.42271811856883423,2,1,1
"PCDCLT0PCTChangeGT0,PCDayChange-0.5to0.5,,,,buyYearHigh-0,",-0.193114791528877,74,31,43
"PCTChangeGT8,year2High,_LTGT1.5_,,,volumeUpsergedLast2n3n4DayDown,volBuyContinueLast2DayUp-VolUp,chisCheckConsolidationBreakoutGT(4.5),",2.052597130547565,1,1,0
"PCTChangeGT3,,,,chisBuyUpTrend-nearLow,BuyYearLow,##UPTREND:buyYear2LowReversal(Confirm),",0.5773816789899524,1,1,0
"PCTDayChangeLT0,,,,sellPatternsML,sellPatterns-LT-1.5-SMALT0,(SMA9LT0),",-0.4671681084531736,2,1,1
"PCTChangeLT-2,_HTGT1.5__LTGT1.5_,,,checkCupDown-inDownTrend-month3HighLTmonth3Low,bar_low,##sellTenDaysMoreThanTen,##DOWNTREND:sellYearHigh(InDownTrend),",5.919812760263108,1,1,0
"PCTChangeGT0.5,_HTGT1.5__LTGT1.5_,,,##MAPositive_Uptrend(GT1),##MA-SMA200GT0SMA100LT0,",-0.2708307902018199,1,0,1
"PCTChangeLT-3,_LTGT1.5_,,,(GLOBALFUTDOWN-DOWNTRENDMARKET)checkSellConsolidationBreakDown-week2-lowNotReachedWeek3,week2BarLowChangeLT0,%%:checkBuyRevarsalLast3DayDownAtMonth3High,",0.02950032552083363,1,1,0
"PCTChangeLT-2,,,,volSellContinueLast2DayDown-VolUp,checkSellConsolidationBreakDown-2week,week2BarLowChangeLT0,brokenToday,",-1.4914440350893994,1,0,1
"PCTChangeLT-8,_LTGT3.0_,,,VOL:sellAboveTail-BuyAtClose:upVol3dayDownWeek2Low-highLowerTail,##MANegative_Downtrend_(LT-4.5),##MA-SMA200LT0SMA100LT0,##last2DayLow(LT-3)-M3LLT0,",7.438345017019716,1,1,0
"PCDCLT0PCTChangeGT0,PCDayChange-0.5to0.5,year2High,_HTGT3.0_,,,%%HLTF:maySellTail-tailGT2-allDayGT0,",2.2305174223309363,4,2,2
"PCTChangeGT2,_HTGT1.5__LTGT1.5_,,,(GLOBALFUTUP-UPTRENDMARKET)checkBuyConsolidationBreakUp-week2-highNotReachedWeek3,week2BarHighChangeGT0,weekHighGTweek2High,brokenToday,",-1.148004437369753,2,1,1
"PCTDayChangeLT0,_LTGT1.5_,,,%%:checkSell:Super01-monthLow,##(Test)buyBottomReversal-0,",2.972651659166544,1,1,0
"PCTChangeGT3,_HTGT1.5__LTGT1.5__HTGTPCTDayChange__LTGTPCTDayChange_,,,chisBuyYearHigh-3,",-8.897879591493375,1,0,1
"PCTChangeGT16,_HTGT3.0_,,,%%HLTF-Last2HighTail:(UPTREND)buy(DOWNTREND)sell:HighUpperTailPre-last2DayUp,##MAPositive_Uptrend(GT4.5),##MA-SMA200GT0SMA100GT0,",-8.112424590883874,1,0,1
"PCDCGT0PCTChangeLT-1,_HTGT1.5_,,,##MANegative_Downtrend_(GT0),##MA-SMA200LT0SMA100LT0,",1.9930767065242387,1,1,0
"PCTChangeLT-1,,,,volSellContinueLast2DayDown-VolUp,chisSellDownTrend-nearHigh,##(Check-chart-buy):month3High-InMinus,NearHighMonth3,",-0.9267215071053494,1,0,1
"PCTChangeLT-3,,,,vol-buy-DownVol-3dayDown-Week2Low,weekBarLowChangeLT-2,brokenToday,##MANegative_Downtrend_(LT-2),##MA-SMA200LT0SMA100LT0,chisBuyDayLowVolLow-03-checkMorningTrend(.5SL)-after10:30,",1.0544332032003028,1,1,0
"PCTChangeGT2,PCDayChange-0.5to0.5,_LTGT1.5_,,,buyPatternsML,",4.297970014503708,1,1,0
"PCTChangeLT-2,_HTGT1.5_,,,checkCupDown,bar_low,",0.9535106171798183,1,1,0
"PCTChangeGT5,,,,volumeUpsergedLast2n3n4DayDown,volBuyContinueLast2DayUp-VolUp,(GLOBALFUTUP-UPTRENDMARKET)checkBuyConsolidationBreakUp-week2-highNotReachedWeek3,week2BarHighChangeGT0,brokenToday,",1.6507420509481552,2,2,0
"PCTChangeGT3,PCDayChange-0.5to0.5,_HTGT1.5__LTGT3.0_,,,##MA-SMA200GT0SMA100GT0,",2.5736841182452475,1,1,0
"PCTChangeLT-0.5,PCDayChange-0.5to0.5,_HTGT1.5_,,,%%HLTF-Last2HighTail:(DOWNTREND)sellHighUpperTailPre,%%HLTF-LastDayUp:(DOWNTREND-OR-GLOBALDOWN)MaySellHighTail-LastDayMarketUp,",0.8570842129925876,2,2,0
"PCTChangeLT-2,_HTGT1.5_,,,(GLOBALFUTDOWN-DOWNTRENDMARKET)checkSellConsolidationBreakDown-month,weekBarLowChangeLT-2,",0.3308823529411864,1,1,0
"PCTChangeGT3,,,,##MAPositive_Uptrend(GT2),##MA-SMA200GT0SMA100GT0,##last2DayHighGT3-M3HLT0,",1.1018377879873673,11,7,4
"PCTChangeGT2,year2High,,,,volSellReversalLast2DayUp-VolDown,weekBarHighChangeGT2,",-0.9206798866855489,1,0,1
"PCTChangeLT-2,_LTGT1.5_,,,volSellContinueLast2DayDown-VolUp,##(Check-chart-sell)Month3Low-Continue(InUpTrend),ReversalLowMonth3,",0.07417537026165878,1,1,0
"PCTChangeLT-1,,,,##longDownTrend-1-IndexNotDownLastDay(checkBase),chisDownTrend-Risky-nearHigh,",3.239315249549461,1,1,0
"PCTChangeLT-5,_HTGT1.5__LTGT3.0_,,,%%HLTF:(GLOBAL-DOWN)sellHighLowerTail-Reversal-LastDayMarketUp,",-0.09404176587898257,2,1,1
"PCTChangeGT1,,,,weekBarHighChangeGT0,##MAPositive_Uptrend(GT2),##MA-SMA200GT0SMA100GT0,",-1.8872095976547116,1,0,1
"PCTChangeLT-3,_LTGT1.5_,,,##MANegative_Downtrend_(LT-4.5),##MA-SMA200LT0SMA100LT0,##DOWNTREND:sellYearLowBreak,",1.7379836948350356,3,2,1
"PCTChangeLT-3,year2High,_LTGT1.5_,,,checkCupDown-inDownTrend-month3HighLTmonth3Low,bar_low,volSellVolumeUpsergedLast2n3DayUp,",0.1412657266842844,1,1,0
"PCTChangeLT-2,_LTGT1.5_,,,MayBuyCheckChart-(IndexNotUpInSecondHalf),volBuyRevarsalVolCrossed,",0.018461111868601533,1,1,0
"PCTChangeLT-1,,,,%%:checkSell:CupDownDoji-lastDayLT(-2)TodayDoji,",-1.7075690560397803,2,1,1
"PCTChangeGT2,,,,VOL:sell-UpVol-3dayUp-Week2High,(GLOBALFUTUP-UPTRENDMARKET)checkBuyConsolidationBreakUp-week2-highNotReachedWeek3,week2BarHighChangeGT0,",-0.0510235222018522,1,0,1
"PCTChangeGT1,,,,##(Check-chart-sell):month3Low-InPlus,BreakLowMonth3,",-0.9763237772275631,3,1,2
"PCTChangeLT-1,,,,chisDownTrend-Risky-nearHigh,zigZagVolCrossedFromUp,##(Check-chart-buy):YearHigh-InMinus,ReversalHighYear,",0.6554798391940531,1,1,0
"PCTChangeLT-3,year2High,_HTGT1.5_,,,VOL:buy-DownVol-3dayDown-Week2High,volBuyRevarsalVolCrossed,",1.1501584444056296,1,1,0
"PCTChangeGT0,PCDayChange-0.5to0.5,_HTGT1.5_,,,%%HLTF-Last2HighTail:(UPTREND)buy(DOWNTREND)sell:HighUpperTailPre-last2DayUp,%%HLTF-Risky9:30:maySellTail-tailGT2-7,10thDayGT15,",4.0145985401459905,1,1,0
"PCTChangeGT2,_HTGT1.5__LTGT1.5_,,,(GLOBALFUTUP-UPTRENDMARKET)checkBuyConsolidationBreakUp-week2-highNotReachedWeek3,week2BarHighChangeGT2,weekHighGTweek2High,brokenToday,",2.3814143667874976,1,1,0
"PCTChangeLT-0.5,PCDayChange-0.5to0.5,_HTGT1.5_,,,%%HLTF-Last2HighTail:(DOWNTREND)sellHighUpperTailPre,%%HLTF:maySellTail-tailGT2-7,10thDayGT0,",-0.24344340692298788,1,0,1
"PCTChangeGT3,_HTGT3.0__LTGT1.5_,,,chisBuyUpTrend-nearLow,",-3.5459168103276393,1,0,1
"PCTChangeGT2,year2High,_HTGT1.5_,,,chisCheckConsolidationBreakoutLT(4.5),week2BarHighChangeGT0,weekHighGTweek2High,",-0.08584072251967774,1,0,1
"PCTChangeGT2,_HTGT1.5__LTGT1.5_,,,volBuyVolumeUpsergedLast2n3DayDown,",-1.8066522460725094,3,1,2
"PCTChangeGT12,_HTGT3.0__LTGT3.0_,,,%%HLTF-Last2HighTail:(UPTREND)buy(DOWNTREND)sell:HighUpperTailPre-last2DayUp,volSellRevarsalVolCrossed,##MAPositive_Uptrend(GT4.5),##MA-SMA200GT0SMA100GT0,",-2.629171445972025,1,0,1
"PCTChangeGT2,_HTGT1.5_,,,shortUpTrendSellReversal-MonthHigh,volSellVolumeUpsergedLast2n3DayDown,chisCheckConsolidationBreakoutLT(4.5),",0.37013462611605724,1,1,0
"PCTChangeLT-3,,,,checkCupDown-2dayDown,volSellVolumeUpsergedLast2n3DayUp,VOL:sell(GLOBALFUTUP-GLOBALMARKETUP)Buy-UpVol-3dayDown-Week2High,chisDownTrend-Risky-nearHigh,",-1.0033444816053403,1,0,1
"PCTChangeLT-1,_HTGT3.0__LTGT1.5__HTGTPCTDayChange__LTGTPCTDayChange_,,,%%:buyDownTrend-month3Low,",3.5418511451945673,1,1,0
"PCTChangeLT-3,,,,%%:checkSell:Super0,weekBarLowChangeLT-2,",0.47170635837056696,1,1,0
"PCTChangeGT2,_HTGT3.0__HTGTPCTDayChange_,,,%%HLTF-Last2HighTail:(UPTREND)buy(DOWNTREND)sell:HighUpperTailPre-last2DayUp,##(Check-chart-sell):month3Low-InPlus,ReversalLowMonth3,chisUpTrend-Risky-nearLow,##UPTREND:buyMonth3LowReversal(Confirm),",-5.952780480123072,1,0,1
"PCTChangeLT-3,,,,(GLOBALFUTDOWN-DOWNTRENDMARKET)checkSellConsolidationBreakDown-week2-lowNotReachedWeek3,week2BarLowChangeLT-2,weekLowLTweek2Low,##(Check-chart-buy):month3High-InMinus,ReversalHighMonth3,##(check-chart)maySell-EMA6-MT-May-LT-EMA14,",0.1061189082706308,1,1,0
"PCTChangeGT5,_HTGT1.5_,,,##(check-chart)sellEMA6>EMA14,",-0.3423021710607366,7,2,5
"PCTChangeGT5,,,,volBuyContinueLast2DayUp-VolUp,chisCheckConsolidationBreakoutGT(4.5),chisBuy-2week-breakoutup(check-chart)(|-|-| or --|),",-3.5915130870064726,1,0,1
"PCTChangeLT-1,_LTGT3.0_,,,weekBarLowChangeLT-2,",-4.154690707000856,1,0,1
"PCTChangeGT2,year2High,,,,chisCheckConsolidationBreakoutLT(4.5),chisBuyConsolidationBreakUp-2week-(Risky)-year2High,week2BarHighChangeGT2,",-0.025093031508611086,4,2,2
"PCTChangeLT-0.5,_LTGT3.0_,,,chisSellDownTrend-nearHigh,",0.5156045568906032,2,1,1
"PCTChangeLT-3,_HTGT1.5_,,,(GLOBALFUTDOWN-DOWNTRENDMARKET)checkSellConsolidationBreakDown-week2-lowNotReachedWeek3,week2BarLowChangeLT-2,weekLowLTweek2Low,chisDownTrend-Risky-nearHigh,##DOWNTREND:sellYear2HighReversal(InDownTrend),##(Check-chart-buy):YearHigh-InMinus,ReversalHighYear,",3.1179139400807143,1,1,0
"PCTChangeLT-3,_HTGT3.0__LTGT1.5__HTGTPCTDayChange_,,,##DOWNTREND:sellYearHigh(InDownTrend),##last2DayLow(LT-3)-M3LGT0,##(Check-chart-buy):month3High-InMinus,NearHighMonth3,",3.4491300644248253,1,1,0
"PCTChangeLT-3,_HTGT1.5__LTGT1.5_,,,chisDownTrend-Risky-nearHigh,",0.6464335345472176,5,3,2
"PCTChangeLT-2,,,,checkCupDown-inDownTrend,bar_low,",-1.8012038678642617,7,2,5
"PCTChangeGT3,,,,chisSellYear2LowLT-40-last3DayDown(triggerAfter-9:15),chisUpTrend-Risky-nearLow,##UPTREND:buyYear2LowReversal(Confirm),",-0.8529061123437159,4,2,2
"PCTChangeGT1,year2High,_HTGT1.5__HTGTPCTDayChange_,,,%%HLTF:(GLOBAL-SGX-DOWN)maySellTail-2,3,4thDayGT0,(Test)(check-chart-2-3MidCapCross)MaySellCheckChart-Risky,MaySellCheckChart-(IndexNotDownInSecondHalf),%%:sellUpTrend-month3High,",1.0875548295645394,1,1,0
"PCTChangeGT2,,,,$$MaySell-CheckChart(monthHigh-minimumLast4DayUp),weekBarHighChangeGT2,",1.3338440337316755,6,5,1
"PCTChangeGT3,_HTGT3.0__HTGTPCTDayChange_,,,volSellVolumeUpsergedLast2n3DayDown,volBuyContinueLast2DayUp-VolUp,checkBuyConsolidationBreakUp-month3HighLTMonth3Low,",2.8756607043467044,1,1,0
"PCTChangeGT3,,,,vol-sell-DownVol-3dayUp-Week2High,##MAPositive_Uptrend(GT2),##MA-SMA200LT0SMA100LT0,",7.169614221856357,1,1,0
"PCTChangeLT-2,,,,%%:checkSell:Flag2Week,%%HLTF-Last2DayMarketDown:(GLOBAL-UP)buyHighUpperTailPre1-Reversal-LastDayMarketDown,volBuyReversalLast2DayDown-VolDown,",-8.2742318277243,1,0,1
"PCTChangeGT1,_LTGT1.5_,,,%%:checkSell:lastDayLT(-4.5),",0.12848292225842842,5,2,2
"PCTChangeGT1,,,,week2BarHighChangeGT0,brokenToday,",0.2759186573541278,57,28,29
"PCTChangeGT2,,,,(GLOBALFUTUP-UPTRENDMARKET)checkBuyConsolidationBreakUp-week2-highNotReachedWeek3,week2BarHighChangeGT0,chisBuy-2week-breakoutup(check-chart)(|-|-| or --|),",0.5174051160735084,4,2,2
"PCTChangeLT-5,_HTGT1.5_,,,volumeUpsergedLast2n3n4DayUp,volSellContinueLast2DayDown-VolUp,chisSellDownTrend-nearHigh,",5.3471306478901255,1,1,0
"PCTChangeGT3,_LTGT1.5_,,,zigZagVolCrossedFromDown,sellPattern-LT-1.5-SMALT0,(SMA9LT0),maySellFromBuyPattern-LT-1.8,",-0.4838023978226956,1,0,1
"PCTChangeLT-2,,,,volSellVolumeUpsergedLast2n3DayUp,chisSellDownTrend-nearHigh,##(Check-chart-buy):month3High-InMinus,ReversalHighMonth3,",-0.6802442861163301,2,0,2
"PCTChangeLT-12,_LTGT1.5_,,,volBuyReversalLast2DayDown-VolDown,##MANegative_Downtrend_(LT-4.5),##MA-SMA200LT0SMA100LT0,chisBuyDayLowVolLow,",13.99122539319491,1,1,0
"PCTChangeGT1,,,,chisUpTrend-Risky-nearLow,week2BarHighChangeGT0,brokenToday,",0.35472712414008156,4,3,1
"PCTChangeLT-3,_HTGT3.0_,,,volBuyVolumeUpsergedLast2n3DayUp,(GLOBALFUTDOWN-DOWNTRENDMARKET)checkSellConsolidationBreakDown-week2-lowNotReachedWeek3,week2BarLowChangeLT-2,weekLowLTweek2Low,##last2DayLow(LT-3)-M3LGT0,",-1.0880175933494571,1,0,1
"PCTChangeGT1,,,,chisBuyConsolidationBreakUp-2week-(Risky)-year2High,week2BarHighChangeGT0,weekHighGTweek2High,",-0.6274791272266483,1,0,1
"PCTChangeGT3,_HTGT3.0__LTGT1.5_,,,%%:checkSell:Super2,",-2.345215793419468,1,0,1
"PCTChangeLT-3,,,,$$(DOWNTREND-OR-GLOBALDOWN)MaySell-CheckChart-baseLine(inDownTrend-monthHigh)-MLCGT10,##sellTenDaysMoreThanTen,",3.22675716754295,1,1,0
"PCTChangeLT-1,_HTGT1.5__HTGTPCTDayChange_,,,##MANegative_Downtrend_(LT-2),##MA-SMA200LT0SMA100LT0,",-0.8659537516288228,3,1,2
"PCTChangeGT0,PCDayChange-0.5to0.5,_HTGT1.5_,,,%%HLTF:(UPTREND-MorningTrend-UP)mayBuyTail-highTailGT2-7,10thDayGT10-Last2DayStockDown,",-0.4763546206514213,3,1,2
"PCTChangeGT3,,,,chisBuyConsolidationBreakUp-2week-(Risky)-year2High,week2BarHighChangeGT2,weekHighGTweek2High,brokenToday,",-1.1502166879023565,1,0,1
"PCDCLT0PCTChangeGT0,_LTGT3.0_,,,(SMA4GT(1.5)),mayBuyFromSellPattern-GT1.8,",3.82937467427035,1,1,0
"PCTChangeLT-2,_HTGT3.0__HTGTPCTDayChange_,,,(GLOBALFUTDOWN-DOWNTRENDMARKET)checkSellConsolidationBreakDown-week2-lowNotReachedWeek3,week2BarLowChangeLT0,weekLowLTweek2Low,",-8.169845262029844,1,0,1
"PCTChangeGT5,,,,volBuyContinueLast2DayUp-VolUp,chisBuy-2week-breakoutup(check-chart)(|-|-| or --|),",4.173915697180712,1,1,0
"PCTChangeLT-3,_LTGT1.5_,,,chisSellFinalCandidate-(lastDayUp)-(highChange),##sellTenDaysMoreThanTen,",0.1285144803511924,3,1,2
"PCTChangeLT-0.5,,,,weekBarLowChangeLT0,brokenToday,",0.445019588058536,14,8,6
"PCTChangeLT-1,PCDayChange-0.5to0.5,_HTGT3.0__LTGT1.5_,,,%%:checkSell:CupDownDoji-lastDayLT(-2)TodayDoji,",1.6542744691789408,1,1,0
"PCTChangeLT-1,_LTGT3.0_,,,%%HLTF:(GLOBAL-DOWN)sellHighLowerTail-Reversal-LastDayMarketUp,##RisingMA(check-chart-buy)-MayBuyCheckChart,",-0.10692027940876234,1,0,1
"PCTChangeLT-3,_LTGT3.0_,,,##DOWNTREND:sellYear2HighReversal(InDownTrend),buyMorningStar-HighLowerTail,",-0.8426430382962443,1,0,1
"PCTChangeGT2,_LTGT3.0_,,,##UPTREND:buyYearLowReversal(Confirm),",4.377293848729398,1,1,0
"PCDCLT0PCTChangeGT0,PCDayChange-0.5to0.5,_LTGT1.5_,,,(SMA9LT0),",1.479716692496284,4,3,1
"PCTChangeGT1,PCDayChange-0.5to0.5,_HTGT1.5__LTGT3.0_,,,%%:checkSell:CupDownDoji,",-2.9633376360425236,1,0,1
"PCTChangeGT8,_HTGT3.0__LTGT1.5__HTGTPCTDayChange_,,,%%HLTF-Last2HighTail:(UPTREND)buy(DOWNTREND)sell:HighUpperTailPre-last2DayUp,##MAPositive_Uptrend(GT2),##MA-SMA200GT0SMA100GT0,##lastDayHighGT5TodayGT1,",1.589429357044097,1,1,0
"PCTChangeLT-2,,,,%%HLTF-Last2DayMarketDown:(GLOBAL-UP)buyHighUpperTailPre1-Reversal-LastDayMarketDown,##MANegative_Downtrend_(LT-2),##MA-SMA200LT0SMA100LT0,",-3.6764705882352957,1,0,1
"PCDCGT0PCTChangeLT-5,_HTGT3.0__LTGT3.0_,,,%%HLTF-Last2LowTail:(DOWNTREND)sellHighLowerTailPre-1,",5.603425890188349,2,2,0
"PCTChangeLT-1,,,,%%HLTF-Last2DayMarketDown:(GLOBAL-UP)buyHighUpperTailPre1-Reversal-LastDayMarketDown,##MAPositive_Uptrend(LT-2),##MA-SMA200GT0SMA100GT0,",-0.5663495924550497,1,0,1
"PCTChangeGT0.5,PCDayChange-0.5to0.5,,,,##MANegative_Downtrend_(GT0),##MA-SMA200GT0SMA100GT0,",-2.637937528737519,1,0,1
"PCTChangeLT-1,,,,volSellContinueLast2DayDown-VolUp,##longDownTrend-2-IndexNotDownLastDay(checkBase),",-0.35925991667774915,1,0,1
"PCTChangeGT3,,,,weekBarHighChangeGT2,brokenToday,chis-breakoutup-2week,chisSell-2week-breakoutup,",-2.1278232201597786,1,0,1
"PCTChangeLT-2,_HTGT1.5_,,,chisDownTrend-Risky-nearHigh,zigZagVolCrossedFromUp,##(Check-chart-buy):month3High-InMinus,ReversalHighMonth3,",0.7227616065604515,2,2,0
"PCDCGT0PCTDayChangeLT0,PCDayChange-0.5to0.5,_HTGT1.5_,,,chisSellFlag2Week-doji-Risky,",-0.3673538490367565,17,8,9
"PCTChangeGT2,,,,checkBuyConsolidationBreakout-allPreLT0,(GLOBALFUTUP-UPTRENDMARKET)checkBuyConsolidationBreakUp-week2-highNotReachedWeek3,week2BarHighChangeGT0,brokenToday,",1.798003574587272,1,1,0
"PCDCLT0PCTChangeGT0,,,,%%:checkSell:CupDownDoji-last2lastDayLT0orTodayGT0,",0.42232126799378755,9,6,3
"PCTChangeLT-3,,,,mayBuyFromSellPattern-GT1.8,",3.407706458876318,5,4,1
"PCTChangeLT-3,_LTGT1.5_,,,##MANegative_Downtrend_(LT-2),##MA-SMA200LT0SMA100LT0,##DOWNTREND:sellMonth3LowBreak,",3.434720878981985,3,2,1
"PCTChangeLT-2,_HTGT1.5__HTGTPCTDayChange_,,,%%:checkSell:Super0,(GLOBALFUTDOWN-DOWNTRENDMARKET)checkSellConsolidationBreakDown-week2-lowNotReachedWeek3,week2BarLowChangeLT-2,weekLowLTweek2Low,",5.862308304307482,1,1,0
"PCTChangeGT1,PCDayChange-0.5to0.5,_LTGT1.5_,,,%%:checkBuyContinue:CupDownDoji-last2dayUp,",3.0520898963327903,1,1,0
"PCTChangeLT-2,_LTGT1.5_,,,VOL:sell(GLOBALFUTUP-GLOBALMARKETUP)Buy-UpVol-3dayDown-Week2High,##DOWNTREND:sellYearHigh(InDownTrend),##(Check-chart-buy):month3High-InMinus,NearHighMonth3,",-2.3881348143590775,1,0,1
"PCTChangeGT1,year2High,_HTGT1.5__LTGT1.5_,,,(SMA9GT0),",-1.4221448017843896,1,0,1
"PCTChangeGT3,,,,chisSellYear2LowLT-40-last4DayDown(triggerAfter-9:15),chis-breakoutup-2week,##UPTREND:buyYear2LowReversal(Confirm),",-2.4112843394773655,1,0,1
"PCTChangeLT-5,,,,maySellAfter10:30HighVolatileDownContinueLT-8-Risky,volSellContinueLast2DayDown-VolUp,##MANegative_Downtrend_(LT-4.5),##MA-SMA200LT0SMA100LT0,",-4.361697798925088,1,0,1
"PCTChangeLT-3,,,,(GLOBALFUTDOWN-DOWNTRENDMARKET)checkSellConsolidationBreakDown-week2-lowNotReachedWeek3,week2BarLowChangeLT-2,volBuyRevarsalVolCrossed,##(Check-chart-buy):month3High-InMinus,ReversalHighMonth3,##(check-chart)maySell-EMA6-MT-May-LT-EMA14,",4.438359508775697,1,1,0
"PCTChangeLT-0.5,PCDayChange-0.5to0.5,_HTGT1.5_,,,chisSell:Super03-monthLow,%%HLTF-LastDayUp:(DOWNTREND-OR-GLOBALDOWN)MaySellHighTail-LastDayMarketUp,",4.6616541353383525,1,1,0
"PCTChangeLT-2,_LTGT1.5_,,,volBuyReversalLast2DayDown-VolDown,weekBarLowChangeLT-2,brokenToday,",-2.1002635115060357,1,0,1
"PCTChangeLT-8,,,,maySellAfter10:30HighVolatileDownContinueLT-8-Risky,VOL:sell(GLOBALFUTUP-GLOBALMARKETUP)Buy-UpVol-3dayDown-Week2High,",4.4435859901197565,1,1,0
"PCTChangeGT5,year2High,,,,volBuyContinueLast2DayUp-VolUp,weekBarHighChangeGT2,brokenToday,",0.7632374971912999,2,1,1
"PCTChangeLT-2,_HTGT1.5_,,,##ML:BuyRisingMA-Risky-0,",1.243486463336622,1,1,0
"PCTChangeGT0.5,PCDayChange-0.5to0.5,_LTGT3.0_,,,%%HLTF:(SGXNIFTYUP)buyHighLowerTail-Continue,chisBuyYearHigh-3,",1.3262068588516163,3,2,1
"PCTChangeLT-5,_LTGT1.5_,,,##MANegative_Downtrend_(LT-2),##MA-SMA200GT0SMA100GT0,",2.0817561940101488,4,2,2
"PCTChangeLT-1,,,,sellFinal,",-0.16383296211353823,16,6,10
"PCTChangeGT3,PCDayChange-0.5to0.5,_HTGT1.5_,,,##MA-SMA200LT0SMA100LT0,",-3.605518830128205,1,0,1
"PCTChangeLT-2,_LTGT1.5_,,,checkCupDown-2dayDown-mayReversalBuy,##DOWNTREND:sellMonth6HighReversal(InDownTrend),##(Check-chart-buy):month3High-InMinus,ReversalHighMonth3,",0.5490016573213401,1,1,0
"PCDCGT0PCTDayChangeLT0,_HTGT1.5__LTGT3.0__HTGTPCTDayChange__LTGTPCTDayChange_,,,%%HLTF-Last2LowTail:(DOWNTREND)sellHighLowerTailPre-1,##MA-SMA200LT0SMA100LT0,",-0.5960759746524782,1,0,1
"PCTChangeLT-1,,,,##(check-chart)maySell-EMA6-MT-May-LT-EMA14,##(Test):buyRisingMA-uptrend-SMA25gt0,",1.3095238095238095,1,1,0
"PCTChangeLT-2,,,,volumeUpsergedLast2n3n4DayUp,chisDownTrend-Risky-nearHigh,",0.7336691283206651,2,2,0
"PCTChangeLT-1,PCDayChange-0.5to0.5,_HTGT3.0__LTGT1.5_,,,##MA-SMA200GT0SMA100GT0,",0.7341510679528855,1,1,0
"PCTChangeLT-3,year2Low,_LTGT1.5_,,,VOL:buy-UpVol-3dayDown-Week2Low,##last2DayLow(LT-3)-M3LLT0,",3.953549159623389,1,1,0
"PCTChangeGT3,_HTGT1.5__LTGT3.0__LTGTPCTDayChange_,,,##MANegative_Downtrend_(GT4.5),##MA-SMA200GT0SMA100LT0,",3.966290763254913,1,1,0
"PCTChangeLT-1,year2High,_HTGT1.5__HTGTPCTDayChange_,,,%%HLTF:(UPTREND-MorningTrend-UP)mayBuyTail-highTailGT2-7,10thDayGT10-Last2DayStockDown,",0.7503983614851599,5,3,2
"PCTChangeLT-3,_LTGT1.5_,,,chisSellUpTrend-Risky-2,##DOWNTREND:sellYearHigh(InDownTrend),##last2DayLow(LT-3)-M3LGT0,",1.5375784001919597,1,1,0
"PCTChangeGT12,_HTGT1.5_,,,volumeUpsergedLast2n3n4DayDown,##MAPositive_Uptrend(GT4.5),##MA-SMA200LT0SMA100GT0,",-0.9836601371694382,1,0,1
"PCTChangeLT-1,PCDayChange-0.5to0.5,_LTGT1.5_,,,%%HLTF:(GLOBAL-DOWN)sellHighLowerTail-Reversal-LastDayMarketUp,",0.9130829624526061,3,2,1
"PCTChangeLT-1,_HTGT1.5__HTGTPCTDayChange_,,,chisSell:Super03-monthLow,",-0.43460566261067746,4,1,3
"PCTChangeGT3,,,,sellPattern-LT-1.5-SMALT0,(SMA9LT0),maySellFromBuyPattern-LT-1.8,",-2.8577557008655243,2,0,2
"PCTChangeGT3,_HTGT1.5_,,,MaySellCheckChart-(IndexNotDownInSecondHalf),weekBarHighChangeGT0,brokenToday,",0.9929275913317371,1,1,0
"PCDCLT0PCTChangeGT0,,,,##MAPositive_Uptrend(LT0),##MA-SMA200GT0SMA100GT0,",-0.7474727448916298,6,2,4
"PCTChangeGT2,,,,chisUpTrend-Risky-nearLow,",-0.08668849095088536,161,71,88
"PCTChangeGT3,,,,chisBuyUpTrend-nearLow,",0.18534598659895005,46,23,22
"PCDCLT0PCTChangeGT0,PCDayChange-0.5to0.5,,,,%%:checkSell:CupDownDoji-last2lastDayLT0orTodayGT0,",-3.5984913844464335,2,0,2
"PCTChangeLT-5,,,,##MANegative_Downtrend_(LT-4.5),##MA-SMA200LT0SMA100LT0,##DOWNTREND:sellMonth6LowBreak,",0.0851217903910438,2,1,1
"PCTChangeGT3,_HTGT1.5_,,,chisSelldowntrendReversalMayFail,",-1.6580441003710829,2,1,1
"PCTChangeLT-2,_LTGT1.5_,,,checkCupDown-2dayDown-mayReversalBuy,volumeUpsergedLast2n3n4DayUp,",-2.7313688626656196,2,0,2
"PCTChangeLT-5,_HTGT3.0__LTGT1.5_,,,##MANegative_Downtrend_(LT-4.5),##MA-SMA200LT0SMA100LT0,##last2DayLow(LT-3)-M3LLT0,",3.3278262653568147,1,1,0
"PCTChangeLT-1,,,,%%HLTF-Last2DayMarketDown:(GLOBAL-UP)buyHighUpperTailPre1-Reversal-LastDayMarketDown,volBuyReversalLast2DayDown-VolDown,##(Check-chart-buy):month3High-InMinus,BreakHighMonth3,",-3.250129953621376,1,0,1
"PCDCLT0PCTChangeGT0,_HTGT3.0_,,,##MANegative_Downtrend_(LT0),##MA-SMA200LT0SMA100LT0,",1.9191960293034407,1,1,0
"PCTChangeLT-3,,,,volumeUpsergedLast2n3n4DayUp,chisSellDownTrend-nearHigh,##DOWNTREND:sellMonth3HighReversal(InDownTrend),##(Check-chart-buy):month3High-InMinus,ReversalHighMonth3,##(check-chart)maySell-EMA6-MT-May-LT-EMA14,",-1.8158326666039157,1,0,1
"PCTChangeLT-0.5,_HTGT1.5_,,,%%:checkSell:Super01-monthLow,%%HLTF-LastDayUp:(DOWNTREND-OR-GLOBALDOWN)MaySellHighTail-LastDayMarketUp,",-0.2950781480510948,5,2,3
"PCTChangeGT2,,,,chisBuyUpTrend-1,chisUpTrend-Risky-nearLow,",-1.0709879514449718,2,0,2
"PCTChangeLT-1,,,,%%:check(UPTREND-UPMARKET)Buy(DOWNTRENDTREND-DOWNMARKET)Sell:Super01-monthLow,volSellContinueLast2DayDown-VolUp,",0.9698553250924289,1,1,0
"PCTChangeLT-3,,,,##DOWNTREND:sellYear2HighReversal(InDownTrend),$$MayBuy-CheckChart(monthLow-minimumLast4DayDown),##(Check-chart-buy):YearHigh-InMinus,ReversalHighYear,",-1.2304663658142152,1,0,1
"PCTChangeGT0.5,PCDayChange-0.5to0.5,_HTGT1.5_,,,%%HLTF-Last2HighTail:(UPTREND)buy(DOWNTREND)sell:HighUpperTailPre-last2DayUp,",0.4104410511883335,25,14,11
"PCTChangeGT1,year2Low,_HTGT1.5_,,,volSellReversalLast2DayUp-VolUp,",-6.056554838422413,1,0,1
"PCTChangeGT2,,,,volBuyContinueLast2DayUp-VolUp,chisSell-2week-breakoutup,BuyYearLow,##UPTREND:buyYear2LowReversal(Confirm),",-0.5643340746713098,1,0,1
"PCTChangeLT-0.5,PCDayChange-0.5to0.5,_LTGT1.5_,,,buyYearHigh-0,",-0.9050228156411408,5,2,3
"PCTChangeGT5,,,,week2BarHighChangeGT2,##last3DayHighGT3-M3HLT0,",-0.9959736907164726,1,0,1
"PCTChangeLT-5,_LTGT3.0_,,,volSellContinueLast2DayDown-VolUp,##MANegative_Downtrend_(LT-4.5),##MA-SMA200GT0SMA100LT0,",3.4686324341270813,1,1,0
"PCTDayChangeLT0,_HTGT1.5_,,,##MAPositive_Uptrend(LT0),##MA-SMA200LT0SMA100GT0,",-1.643987526545018,1,0,1
"PCTChangeGT3,_LTGT1.5_,,,buyPatternsML,",2.7229104437498655,1,1,0
"PCTChangeLT-8,year2High,_HTGT3.0__LTGT1.5_,,,(GLOBAL-DOWN)maySellContinueHighVolatileLastDayDOWN-month3LowGT0-(LT-8),",-3.4509825297084835,1,0,1
"PCTChangeLT-3,,,,chisSellDownTrend-nearHigh,zigZagVolCrossedFromUp,##(Check-chart-buy):month3High-InMinus,ReversalHighMonth3,",-0.8807964546656255,1,0,1
"PCTChangeLT-8,,,,maySellHighVolatileDownContinueLT-8,volSellContinueLast2DayDown-VolUp,##MANegative_Downtrend_(LT-4.5),##MA-SMA200LT0SMA100LT0,",-2.9453394836349833,1,0,1
"PCTChangeLT-8,,,,chisSell-smallUptrendReversal,",-1.9402357975783888,2,1,1
"PCTChangeGT1,PCDayChange-0.5to0.5,_LTGT1.5_,,,chisBuyYearHigh-3,",0.3736395286308264,16,11,5
"PCTChangeLT-5,_LTGT3.0_,,,##MANegative_Downtrend_(LT-4.5),##MA-SMA200LT0SMA100LT0,##DOWNTREND:sellMonth6LowBreak,",0.04837642077503819,1,1,0
"PCTChangeGT5,_LTGT1.5_,,,chisSell-2week-breakoutup,##last2DayHighGT3-M3HLT0,",2.7238760421525186,1,1,0
"PCTChangeGT5,_LTGT1.5_,,,chisUpTrend-Risky-nearLow,(GLOBALFUTUP-UPTRENDMARKET)checkBuyConsolidationBreakUp-week2-highNotReachedWeek3,week2BarHighChangeGT0,brokenToday,",-1.1607087774460927,1,0,1
"PCTChangeGT3,,,,chisCheckConsolidationBreakoutLT(4.5),chisBuyConsolidationBreakUp-2week-(Risky)-year2High,week2BarHighChangeGT2,",0.20449897750512308,1,1,0
"PCTChangeLT-3,_HTGT3.0__HTGTPCTDayChange_,,,##MANegative_Downtrend_(LT-2),##MA-SMA200GT0SMA100LT0,",-5.808381406133056,1,0,1
"PCTChangeLT-5,,,,##MANegative_Downtrend_(LT-2),##MA-SMA200GT0SMA100GT0,",4.449939036675929,3,3,0
"PCTChangeLT-2,,,,checkCupDown-3dayDown,VOL:buy-DownVol-3dayDown-Week2High,##ML:buyRisingMA-down-Risky,",-1.9165350094391083,1,0,1
"PCTChangeGT1,_HTGT3.0__HTGTPCTDayChange_,,,zigZagVolCrossedFromDown,",1.7454537282892484,1,1,0
"PCTChangeLT-3,,,,%%checkCupDown-2dayDown-continue,",0.6363058962733101,10,6,4
"PCTChangeLT-2,year2High,,,,volSellContinueLast2DayDown-VolUp,(GLOBALFUTDOWN-DOWNTRENDMARKET)checkSellConsolidationBreakDown-week2-lowNotReachedWeek3,week2BarLowChangeLT0,",-1.604003906249995,1,0,1
"PCTDayChangeLT0,_LTGT3.0_,,,%%HLTF-Last2DayMarketUp:(GLOBAL-DOWN)sellHighLowerTail-Reversal-LastDayMarketUp,##MAPositive_Uptrend(LT-1),##MA-SMA200GT0SMA100GT0,",1.1555582682291603,1,1,0
"PCDCGT0PCTDayChangeLT0,PCDayChange-0.5to0.5,_LTGT1.5_,,,chisSellFlag2Week-doji-Risky,",0.052308212678119415,4,3,1
"PCTChangeLT-1,,,,(GLOBALFUTDOWN-DOWNTRENDMARKET)checkSellConsolidationBreakDown-week2-lowNotReachedWeek3,week2BarLowChangeLT-2,weekLowLTweek2Low,",-0.16604809376084317,59,26,32
"PCTChangeGT1,year2High,_HTGT1.5__HTGTPCTDayChange_,,,%%HLTF:(GLOBAL-SGX-DOWN)maySellTail-2,3,4thDayGT0,(Test)(check-chart-2-3MidCapCross)MaySellCheckChart-Risky,",-0.56058301154328,2,0,2
"PCTChangeGT2,,,,volBuyVolumeUpsergedLast2n3DayDown,chisCheckConsolidationBreakoutLT(4.5),",-0.531533600085368,2,1,1
"PCTChangeLT-2,,,,volBuyReversalLast2DayDown-VolDown,chisDownTrend-Risky-nearHigh,##(Check-chart-buy):YearHigh-InMinus,ReversalHighYear,##(check-chart)maySell-EMA6-MT-May-LT-EMA14,",-1.6492183117520507,1,0,1
"PCTChangeGT8,year2Low,_LTGT1.5_,,,volSellRevarsalVolCrossed,##last2DayHighGT3-M3HLT0,",1.0953608247422812,1,1,0
"PCTChangeGT3,,,,chisUpTrend-Risky-nearLow,chisCheckConsolidationBreakoutLT(4.5),(GLOBALFUTUP-UPTRENDMARKET)checkBuyConsolidationBreakUp-week2-highNotReachedWeek3,week2BarHighChangeGT0,brokenToday,chisSell-2week-breakoutup,BuyYearLow,",-0.7093360294579408,1,0,1
"PCTChangeLT-0.5,,,,$$(DOWNTREND-OR-GLOBALDOWN)MaySell-CheckChart-baseLine(inDownTrend-monthHigh)-MLCGT10,",0.9680981797610653,4,2,2
"PCTChangeLT-3,,,,volSellContinueLast2DayDown-VolUp,chisSellFinalCandidate-4,",-2.195944628896644,1,0,1
"PCTChangeGT3,,,,chisCheckConsolidationBreakoutLT(4.5),chis-breakoutup-2week,chisBuy-2week-breakoutup,##UPTREND:buyYear2LowReversal(Confirm),",-2.3940652103747224,1,0,1
"PCDCGT0PCTDayChangeLT0,PCDayChange-0.5to0.5,_HTGT1.5__LTGT1.5_,,,chisSellSuper-Risky,-+,%%HLTF-Last2LowTail:(DOWNTREND)sellHighLowerTailPre-1,",-1.0247916229500225,1,0,1
"PCTChangeLT-2,_HTGT1.5__LTGT1.5_,,,volBuyReversalLast2DayDown-VolDown,##DOWNTREND:sellYearHighReversal(InDownTrend),",-2.5766100625121573,1,0,1
"PCTChangeLT-2,_HTGT1.5_,,,(GLOBALFUTDOWN-DOWNTRENDMARKET)checkSellConsolidationBreakDown-week2-lowNotReachedWeek3,week2BarLowChangeLT0,weekLowLTweek2Low,chisDownTrend-Risky-nearHigh,##(Check-chart-buy):month3High-InMinus,ReversalHighMonth3,",-0.8694937796438994,3,2,1
"PCTChangeGT2,_HTGT1.5__HTGTPCTDayChange_,,,%%HLTF-Risky9:30:maySellTail-tailGT2-7,10thDayGT15,%%:sellUpTrend-month3High,volSellVolumeUpsergedLast2n3DayDown,chisCheckConsolidationBreakout2WeekLT(4.5),",3.688890245225694,1,1,0
"PCTChangeGT2,year2Low,_LTGT3.0_,,,##buyTenDaysLessThanMinusTen,",-1.3520597062020916,2,1,1
"PCTChangeGT5,_HTGT1.5__LTGT1.5__LTGTPCTDayChange_,,,chisCheckConsolidationBreakoutLT(4.5),##MAPositive_Uptrend(GT2),##MA-SMA200GT0SMA100GT0,",1.7248660092752859,1,1,0
"PCTChangeLT-3,_LTGT1.5_,,,checkCupDown-3dayDown-mayReversalBuy,volBuyRevarsalVolCrossed,chisBuyDayLowVolLow-03-checkMorningTrend(.5SL)-after10:30,##sellRisingMA,",-0.6034482758620542,1,0,1
"PCTChangeGT0.5,_HTGT3.0__HTGTPCTDayChange_,,,%%HLTF:maySellTail-tailGT2-7,10thDayGT20,%%HLTF:(UPTREND-GLOBAL/SGX-UP)BuyHighUpperTail-Reversal-7,10thDayGT15-LastDayMarketDown,##MA-SMA200LT0SMA100LT0,",0.10165734190283439,1,1,0
"PCTChangeLT-2,year2High,,,,volSellVolumeUpsergedLast2n3DayUp,volSellContinueLast2DayDown-VolUp,(GLOBALFUTDOWN-DOWNTRENDMARKET)checkSellConsolidationBreakDown-week2-lowNotReachedWeek3,week2BarLowChangeLT0,weekLowLTweek2Low,",0.2110369793780515,1,1,0
"PCTChangeGT2,_HTGT3.0__LTGT1.5__HTGTPCTDayChange_,,,week2BarHighChangeGT2,weekHighGTweek2High,",4.6466973886328695,1,1,0
"PCTChangeGT2,_HTGT1.5_,,,##(Check-chart-sell):month3Low-InPlus,ReversalLowMonth3,(GLOBALFUTUP-UPTRENDMARKET)checkBuyConsolidationBreakUp-week2-highNotReachedWeek3,week2BarHighChangeGT0,chis-breakoutup-2week,chisSell-2week-breakoutup,##UPTREND:buyMonth3LowReversal(Confirm),",-1.1120806974913222,1,0,1
"PCTChangeGT3,_HTGT1.5_,,,$$MaySell-CheckChart-baseLine(inDownTrend-monthHigh)-MLCGT10,zigZagVolCrossedFromDown,chis-breakoutup-2week,",0.26530363121810413,1,1,0
"PCTChangeGT1,PCDayChange-0.5to0.5,_HTGT1.5_,,,shortUpTrendBuyContinue-Doji-Last2DayGTToday,##MAPositive_Uptrend(GT0),##MA-SMA200LT0SMA100LT0,",2.0899545847094974,2,1,1
"PCDCLT0PCTChangeGT3,_LTGT1.5_,,,%%HLTF:(SGXNIFTYUP)buyHighLowerTail-Continue,",0.27545434597388085,2,1,1
"PCTChangeGT3,_HTGT1.5_,,,(GLOBALFUTUP-UPTRENDMARKET)checkBuyConsolidationBreakUp-week2-highNotReachedWeek3,week2BarHighChangeGT2,brokenToday,",0.32270251537175887,3,2,1
"PCTChangeLT-3,_HTGT1.5__LTGT1.5_,,,chisSell-smallUptrendReversal,",0.5872199100565282,4,3,1
"PCTChangeGT3,,,,chisCheckConsolidationBreakoutLT(4.5),(GLOBALFUTUP-UPTRENDMARKET)checkBuyConsolidationBreakUp-week2-highNotReachedWeek3,week2BarHighChangeGT2,weekHighGTweek2High,",-2.1452551706895893,4,0,4
"PCTChangeLT-3,,,,volSellContinueLast2DayDown-VolUp,(GLOBALFUTDOWN-DOWNTRENDMARKET)checkSellConsolidationBreakDown-week2-lowNotReachedWeek3,week2BarLowChangeLT0,chisDownTrend-Risky-nearHigh,##DOWNTREND:sellMonth3HighReversal(InDownTrend),##(Check-chart-buy):month3High-InMinus,ReversalHighMonth3,",-0.8380221925572444,2,1,1
"PCTChangeLT-3,,,,chisSellFinalCandidate-(lastDayUp)-(highChange),##sellTenDaysMoreThanTen,",-2.2060424622140395,2,0,2
"PCTChangeGT2,year2High,,,,weekBarHighChangeGT2,brokenToday,",1.0307874526320122,15,10,5
"PCTChangeGT3,,,,##(Check-chart-sell):month3Low-InPlus,ReversalLowMonth3,##UPTREND:buyMonth3LowReversal(Confirm),",-0.8161059088233397,16,4,12
"PCTChangeLT-3,year2Low,_HTGT1.5__LTGT3.0_,,,volBuyReversalLast2DayDown-VolUp,",-6.408681774033368,1,0,1
"PCTChangeLT-1,_HTGT1.5__HTGTPCTDayChange_,,,%%HLTF-Last2HighTail:(DOWNTREND)sellHighUpperTailPre,%%HLTF:maySellTail-tailGT2-7,10thDayGT0,",-2.0689615083641213,1,0,1
"PCTDayChangeLT0,_LTGT1.5_,,,##MAPositive_Uptrend(LT0),##MA-SMA200LT0SMA100LT0,",1.3845501713999577,1,1,0
"PCTChangeGT1,_HTGT1.5__LTGT1.5__HTGTPCTDayChange_,,,(GLOBALFUTUP-UPTRENDMARKET)checkBuyConsolidationBreakUp-month,weekBarHighChangeGT0,brokenToday,",-4.8575131453879985,1,0,1
"PCTChangeLT-5,_HTGT1.5_,,,chisSellDownTrend-nearHigh,##ML:sellRisingMA-down-(Risky),",3.1016117646360906,1,1,0
"PCTChangeGT1,,,,chisUpTrend-Risky-nearLow,week2BarHighChangeGT0,",1.0938133648474362,2,1,1
"PCTChangeGT2,_HTGT1.5_,,,zigZagVolCrossedFromDown,BuyYearLow,",-0.0834015620087358,1,0,1
"PCTChangeLT-1,_HTGT1.5__LTGT3.0__LTGTPCTDayChange_,,,chisSell-smallUptrendReversal,##RisingMA(check-chart-buy)-MayBuyCheckChart,",-4.386953272147712,1,0,1
"PCTChangeLT-5,_LTGT3.0_,,,##MANegative_Downtrend_(LT-4.5),##MA-SMA200LT0SMA100LT0,chisBuyDayLowVolLow,",-2.886205352241072,1,0,1
"PCTChangeGT1,year2High,,,,week2BarHighChangeGT2,weekHighGTweek2High,",-0.1373777370422101,1,0,1
"PCTChangeLT-5,year2Low,_LTGT3.0_,,,chisBuyDayLowVolLow,chisBuyYear2Low,BreakLowYear2,",-5.5052593304933835,1,0,1
"PCTChangeGT1,_HTGT1.5__LTGT1.5__HTGTPCTDayChange__LTGTPCTDayChange_,,,%%HLTF-Last2LowTail:(DOWNTREND)sellHighLowerTailPre-1,",0.20833956440491638,3,2,1
"PCTChangeLT-3,,,,chisDownTrend-Risky-nearHigh,##DOWNTREND:sellYear2HighReversal(InDownTrend),##last2DayLow(LT-3)-M3LGT0,",-2.91685844536014,4,1,3
"PCTChangeGT1,year2High,_HTGT1.5__LTGT1.5__HTGTPCTDayChange__LTGTPCTDayChange_,,,$$MaySell-CheckChart(downTrend-mayReverseLast4DaysUp),",-0.8166333055223522,3,1,2
"PCTChangeGT1,_HTGT1.5__LTGT3.0__HTGTPCTDayChange__LTGTPCTDayChange_,,,chisSellDowningMA-(check5MinuteDownTrendAndSellDowntrend)-Already10DayDown,%%HLTF-Last2LowTail:(DOWNTREND)sellHighLowerTailPre-1,",-3.2082505789751448,1,0,1
"PCTChangeGT2,_HTGT1.5__HTGTPCTDayChange_,,,volBuyVolumeUpsergedLast2n3DayDown,##(Check-chart)ML:buyMonth3High-Continue,",-1.239064858640985,1,0,1
"PCTChangeGT5,_HTGT3.0__LTGT1.5__HTGTPCTDayChange_,,,volBuyContinueLast2DayUp-VolUp,##MAPositive_Uptrend(GT2),##MA-SMA200LT0SMA100GT0,",-3.308697216207241,1,0,1
"PCTChangeGT3,_HTGT1.5__LTGT1.5_,,,volBuyContinueLast2DayUp-VolUp,",-0.864184499653079,8,4,4
"PCTChangeLT-2,,,,(GLOBALFUTDOWN-DOWNTRENDMARKET)checkSellConsolidationBreakDown-week2-lowNotReachedWeek3,week2BarLowChangeLT-2,weekLowLTweek2Low,##(Check-chart-buy):month3High-InMinus,ReversalHighMonth3,",0.037263322846679436,13,7,6
"PCTChangeLT-8,_LTGT3.0_,,,VOL:sellAboveTail-BuyAtClose:upVol3dayDownWeek2Low-highLowerTail,",-2.3754985288802417,1,0,1
"PCDCLT0PCTChangeGT3,_HTGT3.0__LTGT3.0_,,,##MA-SMA200GT0SMA100LT0,",-7.585181503881263,1,0,1
"PCTChangeGT8,_HTGT1.5_,,,volumeUpsergedLast2n3n4DayDown,",1.070610345657605,2,2,0
"PCTChangeGT1,_LTGT3.0_,,,%%HLTF:sellStockInUptrendReversal,",-0.5775057436122676,1,0,1
"PCTChangeLT-2,,,,weekBarLowChangeLT-2,brokenToday,##DOWNTREND:sellYearLowBreak,",-1.143914034586913,3,2,1
"PCTChangeGT1,_LTGT3.0_,,,##MANegative_Downtrend_(GT1),##MA-SMA200LT0SMA100LT0,",1.2743984425823092,2,1,1
"PCTChangeGT2,_HTGT1.5_,,,MaySellCheckChart-(IndexNotDownInSecondHalf),volumeUpsergedLast2n3n4DayDown,volBuyContinueLast2DayUp-VolUp,chisCheckConsolidationBreakoutLT(4.5),(GLOBALFUTUP-UPTRENDMARKET)checkBuyConsolidationBreakUp-week2-highNotReachedWeek3,week2BarHighChangeGT2,weekHighGTweek2High,chis-breakoutup-2week,",-0.694707709678835,1,0,1
"PCTChangeLT-3,_HTGT1.5__HTGTPCTDayChange_,,,checkCupDown,bar_low,##longDownTrend-2-IndexNotDownLastDay(checkBase),chisDownTrend-Risky-nearHigh,",1.5614624469860794,1,1,0
"PCTChangeGT3,,,,volumeUpsergedLast2n3n4DayDown,weekBarHighChangeGT0,brokenToday,##last2DayHighGT3-M3HLT0,",2.4517647789005728,1,1,0
"PCTChangeGT5,_HTGT3.0__HTGTPCTDayChange_,,,volumeUpsergedLast2n3n4DayDown,volSellReversalLast2DayUp-VolUp,##last2DayHighGT3-M3HGT0,",0.026016156374479765,1,1,0
"PCTChangeLT-2,,,,chisSellFlagWeek-Risky,checkCupDown-3dayDown,",1.1124979654948002,1,1,0
"PCTChangeLT-3,,,,volSellContinueLast2DayDown-VolUp,chisDownTrend-Risky-nearHigh,##DOWNTREND:sellYearHighReversal(InDownTrend),##(Check-chart-buy):YearHigh-InMinus,ReversalHighYear,",1.6257631266775263,1,1,0
"PCTChangeGT1,_LTGT3.0_,,,volSellReversalLast2DayUp-VolDown,",-0.6086929984714763,1,0,1
"PCTChangeGT3,_HTGT1.5__LTGT3.0__HTGTPCTDayChange__LTGTPCTDayChange_,,,week2BarHighChangeGT2,weekHighGTweek2High,brokenToday,",-1.8492857515329832,1,0,1
"PCTChangeGT2,_LTGT1.5_,,,##(Check-chart-sell):month3Low-InPlus,ReversalLowMonth3,chisUpTrend-Risky-nearLow,(GLOBALFUTUP-UPTRENDMARKET)checkBuyConsolidationBreakUp-week2-highNotReachedWeek3,week2BarHighChangeGT2,weekHighGTweek2High,",1.3530288496663485,1,1,0
"PCTChangeLT-0.5,year2High,_LTGT1.5_,,,(Test)MayBuy-CheckChart(upTrend-lastDayDown),",1.6070847219050333,5,3,1
"PCTChangeGT12,year2High,_HTGT3.0_,,,%%HLTF-Last2HighTail:(UPTREND)buy(DOWNTREND)sell:HighUpperTailPre-last2DayUp,",-3.161938250746353,2,0,2
"PCTChangeGT0,PCDayChange-0.5to0.5,year2High,_HTGT1.5_,,,%%HLTF-Last2HighTail:(UPTREND)buy(DOWNTREND)sell:HighUpperTailPre-last2DayUp,",1.0851652789153632,5,4,1
"PCTDayChangeLT0,PCDayChange-0.5to0.5,,,,%%:checkSell:CupDownDoji-lastDayLT(-2)TodayDoji,",-0.46091661669205297,13,4,9
"PCTChangeGT1,_HTGT1.5_,,,shortUpTrendSellReversal-MonthHigh,weekBarHighChangeGT0,brokenToday,",2.1809547061011947,1,1,0
"PCTChangeGT3,,,,sellHeavyUpTrend-Reversal,weekBarHighChangeGT2,brokenToday,",0.7313870665930405,1,1,0
"PCTChangeLT-2,,,,checkSellConsolidationBreakDown-2week,week2BarLowChangeLT0,weekLowLTweek2Low,chisDownTrend-Risky-nearHigh,",-5.95107271127909,1,0,1
"PCDCLT0PCTChangeGT1,,,,checkSellConsolidationBreakDown-month3HighGTMonth3Low,",1.1259349899656168,1,1,0
"PCTDayChangeLT0,year2High,_LTGT3.0_,,,%%HLTF:(GLOBAL-DOWN)sellHighLowerTail-Reversal-LastDayMarketUp,",-0.26119858471314583,1,0,1
"PCTChangeGT3,,,,chisCheckConsolidationBreakoutLT(4.5),(GLOBALFUTUP-UPTRENDMARKET)checkBuyConsolidationBreakUp-week2-highNotReachedWeek3,week2BarHighChangeGT0,",-0.1905404116051574,13,6,7
"PCTChangeLT-2,_HTGT1.5_,,,VOL:sell(GLOBALFUTUP-GLOBALMARKETUP)Buy-UpVol-3dayDown-Week2High,##(Check-chart-buy):YearHigh-InMinus,NearHighYear,",-2.9609950721686586,1,0,1
"PCTChangeGT3,_HTGT1.5__LTGT1.5_,,,weekBarHighChangeGT2,##MAPositive_Uptrend(GT2),##MA-SMA200LT0SMA100LT0,",-2.73134146163713,1,0,1
"PCTChangeLT-3,_HTGT1.5_,,,##MANegative_Downtrend_(LT-2),##MA-SMA200GT0SMA100GT0,",-0.1923421229455128,2,1,1
"PCTChangeGT3,year2Low,_HTGT1.5__LTGT1.5_,,,chisSellYear2LowContinue,",-0.7946999657233137,1,0,1
"PCTChangeGT3,,,,volumeUpsergedLast2n3n4DayDown,chisBuy-2week-breakoutup(check-chart)(|-|-| or --|),##(check-chart)mayBuy-EMA6-LT-May-MT-EMA14,",3.5540640170962456,1,1,0
"PCTChangeGT0,_HTGT3.0__HTGTPCTDayChange__LTGTPCTDayChange_,,,chisSellDowningMA-(check5MinuteDownTrendAndSellDowntrend)-Already10DayDown,",-1.4959506290914728,1,0,1
"PCTChangeGT2,_HTGT3.0__LTGT3.0__HTGTPCTDayChange__LTGTPCTDayChange_,,,volSellReversalLast2DayUp-VolUp,weekBarHighChangeGT2,",2.7852903895401617,1,1,0
"PCTChangeLT-2,,,,%%:checkSell:ConsolidationBreakDown(NotShapeA)-2week,volumeUpsergedLast2n3n4DayUp,checkSellConsolidationBreakDown-2week,week2BarLowChangeLT0,brokenToday,chisDownTrend-Risky-nearHigh,##DOWNTREND:sellYear2HighReversal(InDownTrend),##(Check-chart-buy):YearHigh-InMinus,ReversalHighYear,",-0.3178376499811941,1,0,1
"PCTChangeLT-2,_HTGT1.5__HTGTPCTDayChange_,,,vol-buy-DownVol-3dayDown-Week2Low,weekBarLowChangeLT-2,##(Check-chart-buy):month6High-InMinus,ReversalHighMonth6,",10.918636772576265,1,1,0
"PCDCGT0PCTDayChangeLT0,_LTGT1.5_,,,%%HLTF:(GLOBAL-DOWN)sellHighLowerTail-Reversal-LastDayMarketUp,chisBuyYearHigh-3,",2.6220250746412703,1,1,0
"PCTChangeGT3,,,,chisUpTrend-Risky-nearLow,chisCheckConsolidationBreakoutLT(4.5),(GLOBALFUTUP-UPTRENDMARKET)checkBuyConsolidationBreakUp-week2-highNotReachedWeek3,week2BarHighChangeGT0,brokenToday,##UPTREND:buyYear2LowReversal(Confirm),",1.5322613459761425,1,1,0
"PCTChangeLT-2,,,,%%HLTF-Last2DayMarketDown:(GLOBAL-UP)buyHighUpperTailPre1-Reversal-LastDayMarketDown,volBuyReversalLast2DayDown-VolDown,",-0.46934294654736664,4,1,3
"PCTChangeGT5,year2High,,,,volumeUpsergedLast2n3n4DayDown,chisCheckConsolidationBreakoutGT(4.5),",-1.160427929237764,1,0,1
"PCTChangeGT8,_HTGT1.5__LTGT1.5_,,,volSellReversalLast2DayUp-VolDown,",4.067744707697296,2,2,0
"PCTChangeLT-3,_HTGT1.5__HTGTPCTDayChange_,,,##DOWNTREND:sellMonth6HighReversal(InDownTrend),##(Check-chart-buy):month3High-InMinus,ReversalHighMonth3,",2.3664168729126835,1,1,0
"PCTChangeGT3,,,,VOL:sell-UpVol-3dayUp-Week2High,(GLOBALFUTUP-UPTRENDMARKET)checkBuyConsolidationBreakUp-week2-highNotReachedWeek3,week2BarHighChangeGT5,",-1.6853751628363198,1,0,1
"PCTChangeGT1,year2High,_HTGT1.5__HTGTPCTDayChange_,,,(Test)(check-chart-2-3MidCapCross)MaySellCheckChart-Risky,weekBarHighChangeGT0,",0.21324033033541995,1,1,0
"PCTChangeGT1,,,,maySellFromBuyPattern-LT-1.8,chisBuyYearHigh-1,",-0.7487962019424316,1,0,1
"PCTChangeGT3,,,,chisCheckConsolidationBreakoutLT(4.5),(GLOBALFUTUP-UPTRENDMARKET)checkBuyConsolidationBreakUp-week2-highNotReachedWeek3,week2BarHighChangeGT0,brokenToday,chisBuy-2week-breakoutup(check-chart)(|-|-| or --|),",-0.4423004985048882,2,1,1
"PCTChangeLT-3,,,,volBuyReversalLast2DayDown-VolDown,(GLOBALFUTDOWN-DOWNTRENDMARKET)checkSellConsolidationBreakDown-week2-lowNotReachedWeek3,week2BarLowChangeLT0,##(Check-chart-buy):month3High-InMinus,ReversalHighMonth3,",1.0539178957413258,3,1,2
"PCTChangeLT-3,,,,##last2DayLow(LT-3)-M3LGT0,chisBuyDayLowVolLow-03-checkMorningTrend(.5SL)-after10:30,",-0.6847779535277841,4,1,3
"PCTChangeLT-5,year2Low,,,,vol-buy-DownVol-3dayDown-Week2Low,",-5.101996631715985,1,0,1
"PCTChangeLT-3,_HTGT1.5_,,,checkCupDown-near2WeekDown-mayReveresalBuy,VOL:buy-UpVol-3dayDown-Week2Low,(GLOBALFUTDOWN-DOWNTRENDMARKET)checkSellConsolidationBreakDown-week2-lowNotReachedWeek3,week2BarLowChangeLT0,##MANegative_Downtrend_(LT-2),##MA-SMA200LT0SMA100LT0,",1.2677484983207856,1,1,0
"PCTChangeLT-3,_HTGT1.5__LTGT3.0_,,,##DOWNTREND:sellMonth6LowBreak,",0.9803921568627425,1,1,0
"PCTChangeLT-2,year2Low,_HTGT1.5_,,,weekBarLowChangeLT-2,",1.000405530735784,2,1,1
"PCTChangeGT0.5,PCDayChange-0.5to0.5,_LTGT1.5_,,,chisSellFlagWeek-doji-Risky,chisSellSMA4Reversal,",0.5462296890399934,2,1,1
"PCTChangeLT-2,,,,chisSell-smallUptrendReversal,",0.30785459338352794,34,20,14
"PCTChangeLT-1,PCDayChange-0.5to0.5,_HTGT3.0_,,,%%:checkSell:CupDownDoji-lastDayLT(-2)TodayDoji,",-3.0091144848100795,2,0,2
"PCTChangeGT5,,,,chisSellYear2LowLT-40-last3DayDown(triggerAfter-9:15),chisBuyUpTrend-nearLow,##UPTREND:buyYear2LowReversal(Confirm),",0.46875476837158203,1,1,0
"PCDCLT0PCTChangeGT1,PCDayChange-0.5to0.5,_HTGT3.0__LTGT1.5_,,,##MA-SMA200LT0SMA100LT0,",-1.3969356400393986,1,0,1
",,,,##MA-SMA200LT0SMA100LT0,",0.2704958055840134,1,1,0
"PCDCLT0PCTChangeGT0,PCDayChange-0.5to0.5,_LTGT3.0_,,,##MANegative_Downtrend_(LT0),##MA-SMA200LT0SMA100LT0,buyMorningStar-(checkChart),",4.3100118672348735,1,1,0
"PCTChangeGT1,_HTGT1.5__HTGTPCTDayChange_,,,$$MaySell-CheckChart(downTrend-mayReverseLast4DaysUp),##MAPositive_Uptrend(GT1),##MA-SMA200GT0SMA100GT0,",0.7073994234827171,1,1,0
"PCTChangeGT3,,,,volumeUpsergedLast2n3n4DayDown,volBuyContinueLast2DayUp-VolUp,chisCheckConsolidationBreakoutLT(4.5),##RisingMA(Test)(check-chart-buy)-2DayUp,",-2.5202093187454073,1,0,1
"PCTChangeLT-3,,,,checkCupDown-2dayDown-mayReversalBuy,chisDownTrend-Risky-nearHigh,##DOWNTREND:sellYear2HighReversal(InDownTrend),##(Check-chart-buy):month3High-InMinus,ReversalHighMonth3,",5.19336679363776,1,1,0
"PCTChangeLT-3,,,,vol-buy-DownVol-3dayDown-Week2Low,##DOWNTREND:sellMonth6HighReversal(InDownTrend),##(Check-chart-buy):month6High-InMinus,ReversalHighMonth6,",-2.229641149136343,1,0,1
"PCTChangeLT-3,year2High,,,,volBuyReversalLast2DayDown-VolDown,",0.32232542797990493,16,9,7
"PCTChangeGT2,,,,week2BarHighChangeGT2,weekHighGTweek2High,brokenToday,chisBuyYearHigh-3,",0.145908756124308,1,1,0
"PCTChangeGT3,,,,##UPTREND:buyYear2Low,",2.856558414619889,3,2,1
"PCTDayChangeLT0,year2High,,,,(Test)MayBuy-CheckChart(upTrend-lastDayDown),",0.432485924396642,4,2,2
"PCTChangeLT-2,_LTGT1.5_,,,volSellContinueLast2DayDown-VolUp,",-0.28118352876880326,10,4,6
"PCTChangeLT-2,_LTGT1.5_,,,weekBarLowChangeLT0,brokenToday,%%:buyDownTrend-month3Low,",-6.846409217984081,1,0,1
"PCTChangeGT3,,,,volBuyContinueLast2DayUp-VolUp,chisCheckConsolidationBreakoutLT(4.5),weekBarHighChangeGT2,brokenToday,##(check-chart)mayBuy-EMA6-LT-May-MT-EMA14,",0.8717453967239752,1,1,0
"PCTChangeGT2,,,,volumeUpsergedLast2n3n4DayDown,VOL:buy(GLOBALFUTDOWN-GLOBALMARKETDOWN)Sell-UpVol-3dayUp-Week2Low,",2.0011401136968723,2,2,0
"PCTChangeLT-2,_HTGT1.5__HTGTPCTDayChange_,,,chisDownTrend-Risky-nearHigh,##(Check-chart-buy):month3High-InMinus,ReversalHighMonth3,",-0.8604841846568277,3,1,2
"PCTChangeGT2,_HTGT1.5__LTGT3.0__LTGTPCTDayChange_,,,%%HLTF-Risky:(GLOBAL-DOWN)sellHighLowerTail-Reversal-LastDayMarketUp,",-0.10014480787285407,1,0,1
"PCTChangeGT5,year2High,,,,(GLOBALFUTUP-UPTRENDMARKET)checkBuyConsolidationBreakUp-week2,weekBarHighChangeGT5,",1.7415448755085539,3,2,1
"PCDCGT0PCTDayChangeLT0,PCDayChange-0.5to0.5,_LTGT1.5_,,,%%:checkSell:CupDownDoji,",-2.690170836561855,1,0,1
"PCTChangeGT3,_HTGT3.0__HTGTPCTDayChange_,,,%%HLTF:(DOWNTREND-OR-GLOBALDOWN)maySellTail-tailGT2-2,3,4thDayGT0,volumeUpsergedLast2n3n4DayDown,chisCheckConsolidationBreakoutLT(4.5),",-4.933896157564929,1,0,1
"PCDCGT0PCTChangeLT-1,_HTGT3.0__LTGT1.5_,,,##MA-SMA200LT0SMA100LT0,",-1.3555804677344465,1,0,1
"PCTChangeLT-3,,,,volBuyReversalLast2DayDown-VolUp,##last2DayLow(LT-3)-M3LGT0,",1.7927671733655393,1,1,0
"PCTChangeLT-0.5,PCDayChange-0.5to0.5,_HTGT1.5_,,,chisBuyYearHigh-3,",-0.23918521014843827,24,11,13
"PCTChangeLT-3,,,,checkCupDown-2dayDown,volBuyReversalLast2DayDown-VolDown,",0.6286576257863774,2,1,1
"PCTChangeGT2,,,,VOL:sell-UpVol-3dayUp-Week2High,weekBarHighChangeGT2,##(Check-chart):year2High-InPlus,",-0.5373098285438299,1,0,1
"PCTChangeLT-3,_HTGT1.5_,,,%%checkCupDown-2dayDown-continue,",4.32767977472281,1,1,0
"PCTChangeLT-1,PCDayChange-0.5to0.5,_HTGT1.5_,,,##MA-SMA200LT0SMA100LT0,",0.483757403597306,1,1,0
"PCTChangeLT-2,_HTGT1.5_,,,##MA-SMA200LT0SMA100LT0,chisSellDayLowVolLow-01,",4.184392834386078,1,1,0
"PCTChangeGT2,,,,chisUpTrend-Risky-nearLow,(GLOBALFUTUP-UPTRENDMARKET)checkBuyConsolidationBreakUp-week2-highNotReachedWeek3,week2BarHighChangeGT2,weekHighGTweek2High,BuyYearLow,##ML:sellRisingMAuptrend-1,##UPTREND:buyYear2LowReversal(Confirm),",0.661375680792295,1,1,0
"PCTChangeGT0,_HTGT1.5_,,,chisSellFlag2Week-doji-Risky,",-1.9070096166878017,2,0,2
"PCTChangeLT-1,,,,sellFinal1,chisSellDownTrend-nearHigh,",-1.728796719851697,2,0,2
"PCTChangeGT3,,,,volumeUpsergedLast2n3n4DayDown,chisCheckConsolidationBreakout2WeekLT(4.5),",-2.315895867784515,3,0,3
"PCTChangeLT-2,,,,%%checkCupDown-2dayDown-continue,chisDownTrend-Risky-nearHigh,##DOWNTREND:sellMonth3HighReversal(InDownTrend),##(Check-chart-buy):month3High-InMinus,ReversalHighMonth3,",0.5921423851536929,4,2,2
"PCTChangeGT12,_HTGT1.5__LTGT3.0__LTGTPCTDayChange_,,,%%HLTF-Risky:(GLOBAL-DOWN)sellHighLowerTail-Reversal-LastDayMarketUp,volSellReversalLast2DayUp-VolUp,##MAPositive_Uptrend(GT2),##MA-SMA200GT0SMA100GT0,##last2DayHighGT3-M3HGT0,",4.745510809435816,1,1,0
"PCTChangeGT3,,,,##(Check-chart-sell):month3Low-InPlus,ReversalLowMonth3,VOL:sell-DownVol-3dayUp-Week2Low,##UPTREND:buyMonth3LowReversal(Confirm),",2.9936309626700695,1,1,0
"PCTChangeLT-2,_LTGT3.0_,,,chisSell:Super03-monthLow,checkSellConsolidationBreakDown-month3HighGTMonth3Low,",4.034334763948488,1,1,0
"PCTChangeLT-1,,,,(GLOBALFUTDOWN-DOWNTRENDMARKET)checkSellConsolidationBreakDown-week2,weekBarLowChangeLT0,brokenToday,",0.4283016676520197,4,2,2
"PCTDayChangeLT0,_HTGT3.0__LTGT1.5__HTGTPCTDayChange_,,,##MA-SMA200GT0SMA100GT0,",-12.532133676092547,1,0,1
"PCTChangeLT-2,_HTGT1.5__LTGT1.5_,,,volSellContinueLast2DayDown-VolUp,mayBuyFromSellPattern-GT1.8,",6.5036230294284945,1,1,0
"PCTChangeLT-0.5,_LTGT3.0_,,,chisSell-smallUptrendReversal,",-3.4021907022250155,1,0,1
"PCTChangeGT3,,,,volSellReversalLast2DayUp-VolDown,chisBuyDownTrend-Risky-2,",1.0301889863404057,1,1,0
"PCTChangeLT-2,_LTGT3.0_,,,chisDownTrend-Risky-nearHigh,##DOWNTREND:sellYear2HighReversal(InDownTrend),##(Check-chart-buy):month3High-InMinus,ReversalHighMonth3,",-0.7777713591351285,2,0,2
"PCTChangeLT-3,,,,(GLOBALFUTDOWN-DOWNTRENDMARKET)checkSellConsolidationBreakDown-week2-lowNotReachedWeek3,week2BarLowChangeLT0,chisDownTrend-Risky-nearHigh,##(Check-chart-buy):YearHigh-InMinus,NearHighYear,",0.7170129215462907,3,2,1
"PCDCGT0PCTDayChangeLT0,PCDayChange-0.5to0.5,_HTGT3.0_,,,##MANegative_Downtrend_(GT0),##MA-SMA200GT0SMA100LT0,",-1.1365456738357949,1,0,1
"PCTChangeLT-1,,,,volSellVolumeUpsergedLast2n3DayUp,volSellContinueLast2DayDown-VolUp,##(Check-chart-buy):month3High-InMinus,NearHighMonth3,",-2.303778754340267,1,0,1
"PCTChangeLT-3,,,,VOL:buy-UpVol-3dayDown-Week2Low,weekBarLowChangeLT-2,##DOWNTREND:sellYear2HighReversal(InDownTrend),##(Check-chart-buy):YearHigh-InMinus,ReversalHighYear,",3.6166736745838763,1,1,0
"PCTChangeGT3,_LTGT1.5_,,,week2BarHighChangeGT0,",-0.7817512015870672,3,1,2
"PCTChangeLT-2,_HTGT1.5_,,,volSellContinueLast2DayDown-VolUp,weekBarLowChangeLT-2,##DOWNTREND:sellMonth3LowBreak,",-5.052634791324013,1,0,1
"PCTChangeEQ0,PCDayChange-0.5to0.5,,,,(SMA9LT0),",-0.16226932920258294,1,0,1
"PCTChangeLT-5,year2Low,_HTGT1.5_,,,VOL:buy-UpVol-3dayDown-Week2Low,",4.472609719334344,1,1,0
"PCTChangeGT0,PCDayChange-0.5to0.5,,,,%%:checkSell:CupDownDoji,MaySellCheckChart-(|_|`|),",-1.3373201668689636,2,1,1
"PCTChangeEQ0,_LTGT1.5_,,,(GLOBALFUTDOWN-DOWNTRENDMARKET)checkSellConsolidationBreakDown-week2-lowNotReachedWeek3,week2BarLowChangeLT0,weekLowLTweek2Low,",3.3333320122260472,1,1,0
"PCTChangeGT3,_LTGT3.0_,,,%%HLTF-Risky:(GLOBAL-DOWN)sellHighLowerTail-Reversal-LastDayMarketUp,##lastDayHighGT5TodayGT1,",0.4426837131507114,2,1,1
"PCDCLT0PCTChangeGT0,PCDayChange-0.5to0.5,_HTGT1.5__LTGT1.5_,,,$$MaySellContinue-CheckChart(inuptrend-monthlow)-highTail,",5.292237761435895,1,1,0
"PCTChangeGT0.5,_HTGT1.5__HTGTPCTDayChange_,,,%%HLTF-Last2HighTail:(UPTREND)buy(DOWNTREND)sell:HighUpperTailPre-last2DayUp,",-0.4184802370851907,6,4,2
"PCTChangeGT0.5,PCDayChange-0.5to0.5,,,,%%:checkBuyContinue:CupDownDoji,",0.06187757554944584,2,1,1
"PCTChangeLT-1,PCDayChange-0.5to0.5,_HTGT1.5__LTGT1.5_,,,%%:sellDowntrend-lastDayDown-ReversalHighTail,##MANegative_Downtrend_(LT0),##MA-SMA200LT0SMA100LT0,",1.3022541189212316,1,1,0
"PCTChangeLT-1,PCDayChange-0.5to0.5,_HTGT1.5_,,,chisSellSuper-Risky,--,shortDownTrendSellContinue-Doji-Last2DayLTToday,",1.8101250370846478,1,1,0
"PCTChangeGT5,,,,volumeUpsergedLast2n3n4DayDown,chisCheckConsolidationBreakout2WeekLT(4.5),",-0.089344251056948,1,0,1
"PCDCGT0PCTDayChangeLT0,_HTGT3.0__LTGT3.0_,,,%%HLTF-Last2LowTail:(DOWNTREND)sellHighLowerTailPre-1,$$MaySellContinue-CheckChart(inuptrend-monthlow)-highTail,",1.8136470001938279,1,1,0
"PCTChangeGT2,_LTGT3.0_,,,##(Check-chart)ML:buyMonth3High-Continue,",-1.9190499855046075,1,0,1
"PCTChangeLT-5,_HTGT1.5_,,,volumeUpsergedLast2n3n4DayUp,volSellContinueLast2DayDown-VolUp,sellPatternsML,chisDownTrend-Risky-nearHigh,",-8.201741408003272,1,0,1
"PCTChangeLT-2,_HTGT3.0__HTGTPCTDayChange_,,,chisSell-smallUptrendReversal,%%HLTF:maySellTail-tailGT2-allDayGT0,",-0.07243227710297417,1,0,1
"PCTChangeGT2,_HTGT1.5_,,,volBuyVolumeUpsergedLast2n3DayDown,",1.2506159422067802,4,4,0
"PCTChangeLT-3,,,,checkCupDown-month3HighLTmonth3Low,bar_low,##(Check-chart-buy):month3High-InMinus,BreakHighMonth3,",2.135765631467299,1,1,0
"PCTChangeGT3,_LTGT1.5_,,,volSellReversalLast2DayUp-VolDown,chisSellFinalContinue-00,##last2DayHighGT3-M3HLT0,",-1.813509807999882,1,0,1
"PCTChangeLT-1,_LTGT1.5_,,,(GLOBALFUTDOWN-DOWNTRENDMARKET)checkSellConsolidationBreakDown-week2-lowNotReachedWeek3,week2BarLowChangeLT0,##(Check-chart-buy):YearHigh-InMinus,ReversalHighYear,",2.54822871220833,1,1,0
"PCTChangeLT-1,PCDayChange-0.5to0.5,_HTGT3.0__LTGT1.5_,,,##ML:BuyRisingMA-Risky-2,",0.32786885245901526,1,1,0
"PCTChangeLT-2,_HTGT1.5_,,,checkSellConsolidationBreakDown-month3HighGTMonth3Low,chisDownTrend-Risky-nearHigh,##(Check-chart-buy):month3High-InMinus,ReversalHighMonth3,",1.4958604769183501,1,1,0
"PCTChangeLT-2,,,,chisBuyMay5DayFloorReversal,##(Check-chart-buy):month3High-InMinus,ReversalHighMonth3,",-2.0147450140125995,1,0,1
"PCTChangeGT3,_LTGT1.5_,,,volumeUpsergedLast2n3n4DayDown,",0.41378170476801357,8,3,5
"PCTChangeGT5,_HTGT1.5_,,,##(Check-chart):year2High-InPlus,",-3.7842527965266006,1,0,1
"PCTChangeGT2,_LTGT1.5_,,,buyFinal,",5.846321433989267,1,1,0
"PCDCLT0PCTChangeGT0,_LTGT1.5_,,,##MA-SMA200GT0SMA100LT0,$$MayBuy-CheckChart-baseLine(inuptrend-monthlow)-MHCLT(-10),",-4.666528057136253,1,0,1
"PCDCGT0PCTChangeLT-1,PCDayChange-0.5to0.5,_LTGT1.5_,,,##MA-SMA200GT0SMA100GT0,",-0.05261154721514612,2,1,1
"PCTChangeGT3,_LTGT1.5_,,,volSellVolumeUpsergedLast2n3DayDown,",-1.1147512075314414,4,1,3
"PCTChangeGT2,_HTGT3.0__HTGTPCTDayChange_,,,%%HLTF:maySellTail-tailGT2-7,10thDayGT20,%%HLTF:(UPTREND-GLOBAL/SGX-UP)BuyHighUpperTail-Reversal-7,10thDayGT15-LastDayMarketDown,%%:sellUpTrend-month3High,buyYearHigh-0,",-3.3502661154184707,1,0,1
"PCTChangeLT-3,year2Low,_HTGT3.0__HTGTPCTDayChange_,,,##last2DayLow(LT-3)-M3LLT0,",-7.6446294344869115,1,0,1
"PCTChangeLT-0.5,_HTGT1.5__HTGTPCTDayChange_,,,%%:checkBuyRevarsalLast3DayDownAtMonth3High,",-1.7973110630424074,1,0,1
"PCTChangeLT-2,,,,chisSellFinalCandidate-3,(Test)MayBuy-CheckChart(upTrend-lastDayDown),##MAPositive_Uptrend(LT-2),##MA-SMA200LT0SMA100GT0,",-5.755573562670673,1,0,1
"PCTChangeGT5,,,,chisBuyDayHighVolLow-0,##last2DayHighGT3-M3HGT0,",-1.65557449189834,1,0,1
"PCTChangeLT-5,,,,chisSellFlag2Week-Risky,",-1.2531328320802004,1,0,1
"PCTChangeLT-5,_HTGT1.5__LTGT1.5_,,,chisSellDownTrend-nearHigh,##sellRisingMA,",0.566221152981041,1,1,0
"PCTChangeGT3,_HTGT1.5__LTGT1.5_,,,chisBuyUpTrend-nearLow,volBuyContinueLast2DayUp-VolUp,",-4.663868110720855,1,0,1
"PCTChangeGT2,_LTGT1.5_,,,%%:checkSell:CupDownDoji,%%HLTF:(GLOBAL-DOWN)sellHighLowerTail-Reversal-LastDayMarketUp,zigZagVolCrossedFromDown,",0.09187987533500706,1,1,0
"PCTChangeGT8,_HTGT1.5__LTGT1.5_,,,##MAPositive_Uptrend(GT4.5),##MA-SMA200GT0SMA100GT0,##last2DayHighGT3-M3HGT0,",6.653176831081383,1,1,0
"PCDCLT0PCTChangeGT0,PCDayChange-0.5to0.5,_LTGT1.5_,,,%%HLTF:sellStockInUptrendReversal,",-1.6385512754141567,1,0,1
"PCTChangeGT5,_HTGT1.5__LTGT3.0_,,,volSellReversalLast2DayUp-VolUp,##MAPositive_Uptrend(GT4.5),##MA-SMA200GT0SMA100GT0,",-6.612729018707938,1,0,1
"PCTChangeGT2,_HTGT1.5__LTGT1.5_,,,%%:sellUpTrend-month3High,##MAPositive_Uptrend(GT2),##MA-SMA200LT0SMA100GT0,",-9.000205998310369,1,0,1
"PCTChangeLT-1,_HTGT1.5_,,,volSellContinueLast2DayDown-VolUp,(GLOBALFUTDOWN-DOWNTRENDMARKET)checkSellConsolidationBreakDown-week2-lowNotReachedWeek3,week2BarLowChangeLT0,weekLowLTweek2Low,",0.06104193040718645,1,1,0
"PCTChangeLT-8,year2Low,_HTGT1.5_,,,volSellContinueLast2DayDown-VolUp,",9.406320150578487,1,1,0
"PCTChangeLT-3,_LTGT3.0_,,,checkCupDown-3dayDown-mayReversalBuy,##DOWNTREND:sellYearHighReversal(InDownTrend),##(Check-chart-buy):month3High-InMinus,ReversalHighMonth3,",-2.5564822412458144,1,0,1
"PCTChangeGT3,_HTGT1.5_,,,$$MaySell-CheckChart-baseLine(inDownTrend-monthHigh)-PCTDayChangeGT0,",-1.0905596674705076,1,0,1
"PCTChangeLT-3,,,,checkCupDown-2dayDown-mayReversalBuy,##DOWNTREND:sellMonth6HighReversal(InDownTrend),##last2DayLow(LT-3)-M3LGT0,##(Check-chart-buy):month6High-InMinus,ReversalHighMonth6,##(check-chart)maySell-EMA6-MT-May-LT-EMA14,",0.3663378422803203,1,1,0
"PCTChangeGT3,year2High,,,,chisCheckConsolidationBreakoutLT(4.5),chisBuyConsolidationBreakUp-2week-(Risky)-year2High,week2BarHighChangeGT2,brokenToday,",-0.8249043730006664,4,1,3
"PCTChangeGT0.5,_HTGT1.5__LTGT1.5_,,,%%:checkSell:lastDayLT(-4.5),",-1.6789254221468017,1,0,1
"PCTChangeGT5,,,,weekBarHighChangeGT5,##MAPositive_Uptrend(GT4.5),##MA-SMA200GT0SMA100GT0,",0.1119242275535666,1,1,0
"PCTChangeGT0.5,_HTGT3.0__LTGT3.0__HTGTPCTDayChange__LTGTPCTDayChange_,,,##MA-SMA200LT0SMA100LT0,",-3.6763633869266843,1,0,1
"PCTChangeLT-2,,,,checkCupDown-2dayDown,volSellContinueLast2DayDown-VolUp,##(Check-chart-buy):month3High-InMinus,BreakHighMonth3,",0.33840519722235873,1,1,0
"PCTChangeGT3,year2High,_HTGT3.0_,,,##last2DayHighGT3-M3HGT0,",-2.3094957992186766,3,0,3
"PCTChangeGT3,,,,chisUpTrend-Risky-nearLow,##UPTREND:buyYearLowReversal(Confirm),",-0.19239571507554395,13,7,6
"PCTChangeLT-3,_HTGT1.5__LTGT1.5_,,,(GLOBALFUTDOWN-DOWNTRENDMARKET)checkSellConsolidationBreakDown-week2-lowNotReachedWeek3,week2BarLowChangeLT-2,",1.9641953398096514,1,1,0
"PCTChangeLT-1,_HTGT1.5_,,,zigZagVolCrossedFromUp,",1.3280981404630054,4,2,2
"PCTChangeGT3,_HTGT3.0__HTGTPCTDayChange_,,,%%HLTF:(DOWNTREND-OR-GLOBALDOWN)maySellTail-tailGT2-2,3,4thDayGT0,volSellReversalLast2DayUp-VolUp,##last2DayHighGT3-M3HLT0,",-1.2887309347179279,1,0,1
"PCTChangeGT3,_HTGT1.5_,,,checkBuyConsolidationBreakUp-month3HighLTMonth3Low,",0.7221666984268656,3,2,1
"PCTChangeGT1,PCDayChange-0.5to0.5,,,,maySellFromBuyPattern-LT-1.8,",-3.4776295364753183,3,0,3
"PCTChangeGT3,,,,##(Check-chart-sell):month3Low-InPlus,ReversalLowMonth3,chisUpTrend-Risky-nearLow,volumeUpsergedLast2n3n4DayDown,##(Test)buyBottomReversal-1,",0.4945021409254832,1,1,0
"PCTChangeLT-3,_LTGT1.5_,,,volBuyVolumeUpsergedLast2n3DayUp,volSellContinueLast2DayDown-VolUp,##MANegative_Downtrend_(LT-2),##MA-SMA200GT0SMA100LT0,##DOWNTREND:sellMonth3LowBreak,##last2DayLow(LT-3)-M3LLT0,",-1.5382877572330727,1,0,1
"PCTChangeGT0.5,PCDayChange-0.5to0.5,_LTGT1.5_,,,%%:checkSell:CupDownDoji,",-1.437080079409755,2,1,1
"PCTChangeLT-0.5,,,,chisSellUpTrend-Risky-2,##MA-SMA200GT0SMA100GT0,",-5.574763976738425,1,0,1
"PCTChangeGT3,,,,chis-breakoutup-2week,##last2DayHighGT3-M3HLT0,",-0.35726083966256744,1,0,1
"PCTChangeGT2,,,,buyPatternsML,##MA-SMA200LT0SMA100GT0,",2.0846057092292143,1,1,0
"PCTChangeGT0.5,_HTGT1.5__HTGTPCTDayChange_,,,(SMA9GT0),",-0.27626384978260365,1,0,1
"PCDCGT0PCTChangeLT-1,PCDayChange-0.5to0.5,_HTGT1.5__LTGT1.5_,,,%%:checkSell:FlagWeek-doji,",5.3166643778483,1,1,0
"PCTChangeGT2,,,,weekBarHighChangeGT2,buyPatternsML,buyPattern-GT1.5-SMAGT0,(SMA9GT0),",-0.24775273727275984,1,0,1
"PCTChangeGT3,_HTGT1.5__LTGT3.0__LTGTPCTDayChange_,,,%%HLTF:(GLOBAL-DOWN)sellHighLowerTail-Reversal-LastDayMarketUp,##MAPositive_Uptrend(GT2),##MA-SMA200GT0SMA100GT0,",1.238564018086584,1,1,0
"PCTChangeLT-3,,,,vol-buy-DownVol-3dayDown-Week2Low,mayBuyFromSellPattern-GT1.8,",1.9653308759732595,1,1,0
"PCTChangeGT2,,,,chisCheckConsolidationBreakoutLT(4.5),checkBuyConsolidationBreakUp-2week,week2BarHighChangeGT2,",-2.5034104823253904,1,0,1
"PCTChangeGT3,,,,volBuyContinueLast2DayUp-VolUp,##(check-chart)mayBuy-EMA6-LT-May-MT-EMA14,",2.1655992206885113,2,1,1
"PCTChangeGT3,_HTGT1.5__HTGTPCTDayChange_,,,MaySellCheckChart-(IndexNotDownInSecondHalf),week2BarHighChangeGT0,weekHighGTweek2High,",-0.33192701381256073,1,0,1
"PCTChangeGT5,,,,weekBarHighChangeGT5,chis-breakoutup-2week,",-2.6070838286204117,1,0,1
"PCTChangeLT-2,_HTGT1.5_,,,##(Check-chart-buy):month3High-InMinus,BreakHighMonth3,",-0.35568956087990433,8,3,5
"PCTChangeLT-5,,,,VOL:buy-UpVol-3dayDown-Week2Low,weekBarLowChangeLT-5,##MANegative_Downtrend_(LT-4.5),##MA-SMA200LT0SMA100LT0,##DOWNTREND:sellMonth3LowBreak,",-1.58273161744042,1,0,1
"PCTChangeGT0.5,PCDayChange-0.5to0.5,,,,buyYearHigh-0,",-0.7332657710171753,29,10,18
"PCTChangeGT2,_HTGT1.5_,,,week2BarHighChangeGT2,",-1.4482516587344265,2,0,2
"PCTChangeGT2,year2Low,_HTGT3.0__LTGT1.5_,,,VOL:buy(GLOBALFUTDOWN-GLOBALMARKETDOWN)Sell-UpVol-3dayUp-Week2Low,",-1.6367833839751007,1,0,1
"PCTChangeLT-1,_HTGT1.5__LTGT3.0__LTGTPCTDayChange_,,,chisBuyMay5DayFloorReversal,##MANegative_Downtrend_(LT-2),##MA-SMA200LT0SMA100LT0,",1.8050503512041283,1,1,0
"PCTChangeGT2,_LTGT1.5_,,,volBuyContinueLast2DayUp-VolUp,",-0.66713341721387,8,3,5
"PCTChangeGT2,,,,(GLOBALFUTUP-UPTRENDMARKET)checkBuyConsolidationBreakUp-week2-highNotReachedWeek3,week2BarHighChangeGT2,chisBuy-2week-breakoutup(check-chart)(|-|-| or --|),",-0.7821991239215544,4,1,3
"PCTChangeLT-0.5,PCDayChange-0.5to0.5,_HTGT1.5__LTGT1.5_,,,shortDownTrendSellContinue-Doji-Last2DayLTToday,",-1.6272960844494093,2,0,2
"PCTChangeLT-1,_HTGT1.5_,,,##sellRisingMA-1,",0.8752527371258777,1,1,0
"PCDCGT0PCTChangeLT-1,PCDayChange-0.5to0.5,_LTGT3.0_,,,maySellFromBuyPattern-LT-1.8,",-4.077642107688868,2,0,2
"PCTChangeLT-2,year2High,_LTGT1.5_,,,%%HLTF:(GLOBAL-UP)buyHighLowerTail-StockInUptrend,",0.40652804494148675,1,1,0
"PCTChangeLT-1,_LTGT1.5_,,,weekBarLowChangeLT0,brokenToday,(Test)MayBuyCheckChart-last3DayDown,",-1.4182857273536091,1,0,1
"PCDCGT0PCTDayChangeLT0,PCDayChange-0.5to0.5,_LTGT1.5_,,,%%:checkSell:CupDownDoji,%%HLTF:(GLOBAL-DOWN)sellHighLowerTail-Reversal-LastDayMarketUp,",-0.03571838891806722,1,0,1
"PCTChangeLT-2,_LTGT1.5_,,,(GLOBALFUTDOWN-DOWNTRENDMARKET)checkSellConsolidationBreakDown-week2-lowNotReachedWeek3,week2BarLowChangeLT0,",-0.8436904058597624,19,6,13
"PCTChangeGT12,,,,volSellReversalLast2DayUp-VolDown,chisBuyFinalContinueReversal-2,",-9.55974529094388,1,0,1
"PCTChangeLT-2,,,,volSellContinueLast2DayDown-VolUp,(GLOBALFUTDOWN-DOWNTRENDMARKET)checkSellConsolidationBreakDown-week2-lowNotReachedWeek3,week2BarLowChangeLT0,weekLowLTweek2Low,",-0.22492822778383376,4,2,2
"PCTChangeGT2,_LTGT3.0_,,,chisSellFinalContinue-(lastDayDown)-1,buyFinal,",-1.2511206596087476,1,0,1
"PCTChangeLT-5,,,,volSellContinueLast2DayDown-VolUp,chisDownTrend-Risky-nearHigh,##DOWNTREND:sellYear2HighReversal(InDownTrend),##last2DayLow(LT-3)-M3LGT0,",-0.13291686481696363,1,0,1
"PCTChangeGT2,_LTGT3.0_,,,%%HLTF-Risky:(GLOBAL-DOWN)sellHighLowerTail-Reversal-LastDayMarketUp,%%:sellUpTrend-month3High,",-0.13690088889493282,1,0,1
"PCDCLT0PCTChangeGT0,PCDayChange-0.5to0.5,_HTGT1.5_,,,%%HLTF-Last2HighTail:(DOWNTREND)sell(UPTREND)buy:HighUpperTailPre,%%HLTF-LastDayUp:(DOWNTREND-OR-GLOBALDOWN)MaySellHighTail-LastDayMarketUp,",-0.3687279756515891,3,1,2
"PCTChangeGT3,,,,volSellVolumeUpsergedLast2n3DayDown,week2BarHighChangeGT0,weekHighGTweek2High,brokenToday,",-2.2574722916579346,1,0,1
"PCTChangeLT-0.5,_HTGT1.5__HTGTPCTDayChange__LTGTPCTDayChange_,,,$$(DOWNTREND-OR-GLOBALDOWN)MaySell-CheckChart-baseLine(inDownTrend-monthHigh)-MLCGT10,",2.688005381638442,1,1,0
"PCTChangeLT-0.5,,,,%%:checkSell:Super0,",-0.3666278900476832,21,9,12
"PCTChangeGT5,year2High,_HTGT3.0_,,,%%HLTF-Last2HighTail:(UPTREND)buy(DOWNTREND)sell:HighUpperTailPre-last2DayUp,",-3.8851079804802726,2,0,2
"PCTChangeLT-5,,,,sellFinalCandidate-00HighChange,zigZagVolCrossedFromUp,##ML:BuyRisingMA-Risky-1,",-1.9589767503034132,1,0,1
"PCTChangeLT-2,,,,VOL:sell(GLOBALFUTUP-GLOBALMARKETUP)Buy-UpVol-3dayDown-Week2High,##(Check-chart-buy):month3High-InMinus,ReversalHighMonth3,",0.019973343159594148,4,3,1
"PCTChangeLT-2,,,,checkCupDown-near2WeekDown-mayReveresalBuy,(GLOBALFUTDOWN-DOWNTRENDMARKET)checkSellConsolidationBreakDown-week2-lowNotReachedWeek3,week2BarLowChangeLT0,##longDownTrend-2-IndexNotDownLastDay(checkBase),",3.715937288770193,1,1,0
"PCTChangeLT-5,_HTGT1.5_,,,VOL:buy-DownVol-3dayDown-Week2High,chisBuyDayLowVolLow-0,",4.477611940298513,1,1,0
"PCTChangeGT0,PCDayChange-0.5to0.5,,,,chisSellFlag2Week-doji-Risky,shortUpTrendBuyContinue-Doji-Last2DayGTToday,",-2.647468481170987,1,0,1
"PCTChangeLT-2,,,,%%:checkSell:Super0,vol-buy-DownVol-3dayDown-Week2Low,##MANegative_Downtrend_(LT-2),##MA-SMA200LT0SMA100LT0,",-1.649119948346901,1,0,1
"PCTChangeGT3,_LTGT1.5_,,,$$MayBuy-CheckChart-baseLine(inuptrend-monthlow)-MHCLT(-10),",-4.179087000230286,1,0,1
"PCTChangeGT5,_HTGT1.5_,,,chisSellYear2LowContinue,",0.5924574134593895,1,1,0
"PCTChangeGT2,,,,checkBuyConsolidationBreakUp-2week,week2BarHighChangeGT0,",0.4983870186626244,6,4,2
"PCTChangeGT1,_HTGT1.5_,,,chisBuyFinalContinueReversal-2,##UPTREND:buyMonth6Low,",2.929831094500879,1,1,0
"PCTDayChangeLT0,,,,%%:checkSell:Super0,##MA-SMA200LT0SMA100LT0,",5.0680251348586305,1,1,0
"PCTChangeLT-1,_HTGT1.5__LTGT1.5__HTGTPCTDayChange__LTGTPCTDayChange_,,,chisDownTrend-Risky-nearHigh,$$MaySellContinue-CheckChart(inuptrend-monthlow)-highTail,",-0.150151675263034,1,0,1
"PCTChangeLT-5,,,,##MANegative_Downtrend_(LT-4.5),##MA-SMA200LT0SMA100LT0,##DOWNTREND:sellYearLowBreak,##last2DayLow(LT-3)-M3LLT0,",-1.7139162592427737,2,0,2
"PCTChangeLT-1,,,,weekBarLowChangeLT0,chisDownTrend-Risky-nearHigh,##(Check-chart-buy):YearHigh-InMinus,NearHighYear,",1.5681109759094598,1,1,0
"PCTChangeLT-3,,,,checkCupDown-near2WeekDown-mayReveresalBuy,(GLOBALFUTDOWN-DOWNTRENDMARKET)checkSellConsolidationBreakDown-week2-lowNotReachedWeek3,week2BarLowChangeLT0,",-0.18780556328353668,10,4,6
"PCTChangeGT5,,,,chisSellYear2LowLT-40-last4DayDown(triggerAfter-9:15),chisBuyUpTrend-nearLow,",3.7709744160582055,3,2,1
"PCTChangeGT1,,,,chisBuyUpTrend-nearLow,chisSellFinalContinue-(lastDayUp)-2,",1.9867640384795375,1,1,0
"PCTChangeGT5,_HTGT1.5_,,,volBuyContinueLast2DayUp-VolUp,weekBarHighChangeGT2,brokenToday,",-0.04453770353598285,2,1,1
"PCTChangeLT-2,_LTGT3.0_,,,checkCupDown-near2WeekDown-mayReveresalBuy,##MANegative_Downtrend_(LT-2),##MA-SMA200LT0SMA100LT0,",-3.768593023631205,1,0,1
"PCTChangeLT-3,,,,VOL:buy-UpVol-3dayDown-Week2Low,weekBarLowChangeLT-2,##MANegative_Downtrend_(LT-2),##MA-SMA200LT0SMA100LT0,",1.6842105263157974,1,1,0
"PCTChangeGT3,_HTGT1.5__LTGT1.5_,,,week2BarHighChangeGT0,brokenToday,",-3.682214027402723,1,0,1
"PCTDayChangeLT0,_HTGT1.5_,,,(GLOBALFUTDOWN-DOWNTRENDMARKET)checkSellConsolidationBreakDown-week2-lowNotReachedWeek3,week2BarLowChangeLT0,weekLowLTweek2Low,",1.9549315986963485,1,1,0
"PCTChangeGT2,_LTGT1.5_,,,##UPTREND:buyYearLowReversal(Confirm),",1.8386875322723661,7,3,4
"PCTChangeEQ0,_HTGT1.5_,,,%%:sellDowntrend-lastDayUp-ReversalHighTail,",0.11465361379371074,1,1,0
"PCTChangeGT5,_HTGT1.5__LTGT1.5_,,,volBuyContinueLast2DayUp-VolUp,##MAPositive_Uptrend(GT4.5),##MA-SMA200GT0SMA100GT0,",-3.371975264683306,1,0,1
"PCTChangeGT3,_HTGT3.0__HTGTPCTDayChange_,,,%%HLTF-Last2HighTail:(UPTREND)buy(DOWNTREND)sell:HighUpperTailPre-last2DayUp,##MAPositive_Uptrend(GT2),##MA-SMA200GT0SMA100GT0,",0.45794392727945654,2,1,1
"PCTChangeGT2,_LTGT1.5_,,,%%:checkSellRevarsalLast3DayUpAtMonth3Low,(GLOBALFUTUP-UPTRENDMARKET)checkBuyConsolidationBreakUp-week2-highNotReachedWeek3,week2BarHighChangeGT2,weekHighGTweek2High,",-5.754253662278398,1,0,1
"PCTChangeLT-1,_HTGT1.5__HTGTPCTDayChange_,,,%%HLTF:maySellTail-tailGT2-7,10thDayGT20,sellFinal,##ML:BuyRisingMA-Risky-2,",3.7830032562973273,1,1,0
"PCTChangeLT-8,year2Low,_HTGT3.0__LTGT3.0_,,,chisRSISellCandidate(yearLow)-lessThanMinus5,",-10.958666414827915,2,1,1
"PCTChangeGT2,,,,volBuyContinueLast2DayUp-VolUp,(GLOBALFUTUP-UPTRENDMARKET)checkBuyConsolidationBreakUp-week2-highNotReachedWeek3,week2BarHighChangeGT0,weekHighGTweek2High,brokenToday,",-9.757888648820895,2,1,1
"PCTChangeGT2,_HTGT3.0__LTGT1.5__HTGTPCTDayChange__LTGTPCTDayChange_,,,weekBarHighChangeGT2,",-1.904760112953952,1,0,1
"PCTChangeGT5,,,,##UPTREND:buyYearLow,",0.5928218085754676,1,1,0
"PCDCGT0PCTChangeLT-1,PCDayChange-0.5to0.5,_HTGT1.5__LTGT1.5_,,,%%:sellDowntrend-lastDayUp-ReversalHighTail,",1.2907252019094277,2,2,0
"PCTChangeLT-2,,,,checkCupDown-month3HighLTmonth3Low,bar_low,chisDownTrend-Risky-nearHigh,##(Check-chart-buy):month6High-InMinus,ReversalHighMonth6,",-0.9120737078523502,1,0,1
"PCTChangeLT-2,_HTGT3.0__HTGTPCTDayChange_,,,volSellContinueLast2DayDown-VolUp,(GLOBALFUTDOWN-DOWNTRENDMARKET)checkSellConsolidationBreakDown-week2-lowNotReachedWeek3,week2BarLowChangeLT0,",-0.0365519376040467,1,0,1
"PCTChangeLT-2,,,,checkCupDown-inDownTrend-month3HighLTmonth3Low,bar_low,##(Check-chart-buy):month3High-InMinus,NearHighMonth3,",-3.420383861945988,2,0,2
"PCTChangeLT-5,,,,sellPatternsML,##MANegative_Downtrend_(LT-2),##MA-SMA200LT0SMA100LT0,##last2DayLow(LT-3)-M3LLT0,",-2.9938309280960747,1,0,1
"PCTChangeGT3,,,,week2BarHighChangeGT0,brokenToday,##(check-chart)sellEMA6>EMA14,",-3.436623156910206,1,0,1
"PCTChangeLT-2,,,,volSellVolumeUpsergedLast2n3DayUp,volSellContinueLast2DayDown-VolUp,##(Check-chart-buy):YearHigh-InMinus,NearHighYear,",1.7560198590472105,1,1,0
"PCTChangeGT2,,,,shortUpTrendSellReversal-MonthHigh,vol-sell-DownVol-3dayUp-Week2High,weekBarHighChangeGT2,",4.481230781197558,1,1,0
"PCTChangeGT3,,,,chisCheckConsolidationBreakoutLT(4.5),##(check-chart)sellEMA6>EMA14,",0.3959980665649576,2,1,1
"PCTChangeLT-2,_LTGT3.0_,,,##MANegative_Downtrend_(LT-2),##MA-SMA200LT0SMA100LT0,##DOWNTREND:sellYearLowBreak,",-5.875234311590197,1,0,1
"PCDCGT0PCTChangeLT-5,PCDayChange-0.5to0.5,_HTGT3.0__LTGT3.0_,,,%%HLTF-Last2LowTail:(DOWNTREND)sellHighLowerTailPre-1,##MA-SMA200GT0SMA100LT0,",5.400824428589883,1,1,0
"PCTChangeGT16,_HTGT1.5_,,,%%HLTF-Last2HighTail:(UPTREND)buy(DOWNTREND)sell:HighUpperTailPre-last2DayUp,##MAPositive_Uptrend(GT4.5),##MA-SMA200GT0SMA100GT0,",-7.257939755757931,2,0,2
"PCTChangeLT-1,,,,(GLOBALFUTDOWN-DOWNTRENDMARKET)checkSellConsolidationBreakDown-week2-lowNotReachedWeek3,week2BarLowChangeLT0,chisDownTrend-Risky-nearHigh,##(Check-chart-buy):YearHigh-InMinus,ReversalHighYear,",-0.022713815273444737,3,2,1
"PCTChangeGT3,_HTGT1.5_,,,checkBuyConsolidationBreakUp-2week,week2BarHighChangeGT0,brokenToday,",0.8576742450842665,1,1,0
"PCTChangeGT2,_HTGT1.5__HTGTPCTDayChange_,,,##(Check-chart):year2High-InPlus,",-2.927856752835548,2,0,2
"PCTChangeLT-0.5,,,,volBuyReversalLast2DayDown-VolDown,weekBarLowChangeLT0,brokenToday,",2.883797360401874,1,1,0
"PCTChangeLT-2,_HTGT1.5__LTGT1.5_,,,VOL:buy-UpVol-3dayDown-Week2Low,##MA-SMA200LT0SMA100LT0,",-1.0326053785241085,1,0,1
"PCTDayChangeLT0,PCDayChange-0.5to0.5,_LTGT3.0_,,,##MANegative_Downtrend_(LT0),##MA-SMA200LT0SMA100LT0,",-1.2447475885723207,1,0,1
"PCTChangeGT0.5,_LTGT1.5_,,,maySellFromBuyPattern-LT-1.8,",-2.1920486417091634,1,0,1
"PCTChangeLT-2,,,,checkCupDown-3dayDown,VOL:sell(GLOBALFUTUP-GLOBALMARKETUP)Buy-UpVol-3dayDown-Week2High,##DOWNTREND:sellYearHigh(InDownTrend),##(Check-chart-buy):month3High-InMinus,NearHighMonth3,",0.23102713103341832,1,1,0
"PCDCGT0PCTDayChangeLT0,_HTGT1.5__LTGT3.0__HTGTPCTDayChange__LTGTPCTDayChange_,,,%%HLTF-Last2LowTail:(DOWNTREND)sellHighLowerTailPre-1,##MA-SMA200GT0SMA100LT0,",0.034680189328210174,1,1,0
"PCTChangeGT3,_HTGT1.5_,,,%%HLTF-Last2HighTail:(UPTREND)buy(DOWNTREND)sell:HighUpperTailPre-last2DayUp,##MAPositive_Uptrend(GT4.5),##MA-SMA200LT0SMA100LT0,##last2DayHighGT3-M3HLT0,",3.599409898673773,1,1,0
"PCTChangeLT-12,_HTGT3.0__LTGT1.5_,,,##MANegative_Downtrend_(LT-4.5),##MA-SMA200LT0SMA100LT0,",0.6357898159292474,1,1,0
"PCTChangeLT-2,year2High,,,,checkCupDown-inDownTrend-month3HighLTmonth3Low,bar_low,",-0.5751637926103653,12,5,7
"PCTChangeGT2,_HTGT3.0__HTGTPCTDayChange_,,,##MANegative_Downtrend_(GT1),##MA-SMA200GT0SMA100LT0,",0.8227848101265808,1,1,0
"PCTChangeLT-3,,,,weekBarLowChangeLT-2,##DOWNTREND:sellMonth3HighReversal(InDownTrend),##(Check-chart-buy):month3High-InMinus,ReversalHighMonth3,",-0.6071955194414778,3,0,3
"PCTChangeLT-12,_LTGT3.0_,,,##(check-chart)buyEMA6<EMA14-Risky,##MANegative_Downtrend_(LT-4.5),##MA-SMA200GT0SMA100GT0,",-4.960199639350329,1,0,1
"PCTChangeLT-1,,,,volSellContinueLast2DayDown-VolUp,(SMA9LT0),",-1.6059280654131425,1,0,1
"PCTChangeLT-1,PCDayChange-0.5to0.5,_LTGT1.5_,,,(SMA9GT0),mayBuyFromSellPattern-GT1.8,",2.594768050449359,1,1,0
"PCTChangeLT-3,,,,volBuyVolumeUpsergedLast2n3DayUp,weekBarLowChangeLT-2,brokenToday,##DOWNTREND:sellYearLowBreak,",1.189866285278932,1,1,0
"PCTChangeGT1,PCDayChange-0.5to0.5,_HTGT1.5_,,,chisSellFlagWeek-doji-Risky,##MAPositive_Uptrend(GT0),##MA-SMA200GT0SMA100GT0,",1.6530221549229385,1,1,0
"PCTChangeLT-3,,,,volSellContinueLast2DayDown-VolUp,chisDownTrend-Risky-nearHigh,##DOWNTREND:sellMonth3HighReversal(InDownTrend),##(Check-chart-buy):month3High-InMinus,ReversalHighMonth3,",-0.2717939297160687,3,1,2
"PCTChangeLT-1,PCDayChange-0.5to0.5,_HTGT1.5_,,,chisSell:Super03-monthLow,%%HLTF-Last2HighTail:(DOWNTREND)sell(UPTREND)buy:HighUpperTailPre,",0.6692100308396837,1,1,0
"PCTChangeGT3,year2High,_HTGT1.5__LTGT3.0__HTGTPCTDayChange__LTGTPCTDayChange_,,,%%HLTF:(GLOBAL-DOWN)sellHighLowerTail-Reversal-LastDayMarketUp,",-5.619049072265618,1,0,1
"PCTChangeLT-2,,,,checkCupDown-2dayDown,chisDownTrend-Risky-nearHigh,##DOWNTREND:sellMonth3HighReversal(InDownTrend),##(Check-chart-buy):month3High-InMinus,ReversalHighMonth3,",-1.6863249692399234,2,0,2
"PCTChangeLT-1,_HTGT1.5__HTGTPCTDayChange_,,,weekBarLowChangeLT0,brokenToday,",-1.5463844071270856,1,0,1
"PCTChangeGT3,_HTGT1.5_,,,%%HLTF:(DOWNTREND-OR-GLOBALDOWN)maySellTail-tailGT2-2,3,4thDayGT0,chisBuyUpTrend-nearLow,volumeUpsergedLast2n3n4DayDown,",0.8527443175431443,1,1,0
"PCTChangeLT-1,,,,volSellContinueLast2DayDown-VolUp,##(check-chart)maySell-EMA6-MT-May-LT-EMA14,",-0.6668623119406591,2,1,1
"PCTChangeLT-2,,,,##MAPositive_Uptrend(LT-2),##MA-SMA200LT0SMA100GT0,",2.887973556991208,3,2,1
"PCTChangeLT-5,_LTGT1.5_,,,%%HLTF:(GLOBAL-DOWN)sellHighLowerTail-Reversal-LastDayMarketUp,##last2DayLow(LT-3)-M3LGT0,",4.036700980743515,1,1,0
"PCTChangeGT0,PCDayChange-0.5to0.5,_HTGT1.5__LTGT3.0_,,,%%:checkSell:Super2,-+,",3.545838694967738,1,1,0
"PCTChangeLT-2,_HTGT1.5_,,,checkCupDown-3dayDown-mayReversalBuy,volBuyRevarsalVolCrossed,",6.718635944341653,1,1,0
"PCTChangeGT3,_HTGT3.0__LTGT1.5_,,,##(check-chart)sellEMA6>EMA14,",1.3014734666089378,2,1,1
"PCTChangeGT5,_HTGT1.5_,,,chisCheckConsolidationBreakoutGT(4.5),##MAPositive_Uptrend(GT4.5),##MA-SMA200GT0SMA100GT0,",0.6005151289064911,1,1,0
"PCTDayChangeLT0,,,,##MA-SMA200LT0SMA100LT0,",-1.3272262025110042,9,4,5
"PCTChangeLT-0.5,,,,%%:checkSell:CupDownDoji-lastDayLT(-2)TodayDoji,",-0.6162106983869424,8,3,5
"PCTChangeGT3,_LTGT3.0_,,,week2BarHighChangeGT0,brokenToday,",1.8715834315020434,1,1,0
"PCTChangeGT2,year2Low,,,,##RisingMA(Test)(check-chart-buy)-2DayUp,",-1.2327620055846948,2,0,2
"PCTChangeLT-1,_LTGT1.5_,,,weekBarLowChangeLT0,",0.21999743501556046,14,7,7
"PCTChangeGT2,_HTGT1.5_,,,%%HLTF:(DOWNTREND-OR-GLOBALDOWN)maySellTail-tailGT2-2,3,4thDayGT0,chisCheckConsolidationBreakoutLT(4.5),",0.8168739817778087,3,1,2
"PCTChangeLT-2,,,,checkCupDown-2dayDown,##(Check-chart-buy):YearHigh-InMinus,NearHighYear,",-2.121844131766034,1,0,1
"PCTChangeLT-2,,,,volumeUpsergedLast2n3n4DayUp,volSellContinueLast2DayDown-VolUp,weekBarLowChangeLT0,brokenToday,",1.2108262108262184,1,1,0
"PCTChangeLT-3,_LTGT3.0_,,,##MANegative_Downtrend_(LT-4.5),##MA-SMA200LT0SMA100LT0,##last3DayLow(LT-3)-M3LGT0,",2.499998183477489,1,1,0
"PCTChangeGT3,_HTGT1.5_,,,weekBarHighChangeGT2,brokenToday,",0.06500113526481355,19,11,8
"PCDCLT0PCTChangeGT0,year2High,_HTGT1.5_,,,%%HLTF-Last2HighTail:(DOWNTREND)sellHighUpperTailPre,",-1.5581814540356593,1,0,1
"PCTChangeLT-2,,,,chisSellFinalCandidate-(lastDayUp),chisSellUpTrend-highTail,",1.8066944694318683,1,1,0
"PCTChangeLT-3,_LTGT3.0_,,,##DOWNTREND:sellYear2HighReversal(InDownTrend),##last2DayLow(LT-3)-M3LGT0,",0.9615049905025178,1,1,0
"PCTChangeLT-1,,,,(GLOBALFUTDOWN-DOWNTRENDMARKET)checkSellConsolidationBreakDown-week2-lowNotReachedWeek3,week2BarLowChangeLT0,weekLowLTweek2Low,##(Check-chart-buy):month6High-InMinus,ReversalHighMonth6,",0.6373233688159543,2,1,1
"PCTChangeLT-1,PCDayChange-0.5to0.5,_LTGT1.5_,,,shortDownTrendBuyReversal-MonthLow-Doji-Last2DayLTToday,",1.6314244979521115,2,1,1
"PCTChangeGT3,,,,(GLOBALFUTUP-UPTRENDMARKET)checkBuyConsolidationBreakUp-week2-highNotReachedWeek3,week2BarHighChangeGT2,weekHighGTweek2High,BuyYearLow,",0.06268992781188969,1,1,0
"PCTChangeLT-3,year2Low,_LTGT1.5_,,,##last2DayLow(LT-3)-M3LLT0,chisBuyDayLowVolLow-01,",4.733725614279105,1,1,0
"PCTChangeLT-3,_HTGT1.5__HTGTPCTDayChange_,,,%%:checkSell:Super0,",-0.13986876003782217,2,1,1
"PCTChangeLT-12,year2Low,_LTGT1.5_,,,chisRSISellCandidate(yearLow)-lessThanMinus5,",1.171598818651723,1,1,0
"PCTChangeLT-0.5,_LTGT3.0_,,,(GLOBALFUTDOWN-DOWNTRENDMARKET)checkSellConsolidationBreakDown-week2-lowNotReachedWeek3,week2BarLowChangeLT0,weekLowLTweek2Low,",2.2084806249094315,1,1,0
"PCTChangeGT5,,,,volumeUpsergedLast2n3n4DayDown,weekBarHighChangeGT2,brokenToday,",2.050925940913746,1,1,0
"PCTChangeLT-2,,,,%%:checkSell:FlagWeek,",-1.3646805434071956,13,4,9
"PCTChangeLT-3,,,,volumeUpsergedLast2n3n4DayUp,weekBarLowChangeLT-2,brokenToday,##MANegative_Downtrend_(LT-2),##MA-SMA200LT0SMA100LT0,",2.030093086263651,1,1,0
"PCTChangeLT-2,_LTGT1.5_,,,##ML:BuyRisingMA-Risky-0,",0.26846105734659637,1,1,0
"PCDCGT0PCTDayChangeLT0,,,,##MAPositive_Uptrend(GT0),##MA-SMA200GT0SMA100GT0,",0.23023900677925146,4,2,2
"PCTChangeLT-2,_HTGT1.5__HTGTPCTDayChange_,,,chisSellDownTrend-nearHigh,",0.10291463857591614,6,4,2
"PCTChangeGT0,PCDayChange-0.5to0.5,,,,MaySellCheckChart-(|_|`|),mayBuyFromSellPattern-GT1.8,",1.9431458409256444,1,1,0
"PCTChangeGT2,_HTGT3.0__LTGT3.0__HTGTPCTDayChange__LTGTPCTDayChange_,,,##MANegative_Downtrend_(GT1),##MA-SMA200LT0SMA100LT0,",3.1600111908980684,1,1,0
"PCTChangeGT3,_HTGT1.5_,,,chisUpTrend-Risky-nearLow,(GLOBALFUTUP-UPTRENDMARKET)checkBuyConsolidationBreakUp-week2-highNotReachedWeek3,week2BarHighChangeGT2,",-1.8487832755555667,1,0,1
"PCTChangeLT-3,_HTGT1.5_,,,(GLOBALFUTDOWN-DOWNTRENDMARKET)checkSellConsolidationBreakDown-week2-lowNotReachedWeek3,week2BarLowChangeLT-5,##last2DayLow(LT-3)-M3LGT0,",2.307692307692317,1,1,0
"PCTChangeGT3,,,,chisUpTrend-Risky-nearLow,##UPTREND:buyYear2Low,",-1.4624493866569912,1,0,1
"PCTChangeLT-2,,,,%%:checkSell:ConsolidationBreakDown(NotShapeA)-2week,checkSellConsolidationBreakDown-2week,week2BarLowChangeLT0,weekLowLTweek2Low,brokenToday,",2.19323747181082,4,4,0
"PCTChangeLT-1,year2High,_HTGT3.0__LTGT3.0__HTGTPCTDayChange__LTGTPCTDayChange_,,,volBuyReversalLast2DayDown-VolDown,",-0.26079374169200153,1,0,1
"PCTChangeGT8,_HTGT1.5_,,,volumeUpsergedLast2n3n4DayDown,volBuyContinueLast2DayUp-VolUp,",1.272253865346858,1,1,0
"PCTChangeLT-3,_LTGT1.5_,,,##last2DayLow(LT-3)-M3LGT0,##ML:BuyRisingMA-Risky-0,",3.3333380103568184,1,1,0
"PCTChangeLT-1,,,,sellPatternsML,##MAPositive_Uptrend(LT-1),##MA-SMA200GT0SMA100GT0,",-0.7720588235294212,1,0,1
"PCTChangeGT0.5,_HTGT1.5__HTGTPCTDayChange_,,,(Test)(check-chart-2-3MidCapCross)MaySellCheckChart-Risky,chisBuyYearHigh-3,",-2.169081683747745,1,0,1
"PCTDayChangeLT0,PCDayChange-0.5to0.5,_LTGT1.5_,,,##MAPositive_Uptrend(LT0),##MA-SMA200GT0SMA100LT0,",-2.748090438260377,1,0,1
"PCTChangeLT-8,_HTGT1.5__LTGT1.5_,,,VOL:buy-DownVol-3dayDown-Week2High,chisBuyDayLowVolLow,",-4.29292929292929,1,0,1
"PCTDayChangeLT0,_HTGT1.5__LTGT1.5__HTGTPCTDayChange_,,,##MA-SMA200GT0SMA100GT0,",0.28409587028047567,1,1,0
"PCTChangeLT-5,,,,##DOWNTREND:sellYearLowBreak,",-0.4037940885518343,4,2,2
"PCTChangeGT12,year2High,,,,volumeUpsergedLast2n3n4DayDown,volBuyContinueLast2DayUp-VolUp,",-1.5445373218911853,1,0,1
"PCTChangeGT1,_LTGT1.5_,,,%%:checkSell:CupDownDoji,%%HLTF:(GLOBAL-DOWN)sellHighLowerTail-Reversal-LastDayMarketUp,",-5.073631156471749,3,0,3
"PCTChangeLT-1,_LTGT1.5_,,,volSellContinueLast2DayDown-VolUp,##(Check-chart-buy):month3High-InMinus,NearHighMonth3,",-0.4627773798474777,1,0,1
"PCTChangeGT3,year2High,,,,chisBuyConsolidationBreakUp-2week-(Risky)-year2High,week2BarHighChangeGT0,weekHighGTweek2High,",-2.8706520710915333,1,0,1
"PCTChangeLT-1,_LTGT1.5_,,,weekBarLowChangeLT0,$$MayBuy-CheckChart(monthLow-minimumLast4DayDown),$$MayBuy-CheckChart(downTrend-mayReverseLast4DaysDown)-Risky,",-1.4343398115132637,1,0,1
"PCTChangeLT-8,_HTGT3.0__LTGT3.0__HTGTPCTDayChange_,,,##MANegative_Downtrend_(LT-4.5),##MA-SMA200LT0SMA100LT0,##last2DayLow(LT-3)-M3LLT0,",-7.04545107754794,1,0,1
"PCTChangeLT-1,,,,chisSellFinalCandidate-3,sellFinal1,",-2.306651272152331,1,0,1
"PCTChangeGT2,_HTGT1.5__HTGTPCTDayChange_,,,MaySellCheckChart-(IndexNotDownInSecondHalf),$$MaySell-CheckChart(monthHigh-minimumLast4DayUp),",0.7189838155001486,3,2,1
"PCTChangeGT1,_HTGT1.5__HTGTPCTDayChange_,,,%%HLTF:(DOWNTREND-OR-GLOBALDOWN)maySellTail-tailGT2-2,3,4thDayGT0,chisUpTrend-Risky-nearLow,##RisingMA(check-chart-sell)-MaySellCheckChart,##UPTREND:buyYear2LowReversal(Confirm),",-1.3436370740747756,1,0,1
"PCTChangeLT-0.5,_HTGT1.5__HTGTPCTDayChange_,,,%%HLTF:maySellTail-tailGT2-7,10thDayGT20,##sellSMA25GT10,##buyYear2LowMovingSMA,",2.2240253371211436,1,1,0
"PCTChangeGT1,,,,##MAPositive_Uptrend(GT2),##MA-SMA200LT0SMA100LT0,",-1.7954890224643563,5,2,3
"PCTChangeGT1,_HTGT1.5__HTGTPCTDayChange_,,,shortUpTrendSellReversal-MonthHigh,chisBuyYearHigh-3,",-0.8646535288141143,1,0,1
"PCTChangeGT1,_HTGT1.5_,,,%%:checkSell:Super2,%%:sellDowntrend-lastDayUp-ReversalHighTail,",-1.8980477851668347,1,0,1
"PCTChangeGT2,,,,%%:checkSell:Super2,-+,",1.5270966027170703,1,1,0
"PCTChangeLT-1,_HTGT1.5__HTGTPCTDayChange_,,,%%HLTF-Last2HighTail:(DOWNTREND)sellHighUpperTailPre,##sellRisingMA,",-0.6093788146972754,1,0,1
"PCTDayChangeLT0,year2High,_LTGT1.5_,,,%%HLTF:(SGXNIFTYUP)buyHighLowerTail-Continue,",3.5319833562568355,1,1,0
"PCTChangeGT2,year2Low,_HTGT1.5_,,,VOL:buy-DownVol-3dayUp-Week2Low,",1.0876499776389918,1,1,0
"PCTChangeLT-3,,,,weekBarLowChangeLT-2,##DOWNTREND:sellYear2HighReversal(InDownTrend),##(Check-chart-buy):month3High-InMinus,ReversalHighMonth3,",-0.5955890661242589,13,8,5
"PCTChangeGT3,year2High,,,,VOL:sell-UpVol-3dayUp-Week2High,##last2DayHighGT3-M3HGT0,",0.24824161009647516,8,3,5
"PCTChangeGT3,,,,##(Check-chart-sell):month3Low-InPlus,ReversalLowMonth3,chisUpTrend-Risky-nearLow,volumeUpsergedLast2n3n4DayDown,chisCheckConsolidationBreakoutLT(4.5),##(check-chart)mayBuy-EMA6-LT-May-MT-EMA14,",1.6936693667681357,1,1,0
"PCTChangeLT-1,,,,(GLOBALFUTDOWN-DOWNTRENDMARKET)checkSellConsolidationBreakDown-week2-lowNotReachedWeek3,week2BarLowChangeLT-2,weekLowLTweek2Low,##(Check-chart-buy):month3High-InMinus,ReversalHighMonth3,",1.2946231080211195,8,3,5
"PCTChangeLT-1,_HTGT1.5__HTGTPCTDayChange_,,,volSellVolumeUpsergedLast2n3DayUp,volSellContinueLast2DayDown-VolUp,(GLOBALFUTDOWN-DOWNTRENDMARKET)checkSellConsolidationBreakDown-week2-lowNotReachedWeek3,week2BarLowChangeLT0,chisDownTrend-Risky-nearHigh,",2.5006251944551257,1,1,0
"PCTChangeGT1,,,,shortUpTrendSellReversal-MonthHigh,chisBuyYearHigh-1,",-0.7708118977149888,1,0,1
"PCTChangeGT5,,,,##MAPositive_Uptrend(GT2),##MA-SMA200LT0SMA100LT0,##last2DayHighGT3-M3HLT0,",0.25513944325614446,3,2,1
"PCTChangeGT1,,,,checkBuyConsolidationBreakUp-2week,week2BarHighChangeGT0,weekHighGTweek2High,brokenToday,",3.195488077052229,2,2,0
"PCTChangeGT0.5,,,,shortUpTrendSellReversal-MonthHigh,chisBuyYearHigh-1,",1.0056793545193718,1,1,0
"PCTChangeLT-2,_LTGT1.5_,,,MayBuyCheckChart-(IndexNotUpInSecondHalf),chisBuyYear2Low,",0.204083708678784,1,1,0
"PCTChangeGT0.5,_LTGT3.0_,,,%%HLTF:(SGXNIFTYUP)buyHighLowerTail-Continue,chisBuyYearHigh-3,",0.027517345077460148,4,2,2
"PCTChangeLT-16,year2High,_LTGT3.0_,,,##(Test)ML:AllMANegative-Downtrend,",4.062503906650427,1,1,0
"PCTChangeGT2,_LTGT1.5_,,,VOL:buy-DownVol-3dayUp-Week2Low,",1.4630388193093389,1,1,0
"PCTChangeLT-1,_HTGT1.5__HTGTPCTDayChange_,,,(GLOBALFUTDOWN-DOWNTRENDMARKET)checkSellConsolidationBreakDown-week2-lowNotReachedWeek3,week2BarLowChangeLT-2,weekLowLTweek2Low,",-1.608702277066857,2,0,2
"PCTChangeGT1,_HTGT1.5__LTGT1.5_,,,shortUpTrendBuyContinue-Doji-Last2DayGTToday,##MAPositive_Uptrend(GT0),##MA-SMA200LT0SMA100LT0,",-3.723404255319137,1,0,1
"PCTChangeLT-3,_HTGT1.5__LTGT1.5_,,,%%:checkSell:FlagWeek,vol-buy-DownVol-3dayDown-Week2Low,##MANegative_Downtrend_(LT-4.5),##MA-SMA200GT0SMA100LT0,##last2DayLow(LT-3)-M3LGT0,",2.2168304542121757,1,1,0
"PCTChangeGT1,_HTGT1.5_,,,$$MaySell-CheckChart(monthHigh-minimumLast4DayUp),##MAPositive_Uptrend(GT2),##MA-SMA200GT0SMA100GT0,",-2.087534334151547,1,0,1
"PCTChangeGT2,,,,volBuyContinueLast2DayUp-VolUp,chisCheckConsolidationBreakoutLT(4.5),weekBarHighChangeGT2,chis-breakoutup-2week,",-1.815064312660534,1,0,1
"PCTChangeLT-1,,,,##(Check-chart-sell)Month3Low-Continue(InUpTrend),NearLowMonth3,",-3.445798649427349,1,0,1
"PCTChangeGT5,_HTGT3.0__HTGTPCTDayChange_,,,zigZagVolCrossedFromDown,",8.184212132504118,1,1,0
"PCTChangeLT-2,,,,volSellContinueLast2DayDown-VolUp,sellFinal,##ML:BuyRisingMA-Risky-1,",-9.585307515851124,1,0,1
"PCDCLT0PCTChangeGT0,,,,(Test)MayBuy-CheckChart(upTrend-lastDayDown),",-0.5964562381541479,18,6,11
"PCTChangeGT2,,,,weekBarHighChangeGT2,",-0.2707057588910299,303,123,177
"PCTChangeLT-1,PCDayChange-0.5to0.5,_HTGT1.5_,,,shortDownTrendSellContinue-Doji-Last2DayLTToday,",1.020740195984389,7,4,3
"PCTChangeGT0.5,PCDayChange-0.5to0.5,,,,chisSellFlag2Week-doji-Risky,",-0.5333614886503063,28,9,18
"PCTChangeLT-0.5,PCDayChange-0.5to0.5,,,,##(Test)buyBottomReversal-0,",2.3032949498781634,2,2,0
"PCTChangeGT2,_LTGT1.5_,,,week2BarHighChangeGT0,brokenToday,buyYearHigh-0,",-3.655695621823165,1,0,1
"PCTChangeLT-2,,,,volBuyVolumeUpsergedLast2n3DayUp,##ML:buyRisingMA-down-Risky,",0.3004278747820682,1,1,0
"PCTChangeGT3,_HTGT3.0__HTGTPCTDayChange_,,,(GLOBALFUTUP-UPTRENDMARKET)checkBuyConsolidationBreakUp-week2-highNotReachedWeek3,week2BarHighChangeGT2,weekHighGTweek2High,",2.7038368683036973,1,1,0
"PCTChangeGT5,_LTGT1.5_,,,(GLOBALFUTUP-UPTRENDMARKET)checkBuyConsolidationBreakUp-week2-highNotReachedWeek3,week2BarHighChangeGT0,brokenToday,##last2DayHighGT3-M3HLT0,",-5.361806591551507,1,0,1
"PCTChangeLT-3,_HTGT1.5_,,,##(check-chart)maySell-EMA6-MT-May-LT-EMA14,",-1.221324264048646,1,0,1
"PCTDayChangeLT0,PCDayChange-0.5to0.5,_LTGT1.5_,,,##(Test)(check-chart)-buySMAUpTrend,",1.2378051462951385,11,9,2
"PCDCGT0PCTChangeLT-1,PCDayChange-0.5to0.5,_HTGT1.5_,,,%%:checkSell:FlagWeek-doji,",-0.26351063717505135,1,0,1
"PCTChangeGT3,,,,##(Check-chart-sell):month3Low-InPlus,ReversalLowMonth3,(GLOBALFUTUP-UPTRENDMARKET)checkBuyConsolidationBreakUp-week2-highNotReachedWeek3,week2BarHighChangeGT0,brokenToday,##(check-chart)mayBuy-EMA6-LT-May-MT-EMA14,##ML:sellRisingMAuptrend-1,##UPTREND:buyYearLowReversal(Confirm),",3.052577355335193,1,1,0
"PCTChangeLT-3,,,,checkCupDown-near2WeekDown-mayReveresalBuy,chisDownTrend-Risky-nearHigh,##DOWNTREND:sellMonth3HighReversal(InDownTrend),##last2DayLow(LT-3)-M3LGT0,##(Check-chart-buy):month3High-InMinus,ReversalHighMonth3,",6.436464093269723,1,1,0
"PCTChangeGT2,,,,chisUpTrend-Risky-nearLow,volumeUpsergedLast2n3n4DayDown,##RisingMA(Test)(check-chart-buy)-2DayUp,##UPTREND:buyYearLowReversal(Confirm),",1.8868798085491925,1,1,0
"PCTChangeLT-2,,,,volSellVolumeUpsergedLast2n3DayUp,volSellContinueLast2DayDown-VolUp,",-1.6345958162404504,2,0,2
"PCTChangeGT3,_LTGT3.0_,,,volSellReversalLast2DayUp-VolDown,",0.7077499174735927,1,1,0
"PCTChangeLT-1,,,,%%checkCupDown-2dayDown-continue,chisDownTrend-Risky-nearHigh,##(Check-chart-buy):month6High-InMinus,ReversalHighMonth6,",0.6816721427046103,1,1,0
"PCTChangeLT-3,,,,%%:checkSell:Flag2Week,volBuyReversalLast2DayDown-VolDown,",-3.409194100765363,3,1,2
"PCTChangeLT-2,_HTGT1.5__LTGT1.5_,,,weekBarLowChangeLT-2,",0.4775855013481801,1,1,0
"PCTChangeLT-1,_HTGT1.5_,,,volSellContinueLast2DayDown-VolUp,",-2.9707632299143087,10,2,8
"PCTChangeGT1,,,,volBuyContinueLast2DayUp-VolUp,chisCheckConsolidationBreakoutLT(4.5),weekBarHighChangeGT0,brokenToday,",0.701803890240428,1,1,0
"PCTChangeLT-3,_HTGT1.5_,,,(GLOBALFUTDOWN-DOWNTRENDMARKET)checkSellConsolidationBreakDown-week2-lowNotReachedWeek3,week2BarLowChangeLT-2,weekLowLTweek2Low,chisDownTrend-Risky-nearHigh,##(Check-chart-buy):month6High-InMinus,ReversalHighMonth6,",0.7734073550924356,1,1,0
"PCDCGT0PCTDayChangeLT0,PCDayChange-0.5to0.5,_HTGT1.5__LTGT3.0_,,,chisSellFlag2Week-doji-Risky,",-5.797100275629983,1,0,1
"PCTChangeLT-2,_LTGT1.5_,,,(GLOBALFUTDOWN-DOWNTRENDMARKET)checkSellConsolidationBreakDown-week2-lowNotReachedWeek3,week2BarLowChangeLT0,##(Check-chart-buy):month3High-InMinus,ReversalHighMonth3,",-1.0360015000258993,1,0,1
"PCTChangeGT2,_HTGT3.0__LTGT3.0__HTGTPCTDayChange__LTGTPCTDayChange_,,,%%:sellDowntrend-lastDayUp-ReversalHighTail,",-0.1790528476834117,1,0,1
"PCTChangeGT1,PCDayChange-0.5to0.5,year2High,_HTGT1.5__LTGT1.5_,,,%%HLTF-Last2HighTail:(UPTREND)buy(DOWNTREND)sell:HighUpperTailPre-last2DayUp,%%HLTF:maySellTail-tailGT2-7,10thDayGT20,",-4.334366557810294,1,0,1
"PCTChangeLT-1,_LTGT1.5_,,,##(Test)(Check-chart):yearLow-InMinus,",4.9926602086062575,1,1,0
"PCTChangeGT3,,,,%%:checkSellRevarsalLast3DayUpAtMonth3Low,##(check-chart)mayBuy-EMA6-LT-May-MT-EMA14,##UPTREND:buyMonth6LowReversal(Confirm),",0.1650635773082844,1,1,0
"PCDCLT0PCTChangeGT0,PCDayChange-0.5to0.5,_HTGT1.5_,,,##MANegative_Downtrend_(LT0),##MA-SMA200LT0SMA100LT0,",0.7971058721127738,1,1,0
"PCTChangeGT1,_LTGT1.5_,,,chisSellFinalContinue-00,",-1.945456764914779,1,0,1
"PCTChangeLT-3,_LTGT3.0_,,,%%HLTF:(GLOBAL-DOWN)sellHighLowerTail-Reversal-LastDayMarketUp,volSellContinueLast2DayDown-VolUp,",1.436540050697466,1,1,0
"PCTChangeGT3,_HTGT3.0__HTGTPCTDayChange_,,,%%HLTF:(DOWNTREND-OR-GLOBALDOWN)maySellTail-tailGT2-2,3,4thDayGT0,volumeUpsergedLast2n3n4DayDown,",-5.365949374383898,1,0,1
"PCTChangeLT-2,_HTGT1.5__HTGTPCTDayChange_,,,(GLOBALFUTDOWN-DOWNTRENDMARKET)checkSellConsolidationBreakDown-week2-lowNotReachedWeek3,week2BarLowChangeLT0,##DOWNTREND:sellMonth6HighReversal(InDownTrend),##(Check-chart-buy):month3High-InMinus,ReversalHighMonth3,",-8.080359867640896,1,0,1
"PCTChangeLT-1,_LTGT1.5_,,,checkCupDown-month3HighLTmonth3Low,bar_low,chisSellDownTrend-nearHigh,##(Check-chart-buy):month3High-InMinus,ReversalHighMonth3,",-0.8282424111402625,1,0,1
"PCTChangeLT-1,,,,volSellContinueLast2DayDown-VolUp,(GLOBALFUTDOWN-DOWNTRENDMARKET)checkSellConsolidationBreakDown-week2-lowNotReachedWeek3,week2BarLowChangeLT0,weekLowLTweek2Low,",0.2048525463767934,4,2,1
"PCTChangeGT0.5,_HTGT1.5__LTGT1.5_,,,(GLOBALFUTUP-UPTRENDMARKET)checkBuyConsolidationBreakUp-week2-highNotReachedWeek3,week2BarHighChangeGT2,weekHighGTweek2High,",-5.327040954205977,1,0,1
"PCTChangeGT5,year2High,_HTGT1.5__LTGT1.5_,,,zigZagVolCrossedFromDown,",-0.6210232729547516,2,1,1
"PCDCLT0PCTChangeGT1,_LTGT1.5_,,,##RisingMA(check-chart-buy)-MayBuyCheckChart,",-5.362022390068505,2,0,2
"PCTChangeGT3,,,,volSellReversalLast2DayUp-VolDown,chisCheckConsolidationBreakoutLT(4.5),weekBarHighChangeGT2,",-2.3217694156920468,1,0,1
"PCDCLT0PCTChangeGT1,PCDayChange-0.5to0.5,year2High,_LTGT3.0_,,,%%HLTF:(GLOBAL-DOWN)sellHighLowerTail-Reversal-LastDayMarketUp,",-4.203368286574278,1,0,1
"PCTChangeGT0,_HTGT1.5__LTGT1.5_,,,chisSellDowningMA-(check5MinuteDownTrendAndSellDowntrend)-Already10DayDown,%%HLTF-Last2LowTail:(DOWNTREND)sellHighLowerTailPre-1,",-0.8891768637553635,3,1,2
"PCTChangeGT3,,,,##(Check-chart-sell):month3Low-InPlus,ReversalLowMonth3,chisUpTrend-Risky-nearLow,checkBuyConsolidationBreakUp-2week,week2BarHighChangeGT2,weekHighGTweek2High,brokenToday,chis-breakoutup-2week,chisSell-2week-breakoutup,##UPTREND:buyMonth3LowReversal(Confirm),",0.6154495478273696,1,1,0
"PCTChangeLT-3,,,,brokenToday,",-0.7694162063910012,1,0,1
"PCTChangeGT0,PCDayChange-0.5to0.5,_HTGT1.5_,,,chisSellDowningMA-(check5MinuteDownTrendAndSellDowntrend),",-1.1877813583130599,7,2,5
"PCTChangeLT-3,,,,%%HLTF-Last2DayMarketDown:(GLOBAL-UP)buyHighUpperTailPre1-Reversal-LastDayMarketDown,chisSellDownTrend-nearHigh,",0.3352845750295177,3,1,2
"PCTChangeLT-2,,,,checkCupDown,bar_low,##longDownTrend-2-IndexNotDownLastDay(checkBase),zigZagVolCrossedFromUp,",0.3209641750588095,1,1,0
"PCTChangeGT2,,,,volSellVolumeUpsergedLast2n3DayDown,chisBuyConsolidationBreakUp-2week-(Risky)-year2High,week2BarHighChangeGT0,brokenToday,",1.8166161130014329,1,1,0
"PCTChangeLT-1,_HTGT1.5_,,,chisSell:Super03-monthLow,",-0.11886273997736777,7,4,3
"PCTChangeGT3,,,,chisBuyDayHighVolLow-0,weekBarHighChangeGT2,##last2DayHighGT3-M3HLT0,",-0.1595744680851162,1,0,1
"PCTChangeGT3,_HTGT1.5__LTGT3.0__HTGTPCTDayChange__LTGTPCTDayChange_,,,chisCheckConsolidationBreakoutLT(4.5),weekBarHighChangeGT2,",-0.00725448219411882,1,0,1
"PCTChangeLT-1,_HTGT1.5__LTGT1.5_,,,##MANegative_Downtrend_(LT-2),##MA-SMA200LT0SMA100LT0,",5.91619203814294,2,2,0
"PCDCLT0PCTChangeGT1,_LTGT1.5_,,,##MA-SMA200LT0SMA100GT0,",-1.5123182712433594,2,0,2
"PCTChangeLT-3,_LTGT3.0_,,,##MANegative_Downtrend_(LT-2),##MA-SMA200LT0SMA100LT0,##DOWNTREND:sellMonth6LowBreak,##last2DayLow(LT-3)-M3LLT0,buyMorningStar-HighLowerTail,",6.146737803583557,1,1,0
"PCDCGT0PCTChangeLT-3,_HTGT1.5_,,,chisSellSuper-Risky,-+,##MA-SMA200LT0SMA100LT0,",1.9038865490668115,1,1,0
"PCTChangeLT-1,_LTGT1.5_,,,%%HLTF:sellStockInUptrendReversal,(Test)(check-chart-2-3MidCapCross)MayBuyCheckChart-Risky,",-1.5368749224950407,1,0,1
"PCTChangeLT-3,_HTGT1.5_,,,%%:checkSell:Super01-monthLow,volBuyReversalLast2DayDown-VolDown,##(Check-chart-sell)Month3Low-Continue(InUpTrend),ReversalLowMonth3,",-2.115380347191875,1,0,1
"PCTChangeGT3,,,,week2BarHighChangeGT0,weekHighGTweek2High,",-3.275443855001449,1,0,1
"PCTChangeGT2,,,,volSellVolumeUpsergedLast2n3DayDown,chisCheckConsolidationBreakoutLT(4.5),chisBuy-2week-breakoutup(check-chart)(|-|-| or --|),",-0.8489763759449219,1,0,1
"PCTChangeLT-3,,,,checkCupDown-near2WeekDown-mayReveresalBuy,%%HLTF-Last2DayMarketDown:(GLOBAL-UP)buyHighUpperTailPre1-Reversal-LastDayMarketDown,(GLOBALFUTDOWN-DOWNTRENDMARKET)checkSellConsolidationBreakDown-week2-lowNotReachedWeek3,week2BarLowChangeLT-2,weekLowLTweek2Low,chisDownTrend-Risky-nearHigh,##DOWNTREND:sellYear2HighReversal(InDownTrend),##(Check-chart-buy):YearHigh-InMinus,ReversalHighYear,",2.160241520553478,1,1,0
"PCTChangeGT2,_HTGT3.0__HTGTPCTDayChange_,,,volSellReversalLast2DayUp-VolDown,",3.5303097802537176,1,1,0
"PCTChangeGT2,PCDayChange-0.5to0.5,,,,buyYearHigh-0,",-2.9173594072830444,1,0,1
"PCDCLT0PCTChangeGT0,_HTGT3.0__HTGTPCTDayChange_,,,%%HLTF:(UPTREND-MorningTrend-UP)mayBuyTail-highTailGT2-7,10thDayGT10-Last2DayStockDown,",-3.5090886896306785,1,0,1
"PCTChangeGT0,PCDayChange-0.5to0.5,_LTGT1.5_,,,chisSellSMA4Reversal,",-0.05155216793286286,5,3,2
"PCTChangeGT3,,,,##(Check-chart-sell):month3Low-InPlus,ReversalLowMonth3,chisUpTrend-Risky-nearLow,volBuyContinueLast2DayUp-VolUp,chisCheckConsolidationBreakoutLT(4.5),##UPTREND:buyMonth3LowReversal(Confirm),",-0.5561453998797926,1,0,1
"PCTChangeLT-0.5,_HTGT1.5__LTGT1.5__LTGTPCTDayChange_,,,##MA-SMA200LT0SMA100LT0,",-2.0055151973945606,1,0,1
"PCDCGT0PCTDayChangeLT0,year2High,_HTGT1.5__LTGT3.0__HTGTPCTDayChange__LTGTPCTDayChange_,,,%%HLTF:(GLOBAL-DOWN)sellHighLowerTail-Reversal-LastDayMarketUp,",2.8306836748807043,1,1,0
"PCTChangeGT2,_HTGT1.5_,,,chisBuyUpTrend-1-YearHigh,chisBuyUpTrend-nearLow,",0.10000730782385811,1,1,0
"PCTChangeLT-5,_LTGT1.5_,,,vol-buy-DownVol-3dayDown-Week2Low,##MANegative_Downtrend_(LT-2),##MA-SMA200GT0SMA100GT0,chisSellDayLowVolLow-01,",-9.971777709093558,1,0,1
"PCTChangeLT-3,,,,VOL:buy-UpVol-3dayDown-Week2Low,##MANegative_Downtrend_(LT-2),##MA-SMA200LT0SMA100LT0,##DOWNTREND:sellYearLowBreak,",3.8142912200548853,2,2,0
"PCTChangeGT1,year2High,,,,$$MaySell-CheckChart(downTrend-mayReverseLast4DaysUp)-Risky,",-1.055028777555672,7,0,7
"PCTChangeGT1,PCDayChange-0.5to0.5,,,,chisSellSuper-Risky,-+,##MANegative_Downtrend_(GT0),##MA-SMA200LT0SMA100LT0,",-1.7176023990408975,1,0,1
"PCTChangeLT-2,,,,chisSellFinalCandidate-(lastDayUp),##sellTenDaysMoreThanTen,##ML:BuyRisingMA-Risky-1,",-1.5535736083984373,1,0,1
"PCTChangeLT-2,,,,checkCupDown-2dayDown,chisDownTrend-Risky-nearHigh,##(Check-chart-buy):month3High-InMinus,ReversalHighMonth3,",1.346806947540774,4,3,1
"PCTChangeGT2,_LTGT1.5_,,,##MAPositive_Uptrend(GT1),##MA-SMA200LT0SMA100LT0,",-1.462618318779638,2,0,2
"PCTChangeLT-2,_LTGT3.0_,,,##MANegative_Downtrend_(LT-2),##MA-SMA200LT0SMA100LT0,chisBuyYear2Low,NearLowYear2,",5.9622595445165105,1,1,0
"PCTChangeLT-3,,,,checkCupDown-3dayDown-mayReversalBuy,VOL:buy-DownVol-3dayDown-Week2High,##DOWNTREND:sellYear2HighReversal(InDownTrend),##last2DayLow(LT-3)-M3LGT0,chisSellDayLowVolLow-03-checkMorningTrend(.5SL),##(Check-chart-buy):month3High-InMinus,ReversalHighMonth3,",-2.750388731205873,1,0,1
"PCTChangeGT3,PCDayChange-0.5to0.5,_LTGT3.0_,,,%%:checkSell:CupDownDoji,%%HLTF-Last2DayMarketUp:(GLOBAL-DOWN)sellHighLowerTail-Reversal-LastDayMarketUp,",1.9377183749189064,1,1,0
"PCTChangeLT-3,_LTGT1.5_,,,##MANegative_Downtrend_(LT-2),##MA-SMA200LT0SMA100LT0,",-0.035455148997443016,30,15,15
"PCTChangeLT-1,_HTGT1.5__LTGT3.0__LTGTPCTDayChange_,,,volBuyReversalLast2DayDown-VolUp,",-0.6242511653098647,1,0,1
"PCTChangeLT-2,_LTGT1.5_,,,chisBuyYear2Low,",8.171359318298075,1,1,0
"PCTChangeLT-0.5,_LTGT1.5_,,,volSellContinueLast2DayDown-VolUp,(GLOBALFUTDOWN-DOWNTRENDMARKET)checkSellConsolidationBreakDown-week2-lowNotReachedWeek3,week2BarLowChangeLT-2,weekLowLTweek2Low,",-4.062679511069404,1,0,1
"PCTChangeLT-1,_LTGT1.5_,,,%%HLTF:(GLOBAL-DOWN)sellHighLowerTail-Reversal-LastDayMarketUp,(Test)(check-chart-2-3MidCapCross)MayBuyCheckChart-Risky,volBuyRevarsalVolCrossed,",-1.3413414588341477,1,0,1
"PCDCGT0PCTDayChangeLT0,PCDayChange-0.5to0.5,_LTGT1.5_,,,(SMA9LT0),",0.38287093398154504,2,1,1
"PCTChangeGT2,,,,chisBuyFinalCandidate-3,buyFinal,",-2.084613506610572,1,0,1
"PCTChangeGT2,year2Low,_HTGT1.5__LTGT3.0__HTGTPCTDayChange__LTGTPCTDayChange_,,,%%HLTF-Last2LowTail:(DOWNTREND)sellHighLowerTailPre-1,",0.5914011309223899,1,1,0
"PCTChangeLT-2,,,,chisBuyFinalContinue-2,",-0.2413951055905712,2,1,1
"PCTChangeLT-1,year2High,_LTGT1.5_,,,##(Test)(check-chart)-buySMAUpTrend,(Test)MayBuy-CheckChart(upTrend-lastDayDown),",-1.8147029148660054,1,0,1
"PCTChangeGT1,_HTGT1.5_,,,volumeUpsergedLast2n3n4DayDown,chisCheckConsolidationBreakoutLT(4.5),weekBarHighChangeGT0,",-1.734544152819744,1,0,1
"PCTChangeGT0.5,PCDayChange-0.5to0.5,,,,shortUpTrendBuyContinue-Doji-Last2DayGTToday,##MAPositive_Uptrend(GT0),##MA-SMA200GT0SMA100LT0,",4.951299809437769,1,1,0
"PCTChangeGT8,,,,volumeUpsergedLast2n3n4DayDown,chisCheckConsolidationBreakoutGT(4.5),##MAPositive_Uptrend(GT4.5),##MA-SMA200GT0SMA100GT0,",2.320752413767679,1,1,0
"PCTChangeLT-1,,,,volBuyReversalLast2DayDown-VolDown,##(Check-chart-buy):month3High-InMinus,ReversalHighMonth3,",-0.3504338757863428,16,7,9
"PCTChangeGT5,_LTGT1.5_,,,##MAPositive_Uptrend(GT2),##MA-SMA200LT0SMA100GT0,",-2.158152732174878,3,1,2
"PCTChangeLT-2,,,,volSellContinueLast2DayDown-VolUp,##(Check-chart-buy):month3High-InMinus,NearHighMonth3,",0.25293222560111484,11,5,6
"PCTChangeLT-5,_HTGT3.0__LTGT1.5_,,,##MANegative_Downtrend_(LT-4.5),##MA-SMA200GT0SMA100LT0,",7.4617032454928545,2,2,0
"PCTChangeGT5,_HTGT3.0_,,,VOL:buyBelowTail-SellAtClose:upVol3dayUpWeek2High-highUpperTail,##MAPositive_Uptrend(GT4.5),##MA-SMA200LT0SMA100GT0,",-0.9190584159799549,2,1,1
"PCTChangeLT-3,_LTGT1.5_,,,volSellContinueLast2DayDown-VolUp,##DOWNTREND:sellMonth3HighReversal(InDownTrend),##(Check-chart-buy):month3High-InMinus,ReversalHighMonth3,",-0.08714242352032917,1,0,1
"PCTChangeLT-3,_LTGT3.0_,,,VOL:buy-DownVol-3dayDown-Week2High,volBuyRevarsalVolCrossed,##(Check-chart-buy):month3High-InMinus,ReversalHighMonth3,",1.0569600819154057,1,1,0
"PCTChangeGT1,_LTGT1.5_,,,##(Check-chart-sell):month3Low-InPlus,NearLowMonth3,volSellReversalLast2DayUp-VolDown,",-2.4992014721146045,1,0,1
"PCTChangeLT-3,,,,weekBarLowChangeLT-2,brokenToday,chisDownTrend-Risky-nearHigh,##(Check-chart-buy):month3High-InMinus,ReversalHighMonth3,",-0.3544516083199289,17,8,9
"PCTChangeGT3,,,,sellHeavyUpTrend-Reversal,",1.1685890283209588,1,1,0
"PCTChangeGT1,year2High,_LTGT1.5_,,,%%HLTF-Risky:(GLOBAL-DOWN)sellHighLowerTail-Reversal-LastDayMarketUp,%%:sellUpTrend-month3High,",-5.96723407066296,1,0,1
"PCTChangeGT3,_HTGT3.0__HTGTPCTDayChange_,,,##MANegative_Downtrend_(GT2),##MA-SMA200GT0SMA100LT0,##buyTenDaysLessThanMinusTen,",3.565217391304361,1,1,0
"PCTChangeGT5,year2High,,,,chisCheckConsolidationBreakoutLT(4.5),weekBarHighChangeGT2,brokenToday,",-0.7580664850050371,1,0,1
"PCTChangeLT-1,_HTGT1.5_,,,volBuyReversalLast2DayDown-VolDown,chisDownTrend-Risky-nearHigh,",-3.357419911947767,1,0,1
"PCDCLT0PCTChangeGT1,PCDayChange-0.5to0.5,_LTGT1.5_,,,%%:checkSell:CupDownDoji-last2lastDayLT0orTodayGT0,",5.750003390842029,1,1,0
"PCTChangeLT-3,_LTGT1.5_,,,volSellContinueLast2DayDown-VolUp,##DOWNTREND:sellYear2HighReversal(InDownTrend),##(Check-chart-buy):month3High-InMinus,ReversalHighMonth3,",1.0583919330234945,1,1,0
"PCTChangeGT3,_HTGT1.5_,,,chisUpTrend-Risky-nearLow,volumeUpsergedLast2n3n4DayDown,",-0.523252265397889,1,0,1
"PCTChangeLT-5,,,,##last3DayLow(LT-3)-M3LLT0,",2.799937347488111,2,2,0
"PCTChangeGT3,,,,chisCheckConsolidationBreakout2WeekLT(4.5),##MAPositive_Uptrend(GT2),##MA-SMA200GT0SMA100GT0,",12.445960416871246,1,1,0
"PCDCGT0PCTDayChangeLT0,PCDayChange-0.5to0.5,_HTGT3.0__LTGT3.0_,,,%%:sellDowntrend-lastDayUp-ReversalHighTail,",-1.9287878669537666,1,0,1
"PCTChangeLT-2,_HTGT3.0_,,,chisSell-smallUptrendReversal,",0.4067825058759297,1,1,0
"PCDCGT0PCTChangeLT-3,PCDayChange-0.5to0.5,,,,%%:checkBuyContinue:CupDownDoji-last2dayUp,",0.7640449438202248,1,1,0
"PCDCLT0PCTChangeGT1,_HTGT3.0__LTGT3.0__HTGTPCTDayChange_,,,##MA-SMA200LT0SMA100LT0,",-2.1470587782911505,1,0,1
"PCTChangeLT-5,,,,%%:checkSell:Flag2Week,##last2DayLow(LT-3)-M3LGT0,",1.5435313860457578,1,1,0
"PCTChangeLT-2,_HTGT1.5__HTGTPCTDayChange_,,,%%HLTF-Risky9:30:maySellTail-tailGT2-7,10thDayGT15,chisSellFinalCandidate-3,",-1.1200012207031123,1,0,1
"PCTChangeGT0,,,,buyPatternsML,buyPattern-GT1.5-SMAGT0,(SMA9GT0),",2.4707316764839167,4,2,2
"PCTChangeLT-5,_HTGT3.0_,,,VOL:sell(GLOBALFUTUP-GLOBALMARKETUP)Buy-UpVol-3dayDown-Week2High,",2.4745337018245914,1,1,0
"PCTChangeLT-8,_LTGT3.0_,,,(GLOBAL-DOWN)maySellContinueHighVolatileLastDayDOWN-month3LowGT0-(LT-8),volumeUpsergedLast2n3n4DayUp,",0.08771795975533803,1,1,0
"PCTChangeGT3,_HTGT1.5__LTGT3.0_,,,zigZagVolCrossedFromDown,##UPTREND:buyYear2LowReversal(Confirm),",1.666663674747237,1,1,0
"PCDCGT0PCTChangeLT-1,_HTGT3.0__LTGT3.0__LTGTPCTDayChange_,,,##MA-SMA200LT0SMA100LT0,",8.25776094235248,1,1,0
"PCTChangeLT-2,_LTGT1.5_,,,(GLOBALFUTDOWN-DOWNTRENDMARKET)checkSellConsolidationBreakDown-week2-lowNotReachedWeek3,week2BarLowChangeLT0,weekLowLTweek2Low,##DOWNTREND:sellYearHighReversal(InDownTrend),volBuyRevarsalVolCrossed,##(Check-chart-buy):month3High-InMinus,ReversalHighMonth3,",0.46296472085025586,1,1,0
"PCTDayChangeLT0,year2Low,_LTGT1.5_,,,(Test)(check-chart-2-3MidCapCross)MayBuyCheckChart-Risky,",1.878487291965089,3,3,0
"PCTChangeLT-1,,,,%%:checkSell:Super0,(GLOBALFUTDOWN-DOWNTRENDMARKET)checkSellConsolidationBreakDown-week2-lowNotReachedWeek3,week2BarLowChangeLT-2,weekLowLTweek2Low,",-1.4007805850255282,1,0,1
"PCTChangeLT-1,_HTGT1.5_,,,(GLOBALFUTDOWN-DOWNTRENDMARKET)checkSellConsolidationBreakDown-week2-lowNotReachedWeek3,week2BarLowChangeLT0,weekLowLTweek2Low,chisDownTrend-Risky-nearHigh,##(Check-chart-buy):month3High-InMinus,ReversalHighMonth3,",1.9280206159713134,1,1,0
"PCTChangeGT8,year2High,_HTGT3.0__LTGT3.0__LTGTPCTDayChange_,,,zigZagVolCrossedFromDown,",-2.274616327872164,1,0,1
"PCTChangeLT-3,_HTGT1.5_,,,checkCupDown,bar_low,%%HLTF:maySellTail-tailGT2-7,10thDayGT20,chisSellFinalCandidate-4,sellFinal,##ML:BuyRisingMA-Risky-0,",11.370450106534092,1,1,0
"PCTChangeLT-2,,,,checkCupDown-near2WeekDown-mayReveresalBuy,(GLOBALFUTDOWN-DOWNTRENDMARKET)checkSellConsolidationBreakDown-week2-lowNotReachedWeek3,week2BarLowChangeLT0,##(Check-chart-buy):month3High-InMinus,ReversalHighMonth3,",-0.6566543164976464,5,2,3
"PCTChangeGT1,_HTGT1.5__LTGT1.5__HTGTPCTDayChange__LTGTPCTDayChange_,,,##MAPositive_Uptrend(GT2),##MA-SMA200LT0SMA100GT0,",-1.6106463603674945,1,0,1
"PCTChangeGT2,_HTGT1.5__LTGT1.5__LTGTPCTDayChange_,,,##MAPositive_Uptrend(GT1),##MA-SMA200GT0SMA100GT0,",0.1739103897758082,1,1,0
"PCTChangeLT-0.5,_LTGT1.5_,,,%%:checkSell:Super01-monthLow,(Test)MayBuy-CheckChart(upTrend-lastDayDown),",1.89304453803893,1,1,0
"PCTChangeLT-3,_LTGT1.5_,,,##DOWNTREND:sellYear2HighReversal(InDownTrend),##last2DayLow(LT-3)-M3LGT0,##(Check-chart-buy):YearHigh-InMinus,ReversalHighYear,",-0.15752644434042162,1,0,1
"PCTChangeGT1,,,,%%:sellUpTrend-month3High,##(Check-chart):year2High-InPlus,",2.626261882987302,1,1,0
"PCTChangeLT-0.5,,,,%%:checkSell:Super0,weekBarLowChangeLT0,",-5.693914949706374,1,0,1
"PCTDayChangeLT0,PCDayChange-0.5to0.5,_HTGT1.5__LTGT1.5_,,,%%HLTF-LastDayUp:(DOWNTREND-OR-GLOBALDOWN)MaySellHighTail-LastDayMarketUp,",-0.6833292909013077,20,8,12
"PCTChangeLT-1,,,,chisSellFinalCandidate-3,",-0.38047147003896364,23,8,15
"PCTDayChangeLT0,PCDayChange-0.5to0.5,year2High,,,,##(Test)(check-chart)-buySMAUpTrend,",-2.03575388202853,2,0,2
"PCTChangeLT-0.5,_LTGT1.5_,,,%%:checkSell:Flag2Week,",4.5814253284358095,1,1,0
"PCTChangeLT-2,,,,%%:checkSell:Super01-monthLow,weekBarLowChangeLT0,brokenToday,",1.4191106906338695,1,1,0
"PCTChangeLT-2,year2High,_LTGT1.5_,,,%%HLTF:(GLOBAL-DOWN)sellHighLowerTail-Reversal-LastDayMarketUp,##sellTenDaysMoreThanTen,",-4.423774954627944,1,0,1
"PCTChangeGT2,_HTGT1.5__HTGTPCTDayChange_,,,(GLOBALFUTUP-UPTRENDMARKET)checkBuyConsolidationBreakUp-week2-highNotReachedWeek3,week2BarHighChangeGT0,",-4.969695120146782,1,0,1
"PCTChangeLT-2,,,,volumeUpsergedLast2n3n4DayUp,chisDownTrend-Risky-nearHigh,##DOWNTREND:sellMonth6HighReversal(InDownTrend),##(Check-chart-buy):month3High-InMinus,ReversalHighMonth3,",1.769911504424777,1,1,0
"PCTChangeLT-8,_HTGT1.5__LTGT1.5_,,,(GLOBAL-DOWN)maySellContinueHighVolatileLastDayDOWN-month6LowGT0-(LT-8),##MANegative_Downtrend_(LT-4.5),##MA-SMA200GT0SMA100LT0,",3.6311308932067576,1,1,0
"PCTChangeGT1,,,,##MANegative_Downtrend_(GT2),##MA-SMA200LT0SMA100LT0,",0.5468460612898245,3,2,1
"PCDCLT0PCTChangeGT1,PCDayChange-0.5to0.5,_HTGT1.5__LTGT3.0_,,,##MA-SMA200LT0SMA100LT0,",-0.9953675446686966,1,0,1
"PCTChangeLT-8,year2Low,,,,maySellHighVolatileDownContinueLT-8,volBuyReversalLast2DayDown-VolDown,",-8.49738026831266,1,0,1
"PCTChangeGT0,PCDayChange-0.5to0.5,_HTGT3.0__LTGT1.5_,,,%%:sellDowntrend-lastDayUp-ReversalHighTail,",-3.462485588280185,2,0,2
"PCTChangeGT3,,,,checkBuyConsolidationBreakUp-2week,week2BarHighChangeGT0,",-0.7396696373598948,3,2,1
"PCTChangeLT-2,,,,VOL:sell(GLOBALFUTUP-GLOBALMARKETUP)Buy-UpVol-3dayDown-Week2High,##DOWNTREND:sellMonth3High(InDownTrend),##(Check-chart-buy):month3High-InMinus,NearHighMonth3,",-3.0434744698660863,1,0,1
"PCTChangeLT-16,_HTGT3.0__LTGT1.5_,,,##MANegative_Downtrend_(LT-4.5),##MA-SMA200LT0SMA100LT0,",3.240385789137618,2,1,0
"PCTChangeLT-3,_LTGT1.5_,,,volBuyVolumeUpsergedLast2n3DayUp,##ML:buyRisingMA-down-0,",-5.634383609303032,1,0,1
"PCTChangeGT5,year2Low,,,,volBuyContinueLast2DayUp-VolUp,",-10.920001220703124,1,0,1
"PCTChangeLT-5,_LTGT3.0_,,,volBuyReversalLast2DayDown-VolUp,",0.20912274022448557,1,1,0
"PCDCLT0PCTChangeGT1,PCDayChange-0.5to0.5,_HTGT3.0_,,,%%HLTF:maySellTail-tailGT2-allDayGT0,",8.656093906042726,1,1,0
"PCTChangeLT-3,,,,chisSell-smallUptrendReversal,chisBuyFinalContinue-(lastDayUp),",-4.759743430397712,1,0,1
"PCTChangeLT-2,year2High,,,,checkCupDown-upTrendLastDayDown-mayReversalBuy,%%HLTF-Last2DayMarketDown:(GLOBAL-UP)buyHighUpperTailPre1-Reversal-LastDayMarketDown,",1.439734867640904,1,1,0
"PCTChangeGT2,_HTGT1.5_,,,chisCheckConsolidationBreakout2WeekLT(4.5),",2.2687339235667814,1,1,0
"PCTChangeLT-2,_HTGT1.5__LTGT1.5_,,,chisDownTrend-Risky-nearHigh,##(Check-chart-buy):YearHigh-InMinus,ReversalHighYear,",0.35958486060573436,1,1,0
"PCTChangeGT5,_HTGT1.5_,,,##MAPositive_Uptrend(GT2),##MA-SMA200GT0SMA100GT0,##last3DayHighGT3-M3HGT0,",2.828631316229668,2,1,1
"PCTChangeGT0.5,_HTGT1.5__LTGT1.5__LTGTPCTDayChange_,,,chisSellDowningMA-(check5MinuteDownTrendAndSellDowntrend)-Already10DayDown,%%HLTF-Last2LowTail:(DOWNTREND)sellHighLowerTailPre-1,",2.1687722507911436,1,1,0
"PCTChangeLT-3,_HTGT1.5_,,,chisDownTrend-Risky-nearHigh,##(Check-chart-buy):YearHigh-InMinus,NearHighYear,",0.38362140101074343,1,1,0
"PCTChangeGT3,_HTGT1.5_,,,%%HLTF-Last2HighTail:(UPTREND)buy(DOWNTREND)sell:HighUpperTailPre-last2DayUp,chisBuyUpTrend-1-YearHigh,(GLOBALFUTUP-UPTRENDMARKET)checkBuyConsolidationBreakUp-week2-highNotReachedWeek3,week2BarHighChangeGT2,weekHighGTweek2High,brokenToday,",0.8209000772504663,1,1,0
"PCTChangeLT-3,_HTGT3.0__LTGT1.5_,,,(GLOBALFUTDOWN-DOWNTRENDMARKET)checkSellConsolidationBreakDown-week2-lowNotReachedWeek3,week2BarLowChangeLT0,##(Check-chart-buy):month3High-InMinus,ReversalHighMonth3,",-0.6161730157854692,1,0,1
"PCDCGT0PCTChangeLT-1,_LTGT1.5_,,,%%:checkSell:Super2,-+,##MA-SMA200LT0SMA100LT0,",-0.35368978171075593,2,1,1
"PCTChangeLT-3,,,,checkCupDown-2dayDown-mayReversalBuy,volumeUpsergedLast2n3n4DayUp,chisDownTrend-Risky-nearHigh,##DOWNTREND:sellYear2HighReversal(InDownTrend),##(Check-chart-buy):month3High-InMinus,ReversalHighMonth3,",-0.9956024505279844,1,0,1
"PCTChangeLT-2,,,,checkCupDown-near2WeekDown-mayReveresalBuy,(GLOBALFUTDOWN-DOWNTRENDMARKET)checkSellConsolidationBreakDown-week2-lowNotReachedWeek3,week2BarLowChangeLT0,chisDownTrend-Risky-nearHigh,##DOWNTREND:sellMonth6HighReversal(InDownTrend),##(Check-chart-buy):month3High-InMinus,ReversalHighMonth3,",-0.4336313749568255,1,0,1
"PCTChangeLT-3,_HTGT3.0__LTGT3.0_,,,##MAPositive_Uptrend(LT-4.5),##MA-SMA200GT0SMA100GT0,",3.6159621399368023,1,1,0
"PCTChangeLT-1,,,,chisSell:Super03-monthLow,(SMA9LT0),",-0.7883492062375895,1,0,1
"PCTChangeLT-2,_LTGT3.0_,,,chisSell-smallUptrendReversal,",-5.0000014128508425,1,0,1
"PCTChangeGT3,year2High,_HTGT3.0_,,,%%HLTF-Last2HighTail:(UPTREND)buy(DOWNTREND)sell:HighUpperTailPre-last2DayUp,",-0.7611039888177521,4,1,3
"PCTChangeGT2,_LTGT1.5_,,,chisBuyUpTrend-nearLow,",0.11049651675052614,6,4,2
"PCTChangeGT2,,,,chisUpTrend-Risky-nearLow,volBuyContinueLast2DayUp-VolUp,##UPTREND:buyYear2LowReversal(Confirm),",0.2914722637736636,1,1,0
"PCTChangeGT1,PCDayChange-0.5to0.5,_HTGT1.5_,,,%%:sellDowntrend-lastDayUp-ReversalHighTail,",0.35561150996519264,2,1,1
"PCTChangeLT-5,_LTGT1.5_,,,##MANegative_Downtrend_(LT-4.5),##MA-SMA200LT0SMA100LT0,##last2DayLow(LT-3)-M3LGT0,",2.5452147377779455,4,4,0
"PCTChangeLT-0.5,PCDayChange-0.5to0.5,,,,##ML:BuyRisingMA-Risky-2,",-0.19834912512913186,1,0,1
"PCTChangeGT2,,,,vol-sell-DownVol-3dayUp-Week2High,##MAPositive_Uptrend(GT2),##MA-SMA200LT0SMA100GT0,",1.7261450169166423,3,2,1
"PCTChangeLT-3,_LTGT1.5_,,,weekBarLowChangeLT-2,chisDownTrend-Risky-nearHigh,##(Check-chart-buy):month3High-InMinus,ReversalHighMonth3,",0.8635624297121299,1,1,0
"PCTChangeLT-2,_LTGT1.5_,,,buyMorningStar-HighLowerTail,##(Check-chart-buy):month3High-InMinus,ReversalHighMonth3,",1.869003295898431,1,1,0
"PCTChangeLT-3,_HTGT1.5__LTGT1.5_,,,##MANegative_Downtrend_(LT-2),##MA-SMA200LT0SMA100LT0,##DOWNTREND:sellYearLowBreak,##last2DayLow(LT-3)-M3LLT0,chisBuyDayLowVolLow-03-checkMorningTrend(.5SL)-after10:30,",1.2116023332076125,1,1,0
"PCTChangeGT2,,,,chisUpTrend-Risky-nearLow,volumeUpsergedLast2n3n4DayDown,chisCheckConsolidationBreakoutLT(4.5),(GLOBALFUTUP-UPTRENDMARKET)checkBuyConsolidationBreakUp-week2-highNotReachedWeek3,week2BarHighChangeGT0,chisSell-2week-breakoutup,##(Test)buyBottomReversal-1,",-1.8707482993197286,1,0,1
"PCTChangeGT3,year2High,_HTGT3.0__HTGTPCTDayChange_,,,volSellVolumeUpsergedLast2n3DayDown,volSellReversalLast2DayUp-VolUp,##last2DayHighGT3-M3HGT0,",-2.1757106803725264,1,0,1
"PCTChangeLT-2,,,,vol-buy-DownVol-3dayDown-Week2Low,##MANegative_Downtrend_(LT-2),##MA-SMA200LT0SMA100LT0,##DOWNTREND:sellYearLowBreak,",1.0697464157231067,3,2,1
"PCTChangeGT2,,,,volumeUpsergedLast2n3n4DayDown,chisCheckConsolidationBreakoutLT(4.5),##(Check-chart)buyMonth3High-Continue,",-1.3375738297828519,1,0,1
"PCTChangeGT2,_HTGT1.5__HTGTPCTDayChange_,,,volSellVolumeUpsergedLast2n3DayDown,chisCheckConsolidationBreakout2WeekLT(4.5),weekBarHighChangeGT2,",0.25041353482576095,1,1,0
"PCTChangeGT0.5,PCDayChange-0.5to0.5,,,,chisSellSMA4Reversal,",0.7274570354159713,9,7,2
"PCTChangeGT3,,,,volumeUpsergedLast2n3n4DayDown,checkBuyConsolidationBreakUp-month3HighLTMonth3Low,chisBuy-2week-breakoutup(check-chart)(|-|-| or --|),",-0.180346776271282,1,0,1
"PCTChangeLT-3,,,,checkCupDown-2dayDown-mayReversalBuy,##(check-chart)maySell-EMA6-MT-May-LT-EMA14,##ML:sellRisingMA-down-(Risky),",-7.489898363502244,1,0,1
"PCTChangeLT-8,_LTGT3.0_,,,VOL:sellAboveTail-BuyAtClose:upVol3dayDownWeek2Low-highLowerTail,##MANegative_Downtrend_(LT-4.5),##MA-SMA200LT0SMA100LT0,",-0.2618122784309354,3,1,2
"PCTChangeGT3,year2High,_LTGT1.5_,,,chisSellDayHighVolLow-01-checkMorningTrend(.5SL),",1.6341151565324088,1,1,0
"PCTChangeLT-5,_HTGT1.5__LTGT1.5_,,,weekBarLowChangeLT-5,",8.59832125228818,1,1,0
"PCTChangeGT3,,,,##(Check-chart-sell):month3Low-InPlus,ReversalLowMonth3,chisSell-2week-breakoutup,##UPTREND:buyMonth3LowReversal(Confirm),",5.339382671173169,1,1,0
"PCTChangeGT2,_HTGT1.5_,,,chisCheckConsolidationBreakoutLT(4.5),weekBarHighChangeGT2,brokenToday,",-2.235182718806249,1,0,1
"PCTChangeGT1,_HTGT1.5__LTGT1.5_,,,volBuyContinueLast2DayUp-VolUp,(GLOBALFUTUP-UPTRENDMARKET)checkBuyConsolidationBreakUp-week2-highNotReachedWeek3,week2BarHighChangeGT2,",0.3108244559884412,1,1,0
"PCTChangeLT-1,_HTGT1.5_,,,##(Check-chart-buy):YearHigh-InMinus,ReversalHighYear,",1.4487858834930971,2,2,0
"PCTChangeLT-1,,,,sellFinal1,chisDownTrend-Risky-nearHigh,##(Check-chart-buy):month3High-InMinus,ReversalHighMonth3,",2.2493917376604515,1,1,0
"PCTChangeGT2,_HTGT1.5_,,,##(Check-chart-sell):month3Low-InPlus,NearLowMonth3,volBuyContinueLast2DayUp-VolUp,##UPTREND:buyMonth6Low,",0.0,1,0,0
"PCTChangeGT3,_HTGT3.0_,,,##MAPositive_Uptrend(GT4.5),##MA-SMA200LT0SMA100GT0,",-0.5145241385875352,2,1,1
"PCTChangeLT-3,,,,chisDownTrend-Risky-nearHigh,##DOWNTREND:sellYearHighReversal(InDownTrend),##last2DayLow(LT-3)-M3LGT0,##(Check-chart-buy):month3High-InMinus,ReversalHighMonth3,",-0.6293454570707446,1,0,1
"PCTChangeLT-3,,,,##(check-chart)buyEMA6<EMA14,##(Check-chart-buy):month3High-InMinus,ReversalHighMonth3,",1.7475757784056516,1,1,0
"PCTChangeGT2,year2High,_HTGT1.5__HTGTPCTDayChange_,,,MaySellCheckChart-(IndexNotDownInSecondHalf),chisCheckConsolidationBreakoutLT(4.5),",-1.6942173981469486,1,0,1
"PCTChangeLT-5,_HTGT3.0__LTGT3.0_,,,chisSell-smallUptrendReversal,",-5.43578261629157,1,0,1
"PCTChangeLT-3,_LTGT1.5_,,,##sellTenDaysMoreThanTen,",-2.879235328583838,4,1,3
"PCTChangeGT1,,,,chisBuyUpTrend-nearLow,##UPTREND:buyYearLowReversal(Confirm),",3.91566265060241,1,1,0
"PCTChangeGT3,_LTGT1.5_,,,##RisingMA(Test)(check-chart-buy)-1DayUp,",-0.9724961123126947,4,1,3
"PCDCLT0PCTChangeGT0,_LTGT3.0_,,,%%HLTF-Last2DayMarketUp:(GLOBAL-DOWN)sellHighLowerTail-Reversal-LastDayMarketUp,##MAPositive_Uptrend(LT0),##MA-SMA200GT0SMA100GT0,",-2.7756954921056756,1,0,1
"PCTChangeGT1,_HTGT1.5__HTGTPCTDayChange_,,,(Test)(check-chart-2-3MidCapCross)MaySellCheckChart-Risky,MaySellCheckChart-(IndexNotDownInSecondHalf),weekBarHighChangeGT0,",-0.8049872901540162,1,0,1
"PCTChangeLT-3,,,,volSellContinueLast2DayDown-VolUp,chisSellDownTrend-nearHigh,##(Check-chart-buy):month3High-InMinus,NearHighMonth3,",0.13105731440921975,4,2,2
"PCTChangeGT3,,,,weekBarHighChangeGT0,brokenToday,chis-breakoutup-2week,chisSell-2week-breakoutup,",3.562838861851108,1,1,0
"PCTChangeGT0,PCDayChange-0.5to0.5,,,,%%:checkSell:Super0,",-2.1584427342688914,1,0,1
"PCTDayChangeLT0,_HTGT1.5__LTGT1.5__HTGTPCTDayChange__LTGTPCTDayChange_,,,chisBuyMay5DayFloorReversal,",-1.0323558134191146,1,0,1
"PCTChangeLT-0.5,_HTGT1.5__LTGT1.5_,,,%%HLTF:(UPTREND-MorningTrend-UP)mayBuyTail-highTailGT2-7,10thDayGT10-Last2DayStockDown,##buyYear2LowMovingSMA,",2.7306451304321944,1,1,0
"PCTChangeLT-3,_LTGT1.5_,,,chisSell:Super03-monthLow,",0.9378729402235773,2,1,1
"PCTChangeLT-1,PCDayChange-0.5to0.5,_HTGT3.0_,,,%%HLTF:(UPTREND-GLOBAL/SGX-UP)BuyHighUpperTail-Reversal-7,10thDayGT15-LastDayMarketDown,##MAPositive_Uptrend(LT0),##MA-SMA200LT0SMA100GT0,",3.8267372522215646,1,1,0
"PCTChangeGT2,year2High,_LTGT1.5_,,,%%HLTF:(SGXNIFTYUP)buyHighLowerTail-Continue,weekBarHighChangeGT2,",-0.7433823277424059,1,0,1
"PCTChangeLT-2,_LTGT1.5_,,,##(Check-chart-buy):month3High-InMinus,ReversalHighMonth3,",0.18990693610418435,22,11,11
"PCTChangeLT-2,,,,(GLOBALFUTDOWN-DOWNTRENDMARKET)checkSellConsolidationBreakDown-week2-lowNotReachedWeek3,week2BarLowChangeLT0,##DOWNTREND:sellYear2HighReversal(InDownTrend),##(Check-chart-buy):YearHigh-InMinus,ReversalHighYear,",-0.4195904293062085,8,3,5
"PCTChangeGT3,,,,zigZagVolCrossedFromDown,chisBuy-2week-breakoutup(check-chart)(|-|-| or --|),",0.8756206870213811,2,1,1
"PCTChangeLT-1,_LTGT1.5_,,,(Test)MayBuy-CheckChart(upTrend-lastDayDown),##ML:BuyRisingMA-Risky-1,",1.4758637526939675,1,1,0
"PCTChangeGT1,_HTGT1.5_,,,$$(DOWNTREND-OR-GLOBALDOWN)MaySellContinue-CheckChart(inuptrend-monthlow)-highTail,",-2.058822033452053,1,0,1
"PCTChangeLT-1,_LTGT1.5_,,,chisDownTrend-Risky-nearHigh,MayBuyCheckChart-(IndexNotUpInSecondHalf),##(Check-chart-buy):YearHigh-InMinus,ReversalHighYear,",-0.45141633113746393,1,0,1
"PCTChangeGT1,_HTGT1.5__HTGTPCTDayChange_,,,%%HLTF-Last2HighTail:(UPTREND)buy(DOWNTREND)sell:HighUpperTailPre-last2DayUp,(Test)MaySellCheckChart-last3DayUp,MaySellCheckChart-(IndexNotDownInSecondHalf),$$MaySell-CheckChart(downTrend-mayReverseLast4DaysUp),",-0.9408602150537639,2,0,1
"PCTChangeLT-1,_HTGT1.5__LTGT3.0__LTGTPCTDayChange_,,,volSellContinueLast2DayDown-VolUp,chisDownTrend-Risky-nearHigh,",-2.749340176744883,1,0,1
"PCTChangeGT0.5,,,,chisSellFlagWeek-doji-Risky,",-0.9438003254591628,11,2,9
"PCTChangeLT-1,_HTGT3.0__HTGTPCTDayChange_,,,##(Check-chart-buy):month3High-InMinus,NearHighMonth3,",-0.23902783014719212,1,0,1
"PCTChangeGT1,,,,buyPatternsML,buyPattern-GT1.5-SMAGT0,(SMA9GT0),",1.2358730391824488,12,10,2
"PCTChangeGT2,_HTGT1.5_,,,(Test)MaySell-CheckChart(downTrend-lastDayUp),zigZagVolCrossedFromDown,",9.435998457000915,1,1,0
"PCTChangeGT8,year2Low,_LTGT3.0_,,,volumeUpsergedLast2n3n4DayDown,",-3.6678085208110716,1,0,1
"PCTChangeLT-2,,,,checkCupDown-inDownTrend-month3HighLTmonth3Low,bar_low,chisSellFinalCandidate-(lastDayUp),chisSellUpTrend-Risky-1,",-0.43091056334927086,1,0,1
"PCTChangeGT1,year2High,_HTGT1.5_,,,MaySellCheckChart-(IndexNotDownInSecondHalf),volBuyContinueLast2DayUp-VolUp,weekBarHighChangeGT0,brokenToday,",22.084435938530678,1,1,0
"PCTChangeGT8,year2High,_HTGT1.5_,,,%%HLTF-Last2HighTail:(UPTREND)buy(DOWNTREND)sell:HighUpperTailPre-last2DayUp,##last2DayHighGT3-M3HGT0,",0.41313739269185307,1,1,0
"PCTChangeGT1,,,,chisBuyUpTrend-nearLow,chisBuyYearHigh-1,",-0.9157868049405297,1,0,1
"PCTChangeGT0,year2High,_HTGT1.5__HTGTPCTDayChange_,,,(Test)(check-chart-2-3MidCapCross)MaySellCheckChart-Risky,shortUpTrendSellReversal-Month3High-Doji-Last2DayGTToday,",4.177549420671669,1,1,0
"PCTChangeLT-3,_HTGT1.5_,,,weekBarLowChangeLT-2,brokenToday,##DOWNTREND:sellYearLowBreak,",-0.16539861733054634,1,0,1
"PCTChangeLT-2,,,,chisSell:Super03-monthLow,##ML:buyRisingMA-down-Risky,",4.098713756119228,1,1,0
"PCTChangeLT-1,_HTGT1.5__LTGT3.0_,,,volBuyReversalLast2DayDown-VolUp,",-0.5908970648687729,1,0,1
"PCTChangeLT-1,,,,volBuyReversalLast2DayDown-VolDown,(GLOBALFUTDOWN-DOWNTRENDMARKET)checkSellConsolidationBreakDown-week2-lowNotReachedWeek3,week2BarLowChangeLT-2,weekLowLTweek2Low,chisDownTrend-Risky-nearHigh,##(Check-chart-buy):month3High-InMinus,ReversalHighMonth3,",-0.708307371549078,1,0,1
"PCTChangeGT2,_HTGT1.5_,,,##(Check-chart-sell):month3Low-InPlus,ReversalLowMonth3,chisUpTrend-Risky-nearLow,volumeUpsergedLast2n3n4DayDown,chisCheckConsolidationBreakoutLT(4.5),chisSell-2week-breakoutup,##UPTREND:buyMonth3LowReversal(Confirm),",1.5647503969480583,1,1,0
"PCTChangeLT-2,_HTGT1.5_,,,%%:checkSell:Flag2Week,volSellContinueLast2DayDown-VolUp,##ML:buyRisingMA-down-Risky,",-6.069021293666867,1,0,1
"PCTChangeLT-0.5,,,,##MAPositive_Uptrend(LT0),##MA-SMA200GT0SMA100GT0,",-0.1590171301906046,4,1,3
"PCTChangeLT-1,_LTGT3.0_,,,##MANegative_Downtrend_(LT-1),##MA-SMA200LT0SMA100LT0,$$MayBuy-CheckChart(downTrend-mayReverseLast4DaysDown),buyMorningStar-(checkChart),",-0.0822896524013406,1,0,1
"PCTChangeLT-3,,,,##(Check-chart-buy):YearHigh-InMinus,NearHighYear,",-0.16976894885917598,17,10,7
"PCTChangeLT-3,year2Low,,,,vol-buy-DownVol-3dayDown-Week2Low,",-0.13247860667210773,6,3,3
"PCTChangeGT3,_HTGT1.5_,,,weekBarHighChangeGT2,##MAPositive_Uptrend(GT2),##MA-SMA200LT0SMA100LT0,",0.04397805901487806,1,1,0
"PCTChangeGT3,_HTGT1.5_,,,##(Check-chart-sell):month3Low-InPlus,BreakLowMonth3,",0.15542628317639262,2,1,1
"PCTChangeLT-3,_HTGT1.5__LTGT1.5__HTGTPCTDayChange_,,,%%HLTF:maySellTail-tailGT2-7,10thDayGT20,##MAPositive_Uptrend(LT-2),##MA-SMA200GT0SMA100GT0,",-2.5677585756926105,1,0,1
"PCTChangeLT-2,,,,volumeUpsergedLast2n3n4DayUp,(GLOBALFUTDOWN-DOWNTRENDMARKET)checkSellConsolidationBreakDown-week2-lowNotReachedWeek3,week2BarLowChangeLT0,weekLowLTweek2Low,",0.4892571842833438,3,2,1
"PCTChangeGT2,,,,chisBuyDownTrend-Risky-2,",-0.2822448589290718,23,9,14
"PCTChangeLT-1,_HTGT1.5__HTGTPCTDayChange_,,,%%HLTF-Last2HighTail:(DOWNTREND)sell(UPTREND)buy:HighUpperTailPre,volBuyReversalLast2DayDown-VolUp,",-1.114528356835225,1,0,1
"PCTChangeLT-2,_LTGT1.5_,,,##sellTenDaysMoreThanTen,##MAPositive_Uptrend(LT-2),##MA-SMA200GT0SMA100GT0,",-1.5159121402405558,4,1,3
"PCTChangeGT0,PCDayChange-0.5to0.5,_LTGT3.0_,,,buyPatternsML,",2.1422900741906394,1,1,0
"PCTChangeGT5,_HTGT1.5__LTGT3.0_,,,##MAPositive_Uptrend(GT4.5),##MA-SMA200LT0SMA100LT0,##last2DayHighGT3-M3HLT0,",2.5321543408360196,1,1,0
"PCTChangeLT-2,,,,checkCupDown-2dayDown,",1.3779206139160116,15,12,3
"PCTChangeGT1,,,,weekBarHighChangeGT0,chisFinalBreakOutBuyContinue-1-test-atYearLow,chisFinalBreakOutBuyContinue-0-test-atYearLow,",-0.5393244711200909,1,0,1
"PCTChangeLT-2,_HTGT1.5_,,,checkCupDown-2dayDown-mayReversalBuy,",1.3217045912312826,2,1,1
"PCTChangeLT-5,_LTGT1.5_,,,##MANegative_Downtrend_(LT-4.5),##MA-SMA200GT0SMA100GT0,##last2DayLow(LT-3)-M3LGT0,",3.2035964691710404,1,1,0
"PCTChangeGT2,_LTGT1.5_,,,##MAPositive_Uptrend(GT1),##MA-SMA200LT0SMA100GT0,",1.9470507507857095,2,1,1
"PCTChangeGT5,year2High,_HTGT1.5_,,,VOL:sell-UpVol-3dayUp-Week2High,",-1.6276592043886,3,0,3
"PCTChangeLT-12,_HTGT1.5_,,,maySellHighVolatileDownContinueLT-8,chisSell-smallUptrendReversal,",-0.1578963430304174,1,0,1
"PCTChangeLT-5,_HTGT1.5__LTGT1.5_,,,%%:checkSell:Flag2Week,VOL:buy-DownVol-3dayDown-Week2High,",-3.1199977708899302,1,0,1
"PCTChangeGT5,_LTGT1.5_,,,%%HLTF-Risky:(GLOBAL-DOWN)sellHighLowerTail-Reversal-LastDayMarketUp,volBuyContinueLast2DayUp-VolUp,##MAPositive_Uptrend(GT4.5),##MA-SMA200GT0SMA100GT0,",-4.265304876833538,1,0,1
"PCTChangeLT-8,_HTGT3.0__LTGT1.5_,,,##MANegative_Downtrend_(LT-4.5),##MA-SMA200GT0SMA100GT0,",-13.955356052943635,1,0,1
"PCTChangeLT-3,_LTGT1.5_,,,weekBarLowChangeLT-2,##last2DayLow(LT-3)-M3LGT0,",0.7969680473619588,1,1,0
"PCTChangeGT2,_HTGT1.5__HTGTPCTDayChange_,,,%%HLTF-Last2HighTail:(UPTREND)buy(DOWNTREND)sell:HighUpperTailPre-last2DayUp,%%HLTF:maySellTail-tailGT2-7,10thDayGT20,",12.340582574371716,1,1,0
"PCTChangeLT-2,_HTGT1.5__LTGT1.5_,,,%%checkCupDown-2dayDown-continue,",-1.6904761904761991,1,0,1
"PCTChangeLT-8,_LTGT1.5_,,,chisDownTrend-Risky-nearHigh,##last2DayLow(LT-3)-M3LGT0,chisSellDayLowVolLow-0,",-3.30253759652858,1,0,1
"PCTChangeGT3,,,,volumeUpsergedLast2n3n4DayDown,volBuyContinueLast2DayUp-VolUp,",-0.2056858701150175,28,11,16
"PCTChangeLT-1,_LTGT3.0_,,,chisBuyYear2Low,",4.266662597656257,1,1,0
"PCTChangeLT-5,,,,chisDownTrend-Risky-nearHigh,##last2DayLow(LT-3)-M3LGT0,",-3.715304379572593,3,0,3
"PCTChangeLT-5,_LTGT1.5_,,,volSellContinueLast2DayDown-VolUp,(GLOBALFUTDOWN-DOWNTRENDMARKET)checkSellConsolidationBreakDown-week2-lowNotReachedWeek3,week2BarLowChangeLT0,",3.177996607023495,1,1,0
"PCTChangeGT3,_HTGT1.5_,,,MaySellCheckChart-(IndexNotDownInSecondHalf),weekBarHighChangeGT2,",1.7497960743969803,1,1,0
"PCTChangeGT2,_HTGT1.5_,,,##MAPositive_Uptrend(GT2),##MA-SMA200LT0SMA100GT0,",-1.195934125694385,4,1,3
"PCTChangeGT2,,,,chisBuyUpTrend-1-YearHigh,chisUpTrend-Risky-nearLow,(GLOBALFUTUP-UPTRENDMARKET)checkBuyConsolidationBreakUp-week2-highNotReachedWeek3,week2BarHighChangeGT2,brokenToday,chisBuy-2week-breakoutup(check-chart)(|-|-| or --|),chisSell-2week-breakoutup,",-1.812496185302739,1,0,1
"PCTChangeGT2,,,,volumeUpsergedLast2n3n4DayDown,checkBuyConsolidationBreakUp-2week,week2BarHighChangeGT0,weekHighGTweek2High,brokenToday,",-0.24380050745536944,1,0,1
"PCTChangeLT-0.5,PCDayChange-0.5to0.5,year2High,_HTGT1.5_,,,%%HLTF-Last2HighTail:(DOWNTREND)sellHighUpperTailPre,%%HLTF-LastDayUp:(DOWNTREND-OR-GLOBALDOWN)MaySellHighTail-LastDayMarketUp,",-0.6624984741210893,1,0,1
"PCTChangeGT2,,,,sellHeavyUpTrend-Reversal-(Risky),",-1.0496423599567923,1,0,1
"PCTChangeLT-1,,,,%%:checkSell:Super01-monthLow,volSellContinueLast2DayDown-VolUp,",1.658960807932146,4,2,2
"PCTDayChangeLT0,_LTGT1.5_,,,(Test)(check-chart-2-3MidCapCross)MayBuyCheckChart-Risky,(Test)MayBuy-CheckChart(upTrend-lastDayDown),##buyYear2LowMovingSMA,",2.041906323665076,1,1,0
"PCTChangeGT3,_HTGT3.0_,,,chisCheckConsolidationBreakout2WeekLT(4.5),",-1.964141845262225,1,0,1
"PCTChangeGT5,,,,(GLOBALFUTUP-UPTRENDMARKET)checkBuyConsolidationBreakUp-week2-highNotReachedWeek3,week2BarHighChangeGT5,",2.77981539385034,1,1,0
"PCTChangeLT-1,PCDayChange-0.5to0.5,_HTGT1.5__LTGT1.5_,,,shortDownTrendBuyReversal-Month3Low-Doji-Last2DayLTToday,",1.6345695685630428,1,1,0
"PCDCGT0PCTChangeLT-1,PCDayChange-0.5to0.5,_HTGT3.0__LTGT3.0_,,,##ML:buyRisingMA-down-0,",0.06474808466815717,1,1,0
"PCTChangeLT-1,_HTGT3.0__HTGTPCTDayChange_,,,zigZagVolCrossedFromUp,",-1.3771237713776632,2,0,2
"PCTChangeLT-1,_HTGT3.0__HTGTPCTDayChange_,,,%%HLTF:maySellTail-tailGT2-7,10thDayGT20,##(Test):buyRisingMA-uptrend-SMA25gt0,",-9.439834024896257,1,0,1
"PCDCLT0PCTChangeGT0,PCDayChange-0.5to0.5,year2High,_HTGT1.5_,,,%%HLTF-Last2HighTail:(DOWNTREND)sellHighUpperTailPre,%%HLTF-LastDayUp:(DOWNTREND-OR-GLOBALDOWN)MaySellHighTail-LastDayMarketUp,",-2.8554151985740264,1,0,1
"PCTChangeGT3,,,,volumeUpsergedLast2n3n4DayDown,(GLOBALFUTUP-UPTRENDMARKET)checkBuyConsolidationBreakUp-week2-highNotReachedWeek3,week2BarHighChangeGT2,brokenToday,##(check-chart)mayBuy-EMA6-LT-May-MT-EMA14,",2.175037190827785,1,1,0
"PCTChangeLT-8,,,,maySellHighVolatileDownContinueLT-8,##(Test)(Check-chart):year2Low-InMinus,",0.20263888938274496,1,1,0
"PCTChangeGT2,,,,shortUpTrendSellReversal-MonthHigh,(GLOBALFUTUP-UPTRENDMARKET)checkBuyConsolidationBreakUp-week2-highNotReachedWeek3,week2BarHighChangeGT2,weekHighGTweek2High,",1.3017144181861466,1,1,0
"PCTChangeGT3,year2High,,,,volumeUpsergedLast2n3n4DayDown,weekBarHighChangeGT2,##last2DayHighGT3-M3HGT0,",-1.5229575150437027,1,0,1
"PCTChangeGT0,PCDayChange-0.5to0.5,year2High,,,,(SMA9GT0),",0.6480688412707011,1,1,0
"PCTChangeGT2,_HTGT3.0__HTGTPCTDayChange_,,,chisSellFinalContinue-(lastDayDown)-1,##buyTenDaysLessThanMinusTen,",0.14296565579115145,1,1,0
"PCTChangeLT-3,_HTGT1.5__LTGT3.0__HTGTPCTDayChange__LTGTPCTDayChange_,,,chisSell-smallUptrendReversal,",-4.970147431786381,1,0,1
"PCTChangeGT2,year2Low,_HTGT1.5__LTGT1.5_,,,chisSellYear2LowLT-40-last4DayDown(triggerAfter-9:15),",2.379069653103406,1,1,0
"PCTChangeGT0,_HTGT1.5__HTGTPCTDayChange_,,,(Test)(check-chart-2-3MidCapCross)MaySellCheckChart-Risky,##RisingMA(check-chart-sell)-MaySellCheckChart,",-0.10014869869728255,1,0,1
"PCTChangeLT-0.5,year2Low,_HTGT1.5_,,,%%HLTF-Last2HighTail:(DOWNTREND)sellHighUpperTailPre-1,",1.3771850989814272,1,1,0
"PCTChangeLT-2,,,,weekBarLowChangeLT-2,chisDownTrend-Risky-nearHigh,##DOWNTREND:sellYear2HighReversal(InDownTrend),",0.6290132831514788,5,3,2
"PCTChangeGT3,,,,(GLOBALFUTUP-UPTRENDMARKET)checkBuyConsolidationBreakUp-week2-highNotReachedWeek3,week2BarHighChangeGT2,weekHighGTweek2High,chisSell-2week-breakoutup,##(check-chart)mayBuy-EMA6-LT-May-MT-EMA14,",-2.3092349994556214,1,0,1
"PCTChangeGT5,,,,volBuyContinueLast2DayUp-VolUp,##MAPositive_Uptrend(GT4.5),##MA-SMA200LT0SMA100LT0,",-0.9594315467833794,1,0,1
"PCTChangeLT-2,_LTGT1.5_,,,mayBuyFromSellPattern-GT1.8,##MA-SMA200LT0SMA100LT0,",3.8205112555088196,1,1,0
"PCTChangeLT-1,_LTGT1.5_,,,chisSellFinalCandidate-3,",-0.47938576722756676,1,0,1
"PCTChangeLT-3,_LTGT1.5_,,,chisDownTrend-Risky-nearHigh,##(check-chart)buyEMA6<EMA14,##(Check-chart-buy):YearHigh-InMinus,ReversalHighYear,",-2.3083535000023727,1,0,1
"PCDCLT0PCTChangeGT1,PCDayChange-0.5to0.5,_HTGT1.5__LTGT1.5_,,,##MAPositive_Uptrend(LT0),##MA-SMA200LT0SMA100GT0,",-0.20528940054086756,1,0,1
"PCTChangeGT2,year2High,_LTGT1.5_,,,%%HLTF:(GLOBAL-DOWN)sellHighLowerTail-Reversal-LastDayMarketUp,",-2.178536569061522,3,0,3
"PCTChangeLT-5,_HTGT1.5__HTGTPCTDayChange_,,,chisSellDownTrend-nearHigh,",-2.3915478191176667,1,0,1
"PCDCLT0PCTChangeGT5,_HTGT3.0__LTGT3.0_,,,chisSellLastDayHighUpReversal,",13.366677711277392,2,1,1
"PCTChangeLT-2,_LTGT1.5_,,,weekBarLowChangeLT-2,brokenToday,##(Check-chart-buy):month3High-InMinus,ReversalHighMonth3,",0.2949770835621714,1,1,0
"PCTChangeGT12,_LTGT1.5_,,,VOL:sell-DownVol-3dayUp-Week2Low,",-1.654095040655211,1,0,1
"PCTChangeGT2,,,,chisUpTrend-Risky-nearLow,chisCheckConsolidationBreakoutLT(4.5),checkBuyConsolidationBreakUp-2week,week2BarHighChangeGT2,weekHighGTweek2High,##ML:sellRisingMAuptrend-1,##UPTREND:buyYear2LowReversal(Confirm),",-0.2357575122351274,1,0,1
"PCTDayChangeLT0,_LTGT1.5_,,,(Test)MayBuy-CheckChart(upTrend-lastDayDown),##MA-SMA200GT0SMA100LT0,",-2.0366554595857864,1,0,1
"PCTChangeGT3,,,,vol-sell-DownVol-3dayUp-Week2High,##MAPositive_Uptrend(GT1),##MA-SMA200LT0SMA100GT0,",-3.004504357687195,1,0,1
"PCTChangeGT0.5,,,,volSellReversalLast2DayUp-VolDown,",-0.2515910715416567,12,5,7
"PCTChangeGT8,year2High,_LTGT3.0_,,,%%HLTF-Risky:(GLOBAL-DOWN)sellHighLowerTail-Reversal-LastDayMarketUp,volBuyContinueLast2DayUp-VolUp,",-6.3838396168718505,1,0,1
"PCDCGT0PCTDayChangeLT0,_HTGT1.5__HTGTPCTDayChange_,,,(SMA9LT0),",-0.0579680438216027,3,2,1
"PCTDayChangeLT0,PCDayChange-0.5to0.5,_HTGT1.5_,,,buyYearHigh-0,",-0.12585821835006672,18,8,9
"PCTChangeLT-2,_HTGT1.5_,,,%%HLTF-Last2HighTail:(DOWNTREND)sell(UPTREND)buy:HighUpperTailPre,",0.004868452060082203,3,1,2
"PCTChangeLT-3,,,,checkCupDown-near2WeekDown-mayReveresalBuy,(GLOBALFUTDOWN-DOWNTRENDMARKET)checkSellConsolidationBreakDown-week2-lowNotReachedWeek3,week2BarLowChangeLT0,chisDownTrend-Risky-nearHigh,##DOWNTREND:sellMonth3HighReversal(InDownTrend),##(Check-chart-buy):month3High-InMinus,ReversalHighMonth3,",-3.0198741864113696,1,0,1
"PCTChangeGT8,,,,##last2DayHighGT3-M3HGT0,",-0.42033108493146604,1,0,1
"PCTChangeGT2,year2High,,,,%%HLTF:(GLOBAL-SGX-DOWN)maySellTail-2,3,4thDayGT0,",-2.677832165160969,2,0,2
"PCTChangeGT3,_HTGT1.5_,,,##UPTREND:buyYearLowReversal(Confirm),",-0.6849334839238651,1,0,1
"PCTChangeGT3,_LTGT1.5_,,,chisBuyDownTrend-lowTail,",0.17555025512356104,3,2,1
"PCTChangeLT-1,_LTGT3.0_,,,##(Check-chart-buy):month3High-InMinus,BreakHighMonth3,",0.9285051067780831,1,1,0
"PCTChangeGT3,_HTGT1.5_,,,##MANegative_Downtrend_(GT2),##MA-SMA200LT0SMA100LT0,volSellReversalLast2DayUp-VolDown,##buyTenDaysLessThanMinusTen,",0.2884944555869624,1,1,0
"PCTChangeLT-2,,,,VOL:buy-DownVol-3dayDown-Week2High,chisSellUpTrend-Risky-2,",3.236548117765614,1,1,0
"PCTChangeGT2,PCDayChange-0.5to0.5,,,,##MA-SMA200GT0SMA100GT0,",-1.2159426327456906,2,0,2
"PCTChangeGT2,,,,volSellVolumeUpsergedLast2n3DayDown,chisCheckConsolidationBreakout2WeekLT(4.5),",-3.0480664979165826,2,0,2
"PCTChangeLT-2,,,,checkCupDown-3dayDown-mayReversalBuy,chisBuyMay5DayFloorReversal,volBuyRevarsalVolCrossed,",-3.1481526911532534,1,0,1
"PCTChangeLT-2,_LTGT1.5_,,,chisSell:Super03-monthLow,",-3.560329562255128,1,0,1
"PCTChangeGT3,_HTGT1.5_,,,chisSell-2week-breakoutup,",-2.7681034724608327,3,0,3
"PCTChangeLT-0.5,_HTGT1.5__HTGTPCTDayChange_,,,##(Test)buyBottomReversal-0,",0.0343287898948081,2,1,1
"PCDCLT0PCTChangeGT0,_HTGT1.5__HTGTPCTDayChange__LTGTPCTDayChange_,,,%%HLTF-Last2HighTail:(DOWNTREND)sellHighUpperTailPre,",-2.7710128723035448,1,0,1
"PCTChangeGT1,PCDayChange-0.5to0.5,_LTGT3.0_,,,buyPatternsML,",3.189180811373256,1,1,0
"PCTChangeLT-5,,,,sellPatternsML,sellPatterns-LT-1.5-SMALT0,(SMA9LT0),",-1.8173100398137003,1,0,1
"PCTChangeGT1,_HTGT3.0__HTGTPCTDayChange_,,,zigZagVolCrossedFromDown,##MAPositive_Uptrend(GT2),##MA-SMA200GT0SMA100GT0,",-0.7964615273264657,1,0,1
"PCTChangeGT1,,,,weekBarHighChangeGT0,chisBuyYearHigh-3,",-0.1504886305778744,4,3,1
"PCTChangeLT-3,_LTGT1.5_,,,volSellContinueLast2DayDown-VolUp,chisDownTrend-Risky-nearHigh,##(Check-chart-buy):month3High-InMinus,BreakHighMonth3,",-0.21398220990586414,1,0,1
"PCTChangeGT3,,,,##(Check-chart-sell):month3Low-InPlus,ReversalLowMonth3,weekBarHighChangeGT0,brokenToday,##UPTREND:buyMonth3LowReversal(Confirm),",1.3754203652912727e-14,1,1,0
"PCTChangeGT2,_LTGT1.5_,,,volSellVolumeUpsergedLast2n3DayDown,volBuyContinueLast2DayUp-VolUp,",-3.765938855882431,1,0,1
"PCTChangeGT2,_HTGT3.0__HTGTPCTDayChange_,,,##UPTREND:buyYearLowReversal(Confirm),",-0.9567920072579096,1,0,1
"PCTChangeLT-1,PCDayChange-0.5to0.5,_LTGT1.5_,,,%%:checkSell:CupDownDoji-last2lastDayLT0orTodayGT0,",4.5769207294170675,1,1,0
"PCTChangeLT-3,_LTGT1.5_,,,##MANegative_Downtrend_(LT-2),##MA-SMA200GT0SMA100LT0,##DOWNTREND:sellMonth3LowBreak,##last2DayLow(LT-3)-M3LLT0,",2.3241917911535617,1,1,0
"PCTChangeLT-1,_HTGT3.0__HTGTPCTDayChange_,,,weekBarLowChangeLT0,brokenToday,",0.6392292549815423,1,1,0
"PCTDayChangeLT0,_LTGT1.5_,,,%%HLTF:(GLOBAL-UP)buyHighLowerTail-StockInUptrend,chisSellDownTrend-nearHigh,",1.7759808131544443,1,1,0
"PCTChangeGT0.5,PCDayChange-0.5to0.5,_HTGT1.5__LTGT3.0_,,,##MANegative_Downtrend_(GT0),##MA-SMA200LT0SMA100LT0,",4.905699407551692,2,2,0
"PCTChangeLT-3,_HTGT1.5_,,,%%HLTF:maySellTail-tailGT2-7,10thDayGT0,volumeUpsergedLast2n3n4DayUp,VOL:sell(GLOBALFUTUP-GLOBALMARKETUP)Buy-UpVol-3dayDown-Week2High,chisSellDownTrend-nearHigh,##(Check-chart-buy):month3High-InMinus,NearHighMonth3,",5.156254768371574,1,1,0
"PCTChangeGT2,_HTGT1.5_,,,%%HLTF-Last2HighTail:(UPTREND)buy(DOWNTREND)sell:HighUpperTailPre-last2DayUp,%%HLTF-Risky9:30:maySellTail-tailGT2-7,10thDayGT15,%%:sellUpTrend-month3High,",3.6292788578659514,1,1,0
"PCTDayChangeLT0,PCDayChange-0.5to0.5,_HTGT3.0__LTGT1.5_,,,##buyYear2LowMovingSMA,",5.771497571039861,1,1,0
"PCTChangeGT5,,,,chisSellYear2LowLT-40-last3DayDown(triggerAfter-9:15),(GLOBALFUTUP-UPTRENDMARKET)checkBuyConsolidationBreakUp-week2-highNotReachedWeek3,week2BarHighChangeGT0,brokenToday,",0.38542913514088095,1,1,0
"PCTChangeGT3,_LTGT1.5_,,,weekBarHighChangeGT2,##MAPositive_Uptrend(GT2),##MA-SMA200GT0SMA100GT0,",1.7425901185990331,1,1,0
"PCTChangeLT-2,,,,volSellVolumeUpsergedLast2n3DayUp,##(Check-chart-buy):YearHigh-InMinus,ReversalHighYear,",1.3225813264826374,1,1,0
"PCTDayChangeLT0,PCDayChange-0.5to0.5,_LTGT1.5_,,,shortDownTrendSellContinue-Doji-Last2DayLTToday,buyPatternsML,",2.1444192428029614,1,1,0
"PCTChangeGT2,,,,volSellReversalLast2DayUp-VolDown,weekBarHighChangeGT2,chisSell-2week-breakoutup,",0.03339143155134817,1,1,0
"PCTChangeGT5,,,,weekBarHighChangeGT2,brokenToday,",0.9537820828692207,44,26,17
"PCTChangeGT3,,,,checkBuyConsolidationBreakUp-2week,week2BarHighChangeGT2,weekHighGTweek2High,brokenToday,chisSell-2week-breakoutup,",-2.555161880004449,1,0,1
"PCTChangeGT0.5,_HTGT1.5_,,,chisBuyUpTrend-nearLow,",-0.3139044352050958,2,1,1
"PCTChangeGT8,,,,##last2DayHighGT3-M3HLT0,",1.7454975524736955,2,2,0
"PCTChangeGT2,_HTGT1.5__HTGTPCTDayChange_,,,%%HLTF:(DOWNTREND-OR-GLOBALDOWN)maySellTail-tailGT2-2,3,4thDayGT0,chisUpTrend-Risky-nearLow,##RisingMA(check-chart-sell)-MaySellCheckChart,",-6.338594446342259,1,0,1
"PCDCLT0PCTChangeGT0,_HTGT1.5__LTGT3.0__HTGTPCTDayChange__LTGTPCTDayChange_,,,%%HLTF:(GLOBAL-DOWN)sellHighLowerTail-Reversal-LastDayMarketUp,",3.9304465470488656,2,2,0
"PCTChangeLT-3,,,,volumeUpsergedLast2n3n4DayUp,chisSellDownTrend-nearHigh,##DOWNTREND:sellMonth3HighReversal(InDownTrend),##(Check-chart-buy):month3High-InMinus,ReversalHighMonth3,",-0.4016050211582375,1,0,1
"PCTChangeLT-0.5,PCDayChange-0.5to0.5,,,,shortDownTrendBuyReversal-Month3Low-Doji-Last2DayLTToday,",-0.5211753571266543,3,1,2
"PCTDayChangeLT0,,,,chisSell-smallUptrendReversal,",-0.6119057160611419,18,7,11
"PCTChangeLT-2,,,,checkSellConsolidationBreakDown-2week,week2BarLowChangeLT0,weekLowLTweek2Low,chisDownTrend-Risky-nearHigh,##(Check-chart-buy):YearHigh-InMinus,ReversalHighYear,",-1.7279582784569874,2,0,2
"PCTChangeGT1,year2High,_HTGT3.0_,,,chisSellEveningStar-2(Check2-3MidCapCross),shortUpTrendSellReversal-Month3High-Doji-Last2DayGTToday,",0.4585645475440273,1,1,0
"PCTChangeLT-3,,,,checkCupDown-inDownTrend-month3HighLTmonth3Low,bar_low,volBuyReversalLast2DayDown-VolDown,##(Check-chart-buy):month3High-InMinus,ReversalHighMonth3,",-5.297871041805189,1,0,1
"PCTChangeLT-3,_LTGT1.5_,,,##DOWNTREND:sellYear2HighReversal(InDownTrend),##(Check-chart-buy):YearHigh-InMinus,ReversalHighYear,",-0.23511492456684024,3,2,1
"PCTChangeLT-5,_HTGT3.0__LTGT3.0_,,,##MANegative_Downtrend_(LT-4.5),##MA-SMA200LT0SMA100LT0,",-13.592412019931139,3,0,3
"PCTChangeLT-3,,,,volSellVolumeUpsergedLast2n3DayUp,chisSellDownTrend-nearHigh,##(Check-chart-buy):YearHigh-InMinus,NearHighYear,",-0.194332528256622,1,0,1
"PCTChangeLT-1,,,,chisSellFinalCandidate-3,chisSellUpTrend-Risky-2,",0.9084588878901835,1,1,0
"PCTChangeGT0,PCDayChange-0.5to0.5,_HTGT3.0_,,,chisBuyYearHigh-3,",0.3171691331837521,4,3,1
"PCTChangeGT2,,,,##RisingMA(Test)(check-chart-buy)-1DayUp,",-0.7141373351920468,7,2,5
"PCTChangeGT5,,,,chisSellDayHighVolLow-01-checkMorningTrend(.5SL),##last2DayHighGT3-M3HLT0,",0.036180433012188706,1,1,0
"PCTChangeLT-5,_LTGT3.0_,,,chisSellDownTrend-nearHigh,",-5.491154421756377,3,0,3
"PCTChangeLT-3,_HTGT3.0__LTGT1.5__HTGTPCTDayChange_,,,##MANegative_Downtrend_(LT-2),##MA-SMA200GT0SMA100LT0,",3.6016867346137103,2,2,0
"PCTDayChangeLT0,_HTGT1.5_,,,chisDownTrend-Risky-nearHigh,",-0.6067485841469185,17,5,12
"PCTChangeGT5,_HTGT1.5_,,,volumeUpsergedLast2n3n4DayDown,volBuyContinueLast2DayUp-VolUp,checkBuyConsolidationBreakUp-2week,week2BarHighChangeGT2,weekHighGTweek2High,brokenToday,",2.6511737467963505,1,1,0
"PCTChangeGT5,_HTGT3.0__HTGTPCTDayChange_,,,##MAPositive_Uptrend(GT4.5),##MA-SMA200GT0SMA100GT0,",2.9873386817642458,1,1,0
"PCTChangeGT2,,,,week2BarHighChangeGT2,weekHighGTweek2High,brokenToday,",2.95576511642693,4,3,1
"PCTChangeLT-1,,,,volBuyReversalLast2DayDown-VolDown,chisDownTrend-Risky-nearHigh,##(Check-chart-buy):month3High-InMinus,ReversalHighMonth3,",-1.1318465749706499,3,0,3
"PCTChangeLT-1,_HTGT1.5__HTGTPCTDayChange_,,,%%:checkSell:Super00-monthLow,",-4.238229401113799,1,0,1
"PCTChangeLT-2,,,,(SMA9LT0),",-1.0362117533748532,16,5,11
"PCTChangeGT2,_HTGT1.5_,,,MaySellCheckChart-(IndexNotDownInSecondHalf),$$MaySell-CheckChart(monthHigh-minimumLast4DayUp),##MAPositive_Uptrend(GT2),##MA-SMA200LT0SMA100LT0,",-0.8941650390624954,1,0,1
"PCTChangeLT-5,,,,##MANegative_Downtrend_(LT-2),##MA-SMA200LT0SMA100LT0,##DOWNTREND:sellYearLowBreak,",0.36754337821309885,3,1,2
"PCTChangeLT-3,_HTGT3.0__HTGTPCTDayChange_,,,%%HLTF-Last2HighTail:(DOWNTREND)sellHighUpperTailPre,chisBuyFinalContinue-1,",1.9917025111028397,1,1,0
"PCTChangeLT-2,_HTGT1.5__LTGT1.5_,,,##DOWNTREND:sellYear2HighReversal(InDownTrend),##(Check-chart-buy):YearHigh-InMinus,ReversalHighYear,",0.21978542087987946,1,1,0
"PCTChangeLT-2,,,,(GLOBALFUTDOWN-DOWNTRENDMARKET)checkSellConsolidationBreakDown-week2-lowNotReachedWeek3,week2BarLowChangeLT0,##(Check-chart-buy):month6High-InMinus,NearHighMonth6,",0.13510658799810002,1,1,0
"PCTChangeLT-5,_LTGT1.5_,,,chisSell-smallUptrendReversal,chisSellFinalCandidate-(lastDayUp)-(highChange),",0.08595638767012412,1,1,0
"PCTChangeGT2,,,,chisCheckConsolidationBreakoutLT(4.5),##MAPositive_Uptrend(GT2),##MA-SMA200LT0SMA100LT0,",-2.0828576147488813,1,0,1
"PCTChangeLT-1,PCDayChange-0.5to0.5,,,,chisSellSuper-Risky,--,",0.09851402975660954,3,1,2
"PCTChangeLT-3,,,,volSellContinueLast2DayDown-VolUp,weekBarLowChangeLT-2,brokenToday,##DOWNTREND:sellYearLowBreak,",3.373064561040709,1,1,0
"PCTChangeGT1,_HTGT1.5__HTGTPCTDayChange_,,,MaySellCheckChart-(IndexNotDownInSecondHalf),(GLOBALFUTUP-UPTRENDMARKET)checkBuyConsolidationBreakUp-week2-highNotReachedWeek3,week2BarHighChangeGT0,",-2.3809509085936695,1,0,1
"PCTChangeGT5,_HTGT1.5__HTGTPCTDayChange_,,,volSellRevarsalVolCrossed,",-4.002316498968194,1,0,1
"PCTChangeLT-2,,,,checkCupDown-near2WeekDown-mayReveresalBuy,chisDownTrend-Risky-nearHigh,##(Check-chart-buy):YearHigh-InMinus,ReversalHighYear,",-3.6264208993675586,1,0,1
"PCTChangeGT0,PCDayChange-0.5to0.5,_LTGT1.5_,,,chisBuyYearHigh-1,",0.3449294729779843,3,2,1
"PCTChangeGT5,_HTGT1.5_,,,chisUpTrend-Risky-nearLow,##UPTREND:buyYearLowReversal(Confirm),",-2.882832651764642,1,0,1
"PCTChangeGT2,_HTGT3.0__LTGT3.0__HTGTPCTDayChange__LTGTPCTDayChange_,,,chisBuyUpTrend-nearLow,volBuyVolumeUpsergedLast2n3DayDown,##UPTREND:buyMonth6LowReversal(Confirm),",-7.307386814932487,1,0,1
"PCTChangeLT-3,,,,volSellContinueLast2DayDown-VolUp,checkSellConsolidationBreakDown-month3HighGTMonth3Low,",-0.3230203756849936,1,0,1
"PCTChangeLT-3,_HTGT1.5_,,,VOL:buy-UpVol-3dayDown-Week2Low,##last3DayLow(LT-3)-M3LLT0,",2.2424385237214013,1,1,0
"PCTChangeLT-2,_LTGT1.5_,,,volSellContinueLast2DayDown-VolUp,chisDownTrend-Risky-nearHigh,##(Check-chart-buy):YearHigh-InMinus,ReversalHighYear,",0.4382494436317174,1,1,0
"PCTChangeGT1,year2High,,,,%%HLTF:(GLOBAL-SGX-DOWN)maySellTail-2,3,4thDayGT0,shortUpTrendSellReversal-MonthHigh,",-1.4571428571428573,1,0,1
"PCTChangeGT0,PCDayChange-0.5to0.5,_HTGT1.5_,,,shortUpTrendBuyContinue-Doji-Last2DayGTToday,",-0.6730716451335017,9,2,7
"PCTChangeGT0,PCDayChange-0.5to0.5,_HTGT1.5__LTGT1.5_,,,chisSellSuper-Risky,-+,%%HLTF-Last2LowTail:(DOWNTREND)sellHighLowerTailPre-1,##MANegative_Downtrend_(GT0),##MA-SMA200LT0SMA100LT0,",-0.5799495203511472,1,0,1
"PCTChangeGT5,_LTGT1.5_,,,(SMA9LT0),",-0.3752695828076281,1,0,1
"PCTChangeLT-1,_HTGT1.5__LTGT1.5_,,,chisSell:Super03-monthLow,",-0.7128222206961459,2,1,1
"PCTChangeLT-3,,,,VOL:buy-UpVol-3dayDown-Week2Low,##MANegative_Downtrend_(LT-4.5),##MA-SMA200LT0SMA100LT0,##last3DayLow(LT-3)-M3LLT0,",-1.0025705422060722,1,0,1
"PCTChangeGT3,,,,weekBarHighChangeGT2,##MAPositive_Uptrend(GT2),##MA-SMA200GT0SMA100GT0,##last2DayHighGT3-M3HLT0,",1.3959572350986629,1,1,0
"PCTChangeGT3,,,,weekBarHighChangeGT2,brokenToday,##MAPositive_Uptrend(GT2),##MA-SMA200LT0SMA100GT0,",-1.6561371696554823,5,1,4
"PCTChangeLT-2,_LTGT1.5_,,,##DOWNTREND:sellYear2HighReversal(InDownTrend),##(Check-chart-buy):month3High-InMinus,ReversalHighMonth3,",0.8722954219703348,5,3,2
"PCTChangeLT-2,,,,checkCupDown-inDownTrend-month3HighLTmonth3Low,bar_low,chisSellFinalCandidate-(lastDayUp),##sellTenDaysMoreThanTen,",-3.1458605941942137,1,0,1
"PCTChangeGT1,_HTGT1.5_,,,##MAPositive_Uptrend(GT2),##MA-SMA200LT0SMA100LT0,",0.5070974135539941,1,1,0
"PCTChangeLT-1,,,,chisSellUpTrend-Risky-2,##(Check-chart-buy):YearHigh-InMinus,NearHighYear,",1.6318327974276527,1,1,0
"PCTChangeGT3,_HTGT1.5_,,,volSellVolumeUpsergedLast2n3DayDown,weekBarHighChangeGT0,brokenToday,",0.6453965479989465,2,2,0
"PCTChangeGT1,PCDayChange-0.5to0.5,year2Low,_LTGT1.5_,,,buyMorningStar-(checkChart),",-0.33934381834903316,1,0,1
"PCTChangeLT-1,_HTGT1.5__LTGT1.5__HTGTPCTDayChange_,,,##(Test):buyRisingMA-uptrend-SMA25gt0,",2.402487363841835,1,1,0
"PCTChangeGT3,,,,volBuyContinueLast2DayUp-VolUp,checkBuyConsolidationBreakUp-2week,week2BarHighChangeGT2,",-0.7765714257501114,1,0,1
"PCTChangeLT-1,PCDayChange-0.5to0.5,_LTGT3.0_,,,##MANegative_Downtrend_(LT0),##MA-SMA200LT0SMA100LT0,",-4.229349101376975,1,0,1
"PCTChangeGT2,_LTGT1.5_,,,##UPTREND:buyMonth3LowReversal(Confirm),",-1.09829287723711,2,1,1
"PCTChangeGT2,,,,chisCheckConsolidationBreakoutLT(4.5),checkBuyConsolidationBreakUp-2week,week2BarHighChangeGT0,brokenToday,chisBuy-2week-breakoutup(check-chart)(|-|-| or --|),",0.8814602033466226,1,1,0
"PCTChangeLT-1,_HTGT1.5__LTGT1.5_,,,##MAPositive_Uptrend(LT-2),##MA-SMA200GT0SMA100GT0,",6.709585694153887,1,1,0
"PCTChangeGT8,_HTGT3.0_,,,VOL:buyBelowTail-SellAtClose:upVol3dayUpWeek2High-highUpperTail,##MAPositive_Uptrend(GT4.5),##MA-SMA200GT0SMA100GT0,",-1.4058697835882217,1,0,1
"PCTChangeLT-3,,,,weekBarLowChangeLT-2,brokenToday,##DOWNTREND:sellYear2HighReversal(InDownTrend),##(Check-chart-buy):YearHigh-InMinus,ReversalHighYear,",-1.1258822821631136,2,0,2
"PCTChangeLT-8,_HTGT1.5_,,,##MANegative_Downtrend_(LT-4.5),##MA-SMA200LT0SMA100LT0,##last2DayLow(LT-3)-M3LLT0,sellPattern-LT-1.5-SMALT0,(SMA9LT0),maySellFromBuyPattern-LT-1.8,",3.3072501384252107,1,1,0
"PCTChangeLT-1,_LTGT1.5_,,,(Test)MayBuyCheckChart-last3DayDown,MayBuyCheckChart-(IndexNotUpInSecondHalf),$$MayBuy-CheckChart(monthLow-minimumLast4DayDown),$$MayBuy-CheckChart(downTrend-mayReverseLast4DaysDown),",-4.238262485417245,1,0,1
"PCTChangeLT-3,_LTGT1.5_,,,volSellContinueLast2DayDown-VolUp,##DOWNTREND:sellYearHighReversal(InDownTrend),##(Check-chart-buy):month3High-InMinus,ReversalHighMonth3,",2.824429033973435,1,1,0
"PCTChangeLT-2,,,,volBuyReversalLast2DayDown-VolDown,##(Check-chart-buy):YearHigh-InMinus,NearHighYear,",-0.49478813804258637,1,0,1
"PCTChangeGT2,_LTGT3.0_,,,%%HLTF:(SGXNIFTYUP)buyHighLowerTail-Continue,week2BarHighChangeGT0,brokenToday,",-1.9395300066619583,1,0,1
"PCTChangeLT-3,_HTGT1.5__LTGT3.0_,,,chisDownTrend-Risky-nearHigh,",1.8241318245165135,1,1,0
"PCTChangeGT2,year2High,,,,chisBuyConsolidationBreakUp-2week-(Risky)-year2High,week2BarHighChangeGT0,",-0.13386240431490168,1,0,1
"PCTChangeLT-2,,,,weekBarLowChangeLT-2,##DOWNTREND:sellMonth6LowBreak,",-1.9797436059736562,1,0,1
"PCTChangeGT3,_LTGT1.5_,,,vol-sell-DownVol-3dayUp-Week2High,##MAPositive_Uptrend(GT4.5),##MA-SMA200LT0SMA100GT0,",5.303703387917361,1,1,0
"PCTChangeLT-3,,,,weekBarLowChangeLT0,brokenToday,##last2DayLow(LT-3)-M3LGT0,",0.6153869628906095,1,1,0
"PCTChangeGT2,,,,chisBuyUpTrend-1-YearHigh,volBuyContinueLast2DayUp-VolUp,",-0.863848764223277,1,0,1
"PCTChangeLT-1,,,,weekBarLowChangeLT0,brokenToday,chisDownTrend-Risky-nearHigh,##(Check-chart-buy):month3High-InMinus,ReversalHighMonth3,",-0.2831085377299325,9,4,5
"PCTChangeGT1,year2High,_HTGT1.5__HTGTPCTDayChange_,,,%%HLTF-Last2HighTail:(UPTREND)buy(DOWNTREND)sell:HighUpperTailPre-last2DayUp,%%:sellUpTrend-month3High,",0.8652269690741846,3,3,0
"PCTChangeGT0,_HTGT3.0__HTGTPCTDayChange_,,,##MA-SMA200LT0SMA100LT0,",8.016022904592662,1,1,0
"PCTChangeGT3,,,,##(Check-chart-sell):month3Low-InPlus,BreakLowMonth3,VOL:buy-DownVol-3dayUp-Week2Low,",-1.1272749467329488,1,0,1
"PCTChangeLT-3,,,,checkCupDown-inDownTrend-month3HighLTmonth3Low,bar_low,",1.6927298241366497,6,5,1
"PCTChangeGT2,_HTGT3.0__LTGT1.5__HTGTPCTDayChange_,,,volBuyContinueLast2DayUp-VolUp,",3.5680503951960034,1,1,0
"PCTChangeLT-2,_HTGT1.5_,,,volBuyVolumeUpsergedLast2n3DayUp,",-3.846153846153851,1,0,1
"PCTChangeGT3,_LTGT1.5_,,,week2BarHighChangeGT0,weekHighGTweek2High,brokenToday,",0.0,1,0,0
"PCTChangeLT-8,_HTGT3.0__LTGT1.5_,,,(GLOBAL-DOWN)maySellContinueHighVolatileLastDayDOWN-PCT10GT0-(LT-8),chisSellDownTrend-nearHigh,",-0.6174915241745323,1,0,1
"PCTChangeLT-3,,,,volBuyVolumeUpsergedLast2n3DayUp,chisDownTrend-Risky-nearHigh,##DOWNTREND:sellMonth6HighReversal(InDownTrend),##(Check-chart-buy):month6High-InMinus,ReversalHighMonth6,",2.70011411578707,1,1,0
"PCTChangeGT5,,,,volumeUpsergedLast2n3n4DayDown,weekBarHighChangeGT2,brokenToday,##MAPositive_Uptrend(GT2),##MA-SMA200LT0SMA100GT0,##last2DayHighGT3-M3HLT0,",-0.7928553989955357,1,0,1
"PCTChangeGT1,_HTGT1.5_,,,shortUpTrendSellReversal-Month3High-Doji-Last2DayGTToday,##MA-SMA200LT0SMA100GT0,",-6.159420289855073,1,0,1
"PCDCLT0PCTChangeGT0,PCDayChange-0.5to0.5,_HTGT1.5_,,,%%:checkBuyContinue:CupDownDoji-last2dayUp,",3.0200236782573318,2,1,1
"PCTChangeLT-1,_LTGT1.5_,,,(Test)MayBuyCheckChart-last3DayDown,MayBuyCheckChart-(IndexNotUpInSecondHalf),$$MayBuy-CheckChart(downTrend-mayReverseLast4DaysDown)-Risky,%%:buyDownTrend-month3Low,",5.884697359883529,1,1,0
"PCTChangeGT3,_HTGT1.5_,,,chisBuyUpTrend-1-YearHigh,volumeUpsergedLast2n3n4DayDown,chisCheckConsolidationBreakoutLT(4.5),(GLOBALFUTUP-UPTRENDMARKET)checkBuyConsolidationBreakUp-week2-highNotReachedWeek3,week2BarHighChangeGT2,",-0.6191346703506142,1,0,1
"PCTChangeLT-3,_LTGT3.0_,,,checkCupDown-3dayDown-mayReversalBuy,%%HLTF:(GLOBAL-DOWN)sellHighLowerTail-Reversal-LastDayMarketUp,##MANegative_Downtrend_(LT-2),##MA-SMA200LT0SMA100LT0,",-1.8796028805794431,1,0,1
"PCTChangeGT3,_HTGT1.5_,,,chisUpTrend-Risky-nearLow,weekBarHighChangeGT2,##UPTREND:buyMonth3LowReversal(Confirm),",-1.304234510663639,1,0,1
"PCTChangeGT3,_HTGT3.0_,,,weekBarHighChangeGT2,brokenToday,",-1.4294679833338881,1,0,1
"PCTChangeLT-3,year2High,,,,##last2DayLow(LT-3)-M3LGT0,",0.8595366597587838,7,5,2
"PCDCLT0PCTChangeGT1,PCDayChange-0.5to0.5,_HTGT1.5_,,,%%HLTF-Last2HighTail:(DOWNTREND)sellHighUpperTailPre,",3.881851837354872,1,1,0
"PCTChangeLT-0.5,year2High,_HTGT1.5__HTGTPCTDayChange_,,,%%HLTF-Last2HighTail:(DOWNTREND)sellHighUpperTailPre,%%HLTF:(UPTREND-MorningTrend-UP)mayBuyTail-highTailGT2-7,10thDayGT10-Last2DayStockDown,",-1.7343711853027326,1,0,1
"PCDCGT0PCTDayChangeLT0,year2High,_HTGT1.5_,,,checkCupDown-lastDayUp,",3.0612244897959124,1,1,0
"PCTChangeGT8,_LTGT1.5_,,,chisUpTrend-Risky-nearLow,",1.0190046733125566,6,4,2
"PCTChangeGT0.5,PCDayChange-0.5to0.5,_LTGT3.0_,,,maySellFromBuyPattern-LT-1.8,",-1.9757354845316772,1,0,1
"PCTChangeGT2,,,,volumeUpsergedLast2n3n4DayDown,chisBuyConsolidationBreakUp-2week-(Risky)-year2High,week2BarHighChangeGT2,",0.5838543885055548,1,1,0
"PCTChangeLT-3,year2High,_HTGT3.0_,,,volSellContinueLast2DayDown-VolUp,",-0.36008490338645827,1,0,1
"PCTChangeLT-3,_LTGT1.5_,,,##MANegative_Downtrend_(LT-2),##MA-SMA200GT0SMA100GT0,",-2.3316034074328016,3,2,1
"PCTChangeLT-2,_LTGT1.5_,,,checkCupDown-2dayDown-mayReversalBuy,##DOWNTREND:sellMonth3HighReversal(InDownTrend),##(Check-chart-buy):month3High-InMinus,ReversalHighMonth3,",-1.053384258229533,1,0,1
"PCTChangeLT-2,,,,VOL:buy-UpVol-3dayDown-Week2Low,weekBarLowChangeLT-2,##DOWNTREND:sellYear2HighReversal(InDownTrend),",0.15043815680310701,1,1,0
"PCTChangeGT1,_HTGT1.5__HTGTPCTDayChange_,,,%%HLTF-Last2HighTail:(UPTREND)buy(DOWNTREND)sell:HighUpperTailPre-last2DayUp,buyYearHigh-0,",-1.6256624712168346,2,1,1
"PCTChangeGT2,,,,%%:sellUpTrend-month3High,vol-sell-DownVol-3dayUp-Week2High,##MAPositive_Uptrend(GT1),##MA-SMA200GT0SMA100GT0,",-1.0814570043774436,1,0,1
"PCDCGT0PCTDayChangeLT0,PCDayChange-0.5to0.5,,,,%%:checkSell:CupDownDoji,%%:sellDowntrend-lastDayUp-ReversalHighTail,",2.035400930759126,1,1,0
"PCTChangeGT2,year2High,,,,volSellVolumeUpsergedLast2n3DayDown,checkBuyConsolidationBreakout-allPreLT0,",-0.22997835497835165,1,0,1
"PCTChangeLT-2,_HTGT1.5_,,,##DOWNTREND:sellYearLowBreak,",2.180046199810076,1,1,0
"PCDCGT0PCTDayChangeLT0,_LTGT1.5_,,,chisBuyYearHigh-1,",-3.9285695951247703,1,0,1
"PCTChangeGT2,_HTGT1.5_,,,chisBuyFinalCandidate-2,",0.8893509449317712,1,1,0
"PCDCGT0PCTChangeLT-1,_HTGT3.0__LTGT1.5_,,,%%HLTF-Risky9:30:maySellTail-tailGT2-7,10thDayGT15,%%HLTF:(UPTREND-GLOBAL/SGX-UP)BuyHighUpperTail-Reversal-7,10thDayGT15-LastDayMarketDown,",-0.6754343133223684,1,0,1
"PCTChangeGT0,PCDayChange-0.5to0.5,_LTGT1.5_,,,chisBuyYearHigh-3,",-0.20933788794221653,43,20,23
"PCTChangeGT8,year2Low,_HTGT3.0__LTGT1.5_,,,chisSellYear2LowLT-40-last4DayDown(triggerAfter-9:15),",8.701855818449003,1,1,0
"PCTChangeGT2,,,,weekBarHighChangeGT2,##UPTREND:buyYear2LowReversal(Confirm),",0.1111086379526547,1,1,0
"PCTChangeLT-2,_HTGT3.0__LTGT3.0__HTGTPCTDayChange__LTGTPCTDayChange_,,,chisDownTrend-Risky-nearHigh,",1.3547922764392963,1,1,0
"PCTChangeGT3,,,,weekBarHighChangeGT2,brokenToday,##UPTREND:buyMonth3LowReversal(Confirm),",1.5737664894979635,1,1,0
"PCDCLT0PCTChangeGT0,_LTGT3.0_,,,%%HLTF:(SGXNIFTYUP)buyHighLowerTail-Continue,",0.8285124285153905,7,4,3
"PCTChangeLT-3,_LTGT1.5_,,,volBuyReversalLast2DayDown-VolDown,chisSellDayLowVolLow-0,",-1.3235921023422694,1,0,1
"PCTChangeLT-3,_HTGT1.5__LTGT3.0__LTGTPCTDayChange_,,,##MANegative_Downtrend_(LT-2),##MA-SMA200LT0SMA100LT0,##last2DayLow(LT-3)-M3LGT0,",-1.8270819261062505,1,0,1
"PCTChangeLT-0.5,year2High,_HTGT1.5_,,,%%HLTF-Last2HighTail:(DOWNTREND)sell(UPTREND)buy:HighUpperTailPre,",-0.32697234351899457,2,1,1
"PCTChangeGT2,_HTGT3.0__HTGTPCTDayChange_,,,##(Check-chart):year2High-InPlus,",5.342100862981151,1,1,0
"PCTChangeGT1,PCDayChange-0.5to0.5,,,,##MANegative_Downtrend_(GT0),##MA-SMA200LT0SMA100LT0,",2.622145860901877,1,1,0
"PCTChangeGT0.5,PCDayChange-0.5to0.5,_HTGT3.0_,,,%%HLTF-Last2HighTail:(UPTREND)buy(DOWNTREND)sell:HighUpperTailPre-last2DayUp,",1.1815979345636043,5,2,3
"PCDCGT0PCTDayChangeLT0,_HTGT1.5__HTGTPCTDayChange_,,,checkCupDown-lastDayUp,",-4.267821560016258,1,0,1
"PCDCGT0PCTChangeLT-8,_HTGT3.0__HTGTPCTDayChange_,,,##MA-SMA200LT0SMA100LT0,",0.9731688424091706,3,2,1
"PCTChangeGT1,,,,##(Check-chart-sell):month3Low-InPlus,ReversalLowMonth3,",-0.6138628549654065,10,5,5
"PCTChangeLT-2,,,,checkCupDown-near2WeekDown-mayReveresalBuy,##DOWNTREND:sellYearHighReversal(InDownTrend),##(Check-chart-buy):month3High-InMinus,ReversalHighMonth3,",-2.838971221727791,1,0,1
"PCTChangeGT3,,,,##(Check-chart-sell):month3Low-InPlus,ReversalLowMonth3,weekBarHighChangeGT2,##UPTREND:buyMonth6LowReversal(Confirm),",-0.5382131088267612,1,0,1
"PCTChangeLT-3,_LTGT1.5_,,,volBuyReversalLast2DayDown-VolUp,chisSellFinalCandidate-4,",-5.13471248315088,1,0,1
"PCTChangeLT-5,,,,##MANegative_Downtrend_(LT-2),##MA-SMA200LT0SMA100LT0,##DOWNTREND:sellMonth3LowBreak,",2.902890647161332,2,2,0
"PCTChangeLT-2,,,,checkCupDown-3dayDown,##DOWNTREND:sellMonth3HighReversal(InDownTrend),##(Check-chart-buy):month3High-InMinus,ReversalHighMonth3,",0.0554355457044125,2,1,1
"PCTChangeGT8,_HTGT1.5_,,,volSellReversalLast2DayUp-VolDown,",1.0747793927824836,1,1,0
"PCTChangeGT5,_HTGT1.5__LTGT1.5_,,,%%HLTF-Last2HighTail:(UPTREND)buy(DOWNTREND)sell:HighUpperTailPre-last2DayUp,##MAPositive_Uptrend(GT4.5),##MA-SMA200GT0SMA100GT0,##last2DayHighGT3-M3HLT0,",-0.5788712011577507,1,0,1
"PCTChangeLT-2,_HTGT1.5_,,,##DOWNTREND:sellYear2HighReversal(InDownTrend),%%:checkBuyRevarsalLast3DayDownAtMonth3High,##(Check-chart-buy):month3High-InMinus,ReversalHighMonth3,",-0.16047899558048595,1,0,1
"PCTChangeGT3,_HTGT1.5__HTGTPCTDayChange_,,,volBuyVolumeUpsergedLast2n3DayDown,##buyTenDaysLessThanMinusTen,",-0.5952290396567305,1,0,1
"PCTChangeGT2,_HTGT1.5_,,,##(Check-chart-sell):month3Low-InPlus,BreakLowMonth3,volBuyVolumeUpsergedLast2n3DayDown,##buyTenDaysLessThanMinusTen,",5.211096217546354,1,1,0
"PCTChangeGT3,PCDayChange-0.5to0.5,_HTGT1.5__LTGT3.0_,,,##MA-SMA200LT0SMA100LT0,",11.584504893128301,1,1,0
"PCTChangeLT-3,,,,##(check-chart)buyEMA6<EMA14,",0.46923154093433744,6,3,3
"PCTChangeLT-5,_LTGT1.5_,,,chisSellFinalCandidate-(lastDayUp)-(highChange),",8.29792899646088,1,1,0
"PCTChangeGT2,_HTGT1.5__LTGT1.5__HTGTPCTDayChange__LTGTPCTDayChange_,,,%%HLTF-Last2HighTail:(UPTREND)buy(DOWNTREND)sell:HighUpperTailPre-last2DayUp,vol-sell-DownVol-3dayUp-Week2High,",-2.4472709431031836,1,0,1
"PCTChangeLT-3,,,,volSellContinueLast2DayDown-VolUp,(GLOBALFUTDOWN-DOWNTRENDMARKET)checkSellConsolidationBreakDown-week2-lowNotReachedWeek3,week2BarLowChangeLT-2,weekLowLTweek2Low,chisDownTrend-Risky-nearHigh,##DOWNTREND:sellYear2HighReversal(InDownTrend),##(Check-chart-buy):month3High-InMinus,ReversalHighMonth3,",-2.21494601880216,1,0,1
"PCTChangeGT3,_HTGT3.0__HTGTPCTDayChange_,,,%%ACU:buyContinueLast2DayHighGT4,",-1.6721331486936428,1,0,1
"PCTChangeLT-1,_HTGT1.5__LTGT1.5_,,,chisSellFlagWeek-Risky,volBuyReversalLast2DayDown-VolDown,",-0.9550234273646399,1,0,1
"PCDCGT0PCTDayChangeLT0,PCDayChange-0.5to0.5,,,,%%:checkSell:Super-Risky,-+,",-0.00679324623861044,2,1,1
"PCTChangeLT-2,,,,checkCupDown-2dayDown,##ML:BuyRisingMA-Risky-1,",-0.8823506972368979,1,0,1
"PCTChangeGT2,,,,volSellReversalLast2DayUp-VolDown,chisCheckConsolidationBreakoutLT(4.5),weekBarHighChangeGT2,brokenToday,",-0.22333144396337848,1,0,1
"PCTChangeGT3,,,,chisUpTrend-Risky-nearLow,(GLOBALFUTUP-UPTRENDMARKET)checkBuyConsolidationBreakUp-week2-highNotReachedWeek3,week2BarHighChangeGT0,brokenToday,##UPTREND:buyYearLowReversal(Confirm),",-2.705455823428621,1,0,1
"PCTChangeGT3,,,,volBuyContinueLast2DayUp-VolUp,chisSell-2week-breakoutup,",4.973821989528802,1,1,0
"PCTChangeLT-3,_HTGT3.0__HTGTPCTDayChange_,,,%%:checkSell:Super0,volumeUpsergedLast2n3n4DayUp,##MANegative_Downtrend_(LT-2),##MA-SMA200LT0SMA100LT0,",-14.847655662898301,1,0,1
"PCTChangeLT-0.5,_LTGT3.0_,,,%%HLTF:(SGXNIFTYUP)buyHighLowerTail-Continue,",-0.958127131405088,12,4,8
"PCTChangeLT-12,_HTGT3.0__HTGTPCTDayChange_,,,##MANegative_Downtrend_(LT-4.5),##MA-SMA200LT0SMA100LT0,",-4.673635253906249,2,0,2
"PCTChangeLT-2,_LTGT1.5_,,,volBuyVolumeUpsergedLast2n3DayUp,##ML:buyRisingMA-down-Risky,",2.316803691574504,1,1,0
"PCTChangeGT2,_HTGT3.0__LTGT1.5_,,,##MANegative_Downtrend_(GT2),##MA-SMA200LT0SMA100LT0,chisBuyDownTrend-highTail,",-0.4112004196658056,1,0,1
"PCTChangeGT2,_HTGT1.5_,,,week2BarHighChangeGT0,weekHighGTweek2High,brokenToday,",-1.1773934007568945,3,0,3
"PCTChangeGT1,_HTGT3.0__HTGTPCTDayChange_,,,volumeUpsergedLast2n3n4DayDown,BuyYearLow,##RisingMA(check-chart-sell)-MaySellCheckChart,",2.272233840864466,1,1,0
"PCDCLT0PCTChangeGT1,PCDayChange-0.5to0.5,_LTGT1.5_,,,##MA-SMA200LT0SMA100LT0,",-2.9917144881251954,3,0,3
"PCTChangeLT-2,_LTGT1.5_,,,(GLOBALFUTDOWN-DOWNTRENDMARKET)checkSellConsolidationBreakDown-week2-lowNotReachedWeek3,week2BarLowChangeLT0,chisDownTrend-Risky-nearHigh,MayBuyCheckChart-(IndexNotUpInSecondHalf),##(Check-chart-buy):month3High-InMinus,ReversalHighMonth3,",3.0362854313691114,1,1,0
"PCTChangeGT3,_HTGT3.0__HTGTPCTDayChange_,,,%%HLTF-Last2HighTail:(UPTREND)buy(DOWNTREND)sell:HighUpperTailPre-last2DayUp,weekBarHighChangeGT2,",-3.409090909090904,1,0,1
"PCTChangeGT5,,,,(GLOBALFUTUP-UPTRENDMARKET)checkBuyConsolidationBreakUp-week2-highNotReachedWeek3,week2BarHighChangeGT2,chis-breakoutup-2week,chisSell-2week-breakoutup,##last2DayHighGT3-M3HLT0,",3.35427289033056,1,1,0
"PCTChangeGT2,_LTGT3.0_,,,%%HLTF-Risky:(GLOBAL-DOWN)sellHighLowerTail-Reversal-LastDayMarketUp,##MAPositive_Uptrend(GT1),##MA-SMA200GT0SMA100GT0,",-0.32674549098670586,1,0,1
"PCTChangeGT1,_HTGT1.5_,,,weekBarHighChangeGT0,brokenToday,##(Check-chart):year2High-InPlus,",1.246090949638295,1,1,0
"PCTChangeGT5,,,,week2BarHighChangeGT2,weekHighGTweek2High,brokenToday,",3.80580797868653,1,1,0
"PCTChangeLT-0.5,PCDayChange-0.5to0.5,_HTGT1.5__LTGT3.0_,,,buyYearHigh-0,",-4.593415475621479,1,0,1
"PCTChangeLT-2,PCDayChange-0.5to0.5,,,,##(Check-chart-sell)Month3Low-Continue(InUpTrend),ReversalLowMonth3,",4.2597386744115155,1,1,0
"PCTChangeGT3,year2Low,_LTGT1.5_,,,##buyTenDaysLessThanMinusTen,",-1.5001334488122189,2,1,1
"PCTChangeGT2,PCDayChange-0.5to0.5,_HTGT1.5__LTGT1.5_,,,##MA-SMA200LT0SMA100LT0,",-1.845646597274854,1,0,1
"PCTChangeLT-8,_HTGT1.5__LTGT3.0__LTGTPCTDayChange_,,,volSellContinueLast2DayDown-VolUp,##MANegative_Downtrend_(LT-4.5),##MA-SMA200LT0SMA100LT0,",-7.993031983572076,2,0,2
"PCTChangeGT0,PCDayChange-0.5to0.5,_LTGT3.0_,,,buyMorningStar-(checkChart),",-2.3579740708539907,1,0,1
"PCTChangeGT0,_HTGT3.0__HTGTPCTDayChange_,,,(GLOBALFUTUP-UPTRENDMARKET)checkBuyConsolidationBreakUp-week2-highNotReachedWeek3,week2BarHighChangeGT0,weekHighGTweek2High,",3.0480163751818576,1,1,0
"PCTChangeLT-5,_LTGT3.0_,,,volBuyReversalLast2DayDown-VolDown,##MANegative_Downtrend_(LT-4.5),##MA-SMA200LT0SMA100LT0,chisSellDayLowVolLow-0,",0.07363770250367621,1,1,0
"PCTChangeLT-12,_LTGT1.5_,,,chisSellDownTrend-nearHigh,",-2.4296032679069426,1,0,1
"PCDCLT0PCTChangeGT0,PCDayChange-0.5to0.5,,,,##MAPositive_Uptrend(LT0),##MA-SMA200GT0SMA100GT0,",-0.5167437381049729,20,10,10
"PCTChangeLT-8,_LTGT1.5_,,,VOL:sell(GLOBALFUTUP-GLOBALMARKETUP)Buy-UpVol-3dayDown-Week2High,",-6.484041764489391,1,0,1
"PCTChangeLT-3,,,,checkCupDown-inDownTrend-month3HighLTmonth3Low,bar_low,##(Check-chart-buy):month3High-InMinus,BreakHighMonth3,",1.0536147057900747,1,1,0
"PCTChangeLT-5,_HTGT1.5__LTGT1.5_,,,##MANegative_Downtrend_(LT-2),##MA-SMA200LT0SMA100LT0,##DOWNTREND:sellMonth3LowBreak,",12.826083165518224,1,1,0
"PCTChangeGT3,_LTGT1.5_,,,weekBarHighChangeGT2,##last2DayHighGT3-M3HLT0,",0.22694838725486716,5,3,2
"PCTChangeGT0,PCDayChange-0.5to0.5,,,,%%:checkSell:Flag2Week-doji,",-0.8008008008007964,1,0,1
"PCTChangeLT-2,,,,checkSellConsolidationBreakDown-2week,week2BarLowChangeLT0,weekLowLTweek2Low,brokenToday,",-1.0669217730392506,2,0,2
"PCTChangeGT0.5,_HTGT1.5_,,,(Test)MaySell-CheckChart(downTrend-lastDayUp),",-0.18159835418156897,3,1,2
"PCDCGT0PCTDayChangeLT0,_HTGT1.5_,,,##MAPositive_Uptrend(GT0),##MA-SMA200GT0SMA100GT0,",-0.6036987361390558,2,0,2
"PCTChangeGT3,,,,(GLOBALFUTUP-UPTRENDMARKET)checkBuyConsolidationBreakUp-week2-highNotReachedWeek3,week2BarHighChangeGT2,chis-breakoutup-2week,chisSell-2week-breakoutup,",-3.3925356280528383,1,0,1
"PCTChangeLT-3,,,,(GLOBALFUTDOWN-DOWNTRENDMARKET)checkSellConsolidationBreakDown-week2-lowNotReachedWeek3,week2BarLowChangeLT0,##DOWNTREND:sellYearHighReversal(InDownTrend),##(Check-chart-buy):month3High-InMinus,ReversalHighMonth3,##(check-chart)maySell-EMA6-MT-May-LT-EMA14,",-0.033457859575209616,1,0,1
"PCTChangeLT-1,,,,checkCupDown-2dayDown-mayReversalBuy,chisDownTrend-Risky-nearHigh,",3.1140377646998396,1,1,0
"PCTChangeGT3,year2High,_LTGT1.5_,,,##lastDayHighGT5TodayGT1,",-1.7432128401406253,2,0,2
"PCTChangeGT3,,,,chisBuyUpTrend-nearLow,volumeUpsergedLast2n3n4DayDown,##UPTREND:buyMonth6Low,",2.137406909738773,1,1,0
"PCDCLT0PCTChangeGT0,_HTGT1.5__LTGT3.0_,,,##RisingMA(check-chart-buy)-MayBuyCheckChart,",2.923077803391668,1,1,0
"PCTChangeLT-3,,,,##DOWNTREND:sellMonth6HighReversal(InDownTrend),##(Check-chart-buy):month3High-InMinus,ReversalHighMonth3,",-0.14231785792576102,8,3,5
"PCTChangeGT3,_LTGT1.5_,,,(GLOBALFUTUP-UPTRENDMARKET)checkBuyConsolidationBreakUp-week2-highNotReachedWeek3,week2BarHighChangeGT0,brokenToday,",-0.9562259721390781,6,2,4
"PCTChangeLT-0.5,_LTGT1.5_,,,(GLOBALFUTDOWN-DOWNTRENDMARKET)checkSellConsolidationBreakDown-week2-lowNotReachedWeek3,week2BarLowChangeLT0,weekLowLTweek2Low,(Test)(check-chart-2-3MidCapCross)MayBuyCheckChart-Risky,",1.7619390378714754,2,2,0
"PCTChangeGT1,_LTGT3.0_,,,volSellReversalLast2DayUp-VolUp,",-1.3299499214061135,1,0,1
"PCTChangeGT3,year2High,,,,week2BarHighChangeGT0,weekHighGTweek2High,",-0.7927190367635784,1,0,1
"PCTChangeLT-5,,,,%%:checkSell:Flag2Week,",-0.638399058728254,1,0,1
"PCTChangeGT2,,,,chisUpTrend-Risky-nearLow,(GLOBALFUTUP-UPTRENDMARKET)checkBuyConsolidationBreakUp-week2-highNotReachedWeek3,week2BarHighChangeGT0,weekHighGTweek2High,",2.1965335559293715,1,1,0
"PCTChangeGT2,year2High,_LTGT3.0_,,,checkCupDown-lastDayUp,%%HLTF:(GLOBAL-DOWN)sellHighLowerTail-Reversal-LastDayMarketUp,",-1.7346938775510103,1,0,1
"PCTChangeLT-1,_LTGT1.5_,,,(GLOBALFUTDOWN-DOWNTRENDMARKET)checkSellConsolidationBreakDown-week2-lowNotReachedWeek3,week2BarLowChangeLT0,weekLowLTweek2Low,(Test)MayBuyCheckChart-last3DayDown,",-0.09762050272870681,1,0,1
"PCTChangeLT-3,_LTGT3.0_,,,##MANegative_Downtrend_(LT-2),##MA-SMA200LT0SMA100LT0,##DOWNTREND:sellYearLowBreak,buyMorningStar-HighLowerTail,chisBuyYear2Low,",1.9417703542889724,1,1,0
"PCTChangeGT5,_HTGT1.5_,,,(GLOBALFUTUP-UPTRENDMARKET)checkBuyConsolidationBreakUp-week2-highNotReachedWeek3,week2BarHighChangeGT0,##last2DayHighGT3-M3HLT0,",-0.04006654690309519,1,0,1
"PCTChangeGT5,,,,volumeUpsergedLast2n3n4DayDown,(GLOBALFUTUP-UPTRENDMARKET)checkBuyConsolidationBreakUp-week2-highNotReachedWeek3,week2BarHighChangeGT0,brokenToday,##last2DayHighGT3-M3HLT0,",0.9572835787107964,1,1,0
"PCTChangeGT2,,,,checkBuyConsolidationBreakout-allPreLT0,week2BarHighChangeGT0,weekHighGTweek2High,brokenToday,##(Check-chart)buyMonth3High-Continue,",2.6496260359852566,1,1,0
"PCTChangeGT0,,,,chisSellDowningMA-(check5MinuteDownTrendAndSellDowntrend),MaySellCheckChart-(|_|`|),",1.3795891629364196,4,4,0
"PCTChangeLT-2,_HTGT3.0__HTGTPCTDayChange_,,,chisDownTrend-Risky-nearHigh,##(Check-chart-buy):month3High-InMinus,ReversalHighMonth3,",-0.7941327414458526,2,0,2
"PCTChangeGT1,_HTGT3.0__LTGT1.5__HTGTPCTDayChange__LTGTPCTDayChange_,,,%%:sellUpTrend-month3High,",-0.17706680269662456,1,0,1
"PCTChangeGT1,_HTGT1.5__HTGTPCTDayChange_,,,(Test)MaySellCheckChart-last3DayUp,MaySellCheckChart-(IndexNotDownInSecondHalf),$$MaySell-CheckChart(downTrend-mayReverseLast4DaysUp),",-0.554768049132868,2,1,1
"PCTChangeLT-2,_HTGT3.0__HTGTPCTDayChange_,,,checkCupDown-3dayDown,chisBuyMay5DayFloorReversal,chisBuyFinalContinue-0,##DOWNTREND:sellYear2HighReversal(InDownTrend),##(Check-chart-buy):month3High-InMinus,ReversalHighMonth3,",-2.157223254844213,1,0,1
"PCDCGT0PCTDayChangeLT0,,,,%%:sellDowntrend-lastDayUp-ReversalHighTail,##(Test)(check-chart)-sellSMADownTrend,",1.5374785567303837,2,2,0
"PCTChangeLT-3,,,,chisSell-smallUptrendReversal,##ML:buyRisingMA-down-Risky,",-4.127405002087936,3,0,3
"PCTChangeGT3,,,,weekBarHighChangeGT0,brokenToday,##MAPositive_Uptrend(GT2),##MA-SMA200GT0SMA100GT0,",1.9458461631700772,3,2,1
"PCTChangeLT-1,,,,chisSellUpTrend-Risky-0,##(Check-chart-buy):month3High-InMinus,NearHighMonth3,",2.1168815315543834,1,1,0
"PCTChangeLT-3,_HTGT1.5_,,,(GLOBALFUTDOWN-DOWNTRENDMARKET)checkSellConsolidationBreakDown-week2-lowNotReachedWeek3,week2BarLowChangeLT-2,weekLowLTweek2Low,chisDownTrend-Risky-nearHigh,##DOWNTREND:sellYear2HighReversal(InDownTrend),",1.9649798597060175,1,1,0
"PCTChangeGT1,_HTGT1.5__HTGTPCTDayChange_,,,##(Test)(check-chart)-sellSMADownTrend,",2.7398223534562436,1,1,0
"PCDCLT0PCTChangeGT3,_LTGT3.0_,,,%%HLTF:(SGXNIFTYUP)buyHighLowerTail-Continue,",4.160177689267484,1,1,0
"PCDCGT0PCTDayChangeLT0,_HTGT3.0__HTGTPCTDayChange_,,,%%:sellDowntrend-lastDayUp-ReversalHighTail,",-2.055553860134542,1,0,1
"PCTChangeLT-2,,,,checkCupDown-inDownTrend-month3HighLTmonth3Low,bar_low,chisSellDownTrend-nearHigh,##DOWNTREND:sellYear2HighReversal(InDownTrend),##(Check-chart-buy):month3High-InMinus,ReversalHighMonth3,",-2.686983990867383,1,0,1
"PCTChangeLT-1,_HTGT3.0__LTGT3.0__HTGTPCTDayChange__LTGTPCTDayChange_,,,##MANegative_Downtrend_(LT-1),##MA-SMA200LT0SMA100LT0,%%:buyDownTrend-month3Low,",6.236845317639802,1,1,0
"PCTChangeLT-2,_LTGT1.5_,,,VOL:buy-UpVol-3dayDown-Week2Low,(GLOBALFUTDOWN-DOWNTRENDMARKET)checkSellConsolidationBreakDown-week2-lowNotReachedWeek3,week2BarLowChangeLT0,",0.9535327657651247,1,1,0
"PCTChangeGT0,PCDayChange-0.5to0.5,_LTGT1.5_,,,%%:checkBuyContinue:CupDownDoji-last2dayUp,%%HLTF:(GLOBAL-DOWN)sellHighLowerTail-Reversal-LastDayMarketUp,",-0.022420611818124967,1,0,1
"PCTDayChangeLT0,,,,chisSellDownTrend-nearHigh,",-0.3405333471978857,61,28,33
"PCTChangeGT3,_HTGT1.5__LTGT1.5_,,,chisUpTrend-Risky-nearLow,##last2DayHighGT3-M3HLT0,",3.8591513081168607,1,1,0
"PCTChangeLT-2,,,,volumeUpsergedLast2n3n4DayUp,volSellContinueLast2DayDown-VolUp,##(Check-chart-buy):month3High-InMinus,BreakHighMonth3,",-0.5193607590490925,1,0,1
"PCTChangeGT2,_HTGT3.0__HTGTPCTDayChange_,,,##MAPositive_Uptrend(GT1),##MA-SMA200LT0SMA100LT0,",4.450568937059057,1,1,0
"PCTChangeLT-3,,,,volSellContinueLast2DayDown-VolUp,weekBarLowChangeLT-2,brokenToday,",-0.8317634849032565,8,3,5
"PCTChangeLT-5,_HTGT3.0__HTGTPCTDayChange_,,,##MANegative_Downtrend_(LT-2),##MA-SMA200LT0SMA100LT0,##last2DayLow(LT-3)-M3LGT0,",-3.4526867920902973,1,0,1
"PCTChangeGT2,year2High,_HTGT3.0_,,,volSellVolumeUpsergedLast2n3DayDown,volBuyContinueLast2DayUp-VolUp,",-0.5470962995439173,1,0,1
"PCTChangeGT3,_HTGT1.5_,,,%%HLTF:(DOWNTREND-OR-GLOBALDOWN)maySellTail-tailGT2-2,3,4thDayGT0,checkBuyConsolidationBreakout-allPreLT0,(GLOBALFUTUP-UPTRENDMARKET)checkBuyConsolidationBreakUp-week2-highNotReachedWeek3,week2BarHighChangeGT0,brokenToday,",6.063294229628161,1,1,0
"PCTChangeLT-5,_LTGT1.5_,,,##DOWNTREND:sellYear2HighReversal(InDownTrend),",0.3735899224842912,6,4,2
"PCDCGT0PCTDayChangeLT0,PCDayChange-0.5to0.5,_HTGT1.5_,,,chisSellSuper-Risky,-+,%%:sellDowntrend-lastDayUp-ReversalHighTail,",-0.20682912533811298,1,0,1
"PCTChangeLT-1,_LTGT1.5_,,,(GLOBALFUTDOWN-DOWNTRENDMARKET)checkSellConsolidationBreakDown-week2,weekBarLowChangeLT0,brokenToday,$$MayBuy-CheckChart(monthLow-minimumLast4DayDown),",2.761693565097143,1,1,0
"PCDCGT0PCTChangeLT-8,_HTGT1.5__LTGT1.5__HTGTPCTDayChange__LTGTPCTDayChange_,,,%%HLTF-Last2LowTail:(DOWNTREND)sellHighLowerTailPre-1,",0.33088331120354575,1,1,0
"PCTChangeLT-2,_HTGT1.5__HTGTPCTDayChange_,,,%%HLTF-Last2HighTail:(DOWNTREND)sell(UPTREND)buy:HighUpperTailPre,chisDownTrend-Risky-nearHigh,",0.8909336838350733,1,1,0
"PCTChangeLT-2,_HTGT3.0__LTGT1.5__HTGTPCTDayChange_,,,volSellContinueLast2DayDown-VolUp,",0.2810494638202683,1,1,0
"PCTChangeGT3,year2High,,,,(SMA9GT0),",1.5168522181136002,1,1,0
"PCTChangeGT3,_HTGT3.0__LTGT1.5__HTGTPCTDayChange__LTGTPCTDayChange_,,,##(Check-chart):year2High-InPlus,",-2.412904800907253,1,0,1
"PCTChangeLT-1,year2High,,,,checkCupDown-inDownTrend-month3HighLTmonth3Low,bar_low,volSellContinueLast2DayDown-VolUp,",3.076871247068446,1,1,0
"PCTChangeLT-2,,,,chisFinalBreakOutSell-0,",1.1365655675544482,2,2,0
"PCTChangeLT-3,,,,chisBuyMay5DayFloorReversal,##last2DayLow(LT-3)-M3LGT0,",0.8362837422188272,1,1,0
"PCTChangeLT-2,,,,chisSellFlagWeek-Risky,checkCupDown-inDownTrend-month3HighLTmonth3Low,bar_low,chisDownTrend-Risky-nearHigh,##(Check-chart-buy):month3High-InMinus,ReversalHighMonth3,",-0.92366895312755,1,0,1
"PCTChangeLT-5,_LTGT1.5_,,,##(check-chart)buyEMA6<EMA14-Risky,",-0.3626107230506497,3,1,2
"PCTChangeLT-0.5,,,,mayBuyFromSellPattern-GT1.8,",3.5807519274481576,7,7,0
"PCTChangeLT-3,,,,%%:checkSell:Flag2Week,checkCupDown-inDownTrend,bar_low,chisBuyFinalContinue-3,(SMA4LT(-1.5)),",-9.359607656926599,1,0,1
"PCTChangeGT2,,,,week2BarHighChangeGT0,##UPTREND:buyYearLowReversal(Confirm),",-0.9165902969624794,1,0,1
"PCTChangeLT-5,_LTGT1.5_,,,chisSell-smallUptrendReversal,",0.3455493864661853,4,2,2
"PCDCLT0PCTChangeGT0,_HTGT3.0_,,,%%HLTF:(UPTREND-MorningTrend-UP)mayBuyTail-highTailGT2-7,10thDayGT10-Last2DayStockDown,",-1.6261911923235606,2,0,2
"PCTChangeLT-0.5,_HTGT1.5__LTGT1.5__HTGTPCTDayChange__LTGTPCTDayChange_,,,chisSell:Super03-monthLow,",0.2884644728440483,1,1,0
"PCTChangeLT-2,year2High,,,,checkCupDown-inDownTrend-month3HighLTmonth3Low,bar_low,volBuyReversalLast2DayDown-VolDown,",0.8801721643518426,1,1,0
"PCTChangeLT-2,,,,chisBuyMay5DayFloorReversal,",-0.8190100072038154,6,2,4
"PCTChangeLT-0.5,_HTGT1.5__LTGT1.5_,,,%%HLTF-LastDayUp:(DOWNTREND-OR-GLOBALDOWN)MaySellHighTail-LastDayMarketUp,",0.8554378697073504,6,3,3
"PCTChangeGT5,_HTGT1.5_,,,checkBuyConsolidationBreakUp-2week,week2BarHighChangeGT2,brokenToday,",0.2115059276266011,1,1,0
"PCTChangeLT-3,year2Low,_HTGT1.5_,,,%%:buyDownTrend-month3Low,",2.648408839541244,2,1,1
"PCDCGT0PCTChangeLT-1,,,,maySellFromBuyPattern-LT-1.8,",-1.7349904076071763,1,0,1
"PCTChangeLT-5,_LTGT3.0_,,,volumeUpsergedLast2n3n4DayUp,volBuyReversalLast2DayDown-VolUp,",-1.6714233234930542,1,0,1
"PCDCGT0PCTDayChangeLT0,_HTGT1.5_,,,(SMA9GT0),",0.42372676843079793,1,1,0
"PCTChangeGT2,_HTGT1.5_,,,%%HLTF:(GLOBAL-SGX-DOWN)maySellTail-2,3,4thDayGT0,",-0.3183627359158655,18,6,12
"PCTChangeLT-3,_LTGT1.5_,,,checkCupDown-2dayDown-mayReversalBuy,%%HLTF:(GLOBAL-DOWN)sellHighLowerTail-Reversal-LastDayMarketUp,##DOWNTREND:sellYearHighReversal(InDownTrend),##(Check-chart-buy):month3High-InMinus,ReversalHighMonth3,",-1.0055221641919818,1,0,1
"PCTChangeGT0.5,PCDayChange-0.5to0.5,,,,%%:checkSell:CupDownDoji-last2lastDayLT0orTodayGT0,(SMA9GT0),",1.42857142857142,1,1,0
"PCTChangeGT3,year2High,_HTGT1.5__LTGT3.0__LTGTPCTDayChange_,,,%%HLTF-Risky:(GLOBAL-DOWN)sellHighLowerTail-Reversal-LastDayMarketUp,##last2DayHighGT3-M3HGT0,",2.029519682949031,1,1,0
"PCTChangeLT-2,,,,chisSellDayLowVolLow-03-checkMorningTrend(.5SL),",1.4381518994035876,2,1,1
"PCTChangeLT-2,,,,volumeUpsergedLast2n3n4DayUp,checkSellConsolidationBreakDown-2week,week2BarLowChangeLT0,brokenToday,",1.228883364837312,1,1,0
"PCTChangeGT5,_HTGT1.5_,,,volumeUpsergedLast2n3n4DayDown,##lastDayHighGT5TodayGT1,",-4.567897466965664,1,0,1
"PCTChangeLT-1,,,,checkSellConsolidationBreakDown-2week,week2BarLowChangeLT-2,weekLowLTweek2Low,##(Check-chart-buy):YearHigh-InMinus,ReversalHighYear,",2.0923358496303477,1,1,0
"PCTChangeGT3,_HTGT1.5_,,,volSellVolumeUpsergedLast2n3DayDown,(GLOBALFUTUP-UPTRENDMARKET)checkBuyConsolidationBreakUp-week2-highNotReachedWeek3,week2BarHighChangeGT0,brokenToday,",0.8860074368302785,3,1,2
"PCTChangeGT5,_HTGT3.0_,,,%%HLTF-Last2HighTail:(UPTREND)buy(DOWNTREND)sell:HighUpperTailPre-last2DayUp,",-2.3408028530055445,5,1,4
"PCTChangeGT2,year2High,_HTGT1.5_,,,weekBarHighChangeGT2,",-2.2784187732327266,5,0,5
"PCTChangeLT-5,_HTGT1.5_,,,(GLOBALFUTDOWN-DOWNTRENDMARKET)checkSellConsolidationBreakDown-week2-lowNotReachedWeek3,week2BarLowChangeLT-2,chisDownTrend-Risky-nearHigh,",-0.12121027166194379,1,0,1
"PCTChangeGT3,year2High,_HTGT3.0__LTGT1.5__HTGTPCTDayChange_,,,##lastDayHighGT5TodayGT1,",-2.3796016703921814,1,0,1
"PCTChangeLT-12,year2Low,_LTGT3.0_,,,VOL:sellAboveTail-BuyAtClose:upVol3dayDownWeek2Low-highLowerTail,chisRSISellCandidate(yearLow)-lessThanMinus5,",6.559601809462487,1,1,0
"PCTChangeLT-3,_LTGT1.5_,,,##(Check-chart-buy):month3High-InMinus,ReversalHighMonth3,",-0.9243477946444869,20,7,13
"PCTChangeLT-3,_LTGT1.5_,,,weekBarLowChangeLT-2,brokenToday,##(Test)(Check-chart):year2Low-InMinus,",-4.074075486924911,1,0,1
"PCTChangeGT3,year2High,_HTGT1.5__LTGT1.5__LTGTPCTDayChange_,,,%%:sellUpTrend-month3High,",2.733129521882457,2,1,1
"PCTChangeLT-3,,,,volBuyVolumeUpsergedLast2n3DayUp,checkSellConsolidationBreakDown-2week,week2BarLowChangeLT0,brokenToday,",1.7934580632596768,1,1,0
"PCTChangeLT-3,,,,volSellContinueLast2DayDown-VolUp,##MANegative_Downtrend_(LT-2),##MA-SMA200LT0SMA100LT0,##DOWNTREND:sellMonth6LowBreak,",-3.1014528136322297,1,0,1
"PCTChangeLT-2,,,,%%:check(UPTREND-UPMARKET)Buy(DOWNTRENDTREND-DOWNMARKET)Sell:Super01-monthLow,##ML:buyRisingMA-down-Risky,",1.4002027843091471,1,1,0
"PCTChangeGT5,_LTGT1.5_,,,volumeUpsergedLast2n3n4DayDown,##last2DayHighGT3-M3HLT0,",-1.7200973818530894,1,0,1
"PCTChangeGT1,,,,chisBuyUpTrend-nearLow,##RisingMA(Test)(check-chart-buy)-2DayUp,##ML:sellRisingMAuptrend-1,##UPTREND:buyYearLowReversal(Confirm),",1.2842699101240802,1,1,0
"PCTChangeLT-2,,,,sellFinal1,zigZagVolCrossedFromUp,##(Check-chart-buy):month3High-InMinus,NearHighMonth3,",-1.4437689969604806,1,0,1
"PCTChangeGT0.5,,,,%%:checkSell:Super2,chisSellDowningMA-(check5MinuteDownTrendAndSellDowntrend)-Already10DayDown,",1.9310432158927815,2,2,0
"PCTChangeGT8,year2Low,_HTGT3.0_,,,volSellReversalLast2DayUp-VolDown,",6.229438424672897,1,1,0
"PCTChangeGT2,_LTGT3.0_,,,##MA-SMA200GT0SMA100GT0,",-1.9874198481721714,1,0,1
"PCTChangeLT-1,PCDayChange-0.5to0.5,_LTGT1.5_,,,chisSell:Super03-monthLow,##MANegative_Downtrend_(LT0),##MA-SMA200GT0SMA100LT0,",-4.8671654068885255,1,0,1
"PCTChangeGT1,,,,volBuyContinueLast2DayUp-VolUp,##UPTREND:buyYearLowReversal(Confirm),",-0.09070156382866001,1,0,1
"PCTChangeLT-2,,,,checkCupDown-3dayDown-mayReversalBuy,weekBarLowChangeLT-2,",2.6400024414062457,1,1,0
"PCTChangeGT3,_HTGT3.0__HTGTPCTDayChange_,,,chisUpTrend-Risky-nearLow,volSellVolumeUpsergedLast2n3DayDown,##RisingMA(check-chart-sell)-MaySellCheckChart,",1.4382703958585854,1,1,0
"PCTChangeGT3,,,,volBuyContinueLast2DayUp-VolUp,weekBarHighChangeGT2,",-0.6211921663866579,8,3,5
"PCTChangeGT0,_HTGT1.5_,,,%%:sellDowntrend-lastDayUp-ReversalHighTail,",-1.0331199035892158,10,5,5
"PCTChangeLT-3,,,,chisBuyMay5DayFloorReversal,",0.5583391704349089,6,3,3
"PCTChangeLT-3,_HTGT1.5_,,,volumeUpsergedLast2n3n4DayUp,(GLOBALFUTDOWN-DOWNTRENDMARKET)checkSellConsolidationBreakDown-week2-lowNotReachedWeek3,week2BarLowChangeLT0,weekLowLTweek2Low,chisDownTrend-Risky-nearHigh,##(Check-chart-buy):YearHigh-InMinus,NearHighYear,",1.5621340298323312,1,1,0
"PCTDayChangeLT0,_LTGT3.0_,,,%%HLTF:(SGXNIFTYUP)buyHighLowerTail-Continue,",-0.9134685255103951,6,2,4
"PCTChangeLT-12,_LTGT3.0_,,,volBuyReversalLast2DayDown-VolDown,chisSellDayLowVolLow-02-checkMorningTrend(.5SL),",13.650001525878908,1,1,0
"PCDCGT0PCTDayChangeLT0,PCDayChange-0.5to0.5,_HTGT3.0_,,,%%:sellDowntrend-lastDayUp-ReversalHighTail,##MANegative_Downtrend_(GT0),##MA-SMA200LT0SMA100LT0,",1.253691522069505,1,1,0
"PCTChangeLT-3,,,,volumeUpsergedLast2n3n4DayUp,weekBarLowChangeLT-2,brokenToday,",-0.657139369419629,1,0,1
"PCTDayChangeLT0,_HTGT1.5__HTGTPCTDayChange_,,,shortDownTrendSellContinue-Doji-Last2DayLTToday,",-10.46729162103291,1,0,1
"PCTChangeGT0.5,_HTGT3.0__HTGTPCTDayChange_,,,chisSellEveningStar-2(Check2-3MidCapCross),",0.0803244754349951,2,1,1
"PCTChangeGT1,PCDayChange-0.5to0.5,,,,shortUpTrendSellReversal-MonthHigh,",0.23315734028067162,3,1,2
"PCTChangeLT-1,,,,checkCupDown-3dayDown,##(Check-chart-buy):month3High-InMinus,ReversalHighMonth3,",-0.7956993472421284,12,3,9
"PCTChangeGT3,,,,chisCheckConsolidationBreakoutLT(4.5),##(check-chart)mayBuy-EMA6-LT-May-MT-EMA14,",-0.6994493380557484,6,2,4
"PCTChangeGT1,_HTGT1.5_,,,MaySellCheckChart-(IndexNotDownInSecondHalf),$$MaySell-CheckChart(monthHigh-minimumLast4DayUp),",1.180553436279295,1,1,0
"PCTChangeLT-1,year2Low,_HTGT1.5__LTGT1.5__HTGTPCTDayChange__LTGTPCTDayChange_,,,$$MayBuy-CheckChart(downTrend-mayReverseLast4DaysDown),",4.08030503732126,2,2,0
"PCDCLT0PCTChangeGT0,_HTGT1.5__LTGT3.0_,,,##MA-SMA200LT0SMA100LT0,",-1.4444478352864456,1,0,1
"PCTChangeLT-2,_LTGT3.0_,,,##MA-SMA200LT0SMA100LT0,",-7.750576864449118,3,0,3
"PCTChangeGT2,_HTGT1.5__HTGTPCTDayChange_,,,chisBuyFinalCandidate-(lastDayUp)-(sellPattern),",2.1292285023879107,1,1,0
"PCTChangeGT2,year2High,_HTGT1.5_,,,MaySellCheckChart-(IndexNotDownInSecondHalf),chisCheckConsolidationBreakoutLT(4.5),weekBarHighChangeGT2,",1.3511619443265344,1,1,0
"PCTChangeLT-3,_HTGT1.5__LTGT1.5_,,,##(Check-chart-buy):YearHigh-InMinus,NearHighYear,",-0.6832123192208179,2,1,1
"PCTChangeLT-5,_HTGT1.5_,,,%%HLTF:(UPTREND-MorningTrend-UP)mayBuyTail-highTailGT2-7,10thDayGT10-Last2DayStockDown,##last2DayLow(LT-3)-M3LGT0,",5.662110235727591,1,1,0
"PCTChangeLT-1,,,,chisSellUpTrend-Risky-0,",-1.741933514994963,1,0,1
"PCDCLT0PCTChangeGT5,year2High,_HTGT1.5__HTGTPCTDayChange_,,,chisSellLastDayHighUpReversal,",-1.6190163333146423,1,0,1
"PCTChangeGT2,_LTGT1.5_,,,%%HLTF:(SGXNIFTYUP)buyHighLowerTail-Continue,##MAPositive_Uptrend(GT1),##MA-SMA200GT0SMA100GT0,",-2.8186311557416914,1,0,1
"PCTChangeGT3,,,,chisUpTrend-Risky-nearLow,(GLOBALFUTUP-UPTRENDMARKET)checkBuyConsolidationBreakUp-week2-highNotReachedWeek3,week2BarHighChangeGT2,",2.609039145450725,1,1,0
"PCTChangeLT-3,year2High,_LTGT3.0_,,,%%HLTF:(GLOBAL-UP)buyHighLowerTail-LastDayMarketUp,",-0.2874389242724472,1,0,1
"PCTChangeGT3,,,,volSellVolumeUpsergedLast2n3DayDown,##MAPositive_Uptrend(GT4.5),##MA-SMA200GT0SMA100GT0,",-0.3320859083488678,1,0,1
"PCTChangeLT-2,_HTGT1.5_,,,##DOWNTREND:sellYearHighReversal(InDownTrend),##(Check-chart-buy):month3High-InMinus,ReversalHighMonth3,",-2.498500960422307,1,0,1
"PCTChangeGT5,,,,chisSellYear2LowLT-40-last4DayDown(triggerAfter-9:15),chisUpTrend-Risky-nearLow,",2.45036042523738,1,1,0
"PCTChangeLT-2,_LTGT1.5_,,,volBuyReversalLast2DayDown-VolDown,##(Check-chart-buy):YearHigh-InMinus,NearHighYear,",1.1203857409847886,2,1,1
"PCTChangeGT3,,,,(GLOBALFUTUP-UPTRENDMARKET)checkBuyConsolidationBreakUp-week2-highNotReachedWeek3,week2BarHighChangeGT0,##(check-chart)sellEMA6>EMA14,",-2.5324218649124908,1,0,1
"PCTChangeLT-2,,,,weekBarLowChangeLT-2,chisDownTrend-Risky-nearHigh,##DOWNTREND:sellMonth6HighReversal(InDownTrend),##(Check-chart-buy):month6High-InMinus,ReversalHighMonth6,",-0.36439865330069227,3,2,1
"PCDCGT0PCTChangeLT-5,PCDayChange-0.5to0.5,year2Low,_HTGT3.0__LTGT1.5_,,,%%HLTF-Last2LowTail:(DOWNTREND)sellHighLowerTailPre-1,",2.091949884658997,1,1,0
"PCTChangeGT3,,,,volSellRevarsalVolCrossed,%%:checkSellRevarsalLast3DayUpAtMonth3Low,weekBarHighChangeGT2,##(check-chart)mayBuy-EMA6-LT-May-MT-EMA14,",3.570355916826609,1,1,0
"PCTChangeLT-3,_LTGT3.0_,,,##DOWNTREND:sellYear2HighReversal(InDownTrend),buyMorningStar-HighLowerTail,##(Check-chart-buy):month3High-InMinus,ReversalHighMonth3,",1.3302432551910996,1,1,0
"PCTChangeLT-2,_HTGT3.0__LTGT1.5__HTGTPCTDayChange__LTGTPCTDayChange_,,,%%:checkSell:CupDownDoji-last2lastDayLT0orTodayGT0,%%:checkSell:Flag2Week,##(Check-chart-sell)Month3Low-Continue(InUpTrend),ReversalLowMonth3,",3.43778341288986,1,1,0
"PCTChangeGT3,,,,week2BarHighChangeGT5,weekHighGTweek2High,",0.7142838977632131,1,1,0
"PCTChangeGT1,,,,(GLOBALFUTUP-UPTRENDMARKET)checkBuyConsolidationBreakUp-week2-highNotReachedWeek3,week2BarHighChangeGT0,##(check-chart)sellEMA6>EMA14,",0.4293968077236728,1,1,0
"PCTChangeGT2,_HTGT3.0__HTGTPCTDayChange__LTGTPCTDayChange_,,,%%:checkSell:CupDownDoji,",-7.875173703540288,1,0,1
"PCTChangeGT2,,,,chisUpTrend-Risky-nearLow,volumeUpsergedLast2n3n4DayDown,chisCheckConsolidationBreakoutLT(4.5),",0.6140368723729942,1,1,0
"PCTChangeLT-3,,,,(GLOBALFUTDOWN-DOWNTRENDMARKET)checkSellConsolidationBreakDown-week2-lowNotReachedWeek3,week2BarLowChangeLT-2,weekLowLTweek2Low,chisDownTrend-Risky-nearHigh,##(check-chart)maySell-EMA6-MT-May-LT-EMA14,",1.2272553346549648,1,1,0
"PCTChangeLT-2,_LTGT1.5_,,,(GLOBALFUTDOWN-DOWNTRENDMARKET)checkSellConsolidationBreakDown-week2-lowNotReachedWeek3,week2BarLowChangeLT-2,weekLowLTweek2Low,chisDownTrend-Risky-nearHigh,##(Check-chart-buy):month3High-InMinus,ReversalHighMonth3,",1.5151494452347658,1,1,0
"PCTChangeGT1,_HTGT1.5_,,,%%HLTF:(DOWNTREND-OR-GLOBALDOWN)maySellTail-tailGT2-2,3,4thDayGT0,",0.37776975965421034,7,5,2
"PCTChangeLT-2,_HTGT1.5_,,,##DOWNTREND:sellYearHighReversal(InDownTrend),volBuyRevarsalVolCrossed,##(Check-chart-buy):YearHigh-InMinus,ReversalHighYear,",-3.9235265395220598,1,0,1
"PCTChangeGT2,,,,VOL:sell-DownVol-3dayUp-Week2Low,buyFinal1,",1.828742894627398,1,1,0
"PCTChangeLT-2,_LTGT1.5_,,,checkCupDown-month3HighLTmonth3Low,bar_low,##(Check-chart-buy):month3High-InMinus,ReversalHighMonth3,",-1.7482517482517494,1,0,1
"PCTChangeLT-2,,,,weekBarLowChangeLT-2,##MANegative_Downtrend_(LT-2),##MA-SMA200LT0SMA100LT0,",-0.6384885532299762,4,1,3
"PCTChangeGT8,,,,volBuyContinueLast2DayUp-VolUp,##MAPositive_Uptrend(GT4.5),##MA-SMA200GT0SMA100GT0,",1.8967146038727765,7,3,4
"PCTChangeLT-3,,,,VOL:sell(GLOBALFUTUP-GLOBALMARKETUP)Buy-UpVol-3dayDown-Week2High,##DOWNTREND:sellYear2HighReversal(InDownTrend),##(Check-chart-buy):YearHigh-InMinus,ReversalHighYear,",0.33340897631675126,1,1,0
"PCTChangeLT-2,,,,%%:checkSell:Flag2Week,checkCupDown-2dayDown,chisBuyFinalContinue-2,chisSellDownTrend-nearHigh,",-0.3692047386586386,1,0,1
"PCTChangeGT5,_HTGT3.0__LTGT3.0__LTGTPCTDayChange_,,,chisSelldowntrendReversalMayFail,",-10.826561573721207,1,0,1
"PCTChangeGT5,year2High,_HTGT1.5_,,,##last2DayHighGT3-M3HGT0,",-0.7504288850079297,20,8,12
"PCTDayChangeLT0,_LTGT1.5_,,,shortDownTrendSellContinue-Doji-Last2DayLTToday,(Test)MayBuyCheckChart-last3DayDown,",1.0241101551773546,1,1,0
"PCTChangeLT-2,year2Low,_LTGT1.5_,,,%%:buyDownTrend-month3Low,",-2.957694573545937,2,0,2
"PCTChangeGT1,_HTGT1.5__HTGTPCTDayChange_,,,%%HLTF:(GLOBAL-SGX-DOWN)maySellTail-2,3,4thDayGT0,chisBuyYearHigh-3,",-1.5773630168360937,1,0,1
"PCTChangeLT-2,,,,weekBarLowChangeLT-2,$$MayBuy-CheckChart(monthLow-minimumLast4DayDown),",-0.2920024210962695,7,3,4
"PCTChangeGT3,_HTGT1.5__LTGT1.5__LTGTPCTDayChange_,,,chisSellYear2LowLT-40-last4DayDown(triggerAfter-9:15),chisBuyUpTrend-nearLow,##UPTREND:buyYearLow,",0.28571304009885207,1,1,0
"PCTChangeLT-5,_LTGT1.5_,,,##ML:BuyRisingMA-Risky-0,",6.627156468659324,2,2,0
"PCTChangeGT0.5,PCDayChange-0.5to0.5,year2High,,,,shortUpTrendSellReversal-Month3High-Doji-Last2DayGTToday,",-0.14086276067253323,2,1,1
"PCTChangeGT3,,,,weekBarHighChangeGT2,brokenToday,##MAPositive_Uptrend(GT4.5),##MA-SMA200GT0SMA100GT0,",-0.1586862622462525,3,1,2
"PCTChangeGT1,_LTGT3.0_,,,%%HLTF:(SGXNIFTYUP)buyHighLowerTail-Continue,##RisingMA(Test)(check-chart-buy)-1DayUp,",0.654814722404591,1,1,0
"PCTChangeLT-0.5,,,,%%:checkBuyRevarsalLast3DayDownAtMonth3High,",0.15119517175902503,4,1,3
"PCDCGT0PCTChangeLT-1,_LTGT3.0_,,,$$MayBuy-CheckChart-baseLine(inuptrend-monthlow)-MHCLT(-10),",2.716533030111945,1,1,0
"PCTChangeGT12,_HTGT3.0_,,,%%HLTF-Last2HighTail:(UPTREND)buy(DOWNTREND)sell:HighUpperTailPre-last2DayUp,##MAPositive_Uptrend(GT4.5),##MA-SMA200LT0SMA100GT0,",-1.9090895219282575,1,0,1
"PCTChangeGT3,,,,(Test)sellHeavyUpTrend-Reversal-1,weekBarHighChangeGT2,##last2DayHighGT3-M3HGT0,",-1.024321943653269,1,0,1
"PCTChangeGT1,_HTGT1.5__HTGTPCTDayChange_,,,chisBuyUpTrend-nearLow,",-0.527815960297109,4,1,3
"PCTChangeLT-8,_HTGT1.5__LTGT3.0_,,,##MANegative_Downtrend_(LT-2),##MA-SMA200GT0SMA100GT0,",-1.8677496683659094,1,0,1
"PCTChangeLT-3,_LTGT1.5_,,,##last2DayLow(LT-3)-M3LLT0,chisBuyYear2Low,NearLowYear2,",-3.166224758004689,1,0,1
"PCTChangeLT-1,,,,volSellContinueLast2DayDown-VolUp,chisDownTrend-Risky-nearHigh,",-1.2412066827163772,4,1,3
"PCTChangeGT5,_HTGT3.0__HTGTPCTDayChange_,,,sellEveningStar-0,##UPTREND:buyYearLowReversal(Confirm),",-8.940680552337131,1,0,1
"PCTChangeGT1,year2High,,,,volBuyContinueLast2DayUp-VolUp,chisBuyConsolidationBreakUp-2week-(Risky)-year2High,week2BarHighChangeGT0,",-1.1510252788901565,1,0,1
"PCTChangeLT-2,_HTGT1.5__LTGT1.5_,,,(GLOBALFUTDOWN-DOWNTRENDMARKET)checkSellConsolidationBreakDown-week2-lowNotReachedWeek3,week2BarLowChangeLT0,##DOWNTREND:sellYear2HighReversal(InDownTrend),%%:checkBuyRevarsalLast3DayDownAtMonth3High,",5.0053109048878675,1,1,0
"PCTChangeGT12,_HTGT1.5_,,,%%HLTF-Last2HighTail:(UPTREND)buy(DOWNTREND)sell:HighUpperTailPre-last2DayUp,",-4.143043991960015,1,0,1
"PCDCLT0PCTChangeGT1,_HTGT3.0_,,,%%HLTF:maySellTail-tailGT2-allDayGT0,##MAPositive_Uptrend(LT0),##MA-SMA200LT0SMA100LT0,",2.745096044602726,1,1,0
"PCTDayChangeLT0,_HTGT1.5__HTGTPCTDayChange_,,,%%:checkSell:Super01-monthLow,%%HLTF-Last2HighTail:(DOWNTREND)sellHighUpperTailPre,",1.503065612418513,1,1,0
"PCTChangeLT-3,_HTGT1.5__HTGTPCTDayChange_,,,##MANegative_Downtrend_(LT-1),##MA-SMA200LT0SMA100LT0,",1.963011119868684,3,3,0
"PCTChangeLT-12,_HTGT3.0__LTGT3.0_,,,volBuyReversalLast2DayDown-VolUp,##MANegative_Downtrend_(LT-4.5),##MA-SMA200LT0SMA100LT0,",-2.159999245607012,1,0,1
"PCTChangeGT3,,,,volSellRevarsalVolCrossed,##lastDayHighGT5TodayGT1,",2.6363650235262712,1,1,0
"PCTChangeLT-3,,,,chisSellFlag2Week-Risky,volSellContinueLast2DayDown-VolUp,",-1.1531558052174997,1,0,1
"PCTChangeGT5,_HTGT3.0__HTGTPCTDayChange_,,,sellEveningStar-0,chisUpTrend-Risky-nearLow,volBuyContinueLast2DayUp-VolUp,##(Test)buyBottomReversal-1,",1.4663476210374062,1,1,0
"PCTChangeLT-2,,,,checkCupDown-2dayDown,volBuyReversalLast2DayDown-VolDown,chisBuyFinalContinue-1,chisSellDownTrend-nearHigh,",-1.6263018017409325,1,0,1
"PCTChangeGT2,year2Low,_LTGT1.5_,,,zigZagVolCrossedFromDown,",1.0745508187380761,1,1,0
"PCTChangeGT3,,,,weekBarHighChangeGT2,##UPTREND:buyYear2LowReversal(Confirm),",0.15442707751845386,1,1,0
"PCDCLT0PCTChangeGT0,_HTGT1.5_,,,%%HLTF-LastDayUp:(DOWNTREND-OR-GLOBALDOWN)MaySellHighTail-LastDayMarketUp,(SMA9LT0),",-1.3964802062788024,1,0,1
"PCTChangeGT0.5,year2High,_HTGT3.0__LTGT3.0_,,,%%HLTF:(GLOBAL-DOWN)sellHighLowerTail-Reversal-LastDayMarketUp,",-6.055946616859694,1,0,1
"PCTChangeLT-8,,,,maySellHighVolatileDownContinueLT-8,##MANegative_Downtrend_(LT-4.5),##MA-SMA200LT0SMA100LT0,",-2.5641299530982553,26,4,22
"PCTChangeGT0,_HTGT1.5__LTGT1.5_,,,(SMA9GT0),",3.7499970080805816,1,1,0
"PCTChangeGT5,,,,chisCheckConsolidationBreakoutGT(4.5),weekBarHighChangeGT5,",-8.50467147114121,1,0,1
"PCTChangeLT-3,_LTGT3.0_,,,volBuyReversalLast2DayDown-VolUp,##MANegative_Downtrend_(LT-2),##MA-SMA200LT0SMA100LT0,",11.102666238414926,1,1,0
"PCTChangeLT-1,_LTGT1.5_,,,(Test)(check-chart-2-3MidCapCross)MayBuyCheckChart-Risky,$$MayBuy-CheckChart-baseLine(inuptrend-monthlow)-MHCLT(-10),",2.295032537649946,1,1,0
"PCTChangeGT3,_HTGT3.0_,,,%%HLTF-Last2HighTail:(UPTREND)buy(DOWNTREND)sell:HighUpperTailPre-last2DayUp,volumeUpsergedLast2n3n4DayDown,weekBarHighChangeGT0,brokenToday,##MAPositive_Uptrend(GT2),##MA-SMA200GT0SMA100GT0,",-1.6458196843007649,1,0,1
"PCTChangeGT2,_HTGT3.0__LTGT1.5__HTGTPCTDayChange_,,,%%:sellUpTrend-month3High,##MAPositive_Uptrend(GT2),##MA-SMA200GT0SMA100GT0,",4.266280192360394,1,1,0
"PCTChangeGT0.5,,,,buyPatternsML,buyPattern-GT1.5-SMAGT0,(SMA9GT0),",0.875925671138056,3,2,1
"PCTChangeGT2,,,,week2BarHighChangeGT2,weekHighGTweek2High,##(check-chart)sellEMA6>EMA14,",-2.5624999999999947,1,0,1
"PCTChangeLT-5,_LTGT1.5_,,,##MANegative_Downtrend_(LT-4.5),##MA-SMA200LT0SMA100LT0,chisBuyDayLowVolLow-01,",1.678414779435726,1,1,0
"PCTChangeLT-2,,,,##MANegative_Downtrend_(LT-2),##MA-SMA200LT0SMA100LT0,",0.3715236078937007,78,41,37
"PCTChangeLT-2,,,,checkCupDown-near2WeekDown-mayReveresalBuy,week2BarLowChangeLT0,weekLowLTweek2Low,##ML:buyRisingMA-down-Risky,",3.4374056500059305,1,1,0
"PCTChangeLT-2,,,,%%:buyDownTrend-month3Low,",-1.221918850015419,3,1,2
"PCTChangeLT-2,_HTGT3.0__LTGT1.5__HTGTPCTDayChange_,,,##MANegative_Downtrend_(LT-2),##MA-SMA200GT0SMA100GT0,",-5.973583452426678,1,0,1
"PCTChangeGT3,,,,checkCupDown-lastDayUp-near2WeekHigh-mayReveresalSell,",1.4672799093195399,2,1,1
"PCTChangeLT-2,_HTGT3.0__LTGT1.5__HTGTPCTDayChange_,,,volBuyReversalLast2DayDown-VolUp,##(Check-chart-buy):month3High-InMinus,ReversalHighMonth3,",3.86885345959272,1,1,0
"PCTChangeLT-5,_HTGT1.5_,,,volBuyReversalLast2DayDown-VolDown,##last2DayLow(LT-3)-M3LGT0,chisBuyDayLowVolLow-0,",-1.781170483460553,1,0,1
"PCTChangeGT3,,,,chisUpTrend-Risky-nearLow,##(Test)buyBottomReversal-1,",-1.2586715570957547,1,0,1
"PCTChangeLT-2,_HTGT3.0_,,,##ML:buyRisingMA-down-Risky,",1.4832565088591398,1,1,0
"PCTChangeGT3,,,,volSellReversalLast2DayUp-VolDown,chisCheckConsolidationBreakoutLT(4.5),weekBarHighChangeGT2,chisSell-2week-breakoutup,",-1.075474805815728,1,0,1
"PCTChangeGT2,_HTGT1.5__HTGTPCTDayChange_,,,MaySellCheckChart-(IndexNotDownInSecondHalf),weekBarHighChangeGT2,",-0.024745276644533045,7,3,4
"PCTChangeGT2,year2High,_HTGT1.5_,,,(GLOBALFUTUP-UPTRENDMARKET)checkBuyConsolidationBreakUp-week2,weekBarHighChangeGT2,",0.13043610945991246,1,1,0
"PCTChangeGT2,,,,chisBuyUpTrend-nearLow,chisBuy-2week-breakoutup(check-chart)(|-|-| or --|),",3.0890020400441855,1,1,0
"PCTChangeGT0.5,_HTGT1.5__LTGT1.5_,,,maySellFromBuyPattern-LT-1.8,",-6.6844051118220005,1,0,1
"PCTDayChangeLT0,PCDayChange-0.5to0.5,_HTGT3.0_,,,chisBuyYearHigh-1,",0.9678841987822868,2,1,1
"PCTChangeLT-8,,,,maySellAfter10:30HighVolatileDownContinueLT-8-Risky,volSellContinueLast2DayDown-VolUp,##MANegative_Downtrend_(LT-4.5),##MA-SMA200GT0SMA100LT0,",6.521935439975472,2,2,0
"PCTChangeGT1,PCDayChange-0.5to0.5,,,,%%:checkSell:CupDownDoji-last2lastDayLT0orTodayGT0,",-2.5720106842935015,2,0,2
"PCTChangeLT-3,,,,##MANegative_Downtrend_(LT-2),##MA-SMA200GT0SMA100LT0,##DOWNTREND:sellMonth3LowBreak,##last2DayLow(LT-3)-M3LLT0,",2.6463975694444524,1,1,0
"PCTChangeLT-0.5,PCDayChange-0.5to0.5,_HTGT3.0_,,,chisBuyYearHigh-3,",0.6106398220238474,1,1,0
"PCTChangeLT-3,_LTGT1.5_,,,##DOWNTREND:sellMonth3LowBreak,",-0.8819449209294794,5,3,2
"PCTChangeGT2,,,,chisCheckConsolidationBreakoutLT(4.5),week2BarHighChangeGT2,",1.4901234816819966,1,1,0
"PCTChangeLT-2,_LTGT3.0_,,,volBuyReversalLast2DayDown-VolUp,##MANegative_Downtrend_(LT-2),##MA-SMA200GT0SMA100LT0,buyMorningStar-HighLowerTail,",0.6744883011798525,1,1,0
"PCTChangeGT5,year2Low,_HTGT3.0__LTGT3.0__HTGTPCTDayChange__LTGTPCTDayChange_,,,zigZagVolCrossedFromDown,",9.102153876640932,2,2,0
"PCTChangeGT3,year2Low,,,,chisSellYear2LowLT-40-last4DayDown(triggerAfter-9:15),zigZagVolCrossedFromDown,",5.167066720070417,1,1,0
"PCTChangeGT2,_HTGT1.5_,,,%%HLTF-Last2HighTail:(UPTREND)buy(DOWNTREND)sell:HighUpperTailPre-last2DayUp,VOL:sell-UpVol-3dayUp-Week2High,weekBarHighChangeGT2,",2.401778488504678,1,1,0
"PCTChangeLT-2,_HTGT1.5_,,,%%:checkSell:Super0,##MA-SMA200GT0SMA100GT0,",-1.7604960606302293,1,0,1
"PCTChangeLT-3,_HTGT1.5_,,,chisSellDownTrend-nearHigh,zigZagVolCrossedFromUp,##(Check-chart-buy):month3High-InMinus,NearHighMonth3,",-0.5948210119539857,1,0,1
"PCDCLT0PCTChangeGT0,PCDayChange-0.5to0.5,year2High,_HTGT1.5_,,,%%HLTF-Last2HighTail:(DOWNTREND)sellHighUpperTailPre,%%HLTF:(UPTREND-MorningTrend-UP)mayBuyTail-highTailGT2-7,10thDayGT10-Last2DayStockDown,",-1.555192139196118,1,0,1
"PCTChangeGT2,_HTGT1.5_,,,week2BarHighChangeGT0,brokenToday,",0.6615049818685661,4,2,2
"PCTChangeGT5,_HTGT1.5__HTGTPCTDayChange_,,,%%HLTF-Last2HighTail:(UPTREND)buy(DOWNTREND)sell:HighUpperTailPre-last2DayUp,%%HLTF:maySellTail-tailGT2-7,10thDayGT20,",-1.4036897753105881,1,0,1
"PCTChangeGT3,_HTGT3.0__LTGT3.0_,,,zigZagVolCrossedFromDown,",6.439149905661763,1,1,0
"PCTChangeLT-3,_LTGT1.5_,,,chisSellFlagWeek-Risky,##last2DayLow(LT-3)-M3LGT0,",2.9581462223489563,1,1,0
"PCTChangeGT1,_HTGT1.5__HTGTPCTDayChange_,,,sellEveningStar-0,",-1.4161832070764113,1,0,1
"PCTChangeGT3,_HTGT1.5_,,,weekBarHighChangeGT2,##UPTREND:buyYear2LowReversal(Confirm),",0.1804780195103634,1,1,0
"PCTChangeGT2,,,,chisBuyYearHigh-1,",-0.4379340426602754,29,10,19
"PCTChangeGT2,_HTGT1.5_,,,VOL:buy(GLOBALFUTDOWN-GLOBALMARKETDOWN)Sell-UpVol-3dayUp-Week2Low,",-1.4509164855896957,2,0,2
"PCDCGT0PCTDayChangeLT0,_HTGT3.0_,,,##MA-SMA200LT0SMA100GT0,",1.385299903420535,1,1,0
"PCTChangeGT5,_HTGT1.5_,,,##MAPositive_Uptrend(GT4.5),##MA-SMA200GT0SMA100GT0,",0.33312694587103425,40,22,18
"PCTChangeLT-2,_LTGT3.0_,,,%%:checkSell:Flag2Week,checkCupDown-inDownTrend,bar_low,%%HLTF:(GLOBAL-DOWN)sellHighLowerTail-Reversal-LastDayMarketUp,volSellContinueLast2DayDown-VolUp,chisSellFinalCandidate-4,##sellTenDaysMoreThanTen,",-5.974228062580531,1,0,1
"PCTChangeGT1,,,,chisUpTrend-Risky-nearLow,week2BarHighChangeGT0,weekHighGTweek2High,brokenToday,",-4.068715609183879,2,0,2
"PCTChangeLT-2,,,,volSellContinueLast2DayDown-VolUp,##DOWNTREND:sellYearLowBreak,",-0.5564903529458319,1,0,1
"PCTChangeLT-2,,,,checkCupDown-2dayDown,volBuyReversalLast2DayDown-VolDown,",2.4186032317405566,1,1,0
"PCTChangeGT0.5,,,,chisCheckConsolidationBreakoutLT(4.5),##MA-SMA200GT0SMA100GT0,",-1.2709297637570773,1,0,1
"PCDCLT0PCTChangeGT3,_LTGT1.5_,,,chisSell-smallUptrendReversal,",-0.19274514818948535,1,0,1
"PCTChangeLT-2,_HTGT1.5__LTGT1.5__LTGTPCTDayChange_,,,%%:checkSell:Super01-monthLow,",1.0546500479386405,1,1,0
"PCTChangeLT-3,,,,checkCupDown-2dayDown-mayReversalBuy,volSellContinueLast2DayDown-VolUp,chisDownTrend-Risky-nearHigh,##DOWNTREND:sellYear2HighReversal(InDownTrend),##(Check-chart-buy):month3High-InMinus,ReversalHighMonth3,",1.1743713292686837,1,1,0
"PCTChangeGT2,year2High,,,,%%:sellUpTrend-month3High,weekBarHighChangeGT2,",6.3862823515806255,1,1,0
"PCTChangeGT2,,,,volSellVolumeUpsergedLast2n3DayDown,week2BarHighChangeGT0,brokenToday,chisBuy-2week-breakoutup(check-chart)(|-|-| or --|),",-2.8407204914562825,1,0,1
"PCTChangeLT-2,,,,volumeUpsergedLast2n3n4DayUp,volSellContinueLast2DayDown-VolUp,chisDownTrend-Risky-nearHigh,##DOWNTREND:sellYear2HighReversal(InDownTrend),##(Check-chart-buy):month3High-InMinus,ReversalHighMonth3,",-0.30940594059406523,1,0,1
"PCTChangeGT3,_HTGT3.0__LTGT1.5__HTGTPCTDayChange_,,,volSellReversalLast2DayUp-VolDown,chisCheckConsolidationBreakoutLT(4.5),",-4.175984323445369,1,0,1
"PCTChangeLT-1,_LTGT3.0_,,,##(Check-chart-buy):YearHigh-InMinus,ReversalHighYear,",-0.05123623558690169,1,0,1
"PCTChangeLT-1,_LTGT1.5_,,,(Test)(check-chart-2-3MidCapCross)MayBuyCheckChart-Risky,",-0.25537285042226676,100,49,50
"PCTChangeGT2,,,,chisBuyUpTrend-nearLow,buyFinal1,##UPTREND:buyMonth6LowReversal(Confirm),",1.4125892814575862,1,1,0
"PCTChangeLT-2,,,,VOL:buy-UpVol-3dayDown-Week2Low,##MANegative_Downtrend_(LT-2),##MA-SMA200LT0SMA100LT0,##DOWNTREND:sellYearLowBreak,",-1.9615207056652064,1,0,1
"PCTChangeGT3,_HTGT1.5_,,,vol-sell-DownVol-3dayUp-Week2High,weekBarHighChangeGT2,##MAPositive_Uptrend(GT2),##MA-SMA200GT0SMA100GT0,",8.335811946006498,1,1,0
"PCTChangeGT3,_LTGT1.5_,,,chisSellYear2LowLT-40-last4DayDown(triggerAfter-9:15),chisBuyDownTrend-lowTail,",2.824858757062147,1,1,0
"PCTChangeGT3,,,,chisUpTrend-Risky-nearLow,(GLOBALFUTUP-UPTRENDMARKET)checkBuyConsolidationBreakUp-week2-highNotReachedWeek3,week2BarHighChangeGT0,brokenToday,##(check-chart)mayBuy-EMA6-LT-May-MT-EMA14,##(Test)buyBottomReversal-1,##UPTREND:buyYear2LowReversal(Confirm),",0.04361129750116723,1,1,0
"PCTChangeGT16,year2High,,,,volumeUpsergedLast2n3n4DayDown,volBuyContinueLast2DayUp-VolUp,",3.460315522693449,1,1,0
"PCTChangeLT-2,,,,%%:checkSell:Flag2Week,volumeUpsergedLast2n3n4DayUp,volSellContinueLast2DayDown-VolUp,chisDownTrend-Risky-nearHigh,##DOWNTREND:sellYear2HighReversal(InDownTrend),##(Check-chart-buy):YearHigh-InMinus,ReversalHighYear,",-0.7673100987413856,1,0,1
"PCTChangeLT-2,,,,checkSellConsolidationBreakDown-2week-(Risky)-year2Low,week2BarLowChangeLT0,weekLowLTweek2Low,brokenToday,",0.49611470290947396,1,1,0
"PCTChangeLT-2,year2High,_HTGT1.5_,,,volBuyReversalLast2DayDown-VolDown,##sellTenDaysMoreThanTen,",2.341392083625114,1,1,0
"PCTChangeGT2,,,,chisUpTrend-Risky-nearLow,(GLOBALFUTUP-UPTRENDMARKET)checkBuyConsolidationBreakUp-week2-highNotReachedWeek3,week2BarHighChangeGT2,weekHighGTweek2High,##UPTREND:buyYear2LowReversal(Confirm),",1.8460826691042649,1,1,0
"PCTChangeGT5,_LTGT1.5_,,,chisBuyUpTrend-nearLow,##UPTREND:buyYear2LowReversal(Confirm),",-1.8518518518518516,1,0,1
"PCTChangeGT5,,,,(GLOBALFUTUP-UPTRENDMARKET)checkBuyConsolidationBreakUp-week2-highNotReachedWeek3,week2BarHighChangeGT0,brokenToday,",-0.4153168999700163,11,6,5
"PCTChangeGT5,_LTGT1.5_,,,chisFinalBreakOutBuy-1test-atYearLow,##last2DayHighGT3-M3HLT0,",-4.21305785928885,1,0,1
"PCTChangeGT2,_HTGT1.5_,,,##(Check-chart)buyMonth3High-Continue,",-3.8848876953124987,1,0,1
"PCTChangeLT-1,year2High,,,,##(Test)(check-chart)-buySMAUpTrend,",-1.9865128396114287,1,0,1
"PCTChangeLT-5,_LTGT1.5_,,,VOL:sell(GLOBALFUTUP-GLOBALMARKETUP)Buy-UpVol-3dayDown-Week2High,",-2.3863636363636282,1,0,1
"PCTChangeLT-2,,,,chisSellConsolidationBreakDown-forecastDayPCT7LT0,chisSellDownTrend-nearHigh,##(Check-chart-buy):month6High-InMinus,ReversalHighMonth6,",-1.292598124681098,1,0,1
"PCTChangeGT3,,,,##(Check-chart-sell):month3Low-InPlus,ReversalLowMonth3,chisUpTrend-Risky-nearLow,(GLOBALFUTUP-UPTRENDMARKET)checkBuyConsolidationBreakUp-week2-highNotReachedWeek3,week2BarHighChangeGT0,",-2.3598140516149666,1,0,1
"PCTChangeLT-3,,,,(GLOBALFUTDOWN-DOWNTRENDMARKET)checkSellConsolidationBreakDown-week2-lowNotReachedWeek3,week2BarLowChangeLT-5,volBuyRevarsalVolCrossed,",2.3560209424083816,1,1,0
"PCTChangeGT8,_HTGT3.0_,,,volumeUpsergedLast2n3n4DayDown,",-0.6933349609375056,1,0,1
"PCTChangeLT-1,PCDayChange-0.5to0.5,_HTGT1.5__LTGT1.5_,,,chisBuyYearHigh-1,",-2.9577479116233896,1,0,1
"PCTChangeLT-1,_LTGT1.5_,,,checkSellConsolidationBreakDown-month3HighGTMonth3Low,",0.379751723399511,4,2,1
"PCTChangeLT-2,year2High,_LTGT1.5_,,,zigZagVolCrossedFromUp,",0.862068965517257,1,1,0
"PCTChangeLT-1,,,,weekBarLowChangeLT0,##(Check-chart-buy):YearHigh-InMinus,ReversalHighYear,",0.275682443760071,11,6,4
"PCTChangeGT3,,,,chisSellYear2LowLT-40-last3DayDown(triggerAfter-9:15),##(Check-chart-sell):month3Low-InPlus,ReversalLowMonth3,##UPTREND:buyMonth3LowReversal(Confirm),",-0.48097350263760164,2,1,1
"PCTChangeLT-2,,,,##MANegative_Downtrend_(LT-1),##MA-SMA200LT0SMA100LT0,",0.2587656502975497,18,11,7
"PCTChangeLT-3,,,,weekBarLowChangeLT-2,##(Test)(Check-chart):yearLow-InMinus,",-2.1374997553833692,1,0,1
"PCTChangeLT-1,_HTGT1.5__HTGTPCTDayChange_,,,weekBarLowChangeLT0,##MANegative_Downtrend_(LT-1),##MA-SMA200GT0SMA100LT0,",3.2328038480796453,1,1,0
"PCTChangeGT5,,,,##MAPositive_Uptrend(GT2),##MA-SMA200LT0SMA100GT0,##last3DayHighGT3-M3HLT0,",-4.625,1,0,1
"PCTChangeLT-1,,,,$$MayBuy-CheckChart(downTrend-mayReverseLast4DaysDown),",0.6054771335097936,6,3,3
"PCTChangeGT3,,,,chisCheckConsolidationBreakoutLT(4.5),weekBarHighChangeGT2,brokenToday,chis-breakoutup-2week,",-3.2517258216594827,1,0,1
"PCTChangeGT2,_HTGT1.5_,,,volSellVolumeUpsergedLast2n3DayDown,##(Check-chart):yearHigh-InPlus,",4.584613506610589,1,1,0
"PCTDayChangeLT0,_HTGT3.0__LTGT3.0__HTGTPCTDayChange__LTGTPCTDayChange_,,,(GLOBALFUTDOWN-DOWNTRENDMARKET)checkSellConsolidationBreakDown-week2-lowNotReachedWeek3,week2BarLowChangeLT-2,weekLowLTweek2Low,##MA-SMA200GT0SMA100LT0,",11.849869224405158,1,1,0
"PCTChangeLT-2,_LTGT1.5_,,,##(Check-chart-buy):month6High-InMinus,ReversalHighMonth6,",0.824837833016793,3,2,1
"PCTChangeLT-2,_LTGT1.5_,,,(GLOBALFUTDOWN-DOWNTRENDMARKET)checkSellConsolidationBreakDown-week2-lowNotReachedWeek3,week2BarLowChangeLT0,chisDownTrend-Risky-nearHigh,##DOWNTREND:sellYear2HighReversal(InDownTrend),##(Check-chart-buy):month3High-InMinus,ReversalHighMonth3,",1.3397143788314883,1,1,0
"PCTChangeLT-0.5,year2High,_LTGT1.5_,,,(Test)(check-chart-2-3MidCapCross)MayBuyCheckChart-Risky,",0.9099070841015446,15,12,3
"PCTChangeLT-0.5,_HTGT1.5_,,,shortDownTrendSellContinue-Doji-Last2DayLTToday,",-0.5804736330687299,5,2,3
"PCTChangeGT2,_LTGT3.0_,,,##MANegative_Downtrend_(GT2),##MA-SMA200GT0SMA100LT0,##buyTenDaysLessThanMinusTen,",-7.602340961642744,1,0,1
"PCTChangeGT1,,,,##(Check-chart)ML:buyMonth3High-Continue,",-0.01620648010552125,20,11,8
"PCTChangeGT1,_LTGT1.5_,,,chisUpTrend-Risky-nearLow,week2BarHighChangeGT0,brokenToday,",-0.8265191267881493,1,0,1
"PCTChangeLT-2,year2Low,_HTGT3.0__HTGTPCTDayChange_,,,%%:buyDownTrend-month3Low,",-20.304061060064324,1,0,1
"PCTChangeGT0,PCDayChange-0.5to0.5,,,,chisFinalBreakOutBuyContinue-1-test-atYearLow,chisFinalBreakOutBuyContinue-0-test-atYearLow,",-1.0807200746603514,1,0,1
"PCTChangeLT-2,_HTGT1.5__LTGT1.5_,,,%%HLTF-Risky9:30:maySellTail-tailGT2-7,10thDayGT15,zigZagVolCrossedFromUp,",-0.6664101004926805,1,0,1
"PCTChangeLT-0.5,PCDayChange-0.5to0.5,_HTGT1.5_,,,%%:checkBuyContinue:CupDownDoji-last2dayUp,",-1.9051651389250703,1,0,1
"PCTChangeGT5,year2Low,_HTGT3.0_,,,chisSellYear2LowContinue,",-4.239302064479819,1,0,1
"PCDCGT0PCTDayChangeLT0,PCDayChange-0.5to0.5,_HTGT1.5__LTGT1.5_,,,%%:checkSell:Super2,-+,%%HLTF-Last2LowTail:(DOWNTREND)sellHighLowerTailPre-1,",0.8795733704818115,1,1,0
"PCTChangeGT1,_LTGT1.5_,,,shortUpTrendBuyContinue-Doji-Last2DayGTToday,",0.16574995387427963,13,6,7
"PCTChangeLT-8,_HTGT3.0__LTGT3.0__HTGTPCTDayChange__LTGTPCTDayChange_,,,mayBuyFromSellPattern-GT1.8,",8.870425348458577,1,1,0
"PCTChangeLT-3,_HTGT1.5_,,,chisSellDownTrend-nearHigh,##(Check-chart-buy):month3High-InMinus,NearHighMonth3,",-4.041044284550695,1,0,1
"PCTChangeLT-2,_HTGT1.5__LTGT1.5__LTGTPCTDayChange_,,,(GLOBALFUTDOWN-DOWNTRENDMARKET)checkSellConsolidationBreakDown-week2-lowNotReachedWeek3,week2BarLowChangeLT0,chisDownTrend-Risky-nearHigh,",0.35998645501332843,1,1,0
"PCTChangeLT-1,_HTGT1.5_,,,checkCupDown-2dayDown-mayReversalBuy,##sellRisingMA,",-1.7535944260410399,1,0,1
"PCTChangeGT3,_LTGT1.5_,,,chisBuyUpTrend-1-YearHigh,volumeUpsergedLast2n3n4DayDown,##last2DayHighGT3-M3HLT0,",-1.9470715474240625,1,0,1
"PCTChangeGT2,,,,%%:sellUpTrend-month3High,##MAPositive_Uptrend(GT1),##MA-SMA200GT0SMA100GT0,",1.5448660305496225,12,6,6
"PCTChangeLT-5,_LTGT1.5_,,,##last2DayLow(LT-3)-M3LLT0,",2.7692400550650644,2,2,0
"PCDCGT0PCTChangeLT-1,_HTGT1.5__LTGT3.0_,,,chisSellFlag2Week-doji-Risky,",-4.499995099367009,1,0,1
"PCTChangeGT2,,,,chisUpTrend-Risky-nearLow,week2BarHighChangeGT0,##UPTREND:buyYearLowReversal(Confirm),",1.264455618805672,1,1,0
"PCTChangeLT-3,,,,chisSellFlagWeek-Risky,checkCupDown-inDownTrend-month3HighLTmonth3Low,bar_low,",-3.565610170411434,1,0,1
"PCTChangeGT2,,,,##MANegative_Downtrend_(GT1),##MA-SMA200LT0SMA100LT0,",-0.8652088276729772,3,1,2
"PCTChangeGT3,,,,chisCheckConsolidationBreakoutLT(4.5),checkBuyConsolidationBreakUp-2week,week2BarHighChangeGT0,weekHighGTweek2High,brokenToday,",0.8342947334861865,1,1,0
"PCTChangeGT1,PCDayChange-0.5to0.5,_LTGT1.5_,,,mayBuyFromSellPattern-GT1.8,",0.8136140002552913,1,1,0
"PCTChangeLT-1,_LTGT1.5_,,,$$MayBuy-CheckChart(downTrend-mayReverseLast4DaysDown),chisBuyYear2Low,NearLowYear2,",-1.9502024107771263,1,0,1
"PCTChangeLT-2,_LTGT1.5_,,,##(Check-chart-sell)Month3Low-Continue(InUpTrend),ReversalLowMonth3,",5.590651523451007,1,1,0
"PCTChangeLT-1,,,,%%:checkSell:ConsolidationBreakDown(NotShapeA)-2week,volBuyReversalLast2DayDown-VolDown,checkSellConsolidationBreakDown-2week,week2BarLowChangeLT0,brokenToday,chisDownTrend-Risky-nearHigh,##(Check-chart-buy):YearHigh-InMinus,ReversalHighYear,",2.04369928119164,1,1,0
"PCTChangeGT8,_HTGT3.0__LTGT1.5_,,,VOL:sell-DownVol-3dayUp-Week2Low,##last2DayHighGT3-M3HLT0,",-13.966157400063453,1,0,1
"PCTChangeGT3,,,,checkCupDown-lastDayUp,volBuyVolumeUpsergedLast2n3DayDown,",-0.8862607107350432,1,0,1
"PCTChangeGT1,_HTGT1.5__HTGTPCTDayChange_,,,%%HLTF:(DOWNTREND-OR-GLOBALDOWN)maySellTail-tailGT2-2,3,4thDayGT0,chisUpTrend-Risky-nearLow,",3.569204783348426,4,3,1
"PCTChangeLT-2,_HTGT1.5_,,,checkCupDown-2dayDown-mayReversalBuy,##DOWNTREND:sellYear2HighReversal(InDownTrend),volBuyRevarsalVolCrossed,##(Check-chart-buy):month3High-InMinus,ReversalHighMonth3,",0.8149010477299242,1,1,0
"PCTChangeGT1,_HTGT3.0_,,,%%HLTF:maySellTail-tailGT2-7,10thDayGT20,%%HLTF:(UPTREND-GLOBAL/SGX-UP)BuyHighUpperTail-Reversal-7,10thDayGT15-LastDayMarketDown,chisSellEveningStar-2(Check2-3MidCapCross),",0.4193509009576592,1,1,0
"PCTChangeLT-2,,,,weekBarLowChangeLT0,brokenToday,chisDownTrend-Risky-nearHigh,",0.04049309918073393,29,15,14
"PCTChangeGT2,,,,##(Check-chart)buyMonth3High-Continue,",-0.21257959649300776,35,14,21
"PCTChangeGT0.5,_HTGT3.0_,,,%%HLTF-Last2HighTail:(UPTREND)buy(DOWNTREND)sell:HighUpperTailPre-last2DayUp,",6.196752087823286,1,1,0
"PCTChangeGT2,_HTGT1.5_,,,volSellReversalLast2DayUp-VolUp,",-5.551841506192521,1,0,1
"PCTChangeLT-1,_LTGT1.5_,,,%%HLTF:(GLOBAL-DOWN)sellHighLowerTail-Reversal-LastDayMarketUp,chisSellDownTrend-nearHigh,",-1.2416544796659659,3,1,2
"PCTDayChangeLT0,_HTGT1.5_,,,%%HLTF-LastDayUp:(DOWNTREND-OR-GLOBALDOWN)MaySellHighTail-LastDayMarketUp,##MANegative_Downtrend_(LT0),##MA-SMA200LT0SMA100LT0,",-2.5487286096719526,1,0,1
"PCTChangeLT-3,,,,chisDownTrend-Risky-nearHigh,##(Check-chart-buy):month3High-InMinus,BreakHighMonth3,",-0.43531825327201057,7,3,4
"PCTChangeLT-2,_HTGT1.5__LTGT1.5_,,,chisDownTrend-Risky-nearHigh,",-2.3864808705729508,1,0,1
"PCTChangeGT0,_HTGT1.5__LTGT3.0_,,,chisSellDowningMA-(check5MinuteDownTrendAndSellDowntrend)-Already10DayDown,",1.11109016813805,1,1,0
"PCTChangeLT-3,_LTGT1.5_,,,(GLOBALFUTDOWN-DOWNTRENDMARKET)checkSellConsolidationBreakDown-week2-lowNotReachedWeek3,week2BarLowChangeLT-2,chisDownTrend-Risky-nearHigh,##DOWNTREND:sellYear2HighReversal(InDownTrend),##last2DayLow(LT-3)-M3LGT0,",-0.3721233802790824,1,0,1
"PCTChangeLT-2,,,,checkCupDown-near2WeekDown-mayReveresalBuy,(GLOBALFUTDOWN-DOWNTRENDMARKET)checkSellConsolidationBreakDown-week2-lowNotReachedWeek3,week2BarLowChangeLT-2,##DOWNTREND:sellYear2HighReversal(InDownTrend),##(Check-chart-buy):YearHigh-InMinus,ReversalHighYear,",2.3161719827091054,1,1,0
"PCTChangeGT3,_HTGT3.0__HTGTPCTDayChange_,,,week2BarHighChangeGT0,",0.32863178951237054,1,1,0
"PCTChangeLT-3,,,,volSellContinueLast2DayDown-VolUp,(GLOBALFUTDOWN-DOWNTRENDMARKET)checkSellConsolidationBreakDown-week2-lowNotReachedWeek3,week2BarLowChangeLT0,##(Check-chart-buy):month3High-InMinus,NearHighMonth3,",0.04110445794402519,1,1,0
"PCDCGT0PCTChangeLT-3,_HTGT1.5__LTGT1.5_,,,chisBuyYearHigh-3,",7.216003417968757,1,1,0
"PCTChangeLT-3,,,,VOL:buy-DownVol-3dayDown-Week2High,volBuyRevarsalVolCrossed,chisSellDayLowVolLow-03-checkMorningTrend(.5SL),",-5.772166398777729,1,0,1
"PCTChangeLT-2,,,,volSellContinueLast2DayDown-VolUp,",0.04687603654356326,98,48,49
"PCTDayChangeLT0,_HTGT1.5__LTGT1.5_,,,%%HLTF-LastDayUp:(DOWNTREND-OR-GLOBALDOWN)MaySellHighTail-LastDayMarketUp,",1.5374041416102673,6,6,0
"PCTChangeGT8,_HTGT1.5_,,,##MAPositive_Uptrend(GT4.5),##MA-SMA200GT0SMA100LT0,",3.1479528394796095,2,1,1
"PCTChangeLT-0.5,year2Low,_LTGT1.5_,,,chisBuyYear2Low,BreakLowYear2,",12.786166317980927,2,2,0
"PCDCGT0PCTDayChangeLT0,_HTGT3.0_,,,buyYearHigh-0,",2.512132965441934,2,2,0
"PCTChangeLT-5,_LTGT3.0_,,,volSellContinueLast2DayDown-VolUp,##MANegative_Downtrend_(LT-4.5),##MA-SMA200LT0SMA100LT0,##DOWNTREND:sellYearLowBreak,",1.9895303935904798,1,1,0
"PCTChangeGT2,_HTGT3.0__HTGTPCTDayChange_,,,weekBarHighChangeGT0,brokenToday,",-2.7525237112334295,1,0,1
"PCTChangeGT3,,,,checkBuyConsolidationBreakUp-2week,week2BarHighChangeGT2,brokenToday,",-1.1859814240095028,3,1,1
"PCTChangeLT-1,_LTGT1.5_,,,##MANegative_Downtrend_(LT-2),##MA-SMA200LT0SMA100LT0,chisBuyYear2Low,",-3.1395313351653344,1,0,1
"PCTChangeGT3,_HTGT1.5_,,,%%HLTF-Last2HighTail:(UPTREND)buy(DOWNTREND)sell:HighUpperTailPre-last2DayUp,volSellReversalLast2DayUp-VolDown,chisCheckConsolidationBreakoutLT(4.5),",1.9549906784751543,1,1,0
"PCTChangeLT-3,_HTGT1.5__LTGT1.5_,,,weekBarLowChangeLT-2,",0.37063310812525074,2,2,0
"PCTChangeLT-1,_HTGT1.5_,,,chisDownTrend-Risky-nearHigh,##(Check-chart-buy):month3High-InMinus,ReversalHighMonth3,",0.9042917534227419,7,4,3
"PCTChangeLT-3,_HTGT1.5_,,,checkCupDown-near2WeekDown-mayReveresalBuy,chisDownTrend-Risky-nearHigh,##(Check-chart-buy):month3High-InMinus,ReversalHighMonth3,",-0.25915940005249544,1,0,1
"PCTChangeLT-2,_HTGT1.5__LTGT3.0__LTGTPCTDayChange_,,,##DOWNTREND:sellYearLowBreak,",4.633819945801437,1,1,0
"PCTChangeLT-5,_HTGT1.5__LTGT1.5_,,,chisSell-smallUptrendReversal,##MAPositive_Uptrend(LT-4.5),##MA-SMA200GT0SMA100GT0,",-0.7241037178697433,1,0,1
"PCTChangeGT3,,,,volSellReversalLast2DayUp-VolDown,weekBarHighChangeGT2,brokenToday,##MAPositive_Uptrend(GT2),##MA-SMA200GT0SMA100GT0,##last2DayHighGT3-M3HGT0,",3.49001318531507,1,1,0
"PCTChangeLT-0.5,_LTGT1.5_,,,weekBarLowChangeLT0,$$MayBuy-CheckChart-baseLine(inuptrend-monthlow)-MHCLT(-10),",7.8564486847730155,1,1,0
"PCTChangeLT-3,PCDayChange-0.5to0.5,,,,buyYearHigh-0,",-2.9303668000454315,1,0,1
"PCTChangeGT0.5,PCDayChange-0.5to0.5,_LTGT1.5_,,,sellPattern-LT-1.5-SMALT0,(SMA9LT0),",-0.18684109955604944,1,0,1
"PCDCGT0PCTDayChangeLT0,_LTGT1.5_,,,%%:checkSell:Super2,-+,##MANegative_Downtrend_(GT0),##MA-SMA200GT0SMA100LT0,buyMorningStar-(checkChart),",0.5061200285633795,1,1,0
"PCTChangeGT5,,,,chisUpTrend-Risky-nearLow,chisCheckConsolidationBreakoutGT(4.5),",2.3411558852709806,3,3,0
"PCTChangeLT-1,_LTGT1.5_,,,volSellContinueLast2DayDown-VolUp,(GLOBALFUTDOWN-DOWNTRENDMARKET)checkSellConsolidationBreakDown-week2-lowNotReachedWeek3,week2BarLowChangeLT-2,weekLowLTweek2Low,",0.028538779771863455,1,1,0
"PCTChangeGT2,_HTGT3.0__HTGTPCTDayChange_,,,sellEveningStar-0,##RisingMA(check-chart-sell)-MaySellCheckChart,##MAPositive_Uptrend(GT2),##MA-SMA200LT0SMA100LT0,",-0.20325409170201034,1,0,1
"PCTChangeGT1,_LTGT1.5_,,,chisBuyFinalCandidate-2,",-1.3087922078700183,1,0,1
"PCTChangeGT1,_HTGT3.0__HTGTPCTDayChange_,,,%%HLTF-Risky9:30:maySellTail-tailGT2-7,10thDayGT15,%%HLTF:(UPTREND-GLOBAL/SGX-UP)BuyHighUpperTail-Reversal-7,10thDayGT15-LastDayMarketDown,chisSellEveningStar-2(Check2-3MidCapCross),##RisingMA(check-chart-sell)-MaySellCheckChart,",8.997132921628753,1,1,0
"PCDCLT0PCTChangeGT0,_HTGT3.0__LTGT1.5__HTGTPCTDayChange_,,,%%HLTF-Risky9:30:maySellTail-tailGT2-7,10thDayGT15,",2.3585504069533583,1,1,0
"PCTChangeLT-3,year2High,_HTGT1.5__LTGT1.5_,,,##last2DayLow(LT-3)-M3LGT0,",-0.06677948999727695,1,0,1
"PCTChangeLT-2,_HTGT1.5_,,,##(Check-chart-buy):month3High-InMinus,NearHighMonth3,",0.4138727111000472,5,2,3
"PCTChangeGT0,_HTGT1.5__HTGTPCTDayChange_,,,(Test)(check-chart-2-3MidCapCross)MaySellCheckChart-Risky,chisBuyYearHigh-1,",-1.032562517748229,3,0,3
"PCTChangeGT2,_LTGT3.0_,,,$$MaySellContinue-CheckChart(inuptrend-monthlow)-PCTDayChangeGT2,(GLOBALFUTUP-UPTRENDMARKET)checkBuyConsolidationBreakUp-week2-highNotReachedWeek3,week2BarHighChangeGT0,brokenToday,##(Check-chart)buyMonth3High-Continue,",0.21777003484321172,1,1,0
"PCTChangeLT-3,_HTGT1.5__LTGT3.0_,,,##last3DayLow(LT-3)-M3LLT0,",-0.7951932235897775,1,0,1
"PCTChangeGT3,year2High,,,,weekBarHighChangeGT2,",-0.23969875148702427,103,38,64
"PCTChangeLT-0.5,_HTGT1.5__LTGT3.0__HTGTPCTDayChange__LTGTPCTDayChange_,,,%%HLTF:(GLOBAL-DOWN)sellHighLowerTail-Reversal-LastDayMarketUp,mayBuyFromSellPattern-GT1.8,##MAPositive_Uptrend(LT-1),##MA-SMA200LT0SMA100GT0,",7.103699759363949,1,1,0
"PCTChangeLT-5,,,,maySellAfter10:30HighVolatileDownContinueLT-8-Risky,##MANegative_Downtrend_(LT-4.5),##MA-SMA200LT0SMA100LT0,",3.0916528295091448,1,1,0
"PCTChangeGT5,_HTGT1.5_,,,%%HLTF-Last2HighTail:(UPTREND)buy(DOWNTREND)sell:HighUpperTailPre-last2DayUp,volBuyContinueLast2DayUp-VolUp,##MAPositive_Uptrend(GT4.5),##MA-SMA200GT0SMA100LT0,",2.522823602826752,1,1,0
"PCTChangeLT-3,,,,checkCupDown-near2WeekDown-mayReveresalBuy,weekBarLowChangeLT-2,brokenToday,chisDownTrend-Risky-nearHigh,##(Check-chart-buy):month3High-InMinus,ReversalHighMonth3,",0.03167769725118543,1,1,0
"PCTChangeGT1,_HTGT1.5__HTGTPCTDayChange__LTGTPCTDayChange_,,,%%:checkSell:lastDayLT(-4.5),",2.8915548027296114,1,1,0
"PCTChangeGT1,year2High,_HTGT1.5__HTGTPCTDayChange_,,,shortUpTrendSellReversal-MonthHigh,",-0.5419419500332046,2,0,2
"PCTChangeLT-1,_HTGT3.0__LTGT1.5__HTGTPCTDayChange__LTGTPCTDayChange_,,,volSellVolumeUpsergedLast2n3DayUp,",-1.761903308686753,1,0,1
"PCTChangeLT-1,_LTGT1.5_,,,%%:checkSell:Flag2Week,volBuyReversalLast2DayDown-VolUp,",0.2879053960650733,1,1,0
"PCTChangeGT2,year2High,_LTGT1.5_,,,%%:sellUpTrend-month3High,",7.351744897888955,3,3,0
"PCTChangeGT2,,,,volSellVolumeUpsergedLast2n3DayDown,chisCheckConsolidationBreakoutLT(4.5),weekBarHighChangeGT0,brokenToday,",0.1652404138480663,3,2,1
"PCTChangeGT0.5,_LTGT1.5_,,,%%:checkSell:Super2,(SMA9LT0),",-0.11888869583337475,1,0,1
"PCTChangeGT1,_HTGT1.5__LTGT1.5__HTGTPCTDayChange__LTGTPCTDayChange_,,,$$MaySell-CheckChart(downTrend-mayReverseLast4DaysUp)-Risky,shortUpTrendSellReversal-Month3High-Doji-Last2DayGTToday,",0.5118055228727298,1,1,0
"PCTChangeLT-2,,,,chisSellFlagWeek-Risky,chisSellDownTrend-nearHigh,##DOWNTREND:sellMonth3High(InDownTrend),##(Check-chart-buy):month3High-InMinus,NearHighMonth3,",0.6678539746994987,1,1,0
"PCTChangeGT0.5,_LTGT3.0_,,,%%HLTF:(GLOBAL-DOWN)sellHighLowerTail-Reversal-LastDayMarketUp,chisBuyYearHigh-3,",0.7655931555706491,1,1,0
"PCTChangeLT-3,,,,##(check-chart)buyEMA6<EMA14-Risky,",0.4418142987014199,12,6,6
"PCTChangeGT0,year2High,_HTGT3.0__HTGTPCTDayChange_,,,chisSellEveningStar-2(Check2-3MidCapCross),",-1.7697824162544877,1,0,1
"PCTChangeLT-1,_HTGT1.5_,,,##MANegative_Downtrend_(LT-1),##MA-SMA200GT0SMA100LT0,",-1.1774489720618708e-14,1,0,1
"PCTChangeGT5,_HTGT1.5__LTGT1.5_,,,##sellRisingMAuptrend-0,",1.9594553354624158,1,1,0
"PCTChangeGT3,,,,buyHeavyUpTrend-Continue-(Risky),##MAPositive_Uptrend(GT2),##MA-SMA200LT0SMA100GT0,##last2DayHighGT3-M3HGT0,",-0.8224500584747471,1,0,1
"PCTChangeLT-3,,,,chisBuyFinalContinue-2,",2.1465043507891144,1,1,0
"PCTChangeGT2,,,,##(Check-chart-sell):month3Low-InPlus,ReversalLowMonth3,(GLOBALFUTUP-UPTRENDMARKET)checkBuyConsolidationBreakUp-week2-highNotReachedWeek3,week2BarHighChangeGT0,weekHighGTweek2High,chis-breakoutup-2week,chisBuy-2week-breakoutup,##UPTREND:buyMonth6LowReversal(Confirm),",4.17136945314184,1,1,0
"PCTChangeGT3,_HTGT1.5__LTGT1.5_,,,%%:sellUpTrend-month3High,VOL:sell-UpVol-3dayUp-Week2High,",0.8892557836018034,1,1,0
"PCTChangeLT-2,year2High,_HTGT1.5_,,,chisSellUpTrend-Risky-2,",2.8281047423376027,2,2,0
"PCDCGT0PCTDayChangeLT0,PCDayChange-0.5to0.5,,,,%%:checkSell:CupDownDoji,%%:checkSell:FlagWeek-doji,",0.47156156766682167,1,1,0
"PCTChangeLT-1,_HTGT3.0__LTGT1.5__HTGTPCTDayChange_,,,%%HLTF:maySellTail-tailGT2-7,10thDayGT20,##MAPositive_Uptrend(LT-2),##MA-SMA200GT0SMA100GT0,",0.2861089307814971,1,1,0
"PCTChangeLT-3,_HTGT3.0__HTGTPCTDayChange_,,,##MANegative_Downtrend_(LT-2),##MA-SMA200LT0SMA100LT0,##last3DayLow(LT-3)-M3LLT0,",-0.3816793893129766,1,0,1
"PCTChangeLT-3,_HTGT1.5_,,,##(Check-chart-buy):YearHigh-InMinus,NearHighYear,",0.18590530994883436,2,1,1
"PCTChangeGT1,_HTGT1.5_,,,$$MaySell-CheckChart(downTrend-mayReverseLast4DaysUp)-Risky,",-0.8216886653221149,2,1,1
"PCTChangeLT-5,_LTGT1.5_,,,(GLOBAL-DOWN)maySellContinueHighVolatileLastDayDOWN-(LT-5),chisBuy-smallUptrendContinue,chisDownTrend-Risky-nearHigh,##(check-chart)buyEMA6<EMA14-Risky,",-5.4687500000000036,1,0,1
"PCTChangeLT-1,_HTGT1.5__HTGTPCTDayChange_,,,chisSellFinalCandidate-3,",-2.132234555766461,1,0,1
"PCTChangeLT-3,,,,chisDownTrend-Risky-nearHigh,##(check-chart)buyEMA6<EMA14,##(Check-chart-buy):month3High-InMinus,ReversalHighMonth3,",-0.6734112055800784,6,2,4
"PCTChangeLT-2,,,,chisSellUpTrend-highTail,",0.17009176230855083,2,1,1
"PCTChangeGT5,_HTGT1.5__LTGT1.5_,,,%%HLTF-Last2HighTail:(UPTREND)buy(DOWNTREND)sell:HighUpperTailPre-last2DayUp,volumeUpsergedLast2n3n4DayDown,##last2DayHighGT3-M3HLT0,",0.18518235948351058,1,1,0
"PCTDayChangeLT0,PCDayChange-0.5to0.5,,,,%%:checkSell:Super01-monthLow,chisBuyYearHigh-1,",-1.4451702206587222,1,0,1
"PCDCGT0PCTChangeLT-3,PCDayChange-0.5to0.5,_HTGT1.5_,,,%%:checkSell:Super2,-+,",0.7295191212238885,1,1,0
"PCTChangeLT-5,year2Low,_LTGT1.5_,,,chisBuyYear2Low,BreakLowYear2,",-5.541667938232415,1,0,1
"PCDCGT0PCTDayChangeLT0,_HTGT1.5__LTGT1.5__LTGTPCTDayChange_,,,##MA-SMA200GT0SMA100GT0,",-2.4132732006749147,1,0,1
"PCTChangeLT-8,_HTGT3.0__HTGTPCTDayChange_,,,(GLOBAL-DOWN)maySellContinueHighVolatileLastDayDOWN-month3LowGT0-(LT-8),##MANegative_Downtrend_(LT-4.5),##MA-SMA200LT0SMA100LT0,volBuyRevarsalVolCrossed,",-11.14406908972789,1,0,1
"PCTChangeLT-1,_HTGT3.0__HTGTPCTDayChange_,,,volBuyRevarsalVolCrossed,",0.4642178823476609,2,1,1
"PCTChangeGT8,_LTGT1.5_,,,volumeUpsergedLast2n3n4DayDown,volBuyContinueLast2DayUp-VolUp,##MAPositive_Uptrend(GT4.5),##MA-SMA200GT0SMA100GT0,##last2DayHighGT3-M3HGT0,",2.962165393067914,1,1,0
"PCTChangeGT2,,,,vol-sell-DownVol-3dayUp-Week2High,##MA-SMA200LT0SMA100LT0,",5.1948127547131016,1,1,0
"PCTChangeGT3,,,,chisBuyUpTrend-nearLow,chisBuyFinalCandidate-(lastDayDown),",3.233316037934316,1,1,0
"PCTDayChangeLT0,PCDayChange-0.5to0.5,_LTGT1.5_,,,(SMA9LT0),",-1.6862608372389805,4,1,3
"PCTChangeGT2,_HTGT1.5__HTGTPCTDayChange_,,,%%HLTF-Last2HighTail:(UPTREND)buy(DOWNTREND)sell:HighUpperTailPre-last2DayUp,",-0.27018733536343154,15,8,7
"PCTChangeLT-2,,,,volBuyVolumeUpsergedLast2n3DayUp,weekBarLowChangeLT-2,chisDownTrend-Risky-nearHigh,##DOWNTREND:sellMonth6HighReversal(InDownTrend),##(Check-chart-buy):month3High-InMinus,ReversalHighMonth3,",-1.7119315731731226,2,0,2
"PCTChangeLT-2,,,,checkCupDown-2dayDown,chisBuyFinalContinue-2,##sellTenDaysMoreThanTen,",0.5095560839221736,1,1,0
"PCTChangeGT2,_HTGT1.5_,,,chisUpTrend-Risky-nearLow,##(Test)buyBottomReversal-1,",-6.6868619270186125,1,0,1
"PCTChangeLT-2,_LTGT3.0_,,,(GLOBALFUTDOWN-DOWNTRENDMARKET)checkSellConsolidationBreakDown-month,weekBarLowChangeLT-2,##MANegative_Downtrend_(LT-2),##MA-SMA200LT0SMA100LT0,##DOWNTREND:sellMonth3LowBreak,",0.34821339815412605,1,1,0
"PCTChangeGT1,_HTGT1.5__HTGTPCTDayChange_,,,week2BarHighChangeGT2,",0.625980463735841,1,1,0
"PCTChangeGT5,_HTGT3.0__HTGTPCTDayChange_,,,##MANegative_Downtrend_(GT2),##MA-SMA200LT0SMA100LT0,",-3.760333100626282,1,0,1
"PCTChangeLT-3,_LTGT1.5_,,,%%:checkSell:Flag2Week,volBuyReversalLast2DayDown-VolDown,##last2DayLow(LT-3)-M3LGT0,",-5.277458969785482,1,0,1
"PCTChangeGT2,_HTGT1.5__LTGT1.5_,,,%%HLTF-Last2HighTail:(UPTREND)buy(DOWNTREND)sell:HighUpperTailPre-last2DayUp,##MA-SMA200LT0SMA100GT0,",3.5003236312718213,1,1,0
"PCTChangeLT-3,_HTGT1.5_,,,%%:checkSell:Super0,##MANegative_Downtrend_(LT-2),##MA-SMA200LT0SMA100LT0,",-2.7103481950431023,1,0,1
"PCTChangeGT2,,,,volBuyVolumeUpsergedLast2n3DayDown,chisSell-2week-breakoutup,(SMA4GT(1.5)),##UPTREND:buyYearLow,",-0.14114110977380628,1,0,1
"PCTChangeGT3,,,,weekBarHighChangeGT2,##MAPositive_Uptrend(GT2),##MA-SMA200GT0SMA100GT0,",-0.9618539760157753,7,3,4
"PCTChangeGT3,,,,##(Check-chart-sell):month3Low-InPlus,NearLowMonth3,##UPTREND:buyMonth6Low,",0.9933774834437159,1,1,0
"PCTChangeGT3,_LTGT1.5_,,,chisUpTrend-Risky-nearLow,volBuyContinueLast2DayUp-VolUp,",-4.72561123350793,1,0,1
"PCDCLT0PCTChangeGT0,_HTGT1.5_,,,##MA-SMA200GT0SMA100GT0,",1.5240627747569082,2,1,1
"PCTChangeGT16,_HTGT1.5__LTGT1.5_,,,chisSellYear2LowLT-40-last3DayDown(triggerAfter-9:15),chisUpTrend-Risky-nearLow,",1.3567823860513326,1,1,0
"PCTChangeLT-1,_HTGT3.0__LTGT1.5__HTGTPCTDayChange_,,,##MANegative_Downtrend_(LT-2),##MA-SMA200LT0SMA100LT0,zigZagVolCrossedFromUp,",-0.3624711656127719,1,0,1
"PCTChangeGT3,,,,sellHeavyUpTrend-Reversal-(Risky),weekBarHighChangeGT2,##MAPositive_Uptrend(GT4.5),##MA-SMA200GT0SMA100GT0,##last2DayHighGT3-M3HGT0,",0.19495032927055,1,1,0
"PCTChangeGT0.5,,,,chisSellDowningMA-(check5MinuteDownTrendAndSellDowntrend)-Already10DayDown,maySellFromBuyPattern-LT-1.8,",-4.369309086691852,1,0,1
"PCTChangeGT8,_HTGT1.5__LTGT1.5_,,,volBuyContinueLast2DayUp-VolUp,##MAPositive_Uptrend(GT4.5),##MA-SMA200GT0SMA100GT0,",1.505737349601234,1,1,0
"PCTChangeLT-2,,,,volSellContinueLast2DayDown-VolUp,chisSellUpTrend-highTail,##(Check-chart-buy):YearHigh-InMinus,NearHighYear,",-2.245050883121638,1,0,1
"PCTChangeGT3,year2High,,,,chisCheckConsolidationBreakout2WeekLT(4.5),weekBarHighChangeGT2,",-0.10855423776727272,1,0,1
"PCTChangeGT0.5,PCDayChange-0.5to0.5,,,,%%:checkSell:Super2,-+,",-0.10958111012477063,7,3,4
"PCTChangeGT8,_HTGT3.0_,,,%%:checkSellRevarsalLast3DayUpAtMonth3Low,volBuyContinueLast2DayUp-VolUp,##MAPositive_Uptrend(GT4.5),##MA-SMA200LT0SMA100LT0,",-5.582201062418804,1,0,1
"PCTChangeGT1,,,,volumeUpsergedLast2n3n4DayDown,weekBarHighChangeGT0,brokenToday,",0.3791165113107954,1,1,0
"PCTChangeGT2,,,,chisCheckConsolidationBreakoutLT(4.5),##buyRisingMAuptrend-(Risky),",0.0,1,0,0
"PCTChangeLT-2,_HTGT1.5__LTGT1.5_,,,chisSell-smallUptrendReversal,chisBuyFinalContinue-(lastDayUp),",-4.792558513580035,1,0,1
"PCTChangeGT2,year2High,_HTGT1.5_,,,volSellVolumeUpsergedLast2n3DayDown,",-0.9380776802319976,2,0,2
"PCTChangeGT5,year2Low,_HTGT3.0__LTGT3.0__HTGTPCTDayChange__LTGTPCTDayChange_,,,volSellRevarsalVolCrossed,",-3.7827127644108107,1,0,1
"PCTChangeLT-2,,,,chisSellFlag2Week-Risky,checkCupDown-month3HighLTmonth3Low,bar_low,",-0.15652598505434923,1,0,1
"PCTChangeGT3,_LTGT1.5_,,,vol-sell-DownVol-3dayUp-Week2High,week2BarHighChangeGT2,weekHighGTweek2High,chisBuy-2week-breakoutup(check-chart)(|-|-| or --|),",-1.845932006835951,1,0,1
"PCTChangeLT-5,_HTGT1.5__LTGT1.5_,,,%%:checkSell:Flag2Week,",-5.194295759549947,1,0,1
"PCTChangeGT1,_HTGT1.5__HTGTPCTDayChange_,,,week2BarHighChangeGT0,weekHighGTweek2High,brokenToday,maySellFromBuyPattern-LT-1.8,",-3.7914671379183043,1,0,1
"PCTChangeLT-2,_LTGT3.0_,,,##DOWNTREND:sellYearLowBreak,",0.8478067407856029,2,2,0
"PCTChangeGT1,year2High,,,,weekBarHighChangeGT0,",-0.003869064076790708,34,14,20
"PCTChangeGT1,,,,volSellReversalLast2DayUp-VolDown,buyPatternsML,",2.8120043906743697,1,1,0
"PCTChangeLT-1,_HTGT1.5__HTGTPCTDayChange_,,,%%HLTF-Last2HighTail:(DOWNTREND)sellHighUpperTailPre-1,chisDownTrend-Risky-nearHigh,",-1.7263972445615066,1,0,1
"PCTChangeLT-2,,,,checkCupDown-2dayDown-mayReversalBuy,chisDownTrend-Risky-nearHigh,##DOWNTREND:sellMonth6HighReversal(InDownTrend),##(Check-chart-buy):month3High-InMinus,ReversalHighMonth3,",1.0779844511539536,1,1,0
"PCTChangeGT0.5,PCDayChange-0.5to0.5,,,,##MAPositive_Uptrend(GT0),##MA-SMA200LT0SMA100GT0,",-1.6787323464232489,2,0,2
"PCTChangeLT-2,_HTGT1.5__HTGTPCTDayChange_,,,checkCupDown-month3HighLTmonth3Low,bar_low,##sellRisingMA,",-4.444228452844813,1,0,1
"PCDCGT0PCTChangeLT-3,_HTGT3.0__LTGT3.0__HTGTPCTDayChange_,,,##MA-SMA200GT0SMA100GT0,",2.7834648640053703,1,1,0
"PCDCGT0PCTChangeLT-1,,,,chisBuyYearHigh-1,",1.4353132633507562,1,1,0
"PCTChangeGT2,_LTGT1.5_,,,##sellRisingMAuptrend-0,",-3.2123225750309357,1,0,1
"PCTChangeLT-2,,,,volumeUpsergedLast2n3n4DayUp,##(Check-chart-buy):month3High-InMinus,ReversalHighMonth3,",1.2930720386703098,2,2,0
"PCTChangeGT3,,,,##(Check-chart-sell):month3Low-InPlus,ReversalLowMonth3,chisUpTrend-Risky-nearLow,weekBarHighChangeGT2,brokenToday,##UPTREND:buyMonth3LowReversal(Confirm),",0.4456860735013254,2,1,1
"PCTChangeLT-0.5,_HTGT3.0_,,,##buyYear2LowMovingSMA,",-1.3634904823735174,1,0,1
"PCTChangeGT3,_HTGT1.5_,,,##(Check-chart-sell):month3Low-InPlus,ReversalLowMonth3,chisUpTrend-Risky-nearLow,##UPTREND:buyMonth6LowReversal(Confirm),",0.9495585184068969,1,1,0
"PCTChangeGT1,,,,chisUpTrend-Risky-nearLow,weekBarHighChangeGT0,##UPTREND:buyMonth3LowReversal(Confirm),",2.1636105348768173,1,1,0
"PCTChangeGT3,year2High,_HTGT1.5__LTGT1.5__LTGTPCTDayChange_,,,##lastDayHighGT5TodayGT1,",0.0,1,0,0
"PCTChangeLT-1,_LTGT1.5_,,,%%:checkSell:Flag2Week,##sellRisingMA,",2.2764252453315423,1,1,0
"PCTChangeGT5,_HTGT1.5__LTGT3.0__LTGTPCTDayChange_,,,##(check-chart)sellEMA6>EMA14,",-1.546396212314683,1,0,1
"PCTChangeGT2,_HTGT1.5__LTGT1.5__HTGTPCTDayChange_,,,##MAPositive_Uptrend(GT1),##MA-SMA200GT0SMA100GT0,",2.578586248953789,2,2,0
"PCTChangeGT2,year2High,_HTGT1.5__HTGTPCTDayChange_,,,%%HLTF:(GLOBAL-SGX-DOWN)maySellTail-2,3,4thDayGT0,",-1.4322622115757415,1,0,1
"PCTChangeGT3,_LTGT1.5_,,,%%:sellUpTrend-month3High,##MAPositive_Uptrend(GT1),##MA-SMA200GT0SMA100GT0,",1.4941781303756587,3,2,1
"PCTChangeGT5,_HTGT1.5__LTGT1.5_,,,chisSellYear2LowLT-40-last4DayDown(triggerAfter-9:15),",-0.6397678820397248,3,1,2
"PCTChangeGT2,year2High,_LTGT1.5_,,,brokenToday,",0.5874790834665631,1,1,0
"PCTChangeGT2,_HTGT1.5__HTGTPCTDayChange_,,,chisBuyYearHigh-3,",0.16460159993929743,3,1,2
"PCTDayChangeLT0,_LTGT3.0_,,,(Test)MayBuy-CheckChart(upTrend-lastDayDown),##MAPositive_Uptrend(LT-1),##MA-SMA200GT0SMA100GT0,",4.6525287128978015,1,1,0
"PCTChangeLT-1,,,,(GLOBALFUTDOWN-DOWNTRENDMARKET)checkSellConsolidationBreakDown-week2-lowNotReachedWeek3,week2BarLowChangeLT0,chisDownTrend-Risky-nearHigh,",-0.16007052689136672,75,35,40
"PCTChangeLT-1,,,,chisSellConsolidationBreakDown-forecastDayPCT7LT0,",-0.5432085694282336,2,1,1
"PCTChangeGT3,,,,zigZagVolCrossedFromDown,chisBuyUpTrend-nearLow,",4.470682084597366,2,2,0
"PCTChangeLT-2,,,,%%checkCupDown-2dayDown-continue,chisDownTrend-Risky-nearHigh,##DOWNTREND:sellYearHighReversal(InDownTrend),##(Check-chart-buy):YearHigh-InMinus,ReversalHighYear,",0.13284729298762232,1,1,0
"PCTChangeGT2,year2High,_HTGT3.0__HTGTPCTDayChange_,,,weekBarHighChangeGT2,",0.4354522449092349,3,2,1
"PCTChangeLT-1,PCDayChange-0.5to0.5,_LTGT1.5_,,,%%:checkSell:CupDownDoji-lastDayLT(-2)TodayDoji,",1.4349957951115324,5,3,2
"PCTChangeGT5,_HTGT1.5_,,,volSellReversalLast2DayUp-VolDown,",-0.07024398181152051,6,2,4
"PCTChangeGT5,,,,volSellReversalLast2DayUp-VolDown,##MAPositive_Uptrend(GT4.5),##MA-SMA200GT0SMA100GT0,",-10.312486934346648,1,0,1
"PCTChangeGT8,_LTGT3.0_,,,%%HLTF:(GLOBAL-DOWN)sellHighLowerTail-Reversal-LastDayMarketUp,##MAPositive_Uptrend(GT4.5),##MA-SMA200LT0SMA100LT0,",-3.1327557288470578,1,0,1
"PCDCGT0PCTDayChangeLT0,PCDayChange-0.5to0.5,year2High,_HTGT1.5_,,,%%HLTF-Risky9:30:maySellTail-tailGT2-7,10thDayGT15,",-4.772187312718209,1,0,1
"PCDCLT0PCTChangeGT0,PCDayChange-0.5to0.5,_HTGT1.5_,,,chisBuyYearHigh-1,",-0.6276865229834241,7,2,5
"PCTChangeGT3,_HTGT1.5_,,,sellHeavyUpTrend-Reversal,",-0.6129520812449164,1,0,1
"PCTChangeGT3,_HTGT3.0__HTGTPCTDayChange_,,,##MANegative_Downtrend_(GT2),##MA-SMA200LT0SMA100LT0,volBuyVolumeUpsergedLast2n3DayDown,",-2.4922118380062317,1,0,1
"PCTChangeLT-1,_LTGT3.0_,,,##MANegative_Downtrend_(LT-2),##MA-SMA200GT0SMA100LT0,",0.1485186530335286,3,2,1
"PCTChangeLT-3,,,,(GLOBALFUTDOWN-DOWNTRENDMARKET)checkSellConsolidationBreakDown-week2-lowNotReachedWeek3,week2BarLowChangeLT-2,chisDownTrend-Risky-nearHigh,##DOWNTREND:sellMonth6HighReversal(InDownTrend),##(Check-chart-buy):month3High-InMinus,ReversalHighMonth3,",1.4436873805785102,1,1,0
"PCTChangeLT-1,,,,checkCupDown-month3HighLTmonth3Low,bar_low,chisBuyMay5DayFloorReversal,##(Check-chart-buy):month3High-InMinus,ReversalHighMonth3,",-0.2477919316924855,1,0,1
"PCDCLT0PCTChangeGT1,PCDayChange-0.5to0.5,,,,##(Test)(check-chart)-buySMAUpTrend,",0.8927959314269687,2,1,1
"PCTChangeGT3,,,,chisBuyUpTrend-nearLow,volumeUpsergedLast2n3n4DayDown,volBuyContinueLast2DayUp-VolUp,",3.9850207909211717,1,1,0
"PCTChangeLT-1,,,,volumeUpsergedLast2n3n4DayUp,##(Check-chart-buy):month3High-InMinus,NearHighMonth3,",2.9336907636349063,1,1,0
"PCTDayChangeLT0,_HTGT1.5__HTGTPCTDayChange_,,,%%:checkSell:Super0,",-0.23419739351657715,1,0,1
"PCTChangeLT-1,,,,%%:checkSell:Super01-monthLow,volBuyReversalLast2DayDown-VolUp,##(Check-chart-sell)Month3Low-Continue(InUpTrend),ReversalLowMonth3,",0.43726266826643895,1,1,0
"PCTChangeGT2,_HTGT1.5_,,,checkBuyConsolidationBreakUp-2week,week2BarHighChangeGT2,weekHighGTweek2High,brokenToday,",-1.834168164558414,1,0,1
"PCTChangeLT-2,,,,checkCupDown-3dayDown-mayReversalBuy,chisBuyMay5DayFloorReversal,##DOWNTREND:sellYear2HighReversal(InDownTrend),##(Check-chart-buy):month3High-InMinus,ReversalHighMonth3,",0.0,1,0,0
"PCTChangeLT-3,,,,vol-buy-DownVol-3dayDown-Week2Low,##MANegative_Downtrend_(LT-2),##MA-SMA200LT0SMA100LT0,##(Test)(Check-chart-sell):yearLow-InMinus,",-2.8112029598059562,1,0,1
"PCTChangeGT3,year2High,_HTGT3.0_,,,volBuyContinueLast2DayUp-VolUp,",-0.11834590659838742,1,0,1
"PCTChangeGT2,_HTGT3.0__LTGT3.0__HTGTPCTDayChange__LTGTPCTDayChange_,,,volSellReversalLast2DayUp-VolUp,(GLOBALFUTUP-UPTRENDMARKET)checkBuyConsolidationBreakUp-week2-highNotReachedWeek3,week2BarHighChangeGT2,weekHighGTweek2High,brokenToday,",-4.731578257905878,1,0,1
"PCTChangeGT0,PCDayChange-0.5to0.5,_HTGT1.5__LTGT3.0_,,,chisSellFlag2Week-doji-Risky,",-3.1856982666848985,1,0,1
"PCTDayChangeLT0,_LTGT3.0_,,,%%HLTF:(SGXNIFTYUP)buyHighLowerTail-Continue,(Test)MayBuy-CheckChart(upTrend-lastDayDown),##MAPositive_Uptrend(LT-1),##MA-SMA200LT0SMA100LT0,",1.5983581542968708,1,1,0
"PCTChangeGT3,,,,shortUpTrendSellReversal-MonthHigh,chisCheckConsolidationBreakoutLT(4.5),weekBarHighChangeGT2,",-1.5586558671826893,1,0,1
"PCTChangeLT-2,_HTGT3.0__HTGTPCTDayChange_,,,checkCupDown-near2WeekDown-mayReveresalBuy,volBuyVolumeUpsergedLast2n3DayUp,(GLOBALFUTDOWN-DOWNTRENDMARKET)checkSellConsolidationBreakDown-week2-lowNotReachedWeek3,week2BarLowChangeLT-5,weekLowLTweek2Low,",17.8492313173292,1,1,0
"PCTChangeGT3,,,,##(Check-chart-sell):month3Low-InPlus,ReversalLowMonth3,chisUpTrend-Risky-nearLow,(GLOBALFUTUP-UPTRENDMARKET)checkBuyConsolidationBreakUp-week2-highNotReachedWeek3,week2BarHighChangeGT0,brokenToday,chis-breakoutup-2week,##UPTREND:buyMonth3LowReversal(Confirm),",-6.99259440104167,1,0,1
"PCTChangeLT-2,year2High,,,,volSellContinueLast2DayDown-VolUp,chisSellUpTrend-highTail,",-4.647038666015372,2,0,2
"PCTChangeLT-1,,,,chisDownTrend-Risky-nearHigh,##(Check-chart-buy):month3High-InMinus,ReversalHighMonth3,",-0.28817247081871206,171,70,101
"PCTDayChangeLT0,PCDayChange-0.5to0.5,_HTGT3.0_,,,%%HLTF:maySellTail-tailGT2-allDayGT0,%%HLTF:(UPTREND-GLOBAL/SGX-UP)BuyHighUpperTail-Reversal-7,10thDayGT15-LastDayMarketDown,##MAPositive_Uptrend(LT0),##MA-SMA200LT0SMA100GT0,",-0.015639274177373225,1,0,1
"PCTChangeLT-2,,,,vol-buy-DownVol-3dayDown-Week2Low,checkSellConsolidationBreakDown-2week,week2BarLowChangeLT0,",0.516856456550505,1,1,0
"PCTChangeGT2,,,,chisSellYear2LowLT-40-last4DayDown(triggerAfter-9:15),##UPTREND:buyYear2Low,",0.15416238437821295,1,1,0
"PCTChangeLT-3,year2Low,,,,volBuyVolumeUpsergedLast2n3DayUp,##last2DayLow(LT-3)-M3LLT0,",1.3905920823156903,2,1,1
"PCTChangeLT-2,,,,volBuyReversalLast2DayDown-VolDown,(GLOBALFUTDOWN-DOWNTRENDMARKET)checkSellConsolidationBreakDown-week2-lowNotReachedWeek3,week2BarLowChangeLT-2,",1.34976709750063,1,1,0
"PCDCGT0PCTChangeLT-8,PCDayChange-0.5to0.5,year2Low,_HTGT3.0__LTGT1.5_,,,%%HLTF-Last2LowTail:(DOWNTREND)sellHighLowerTailPre-1,",-4.126981704954117,1,0,1
"PCTChangeLT-1,,,,shortDownTrendBuyReversal-MonthLow-Doji-Last2DayLTToday,$$MayBuy-CheckChart(monthLow-minimumLast4DayDown),",-1.6156462585033953,1,0,1
"PCTChangeGT2,,,,chisSellUpTrend-1,weekBarHighChangeGT0,brokenToday,",-0.7882281405654511,1,0,1
"PCTChangeLT-1,PCDayChange-0.5to0.5,year2High,_LTGT3.0_,,,%%HLTF:(GLOBAL-DOWN)sellHighLowerTail-Reversal-LastDayMarketUp,",-0.662251655629126,1,0,1
"PCTChangeGT3,_LTGT3.0_,,,##MANegative_Downtrend_(GT2),##MA-SMA200GT0SMA100LT0,",-1.4192381682271544,1,0,1
"PCTChangeLT-1,,,,checkCupDown-inDownTrend-month3HighLTmonth3Low,bar_low,volBuyReversalLast2DayDown-VolDown,##(Check-chart-buy):month3High-InMinus,BreakHighMonth3,",1.905669421778395,1,1,0
"PCTChangeGT2,_HTGT1.5__LTGT1.5_,,,##MAPositive_Uptrend(GT2),##MA-SMA200LT0SMA100LT0,",1.4475780059417935,4,3,1
"PCDCLT0PCTChangeGT1,year2Low,_LTGT1.5_,,,##RisingMA(check-chart-buy)-MayBuyCheckChart,",0.044258252376250196,1,1,0
"PCTChangeLT-5,_HTGT1.5_,,,week2BarLowChangeLT-2,##last2DayLow(LT-3)-M3LGT0,",0.0,1,0,0
"PCTChangeLT-3,,,,##MANegative_Downtrend_(LT-2),##MA-SMA200LT0SMA100LT0,##DOWNTREND:sellMonth6LowBreak,zigZagVolCrossedFromUp,",-1.3866547049536995,1,0,1
"PCTChangeGT1,,,,##(Check-chart-sell):month3Low-InPlus,ReversalLowMonth3,##UPTREND:buyMonth3LowReversal(Confirm),",0.17204938599691166,8,5,3
"PCTChangeLT-3,,,,(GLOBALFUTDOWN-DOWNTRENDMARKET)checkSellConsolidationBreakDown-week2-lowNotReachedWeek3,week2BarLowChangeLT-5,weekLowLTweek2Low,chisDownTrend-Risky-nearHigh,##DOWNTREND:sellYearHighReversal(InDownTrend),##last2DayLow(LT-3)-M3LGT0,##(Check-chart-buy):month3High-InMinus,ReversalHighMonth3,##(check-chart)maySell-EMA6-MT-May-LT-EMA14,",0.6817701927566242,1,1,0
"PCTChangeLT-8,year2Low,_LTGT1.5_,,,chisSellDayLowVolLow-0,chisBuyYear2Low,BreakLowYear2,",-1.406568024508088,1,0,1
"PCTChangeLT-3,,,,chisSellFlag2Week-Risky,volBuyReversalLast2DayDown-VolDown,",-2.074449536681757,1,0,1
"PCTChangeLT-2,_HTGT1.5__HTGTPCTDayChange_,,,%%:checkSell:Super0,##MANegative_Downtrend_(LT-1),##MA-SMA200LT0SMA100LT0,",-1.3802799708406581,1,0,1
"PCDCLT0PCTChangeGT1,PCDayChange-0.5to0.5,_HTGT1.5_,,,%%:checkSell:CupDownDoji-lastDayLT(-2)TodayDoji,",-0.8491367403494003,1,0,1
"PCTChangeLT-2,,,,volBuyReversalLast2DayDown-VolDown,chisBuyFinalContinue-1,chisSellUpTrend-Risky-2,",2.382135509557224,1,1,0
"PCTChangeGT0,_HTGT1.5__HTGTPCTDayChange_,,,%%:sellDowntrend-lastDayUp-ReversalHighTail,(Test)(check-chart-2-3MidCapCross)MaySellCheckChart-Risky,",-0.8748722703475558,1,0,1
"PCTChangeGT2,,,,chisUpTrend-Risky-nearLow,chis-breakoutup-2week,chisSell-2week-breakoutup,##UPTREND:buyYear2LowReversal(Confirm),",-2.7818433958186595,1,0,1
"PCTChangeGT0,_HTGT3.0_,,,%%HLTF-Last2HighTail:(UPTREND)buy(DOWNTREND)sell:HighUpperTailPre-last2DayUp,chisSellEveningStar-2(Check2-3MidCapCross),",2.2394321007294824,1,1,0
"PCTChangeLT-8,_LTGT1.5_,,,(GLOBAL-DOWN)maySellContinueHighVolatileLastDayDOWN-(LT-5),chisSellDownTrend-nearHigh,",1.3126547399450712,1,1,0
"PCTChangeGT8,_HTGT1.5__LTGT1.5_,,,%%HLTF-Last2HighTail:(UPTREND)buy(DOWNTREND)sell:HighUpperTailPre-last2DayUp,",-7.461536114032453,1,0,1
"PCTChangeGT16,,,,volumeUpsergedLast2n3n4DayDown,##MAPositive_Uptrend(GT4.5),##MA-SMA200GT0SMA100GT0,",-2.0096377809469503,1,0,1
"PCTChangeGT0,PCDayChange-0.5to0.5,_LTGT1.5_,,,%%:checkSell:Flag2Week-doji,",1.4095796662794817,1,1,0
"PCTChangeGT8,_HTGT3.0_,,,%%HLTF-Last2HighTail:(UPTREND)buy(DOWNTREND)sell:HighUpperTailPre-last2DayUp,##last2DayHighGT3-M3HLT0,",2.83687787068188,1,1,0
"PCTChangeLT-2,,,,chisSellDownTrend-nearHigh,##DOWNTREND:sellYearHigh(InDownTrend),##(Check-chart-buy):month3High-InMinus,NearHighMonth3,",-0.44268558163871535,2,0,2
"PCTChangeLT-1,PCDayChange-0.5to0.5,_HTGT3.0_,,,shortDownTrendSellContinue-Doji-Last2DayLTToday,",-1.7483832516501758,2,1,1
"PCTChangeLT-5,,,,chisSellDayLowVolLow-0,",0.6868896780487834,8,3,4
"PCTChangeLT-5,_LTGT1.5_,,,volBuyReversalLast2DayDown-VolDown,",2.0572424929801563,7,6,1
"PCTChangeLT-2,_HTGT1.5_,,,checkCupDown-3dayDown-mayReversalBuy,##DOWNTREND:sellYearHighReversal(InDownTrend),%%:checkBuyRevarsalLast3DayDownAtMonth3High,##(Check-chart-buy):month3High-InMinus,ReversalHighMonth3,",1.164741014603172,1,1,0
"PCTChangeLT-3,year2High,_HTGT1.5__HTGTPCTDayChange_,,,%%HLTF-Last2HighTail:(DOWNTREND)sellHighUpperTailPre,",-1.1055858669534515,3,1,2
"PCTChangeLT-2,year2Low,,,,weekBarLowChangeLT0,brokenToday,%%:buyDownTrend-month3Low,",-0.9609492292315915,1,0,1
"PCTChangeLT-1,PCDayChange-0.5to0.5,_HTGT1.5_,,,%%:checkSell:CupDownDoji-lastDayLT(-2)TodayDoji,%%HLTF-Last2HighTail:(DOWNTREND)sellHighUpperTailPre,##(Test):buyRisingMA-uptrend-SMA25gt0,",2.878302805394084,1,1,0
"PCTChangeGT0,_HTGT1.5__LTGT1.5__HTGTPCTDayChange__LTGTPCTDayChange_,,,%%HLTF-Last2LowTail:(DOWNTREND)sellHighLowerTailPre-1,",-3.8336557591069895,1,0,1
"PCTChangeLT-0.5,PCDayChange-0.5to0.5,,,,##MAPositive_Uptrend(LT0),##MA-SMA200GT0SMA100GT0,",3.366642345420484,2,1,1
"PCTChangeGT0,_HTGT1.5_,,,%%HLTF-Last2HighTail:(UPTREND)buy(DOWNTREND)sell:HighUpperTailPre-last2DayUp,shortUpTrendSellReversal-Month3High-Doji-Last2DayGTToday,",4.602395844673976,1,1,0
"PCTChangeGT2,_HTGT1.5_,,,##MA-SMA200LT0SMA100LT0,",-2.009025746228409,2,0,2
"PCDCGT0PCTDayChangeLT0,year2High,_HTGT1.5_,,,%%HLTF-Last2HighTail:(UPTREND)buy(DOWNTREND)sell:HighUpperTailPre-last2DayUp,",0.6464669449987726,1,1,0
"PCTChangeLT-2,,,,checkCupDown-3dayDown,##(Check-chart-buy):month3High-InMinus,NearHighMonth3,",-2.7484491004706966,1,0,1
"PCTChangeLT-12,_LTGT1.5_,,,##MANegative_Downtrend_(LT-2),##MA-SMA200GT0SMA100LT0,",1.26825037139619,1,1,0
"PCTChangeLT-2,_LTGT1.5_,,,volBuyVolumeUpsergedLast2n3DayUp,$$MayBuy-CheckChart-baseLine(inuptrend-monthlow)-MHCLT(-10),",1.4667718802548932,1,1,0
"PCTChangeLT-2,,,,chisSellFinalCandidate-3,",-1.7174346877696538,1,0,1
"PCTChangeGT2,_HTGT1.5_,,,%%HLTF:(DOWNTREND-OR-GLOBALDOWN)maySellTail-tailGT2-2,3,4thDayGT0,chisUpTrend-Risky-nearLow,(GLOBALFUTUP-UPTRENDMARKET)checkBuyConsolidationBreakUp-week2-highNotReachedWeek3,week2BarHighChangeGT0,weekHighGTweek2High,##UPTREND:buyMonth6LowReversal(Confirm),",1.7929022975222013,1,1,0
